3977.5788262995975 312.5358064514652 22393561032.0 28131809681.11423 1840.0 1.608830065278811
3100.4978768953324 315.69372019033324 28131809681.11423 31152955110.26006 1836.0 2.546346829098951
3042.0955860215095 317.1564612715503 31152955110.26006 34231475245.079704 1820.0 1.211219494823501
2701.282323333333 318.6469813329523 34231475245.079704 36177779765.146866 1817.0 1.4933438541658628
2034.9154935483875 319.58931914648343 36177779765.146866 36340108289.32639 1816.0 0.9579402654035967
2230.976651111111 319.6679133772278 36340108289.32639 36961544427.49963 1813.0 1.4074408626805077
1949.1670655913972 319.96879269269857 36961544427.49963 36771509010.2609 1813.0 0.9363159568685226
1354.9843010752688 319.8767836788326 36771509010.2609 35120463283.90933 1813.0 0.946981285188107
997.0818844444443 319.07740064099414 35120463283.90933 32696135561.934025 1818.0 1.4377720959266131
794.7885118279571 317.90361942574515 32696135561.934025 29756372511.57334 1806.0 1.2271282528654446
718.6163600000001 316.4802810649624 29756372511.57334 27592081995.324738 1521.0 3.8152792050476467
1257.699961290323 315.43240146960625 27592081995.324738 26831920692.73449 1563.0 3.2592787809448716
2000.841202150542 315.06435590817006 26831920692.73449 27235930790.096077 1855.0 1.2038910961370153
2233.325934523811 315.25996455412803 27235930790.096077 27504991815.776104 2107.0 0.8354788217595281
1956.0168860215058 315.3902352163146 27504991815.776104 27628224456.05871 1843.0 1.2514708423079082
1828.4157799999998 315.44990048225947 27628224456.05871 27353950133.196808 1816.0 1.859731400249279
1778.6520569892477 315.31710570988514 27353950133.196808 26888810110.577587 1815.0 1.4611592526197477
1679.6915011111112 315.0918999276545 26888810110.577587 26141228687.78162 1816.0 1.8999572431909826
1421.977244086022 314.6807627562853 26141228687.78162 24623716979.44338 1816.0 1.5278626014043724
1101.6109935483873 313.8122235459268 24623716979.44338 22407504522.576725 1800.0 1.7420652921447104
825.6630277777778 312.5437869291304 22407504522.576725 20108007957.221207 1621.0 3.5079546622897837
631.8775666666667 311.22768312569895 20108007957.221207 19173323013.229668 911.0 8.191079861231973
537.1290555555556 310.69272150482465 19173323013.229668 19797358281.354393 269.0 12.702446698563099
664.0533161290322 311.0498845474785 19797358281.354393 21626745270.29817 0.0 14.494885109999993
1352.0049913978496 312.09692380397104 21626745270.29817 24960455278.46832 112.0 13.713659311213844
3466.806964285714 314.00495379948967 24960455278.46832 27016932731.529106 2602.0 0.007393877202124699
2858.6391064516115 315.15393276436964 27016932731.529106 29619797568.031914 1819.0 1.4514117592483142
1828.68491 316.41415588652654 29619797568.031914 29336095247.995613 1816.0 1.751385237236935
1700.9089537634406 316.2767963822967 29336095247.995613 28651205088.600124 1815.0 1.3497929112860767
1766.5152133333333 315.945194678319 28651205088.600124 28116090346.3923 1816.0 1.8040788983624747
1525.229793548387 315.6861093959486 28116090346.3923 26854731902.742264 1817.0 1.4039291723962624
1199.2066505376345 315.0754003596118 26854731902.742264 24838683904.005947 1817.0 1.474876382555859
926.3179 313.93525864469206 24838683904.005947 22578239906.102524 1702.0 2.8124126476105378
671.7414139784946 312.6415063565147 22578239906.102524 21606733293.58755 961.0 7.758228190677734
559.723258888889 312.0854700627218 21606733293.58755 22635296674.016815 134.0 13.59045020301814
648.5566580645167 312.6741624736818 22635296674.016815 24050957796.673252 140.0 13.513185968112898
1719.0471944011922 313.48440807959776 24050957796.673252 28237202771.341545 161.0 13.35759066360636
3771.2992142857142 315.7447481220788 28237202771.341545 31170738812.73499 2543.0 0.21967035851577954
4087.4840503072155 317.16507156615427 31170738812.73499 37055714396.27154 1816.0 1.2394146407992626
3085.7112063492077 320.0121465034493 37055714396.27154 39992537855.72888 1813.0 1.3688258594881813
2069.715624731183 321.21264662313484 39992537855.72888 40233944466.20349 1813.0 0.7921332296301422
1874.3746833333335 321.3113276193773 40233944466.20349 39909915283.221 1813.0 1.2230877560997886
1760.90502398317 321.17887257796195 39909915283.221 39193176337.17451 1814.0 0.7884922914523074
1699.501576344086 320.88588758843485 39193176337.17451 38442673907.03989 1815.0 0.8149355460363221
1649.705231111111 320.57910092943445 38442673907.03989 37696977356.93865 1816.0 1.2834015344135814
1599.0810591781874 320.2742787942248 37696977356.93865 36862809982.88338 1816.0 0.8784110165827883
1564.5205522222222 319.92098866218817 36862809982.88338 36291829636.96334 1748.0 1.849282867720408
2521.654505299538 319.6445384123963 36291829636.96334 38991293666.75228 1539.0 3.017338164810461
3428.1016508387074 320.80336299226826 38991293666.75228 42878289137.695145 1983.0 0.4408448170622261
2783.1526691904764 322.39226971155273 42878289137.695145 44973366750.70306 1898.0 1.4086474542663918
3356.2266076505375 323.24868514131475 44973366750.70306 48823853568.05936 1831.0 0.41773538917017206
3253.735098666667 324.82266803436136 48823853568.05936 52122144392.140594 1820.0 0.7764332151864384
2081.4128827957 326.1483702269637 52122144392.140594 52321300914.81394 1815.0 0.2042560274866272
1237.895761111111 326.219036960814 52321300914.81394 50258138772.26196 1821.0 0.6115640867314855
1061.558148387097 325.40896802245345 50258138772.26196 47588862512.749596 1818.0 0.26658016348570257
817.928382795699 324.3178345194507 47588862512.749596 44524411865.55281 1782.0 0.672646096440829
793.7021355721558 323.0651635913147 44524411865.55281 42895086460.25077 1292.0 4.8967879794951
483.9025491612904 322.3991360377098 42895086460.25077 41152748223.354904 1034.0 6.601418573962684
411.70415444444444 321.6869116596355 41152748223.354904 41232129610.8601 342.0 11.983377229026273
455.4349354838711 321.7193607892874 41232129610.8601 41092343223.85975 534.0 10.441584111113261
1416.5713832632073 321.66221960370336 41092343223.85975 44359577221.23133 203.0 12.954765131225368
1898.5168422077886 322.99778330340564 44359577221.23133 43516198728.9213 2228.0 0.9445283153571591
1434.5084663210441 322.65303122860934 43516198728.9213 41949709187.36149 1936.0 0.3157985965786665
1855.4141777777777 322.01268940756023 41949709187.36149 41643393761.43028 1828.0 1.0339549583428251
1869.650286021506 321.88747530784724 41643393761.43028 41317112112.38518 1822.0 0.6454989046617658
2003.6197440444444 321.7540995145327 41317112112.38518 41266188692.554436 1834.0 1.0191162833005354
1592.8319869203026 321.7332832916832 41266188692.554436 40069671701.399574 1822.0 0.6634609715330306
1154.13345082713 321.24417701378917 40069671701.399574 37870974449.2218 1810.0 0.8111585586905541
907.1688022388225 320.3454044621427 37870974449.2218 35789023449.08898 1591.0 2.943292191222385
609.0036543010752 319.401095888975 35789023449.08898 34576473268.09435 970.0 7.275921501902168
539.82564 318.8140182376752 34576473268.09435 34825351273.87502 408.0 11.571224860489277
713.1581118279568 318.9345169332212 34825351273.87502 34660227149.2201 799.0 8.572378076183623
1271.114518279569 318.85456916298057 34660227149.2201 33411289556.31134 1743.0 1.5839825724884413
1195.4342464285712 318.2498739015742 33411289556.31134 30392576528.741615 2427.0 0.5466196209158287
1027.402844086021 316.78831051067186 30392576528.741615 27601149257.75207 2001.0 0.06274857349281504
1878.8322287991464 315.43679154534334 27601149257.75207 27110913587.8136 1950.0 0.9289834164922848
1101.9199645161284 315.19943526087616 27110913587.8136 24624444058.099373 1896.0 0.893753186093365
974.3080966666666 313.81263968526747 24624444058.099373 21833880393.990532 1908.0 1.4129111373031265
822.6550870967741 312.2154764159744 21833880393.990532 20136780298.46853 1298.0 5.431197553019119
603.0507333333334 311.2441508118524 20136780298.46853 21424790346.032673 0.0 14.494885109999993
530.2994111111111 311.9813360496982 21424790346.032673 22557799889.065746 0.0 14.494885109999993
229.23163225806456 312.6298076288151 22557799889.065746 22972369515.822895 0.0 14.494885109999993
158.80936333333335 312.86708420090594 22972369515.822895 23307561054.988308 0.0 14.494885109999993
1482.0017365591432 313.0589291752451 23307561054.988308 26890396872.1695 165.0 13.3338234712014
2998.304578494624 315.0926681863898 26890396872.1695 29639523558.672764 1977.0 0.32618770397023944
2850.3157499999957 316.423706574355 29639523558.672764 31776570637.513332 1951.0 1.7156902769678428
3651.157134408597 317.45839577685354 31776570637.513332 36364448096.68719 1864.0 0.8540923227082153
4286.221324666667 319.6796979261582 36364448096.68719 42385713484.10702 1822.0 1.3411443383524997
1895.4015106043755 322.19091708029987 42385713484.10702 42148064745.13167 1813.0 0.6787359093826346
1923.0738711111112 322.0937722081203 42148064745.13167 41930444830.20879 1816.0 1.1132092590637264
1922.5435344086018 322.00481461924323 41930444830.20879 41627638051.42038 1815.0 0.6850907812358606
1649.2665989247316 321.8810347668975 41627638051.42038 40718493877.28736 1819.0 0.6690515375866415
1195.9098177777778 321.5093993230497 40718493877.28736 38859505666.064354 1789.0 1.376851254525036
872.7137508342607 320.7494913473488 38859505666.064354 36897428285.20296 1510.0 3.1269382149663745
644.2220437386918 319.93774972654353 36897428285.20296 36227198713.19493 866.0 8.229060497839164
1000.2967013574216 319.613246205672 36227198713.19493 37465263570.25241 563.0 10.297272758763045
1889.6796454511677 320.1795599823896 37465263570.25241 38953399908.38613 1340.0 4.455601798393612
2721.358696982212 320.7878729697722 38953399908.38613 40286915878.93729 2152.0 0.14323252430839872
2764.2057127393646 321.3329810106025 40286915878.93729 42574730552.82612 1828.0 0.6646983183056232
2235.3565032178976 322.2681825396482 42574730552.82612 43281630734.8629 1815.0 1.1009916310828558
1686.4159594343287 322.5571456880486 43281630734.8629 42475419193.44277 1815.0 0.6209960764460352
1458.8699168627447 322.227586534995 42475419193.44277 41038161263.86698 1823.0 1.046534237963174
1092.0572659411378 321.64007137097707 41038161263.86698 38512261222.90051 1820.0 0.6894901363079349
803.3827578942249 320.6075464870829 38512261222.90051 36007997864.03972 1577.0 2.6368445282460264
591.4738080889647 319.5071162312577 36007997864.03972 34641101104.46047 1002.0 7.271749238055779
378.5550010752688 318.845308949579 34641101104.46047 34476866798.48076 349.0 11.909948316969786
328.48247333333336 318.76579200081375 34476866798.48076 34017863166.58379 470.0 11.128345604149953
364.18935806451617 318.5435572608617 34017863166.58379 34551443651.271835 189.0 13.098665969461164
608.3507817204303 318.80189970527346 34551443651.271835 36196110183.90585 0.0 14.494885109999993
1284.960279761905 319.59819414346174 36196110183.90585 34487782362.76512 1974.0 1.2031597493982034
1728.2350053763423 318.7710769646389 34487782362.76512 33274998776.721386 2107.0 1.101022653863657
1021.8070600000001 318.1838863061496 33274998776.721386 30796104081.62562 1851.0 1.3030942863787605
1174.7786247311835 316.98368552417236 30796104081.62562 28633299960.550858 1839.0 1.0928585715762562
1010.3372022222222 315.93652559337215 28633299960.550858 26059586326.12014 1849.0 1.574455808766567
744.3026623655915 314.63403521412556 26059586326.12014 26565100635.84504 380.0 11.782656648160224
532.9681806451613 314.9233634591604 26565100635.84504 27623082741.148434 0.0 14.494885109999993
407.6495988888889 315.4474110298966 27623082741.148434 28409467323.910908 0.0 14.494885109999993
263.7792376344087 315.8281530569918 28409467323.910908 28893976966.96607 0.0 14.494885109999993
247.29811666666666 316.06273698410286 28893976966.96607 28677895024.349384 298.0 12.410195660041976
303.74738279569823 315.95811708354285 28677895024.349384 28969341757.166622 217.0 12.927689424444662
658.1431666666667 316.09922618241825 28969341757.166622 30746134576.477554 0.0 14.494885109999993
1989.9190904761917 316.95949190301036 30746134576.477554 30663815584.74917 2008.0 1.2802066809294637
2471.1354653763433 316.91963570482676 30663815584.74917 31470638920.77978 2099.0 0.7933402235976139
1601.3348033333332 317.3102735164035 31470638920.77978 30398410159.58192 1890.0 1.1273086129644607
1142.384851612904 316.79113496639 30398410159.58192 28071442240.57486 1869.0 0.8972375750858834
899.6290822222222 315.6644922245448 28071442240.57486 25213056940.92365 1850.0 1.5986066469685518
649.2332892473119 314.1495289268107 25213056940.92365 22002829292.206745 1681.0 2.5489159576783074
490.7569053763441 312.3121733586348 22002829292.206745 22978548216.32287 0.0 14.494885109999993
388.3693411111111 312.87062054505657 22978548216.32287 23737041731.217396 0.0 14.494885109999993
262.9965387096774 313.3047400018415 23737041731.217396 24237226434.518078 0.0 14.494885109999993
217.82041999999998 313.59101787689906 24237226434.518078 24723362737.309837 0.0 14.494885109999993
377.5692709677421 313.8692552296874 24723362737.309837 25790192103.612675 0.0 14.494885109999993
1211.455121505376 314.479848960401 25790192103.612675 29048425552.302296 0.0 14.494885109999993
3041.7947499999973 316.1375160028577 29048425552.302296 30417918841.399956 2460.0 0.2709313251172034
1875.435303225807 316.8005804403021 30417918841.399956 30306274535.56402 1847.0 1.0561800759377835
1380.9101955555557 316.74652587177496 30306274535.56402 28770904951.47358 1851.0 1.467712435639859
1329.1232247311827 316.0031494874957 28770904951.47358 27051347617.036102 1832.0 1.258723345480293
1281.7220844444444 315.17059534087156 27051347617.036102 25205054015.777157 1843.0 1.7037239708786842
1066.990270967742 314.14494849804095 25205054015.777157 22708956000.747135 1831.0 1.483482291897337
776.0678247311828 312.7163209711236 22708956000.747135 20781772137.973194 1371.0 4.877550195196045
586.2822444444445 311.6133082291513 20781772137.973194 21677376611.09519 149.0 13.493560430312705
430.5093591397849 312.1259023644089 21677376611.09519 22633455915.89217 0.0 14.494885109999993
354.65513555555555 312.6731089262203 22633455915.89217 23476408316.839905 0.0 14.494885109999993
1196.7001688172038 313.1555679469093 23476408316.839905 26737037410.474754 0.0 14.494885109999993
3018.2136989247283 315.0184164861406 26737037410.474754 29619821229.912342 1947.0 0.5504338155088515
2614.1702607142784 316.41416734284513 29619821229.912342 31084194975.083767 1993.0 1.441685059816992
3364.094166666664 317.123169833971 31084194975.083767 34911754338.60178 1862.0 0.908636677357741
2399.4063866666675 318.9763505076991 34911754338.60178 36058610723.225334 1823.0 1.4132594576341155
1980.0130419354841 319.5316213436745 36058610723.225334 36069729579.17042 1818.0 0.9497382863996293
1839.9726633333335 319.5370047347586 36069729579.17042 35669924470.48739 1818.0 1.3860729489705754
1742.4487709677421 319.34343200856364 35669924470.48739 34917337684.64903 1821.0 0.9492969941098881
1616.7093666666667 318.97905378360076 34917337684.64903 33952541651.01003 1822.0 0.9843054343900413
1560.9682155555556 318.51193069188054 33952541651.01003 33053827090.43132 1794.0 1.6729111219173642
1142.9840838709679 318.0768021160217 33053827090.43132 32300272726.232033 1336.0 4.6651844653985
848.5065666666667 317.7119554208541 32300272726.232033 33341476213.1111 412.0 11.570655239927337
807.9254075268816 318.2160725346718 33341476213.1111 34800869591.11811 287.0 12.38070972151355
1969.3174225806415 318.92266369280435 34800869591.11811 36702657902.39472 1265.0 5.11915868639967
2945.031073809525 319.84344819521385 36702657902.39472 38643691102.06598 2125.0 0.15632022143723567
3228.1664631182816 320.6612717408636 38643691102.06598 42152902568.18207 1837.0 0.675499239545637
2938.7688799999996 322.095749789419 42152902568.18207 44680769403.90598 1815.0 1.1203559396492082
2129.703509677419 323.1290786499139 44680769403.90598 45055977419.701126 1813.0 0.5699878559438005
1924.4367033333333 323.28245432062994 45055977419.701126 44831884042.42688 1813.0 1.0019728834643633
1814.3202182795699 323.19085054193766 44831884042.42688 44219082915.33118 1815.0 0.5474584323990452
1727.859732258064 322.9403527382468 44219082915.33118 43507839613.89209 1818.0 0.5535216484664023
1596.010553333333 322.64961423105 43507839613.89209 42599983765.16077 1817.0 1.0433502948290272
1136.687635483871 322.2785054224666 42599983765.16077 40649481570.69504 1765.0 1.0346406479557242
846.0205022222223 321.4811888148365 40649481570.69504 38777183670.484024 1530.0 3.2786670522528727
770.3123193548387 320.7158401705208 38777183670.484024 37279032877.518936 1355.0 4.296761986843178
895.144869892473 320.10343352398917 37279032877.518936 36480785021.734535 1199.0 5.517809953011804
1644.2003238095247 319.73602450940956 36480785021.734535 34550365583.07712 2425.0 0.7405802791088245
1926.431435483872 318.8013777394583 34550365583.07712 34364899393.25453 1921.0 0.27201838972063896
1859.6332022222223 318.7115809979929 34364899393.25453 34126748961.290802 1820.0 1.4646027889294242
1885.8008344086024 318.59627624735685 34126748961.290802 33908835607.42973 1814.0 1.0880219707159302
1804.4071533333333 318.4907696365981 33908835607.42973 33434092318.081844 1817.0 1.5109058587368747
1668.0512365591399 318.2609142626522 33434092318.081844 32506138825.932064 1819.0 1.0900706152041764
1354.1098602150537 317.81162914008524 32506138825.932064 30881732790.412296 1812.0 1.193706602349442
991.0702325670497 317.0251441805037 30881732790.412296 29037433873.591232 1595.0 3.2419211634145686
702.1812548387097 316.1321941868845 29037433873.591232 28560936959.719387 797.0 8.730001005503077
550.3482166666666 315.9014897645586 28560936959.719387 29902165449.751987 0.0 14.494885109999993
980.1894741935487 316.5508692988051 29902165449.751987 31353598393.98837 461.0 11.148025944279295
1935.252970766633 317.253606271903 31353598393.98837 31122195583.638165 2027.0 0.3122048421609751
2750.6228768953324 317.1415685018099 31122195583.638165 32751204986.388714 2061.0 0.9097420994037595
3279.173000065117 317.93028226318813 32751204986.388714 36461687739.08067 1819.0 1.1285230311615848
2798.0155621324798 319.72677822169106 36461687739.08067 38657345084.97042 1813.0 1.4008375872147916
2686.533168383895 320.66685314823695 38657345084.97042 40553713003.850784 1813.0 0.8553994940958436
2680.9947440444444 321.4420410153362 40553713003.850784 42314706608.87933 1812.0 1.2157531724893769
2129.40994390955 322.161891242218 42314706608.87933 42569151033.59707 1812.0 0.689719217021656
1859.628074483044 322.2659017714663 42569151033.59707 42232538070.07578 1813.0 0.670043974575055
1814.124357794378 322.12830279468966 42232538070.07578 41894088202.76827 1817.0 1.1019584147198813
1681.3345231182798 321.9899529374989 41894088202.76827 41265923276.87791 1816.0 0.6792076382731338
1266.65476 321.7331747963801 41265923276.87791 39946236438.50842 1737.0 1.7340966597259797
1082.8272634408604 321.1937197595756 39946236438.50842 38571079236.587105 1622.0 2.2376843390963312
1699.5430000000001 320.6315898228316 38571079236.587105 38296509122.233696 1808.0 0.8970915995702793
3680.0167607142816 320.51935241404834 38296509122.233696 42384266145.19975 1972.0 1.1117245950853913
1573.0405570564517 322.19032544428387 42384266145.19975 41482956514.14306 1827.0 0.5721166082977138
2392.8822287991466 321.82189256607563 41482956514.14306 42576449750.29501 1825.0 1.0775908611271507
1725.0349989247316 322.268885304658 42576449750.29501 41872016488.23389 1817.0 0.639195791947051
2061.4197440444445 321.9809305715631 41872016488.23389 41995492763.34003 1823.0 1.0743559530319384
1785.3346750923456 322.0314045905464 41995492763.34003 41320713276.073296 1817.0 0.666784370354188
1390.9990422249793 321.75557158035423 41320713276.073296 39720848660.96251 1820.0 0.6760501072218918
1072.4021355721559 321.1015868623637 39720848660.96251 37533520140.36543 1794.0 1.3854559312965513
673.9044979984583 320.2074615643952 37533520140.36543 34862664669.28691 1578.0 2.6696901876753625
671.2136530673283 318.95258287464264 34862664669.28691 34392072501.85472 817.0 8.633394229693884
755.1217599217981 318.7247373399122 34392072501.85472 33406450635.91672 1147.0 6.0082472444563155
1424.4077445468515 318.2475310525403 33406450635.91672 32471425037.96932 1779.0 1.3863661231865745
2002.9620754578725 317.79482184466417 32471425037.96932 31894792639.83329 2225.0 0.255205911089341
2305.603666170392 317.5156350536619 31894792639.83329 32776762521.287525 1904.0 0.5544034636628119
2456.687784354702 317.9426563964789 32776762521.287525 34051543407.009743 1835.0 1.4445126018350258
2042.6971468785182 318.55986414593286 34051543407.009743 34247695195.732464 1816.0 1.0774681575335574
2086.6336329333335 318.6548345094086 34247695195.732464 34502388384.26837 1816.0 1.4996169502678072
1946.2271482106253 318.7781487287055 34502388384.26837 34310719538.57306 1818.0 1.0373187824026626
1790.9345260959471 318.68534886151497 34310719538.57306 33820212971.88382 1820.0 1.0333125127563818
1749.8021355721557 318.4478614175868 33820212971.88382 33343215975.48644 1820.0 1.4943002535794427
1255.53084208448 318.21691487144693 33343215975.48644 31648981078.94819 1800.0 1.2351515868678966
1065.7608752895505 317.39662103173634 31648981078.94819 30995146466.023785 1284.0 5.40656049961872
1121.6803088210604 317.08005542075324 30995146466.023785 30452581084.466663 1347.0 4.670093028977297
1677.087565591398 316.8173627793486 30452581084.466663 29510677609.7585 2034.0 0.3066076201375072
1138.2846047619048 316.36132352559235 29510677609.7585 26660851521.631874 2301.0 0.3001409181350905
3229.769774258665 314.97816593499994 26660851521.631874 29545940127.66236 2085.0 0.43255915809875667
2765.0072287991466 316.37839649833563 29545940127.66236 31678233264.382557 1818.0 1.7413729856910152
2041.393383437658 317.4107839955372 31678233264.382557 31893474880.036655 1813.0 1.2328304118470736
2086.6336329333335 317.5149970369113 31893474880.036655 32168977922.721024 1814.0 1.6418628737506982
1699.9546649769586 317.6483867157553 32168977922.721024 31344195414.0393 1816.0 1.183297917838667
1603.1287311827955 317.2490536525803 31344195414.0393 30375853076.565536 1818.0 1.2150543796126012
1767.7354689054891 316.7802135550332 30375853076.565536 29963133748.28782 1819.0 1.689134091520705
1639.595358213512 316.5803881806371 29963133748.28782 29259817507.168484 1818.0 1.2927772490699088
1656.1591955555557 316.23986516276193 29259817507.168484 28895229345.19208 1764.0 2.135310192154531
1814.7083511308872 316.0633433452077 28895229345.19208 29931732901.958702 1450.0 4.013084961251497
2370.223706451613 316.565184904599 29931732901.958702 30720517229.96109 2081.0 0.6150758295863259
3021.914543561999 316.94708881086524 30720517229.96109 32558464611.98733 2246.0 0.2844661996003346
3122.0654731833965 317.8369635963917 32558464611.98733 35654116234.91969 1892.0 0.6033934680274413
1358.8960966666668 319.3357781712597 35654116234.91969 34019133492.081497 1857.0 1.1279816051569913
1495.9478860215056 318.5441723114561 34019133492.081497 32608694742.715378 1871.0 0.6729807838824033
1387.3588622222223 317.8612834040454 32608694742.715378 30843014092.392532 1903.0 0.9704833729185616
1134.5757967741933 317.0063978369287 30843014092.392532 28333728058.02636 1886.0 0.7475993163477312
824.6390419354839 315.79148254963997 28333728058.02636 25519011453.46957 1738.0 1.961392008095448
651.1137233333334 314.324640254962 25519011453.46957 23802922411.552166 1215.0 6.125892424243489
451.28383440860216 313.34244643518326 23802922411.552166 24073725852.36411 274.0 12.561852322250367
503.17754195621717 313.4974392470033 24073725852.36411 24009349458.655766 498.0 11.090119919330096
614.9625668855767 313.4605937835713 24009349458.655766 23342654338.99833 884.0 8.251707537939513
