3959.2750628587373 312.5358064514652 22393561032.0 27480067822.07801 2065.0 0.03308963861453584
3095.712162609618 315.3781678232197 27480067822.07801 30037782858.685226 2023.0 1.3662306940385083
2994.1144032258107 316.61653086989696 30037782858.685226 34202813727.36691 1367.0 4.564728721195074
2613.7545455555555 318.6331043513929 34202813727.36691 38094784838.045494 977.0 7.504801687694392
1939.9020526881723 320.4368925622205 38094784838.045494 40395938047.25964 916.0 7.617140046584419
2163.018317777778 321.3775465515437 40395938047.25964 43160587924.6404 906.0 7.858934540331861
1847.9466354838705 322.5076664087643 43160587924.6404 45075516845.26451 906.0 7.572272758614336
1223.4735483870968 323.2904415500468 45075516845.26451 45448088697.21971 906.0 7.526929651981616
854.3346622222223 323.44273962279044 45448088697.21971 44970305465.683395 906.0 7.743164957865919
660.793888172043 323.24743376441614 44970305465.683395 44036345060.39659 906.0 7.5294209250267645
662.2024711111112 322.8656540647486 44036345060.39659 43299995554.51537 906.0 7.775514937648342
1221.3827569892478 322.56465276789015 43299995554.51537 44217650355.68107 906.0 7.568971761403031
1979.2793741935525 322.9397671436222 44217650355.68107 44356053492.4347 1934.0 0.33595388499825063
2108.763434523811 322.9963428910347 44356053492.4347 44458916918.24446 2047.0 0.30992105598724073
1894.570649462366 323.03839089177455 44458916918.24446 45701176544.79047 1345.0 4.172299377302675
1744.854668888889 323.54619561716464 45701176544.79047 47307612723.704956 971.0 7.252554460835413
1692.1735623655916 324.20286662639523 47307612723.704956 48911226940.82809 910.0 7.443079483176871
1609.7248344444445 324.8583840880889 48911226940.82809 50191554474.95996 907.0 7.6562676324447665
1291.6922978494626 325.38175002382883 50191554474.95996 50570704444.99901 906.0 7.405788320164103
930.0679827956992 325.5367370670387 50570704444.99901 50128514339.37139 906.0 7.396810526087198
629.0213611111112 325.35598079004143 50128514339.37139 49048799989.40582 906.0 7.635913420867697
467.80498602150544 324.9146205161762 49048799989.40582 47585252646.44501 906.0 7.43284730806461
470.5485 324.3163588962168 47585252646.44501 46347960839.775764 906.0 7.6941920361924465
633.8785849462364 323.81058489158295 46347960839.775764 45694043834.24679 906.0 7.496799779741511
1338.4888623655916 323.54327994314485 45694043834.24679 40526856786.72776 3274.0 2.9230830587285173
3353.7504166666663 321.4310628641754 40526856786.72776 42230474938.742966 2631.0 0.9618033188326489
2815.8003967741924 322.12745943810177 42230474938.742966 45817169734.58171 1392.0 3.892656503368208
1738.2904655555558 323.5936107376679 45817169734.58171 47364714211.334076 987.0 7.130320758666619
1608.9465881720425 324.2262082891405 47364714211.334076 48737705900.810234 913.0 7.418469234340453
1655.620768888889 324.78745301845356 48737705900.810234 50137692339.58592 907.0 7.66024824039505
1421.474417204301 325.35973252742303 50137692339.58592 50863576806.17283 906.0 7.407063707736678
1040.5023494623656 325.65645597745174 50863576806.17283 50714678945.34248 906.0 7.389875677195703
767.5706777777777 325.59559024881145 50714678945.34248 49990959747.21614 906.0 7.622481511094754
500.81668279569897 325.29975190647883 49990959747.21614 48612556220.64503 906.0 7.410538150840371
495.50937 324.7362949532545 48612556220.64503 47438622877.68719 906.0 7.670651466227093
619.3496688172048 324.25642030699845 47438622877.68719 46746737913.23918 906.0 7.470974275435504
1719.0283771968911 323.97359500473056 46746737913.23918 44926878254.85744 2405.0 2.9852616724908057
3610.671238095238 323.2296818046835 44926878254.85744 46881790287.62444 2783.0 1.1965448798158054
4039.5996417050646 324.02880104413043 46881790287.62444 53600418567.33968 1440.0779569892472 3.3514065225650196
2969.497317460319 326.67290643744866 53600418567.33968 54113391192.22287 2604.3055555555557 2.7988425868953595
1931.817775268817 326.8549245780973 54113391192.22287 53255725586.43319 2057.478494623656 1.797873862661552
1729.6802388888889 326.5505989839202 53255725586.43319 53031457802.76575 1599.286111111111 2.2691035790979264
1606.9560992519873 326.47102201819064 53031457802.76575 52890126224.89041 1408.8467741935483 3.3730909237282667
1515.6037268817204 326.4208733167357 52890126224.89041 52854810528.373764 1334.4623655913979 3.9645790360974615
1447.3163422222221 326.4083422437235 52854810528.373764 52837897888.8356 1309.2527777777777 4.497794408054569
1433.234284984639 326.40234112972075 52837897888.8356 52850833546.53237 1314.6478494623657 4.122494020479094
1563.0733300000002 326.40693109075926 52850833546.53237 53015658325.25389 1454.6972222222223 3.387348026596154
2608.5765483102905 326.4654158876089 53015658325.25389 53954177831.555244 2288.6344086021504 3.3453187145807437
3479.02369384946 326.79843088141763 53954177831.555244 54699789063.69853 3207.809139784946 3.3934379010223754
2811.4235025238095 327.06299620817833 54699789063.69853 54164744661.1664 3011.095238095238 1.6968388478985599
3324.7158549623655 326.87314633590574 54164744661.1664 54496320959.97674 3105.814516129032 3.4042339521054306
3193.387876444445 326.9907995954854 54496320959.97674 54342730708.47219 3084.6555555555556 2.8432949885584
1989.5795494623667 326.9363011473333 54342730708.47219 53313908334.51305 2178.935483870968 2.7710041489925796
1144.348538888889 326.57124397569874 53313908334.51305 52551758689.329765 1222.1916666666666 5.150250017175567
891.1818043010753 326.30081032177054 52551758689.329765 51838304430.67233 908.5564516129032 7.3323972895203395
616.436447311828 326.0476552579339 51838304430.67233 50551281303.91034 906.0 7.367215030792853
589.1271355721558 325.52879737181235 50551281303.91034 49366645740.59292 906.0 7.626225753504601
327.1982480860215 325.04454792502776 49366645740.59292 47526065849.71701 906.0 7.4253211207301275
356.2374877777778 324.2921648111665 47526065849.71701 45992741647.91258 906.0 7.695548296371417
448.8032150537635 323.66538015311863 45992741647.91258 44842586672.91583 906.0 7.505210923111466
1427.3079424029922 323.1952255101168 44842586672.91583 38889887733.62244 3656.0 2.872790740166037
1797.6626755411216 320.7619107781533 38889887733.62244 35333935293.34825 3250.0 0.8744708652093252
1489.4869609447 319.1807568961694 35333935293.34825 31848722147.419006 2717.0 2.2927178687037983
1758.7725111111113 317.49332920858865 31848722147.419006 33477471954.83743 1002.0 7.396598755857115
1758.5588881720435 318.2819172822879 33477471954.83743 35313607634.6148 919.0 7.72123513080314
1917.472521822222 319.17091490007493 35313607634.6148 37469961289.539444 908.0 7.96825698463145
1445.1008041246037 320.18148029276716 37469961289.539444 38351393246.55523 906.0 7.707019634878691
991.2813002894954 320.5417876740245 38351393246.55523 38141906940.11614 906.0 7.686148435542776
711.9604689054892 320.45615490126016 38141906940.11614 37325670398.08289 906.0 7.910585462527009
468.53860053763447 320.1224977782053 37325670398.08289 35903139593.26289 906.0 7.71043626157798
486.05897333333337 319.45634724182383 35903139593.26289 34720993573.96206 906.0 7.966632190985822
707.978004301075 318.88399030403895 34720993573.96206 34255161741.41671 906.0 7.782178162291041
1282.2059161290315 318.6584495697767 34255161741.41671 24761336555.142086 4832.0 2.217246781558229
1174.2407940476187 313.89098932872145 24761336555.142086 16502107391.98863 4575.0 0.022267621252209935
953.0533817204296 308.99581206488085 16502107391.98863 12158950497.051016 2524.0 0.8210386099735558
1784.5850065769243 306.01041414424736 12158950497.051016 13330392543.801828 1247.0 6.546970424209834
937.548996774193 306.8156396369273 13330392543.801828 13041793342.201302 944.0 8.229023084010024
895.8025411111112 306.6172624018431 13041793342.201302 12721276927.49762 907.0 8.67994814903193
690.9911086021505 306.3969459221183 12721276927.49762 11807715286.754814 904.0 8.518725464552688
277.98621720430106 305.7689821877611 11807715286.754814 9881138152.594532 902.0 8.56816194499412
186.93830000000003 304.32043922661046 9881138152.594532 7863107409.157645 899.0 8.858996959863685
24.667116129032365 302.62290327149867 7863107409.157645 5389247433.196782 900.0 8.76233641411315
61.06769666666668 300.54193088256795 5389247433.196782 3167332253.6886044 901.0 9.057103654066296
1449.439908602154 298.3262595519718 3167332253.6886044 4658983386.744884 904.0 8.985196787919053
2972.581460215054 299.90874537104276 4658983386.744884 591100085.622103 4493.841397849463 0.4920021376735839
2841.637178571424 295.5931467065798 591100085.622103 546969995.6490993 2853.1011904761904 2.4103577514118886
3583.356059139779 295.54632929731497 546969995.6490993 5171340344.445455 1823.0 3.708102766842238
4208.074102444444 300.3586308415591 5171340344.445455 13336498121.935995 981.0 8.58540772312309
1774.1488224323325 306.8198364874457 13336498121.935995 15363090179.184399 913.0 8.434542635410278
1789.726648888889 308.2128747451089 15363090179.184399 17331887777.74891 907.0 8.59040336686764
1755.6456849462363 309.5661862646061 17331887777.74891 19207365044.192287 906.0 8.321922157546886
1533.9816526881723 310.7122052679672 19207365044.192287 20568167798.626328 906.0 8.255537752713352
1087.7959288888887 311.491052998298 20568167798.626328 20804185649.131424 906.0 8.413146757410669
743.6411701890995 311.62613647500655 20804185649.131424 20178884754.90725 906.0 8.202597287450416
583.6609326275807 311.2682490584405 20178884754.90725 19277243363.040203 904.0 8.439034491228222
993.3934755509699 310.7521997270148 19277243363.040203 19563432420.1956 905.0 8.260110283859484
1872.4081400748237 310.9159984089947 19563432420.1956 14234684184.044792 3866.0 1.0984970019766394
2611.7039350774508 307.4372313610426 14234684184.044792 11669546287.215927 3661.0 0.8645612196463404
2714.579368653343 305.67400762112726 11669546287.215927 14986283303.891247 1427.0 5.127237694779819
2088.2592809956755 307.9538653449899 14986283303.891247 17643581534.21952 969.0 8.202318450747875
1592.6471422300276 309.78043822808604 17643581534.21952 19149094226.798668 915.0 8.248067268191585
1349.9754724183003 310.6788542964736 19149094226.798668 19953580873.91541 907.0 8.452014112936075
952.8180186293098 311.13929766135266 19953580873.91541 19665272092.621674 906.0 8.230797958468518
618.6273815501389 310.9742857672972 19665272092.621674 18579534244.46925 906.0 8.240356453000633
389.44603031118686 310.3528698743528 18579534244.46925 17022156042.071209 905.0 8.483592781901613
226.73510860215055 309.35328295440695 17022156042.071209 15036112088.740988 904.0 8.347854440141457
258.30191777777776 307.98811664059735 15036112088.740988 13310428885.899366 900.0 8.648488625945937
356.6221537634409 306.8019170235767 13310428885.899366 11894089045.760002 901.0 8.51522891989016
606.5900290322583 305.8283537570525 11894089045.760002 432763783.3173041 4888.6720430107525 0.3633549630083319
1263.0525416666667 295.42516845249025 432763783.3173041 260328106.32049927 1327.657738095238 7.408597607100352
1678.0737150537616 295.24223223670754 260328106.32049927 331535452.3049015 1621.8978494623657 4.929568464475182
925.0931711111111 295.3177757822034 331535452.3049015 190755870.53600627 927.4861111111111 9.19705097424893
1065.203355913979 295.1684233720942 190755870.53600627 377023071.1174269 934.7123655913979 8.986729565569945
886.176091111111 295.36603338756356 377023071.1174269 181255043.33801222 893.5638888888889 9.388147863121702
587.3859956989247 295.1583439882644 181255043.33801222 124635092.30441 530.1881720430108 11.37088711726927
343.71011612903226 295.0982761429073 124635092.30441 83587531.99670617 298.4623655913978 12.737418319359286
209.53571 295.05472897517154 83587531.99670617 61969678.70475296 172.85555555555555 13.510341277516972
141.6448290322581 295.0317946941489 61969678.70475296 51434012.734221965 110.18279569892474 13.846552706698183
48.47033888888889 295.02061745463 51434012.734221965 38355260.93669268 39.608333333333334 14.269369130014452
199.4597483870961 295.00674226706633 38355260.93669268 69969650.09357779 197.06182795698925 13.33565885236333
631.3877903225807 295.0402818269612 69969650.09357779 147161773.75761563 604.7715053763441 10.93598900750609
1966.904209523811 295.1221745955417 147161773.75761563 388206671.56173426 1860.5565476190477 4.596839703176132
2410.057508387096 295.37789801778246 388206671.56173426 823873167.9421091 2217.3252688172042 1.3987384072488265
1430.5375811111112 295.8400945978592 823873167.9421091 1334599590.1959898 1179.0 7.722291923216096
1036.5004430107533 296.38192190769786 1334599590.1959898 1422397345.633606 939.0 8.888609434975974
783.5485266666667 296.47506614219566 1422397345.633606 908970749.7555737 910.0 9.231771032271329
510.9564075268818 295.93037423059155 908970749.7555737 110813930.50540297 729.5591397849462 10.160133288735661
299.40206666666666 295.0836133359913 110813930.50540297 75413631.82701197 252.0752688172043 13.01080057112343
189.3554522222222 295.0460573221165 75413631.82701197 58337500.33613498 150.93333333333334 13.635285986044115
116.86750645161288 295.02794133284124 58337500.33613498 46896149.26459291 85.75268817204301 13.990324318538073
187.4815311111111 295.0158032561687 46896149.26459291 63606428.40370035 167.10833333333332 13.543478554746484
250.0934645161292 295.03353111436843 63606428.40370035 79228275.64394207 253.6720430107527 13.002211890994364
1113.3932935483867 295.05010426017816 79228275.64394207 234719668.17110878 1057.5537634408602 8.270839179055951
3032.7590357142826 295.2150643625834 234719668.17110878 581666705.3483952 2882.565476190476 2.459702077556262
1768.400356989248 295.5831388768814 581666705.3483952 347989797.86632866 1825.9005376344087 3.6866429556069207
1277.0490844444444 295.33523212164897 347989797.86632866 615783252.535812 1121.0 8.090481880146037
1224.8060204301073 295.61933296471017 615783252.535812 1249561986.7913053 925.0 9.01729626086357
1182.6081955555555 296.29170590578326 1249561986.7913053 1772229387.8201332 908.0 9.253639724681065
916.9311311827958 296.84620134502455 1772229387.8201332 1573167612.7688 906.0 9.058741203218393
592.7640612903224 296.63501762440995 1573167612.7688 565492749.8617861 905.0 9.076960907905676
401.63502222222223 295.56598000197516 565492749.8617861 96851466.16969267 537.1222222222223 11.418574848925097
269.80505806451606 295.06880062186474 96851466.16969267 74683699.28845972 242.63709677419354 13.066597280371276
309.30235777777773 295.0452829400472 74683699.28845972 85763687.1024381 291.0833333333333 12.837114306488203
1105.5550075268811 295.0570376481036 85763687.1024381 706019774.6733271 883.5752688172043 9.294367204544852
2968.624989247309 295.7150644755711 706019774.6733271 571681592.310548 3021.0403225806454 1.0979703872647821
2592.298236904755 295.57254571643386 571681592.310548 501736806.63641036 2614.4494047619046 2.413046430195225
3252.690940860213 295.49834161535796 501736806.63641036 5466619811.874501 1365.0 6.422299732721422
2207.7952755555566 300.6070153195445 5466619811.874501 8389861425.393362 1009.0 8.401230858581634
1852.0641172043013 303.0660005260711 8389861425.393362 10661667773.165419 913.0 8.653667730277014
1707.625441111111 304.97700855750793 10661667773.165419 12455999076.8318 907.0 8.77199818474707
1537.7041473118281 306.21459931044257 12455999076.8318 13796668062.727903 906.0 8.516066499436016
1412.8625924731184 307.1361479672312 13796668062.727903 14872988042.163141 906.0 8.462684785060748
1420.2071044444444 307.875988481003 14872988042.163141 15999945918.83291 905.0 8.622287333196606
1096.782470967742 308.65063645781754 15999945918.83291 16348971466.832806 902.0 8.401975934854617
861.2065666666666 308.89054953727856 16348971466.832806 16177377101.4285 902.0 8.585131839298688
830.1512139784944 308.77259905239794 16177377101.4285 16036060718.47289 900.0 8.408467681409988
1982.2529064516093 308.67546103826845 16036060718.47289 6004698788.8240185 5731.0 0.7747493105038057
2887.1709547619066 301.05963895425975 6004698788.8240185 3236807894.252117 4023.0 1.6969142896410396
3189.5723770967757 298.3999659391599 3236807894.252117 6730279052.783079 1848.0 3.2230082509697837
2834.307768888889 301.6699857442657 6730279052.783079 11250610108.20982 1014.0 8.304343737190646
2001.7545849462363 305.38603939250055 11250610108.20982 13907945401.603762 910.0 8.53787708871502
1792.0894811111111 307.212637751996 13907945401.603762 15894447447.877308 907.0 8.646536050999202
1647.4223688172042 308.57811894959946 15894447447.877308 17494785715.703426 906.0 8.379157037989366
1555.9108075268814 309.6781590017208 17494785715.703426 18925680542.217068 906.0 8.315436014220166
1495.0161088888885 310.5509847425693 18925680542.217068 20222614742.18931 906.0 8.465844643613384
1077.8408612903227 311.2932776683776 20222614742.18931 20492965535.183872 906.0 8.221878498064603
837.4399466666666 311.4480114097893 20492965535.183872 20245565979.05723 905.0 8.422269634063497
763.5435021505375 311.3064136784897 20245565979.05723 19919497760.777004 904.0 8.234966956749648
904.7900311827956 311.11979038506007 19919497760.777004 14420425128.1603 2962.0 1.1279440367165527
1623.8848476190485 307.5649059170747 14420425128.1603 9321204942.028254 3721.0 0.8478981433794246
1858.3911129032267 303.84943215177344 9321204942.028254 8756304622.92702 2026.0 1.4314032269129306
1741.5304244444442 303.37424682278515 8756304622.92702 10339274113.381939 1053.0 7.955208381669735
1750.0320172043012 304.7058160442311 10339274113.381939 12326271088.280952 912.0 8.564448390108339
1659.712708888889 306.12542692348154 12326271088.280952 13983632120.895983 907.0 8.7075496532171
1484.88188172043 307.2646632670443 13983632120.895983 15168923679.198353 906.0 8.455240395687557
1239.1985698924732 308.0794086329381 15168923679.198353 15771663788.310377 906.0 8.4080453788099
849.7285659003833 308.49371995347155 15771663788.310377 15421668684.600843 904.0 8.594224345532202
570.3344806451612 308.25314042108937 15421668684.600843 14363547243.015089 903.0 8.418170196509799
502.2009944444444 307.5258092129606 14363547243.015089 13268051441.690714 901.0 8.667765410175807
973.286248387097 306.7727876283274 13268051441.690714 13501607279.014788 902.0 8.510272133972212
1906.0970567881386 306.9333291717176 13501607279.014788 6646151403.702367 4469.0 0.5230189991034351
2680.727043561999 301.59921887929204 6646151403.702367 5878919187.047454 2989.0 1.6264925727200144
3233.8047204952245 300.9538351169645 5878919187.047454 11765628576.114773 993.0 8.275939738807143
2680.187784354702 305.74005263686746 11765628576.114773 16124646800.844707 910.0 8.7101059202521
2681.175641502174 308.73635331375084 16124646800.844707 20565022256.302322 908.0 8.356470402051272
2587.9947440444444 311.48925266500817 20565022256.302322 24559201054.37337 906.0 8.413247679613132
1976.5120944471842 313.7752982225122 24559201054.37337 26961047565.05767 906.0 8.078104741444875
1688.6791497518611 315.12687497097784 26961047565.05767 28683350100.311943 906.0 7.999813179288761
1649.7771355721559 315.9607582552106 28683350100.311943 30334331477.420418 906.0 8.162586207628175
1586.5657059139785 316.760110137223 30334331477.420418 31926189246.438354 906.0 7.905206245070045
1295.87976 317.53083627696253 31926189246.438354 32847134285.03842 906.0 8.074571542293548
1125.4589838709678 317.97672813258373 32847134285.03842 33498217144.54282 906.0 7.834732316369983
1721.723107526882 318.29196143339925 33498217144.54282 28730837655.794174 3507.0 2.164290874794707
3636.4066416666624 315.98375019647244 28730837655.794174 33284705007.34833 1738.0 3.155013314454761
1528.2072237231182 318.18858574966026 33284705007.34833 32891126897.018433 1602.0 2.6966239020038856
2268.9322287991463 317.99802793503363 32891126897.018433 35833557365.808365 1002.0 7.365308757499646
1642.9758591397854 319.42265777370403 35833557365.808365 37359977846.83845 914.0 7.6914263868078185
1929.5919662666665 320.13652180685585 37359977846.83845 39537374576.122856 907.0 7.9212556360580955
1657.1008041246037 321.02658723645845 39537374576.122856 40969461472.81757 906.0 7.6580658903830985
1229.3780744830437 321.61198861131663 40969461472.81757 41381061136.95599 906.0 7.624155875152358
893.8938022388224 321.78024027944787 41381061136.95599 41022210721.369644 906.0 7.836360532414538
532.0389066006088 321.6335511873701 41022210721.369644 39757073060.55071 906.0 7.6229068393390005
621.6469864006617 321.1163944926628 39757073060.55071 38921082335.436935 906.0 7.873574074638698
739.9282115347014 320.77466235267894 38921082335.436935 38544773267.1179 906.0 7.672658914951985
1424.8405402457763 320.62083659917613 38544773267.1179 29235763762.957924 4906.0 2.500802985014177
1969.253742124539 316.22821911637357 29235763762.957924 27711349601.102177 2584.0 0.2827691802477226
2299.4504403639403 315.49014699385214 27711349601.102177 27524894507.803974 2302.0 1.7594411416056506
2384.2738954658134 315.3998714572499 27524894507.803974 30498072055.6932 1116.0 6.7335645857332
1909.6702651580881 316.83938803897223 30498072055.6932 32761324325.860973 917.0 7.820551091415914
1954.2864107111109 317.93518172066473 32761324325.860973 35032300972.05652 907.0 8.044793486162748
1755.431449285894 319.03471529585386 35032300972.05652 36760426073.35572 906.0 7.77344725220506
1601.0366766335815 319.87141767858805 36760426073.35572 38188515510.27343 906.0 7.724980351099837
1573.6938022388226 320.4752073212727 38188515510.27343 39601151465.780525 906.0 7.90951743129035
1206.619551761899 321.052657636918 39601151465.780525 40144535786.76085 906.0 7.656555733908203
1050.066430845106 321.27477958308793 40144535786.76085 40417817773.40102 906.0 7.8646954007545755
1140.9706314017058 321.38649043741697 40417817773.40102 41117455930.314865 906.0 7.637218103633276
1700.0042322580648 321.6724850512256 41117455930.314865 33997940470.46991 4364.0 2.6527615120355836
1105.739961904762 318.53391133459377 33997940470.46991 27731610201.74341 3680.0 0.5836899468770511
3238.3907420006008 315.49995652258326 27731610201.74341 29676450069.174423 2444.0 1.7608585749065337
2562.996117688035 316.4415851985932 29676450069.174423 33379989281.682228 1008.0 7.419689870756993
1913.4444587064754 318.2347193191063 33379989281.682228 35651659673.794716 911.0 7.782949609723146
1941.9391884888892 319.3345887836713 35651659673.794716 37871620378.03757 907.0 7.966259623508103
1509.1589660522272 320.3456685017186 37871620378.03757 38921067401.96181 906.0 7.697508853207569
1400.2819569892472 320.7746562482471 38921067401.96181 39800724548.2066 906.0 7.67265926855788
1573.6938022388226 321.134238131165 39800724548.2066 41206778358.99351 906.0 7.872573804684362
1473.7485840199636 321.7089978303557 41206778358.99351 42459124681.17022 906.0 7.618536509984425
1587.8980844444443 322.2209257451302 42459124681.17022 44122659574.09819 906.0 7.81165680225431
1938.127705969597 322.90093728332124 44122659574.09819 46961616226.86452 906.0 7.5494921128578
2450.2882225806457 324.06143189543445 46961616226.86452 45080887355.0049 3159.0 2.9979537127857245
3021.7478768953324 323.2926368803672 45080887355.0049 46196670215.699844 2541.0 1.204761279857511
3134.014397914579 323.7487410610573 46196670215.699844 49353160744.77595 1867.0 0.08126808583376466
1316.62943 325.03903559535735 49353160744.77595 49819657007.357 977.0 7.117559694633379
1417.308101075269 325.22972762257405 49819657007.357 50656290729.466934 917.0 7.328630589426437
1316.5255288888889 325.57172260367906 50656290729.466934 51168310292.51676 907.0 7.616235514206582
1032.5247215053762 325.7810234197507 51168310292.51676 50846035684.41931 907.0 7.37480983366743
699.9696870967742 325.64928560474965 50846035684.41931 49787733145.223404 906.0 7.390291028880856
498.6276122222222 325.21667794463417 49787733145.223404 48372117989.4703 906.0 7.643722391599611
235.09297419354834 324.6380098062966 48372117989.4703 46288554122.21678 906.0 7.448870286123512
298.61087528955056 323.78630090838675 46288554122.21678 44607521123.29588 906.0 7.7239057674596046
572.4840722619208 323.09913658126277 44607521123.29588 43787555227.71923 906.0 7.5380112016393275
