11.805621448492964
0.48017704089831703
1.324125097851164
7.626110553078342
14.258755143067765
14.494885109999993
14.494885109999993
14.494885109999993
14.494885109999993
14.494885109999993
14.494885109999993
14.494885109999993
7.1881808540493655
1.5975067433037307
2.6853908934425395
4.779365765580529
14.17841083581584
14.494885109999993
14.494885109999993
14.494885109999993
14.494885109999993
14.494885109999993
14.293683626777037
10.259472700444736
5.466481784022495
1.6117959716222838
2.8501273499201307
4.874884941420776
14.110191768224473
14.494885109999993
14.494885109999993
14.494885109999993
14.494885109999993
11.96499880343277
10.650048619856474
9.714944225781071
3.4752979591794677
1.6260746182534387
2.88953195847205
5.628305707893466
14.026620712686935
7.975086405223917
0.6542150830840274
1.5720758667045747
2.335804643119646
3.031294437992752
5.394757042546834
0.5159139350117545
3.3764950240493707
1.6871193840175511
2.7726012446721295
2.5408105669219463
14.173854761659417
14.494885109999993
14.494885109999993
14.494885109999993
14.494885109999993
14.494885109999993
14.494885109999993
12.824608684897525
5.529988633942692
1.6140400819268077
2.615140395694107
3.4330744844587997
14.29549602006403
14.494885109999993
14.494885109999993
14.494885109999993
14.494885109999993
14.494885109999993
14.494885109999993
14.494885109999993
4.304797257659301
1.3455276709334765
2.1951381659760205
5.829520388657508
14.084863180949993
14.494885109999993
14.494885109999993
14.494885109999993
14.494885109999993
14.494885109999993
14.494885109999993
14.494885109999993
2.927244734975309
0.8608695633635577
1.948619923589062
5.1157824045142135
14.117845712311492
14.494885109999993
14.494885109999993
14.494885109999993
14.494885109999993
13.07841425651884
10.318679824619787
7.7484809743932885
1.7737534097214098
1.6329850955792526
2.765883957512605
5.2767766221310435
14.427751902008813
14.494885109999993
14.494885109999993
14.494885109999993
14.494885109999993
14.494885109999993
14.494885109999993
14.473625903882406
9.067559100812517
1.5521855505177147
2.5434093217986646
2.950105419335241
13.972210535915004
14.494885109999993
14.494885109999993
14.494885109999993
14.494885109999993
14.494885109999993
14.494885109999993
14.494885109999993
4.2633448363019575
0.463606431996892
1.4694746891756676
5.626683585612994
14.116791819967442
14.494885109999993
14.494885109999993
14.494885109999993
14.494885109999993
14.494885109999993
14.494885109999993
14.494885109999993
11.187271886017829
0.18482838087662223
1.3029425432863153
6.415600578427352
14.072085009123654
14.494885109999993
14.494885109999993
14.494885109999993
14.494885109999993
14.494885109999993
14.494885109999993
14.494885109999993
7.333981260437313
0.6119562431149621
1.5882175058440833
5.703497041195831
14.064266736883832
14.494885109999993
14.494885109999993
14.494885109999993
14.494885109999993
14.494885109999993
14.494885109999993
14.494885109999993
9.747794929337886
1.5773258403329873
2.6721380758782676
4.332714803794117
14.243568623381618
14.494885109999993
14.494885109999993
8.847519575351775
5.096734656004976
7.260141690056812
9.050837009562409
9.004117066908739
6.829502127774744
1.5706890502363127
2.556773078781193
4.661114221288939
14.101738666369789
14.494885109999993
14.494885109999993
14.494885109999993
14.494885109999993
14.494885109999993
14.494885109999993
14.494885109999993
7.260542540752172
1.595033020757219
2.6885195463402543
7.065096750694343
13.991966061646261
7.875733523880816
3.3761686717875445
2.110367662068489
0.6430963265846774
3.6558030369290027
6.678630123443701
7.232868032475363
3.5934759902957687
1.6210446102060647
2.8601231529703757
3.9885496333787476
14.155964138507091
14.494885109999993
14.494885109999993
14.494885109999993
14.49482218115725
11.469818034729817
10.013939921053911
8.755858778077503
4.726647341590809
1.61520363487306
2.590174813781113
2.6839588960232312
13.983342959445888
14.494885109999993
14.494885109999993
14.494885109999993
14.163157263087129
8.135127088852954
7.67920216758378
6.592914653458114
3.0140557256571707
1.6230634187352724
2.475101294542702
3.9809330118379798
14.245706100869251
14.494885109999993
14.494885109999993
14.494885109999993
5.831790579877222
2.2942064462797838
4.863487599790881
3.4521490950224063
0.8776235405148292
1.6435993730512681
2.717923858711968
2.9400442528336175
14.067780915563743
14.494885109999993
14.494885109999993
14.494885109999993
14.494885109999993
14.494885109999993
14.494885109999993
14.494885109999993
