0.03308963861453584
1.3662306940385083
4.564728721195074
7.504801687694392
7.617140046584419
7.858934540331861
7.572272758614336
7.526929651981616
7.743164957865919
7.5294209250267645
7.775514937648342
7.568971761403031
0.33595388499825063
0.30992105598724073
4.172299377302675
7.252554460835413
7.443079483176871
7.6562676324447665
7.405788320164103
7.396810526087198
7.635913420867697
7.43284730806461
7.6941920361924465
7.496799779741511
2.9230830587285173
0.9618033188326489
3.892656503368208
7.130320758666619
7.418469234340453
7.66024824039505
7.407063707736678
7.389875677195703
7.622481511094754
7.410538150840371
7.670651466227093
7.470974275435504
2.9852616724908057
1.1965448798158054
3.3514065225650196
2.7988425868953595
1.797873862661552
2.2691035790979264
3.3730909237282667
3.9645790360974615
4.497794408054569
4.122494020479094
3.387348026596154
3.3453187145807437
3.3934379010223754
1.6968388478985599
3.4042339521054306
2.8432949885584
2.7710041489925796
5.150250017175567
7.3323972895203395
7.367215030792853
7.626225753504601
7.4253211207301275
7.695548296371417
7.505210923111466
2.872790740166037
0.8744708652093252
2.2927178687037983
7.396598755857115
7.72123513080314
7.96825698463145
7.707019634878691
7.686148435542776
7.910585462527009
7.71043626157798
7.966632190985822
7.782178162291041
2.217246781558229
0.022267621252209935
0.8210386099735558
6.546970424209834
8.229023084010024
8.67994814903193
8.518725464552688
8.56816194499412
8.858996959863685
8.76233641411315
9.057103654066296
8.985196787919053
0.4920021376735839
2.4103577514118886
3.708102766842238
8.58540772312309
8.434542635410278
8.59040336686764
8.321922157546886
8.255537752713352
8.413146757410669
8.202597287450416
8.439034491228222
8.260110283859484
1.0984970019766394
0.8645612196463404
5.127237694779819
8.202318450747875
8.248067268191585
8.452014112936075
8.230797958468518
8.240356453000633
8.483592781901613
8.347854440141457
8.648488625945937
8.51522891989016
0.3633549630083319
7.408597607100352
4.929568464475182
9.19705097424893
8.986729565569945
9.388147863121702
11.37088711726927
12.737418319359286
13.510341277516972
13.846552706698183
14.269369130014452
13.33565885236333
10.93598900750609
4.596839703176132
1.3987384072488265
7.722291923216096
8.888609434975974
9.231771032271329
10.160133288735661
13.01080057112343
13.635285986044115
13.990324318538073
13.543478554746484
13.002211890994364
8.270839179055951
2.459702077556262
3.6866429556069207
8.090481880146037
9.01729626086357
9.253639724681065
9.058741203218393
9.076960907905676
11.418574848925097
13.066597280371276
12.837114306488203
9.294367204544852
1.0979703872647821
2.413046430195225
6.422299732721422
8.401230858581634
8.653667730277014
8.77199818474707
8.516066499436016
8.462684785060748
8.622287333196606
8.401975934854617
8.585131839298688
8.408467681409988
0.7747493105038057
1.6969142896410396
3.2230082509697837
8.304343737190646
8.53787708871502
8.646536050999202
8.379157037989366
8.315436014220166
8.465844643613384
8.221878498064603
8.422269634063497
8.234966956749648
1.1279440367165527
0.8478981433794246
1.4314032269129306
7.955208381669735
8.564448390108339
8.7075496532171
8.455240395687557
8.4080453788099
8.594224345532202
8.418170196509799
8.667765410175807
8.510272133972212
0.5230189991034351
1.6264925727200144
8.275939738807143
8.7101059202521
8.356470402051272
8.413247679613132
8.078104741444875
7.999813179288761
8.162586207628175
7.905206245070045
8.074571542293548
7.834732316369983
2.164290874794707
3.155013314454761
2.6966239020038856
7.365308757499646
7.6914263868078185
7.9212556360580955
7.6580658903830985
7.624155875152358
7.836360532414538
7.6229068393390005
7.873574074638698
7.672658914951985
2.500802985014177
0.2827691802477226
1.7594411416056506
6.7335645857332
7.820551091415914
8.044793486162748
7.77344725220506
7.724980351099837
7.90951743129035
7.656555733908203
7.8646954007545755
7.637218103633276
2.6527615120355836
0.5836899468770511
1.7608585749065337
7.419689870756993
7.782949609723146
7.966259623508103
7.697508853207569
7.67265926855788
7.872573804684362
7.618536509984425
7.81165680225431
7.5494921128578
2.9979537127857245
1.204761279857511
0.08126808583376466
7.117559694633379
7.328630589426437
7.616235514206582
7.37480983366743
7.390291028880856
7.643722391599611
7.448870286123512
7.7239057674596046
7.5380112016393275
