1.608830065278811
2.546346829098951
1.211219494823501
1.4933438541658628
0.9579402654035967
1.4074408626805077
0.9363159568685226
0.946981285188107
1.4377720959266131
1.2271282528654446
3.8152792050476467
3.2592787809448716
1.2038910961370153
0.8354788217595281
1.2514708423079082
1.859731400249279
1.4611592526197477
1.8999572431909826
1.5278626014043724
1.7420652921447104
3.5079546622897837
8.191079861231973
12.702446698563099
14.494885109999993
13.713659311213844
0.007393877202124699
1.4514117592483142
1.751385237236935
1.3497929112860767
1.8040788983624747
1.4039291723962624
1.474876382555859
2.8124126476105378
7.758228190677734
13.59045020301814
13.513185968112898
13.35759066360636
0.21967035851577954
1.2394146407992626
1.3688258594881813
0.7921332296301422
1.2230877560997886
0.7884922914523074
0.8149355460363221
1.2834015344135814
0.8784110165827883
1.849282867720408
3.017338164810461
0.4408448170622261
1.4086474542663918
0.41773538917017206
0.7764332151864384
0.2042560274866272
0.6115640867314855
0.26658016348570257
0.672646096440829
4.8967879794951
6.601418573962684
11.983377229026273
10.441584111113261
12.954765131225368
0.9445283153571591
0.3157985965786665
1.0339549583428251
0.6454989046617658
1.0191162833005354
0.6634609715330306
0.8111585586905541
2.943292191222385
7.275921501902168
11.571224860489277
8.572378076183623
1.5839825724884413
0.5466196209158287
0.06274857349281504
0.9289834164922848
0.893753186093365
1.4129111373031265
5.431197553019119
14.494885109999993
14.494885109999993
14.494885109999993
14.494885109999993
13.3338234712014
0.32618770397023944
1.7156902769678428
0.8540923227082153
1.3411443383524997
0.6787359093826346
1.1132092590637264
0.6850907812358606
0.6690515375866415
1.376851254525036
3.1269382149663745
8.229060497839164
10.297272758763045
4.455601798393612
0.14323252430839872
0.6646983183056232
1.1009916310828558
0.6209960764460352
1.046534237963174
0.6894901363079349
2.6368445282460264
7.271749238055779
11.909948316969786
11.128345604149953
13.098665969461164
14.494885109999993
1.2031597493982034
1.101022653863657
1.3030942863787605
1.0928585715762562
1.574455808766567
11.782656648160224
14.494885109999993
14.494885109999993
14.494885109999993
12.410195660041976
12.927689424444662
14.494885109999993
1.2802066809294637
0.7933402235976139
1.1273086129644607
0.8972375750858834
1.5986066469685518
2.5489159576783074
14.494885109999993
14.494885109999993
14.494885109999993
14.494885109999993
14.494885109999993
14.494885109999993
0.2709313251172034
1.0561800759377835
1.467712435639859
1.258723345480293
1.7037239708786842
1.483482291897337
4.877550195196045
13.493560430312705
14.494885109999993
14.494885109999993
14.494885109999993
0.5504338155088515
1.441685059816992
0.908636677357741
1.4132594576341155
0.9497382863996293
1.3860729489705754
0.9492969941098881
0.9843054343900413
1.6729111219173642
4.6651844653985
11.570655239927337
12.38070972151355
5.11915868639967
0.15632022143723567
0.675499239545637
1.1203559396492082
0.5699878559438005
1.0019728834643633
0.5474584323990452
0.5535216484664023
1.0433502948290272
1.0346406479557242
3.2786670522528727
4.296761986843178
5.517809953011804
0.7405802791088245
0.27201838972063896
1.4646027889294242
1.0880219707159302
1.5109058587368747
1.0900706152041764
1.193706602349442
3.2419211634145686
8.730001005503077
14.494885109999993
11.148025944279295
0.3122048421609751
0.9097420994037595
1.1285230311615848
1.4008375872147916
0.8553994940958436
1.2157531724893769
0.689719217021656
0.670043974575055
1.1019584147198813
0.6792076382731338
1.7340966597259797
2.2376843390963312
0.8970915995702793
1.1117245950853913
0.5721166082977138
1.0775908611271507
0.639195791947051
1.0743559530319384
0.666784370354188
0.6760501072218918
1.3854559312965513
2.6696901876753625
8.633394229693884
6.0082472444563155
1.3863661231865745
0.255205911089341
0.5544034636628119
1.4445126018350258
1.0774681575335574
1.4996169502678072
1.0373187824026626
1.0333125127563818
1.4943002535794427
1.2351515868678966
5.40656049961872
4.670093028977297
0.3066076201375072
0.3001409181350905
0.43255915809875667
1.7413729856910152
1.2328304118470736
1.6418628737506982
1.183297917838667
1.2150543796126012
1.689134091520705
1.2927772490699088
2.135310192154531
4.013084961251497
0.6150758295863259
0.2844661996003346
0.6033934680274413
1.1279816051569913
0.6729807838824033
0.9704833729185616
0.7475993163477312
1.961392008095448
6.125892424243489
12.561852322250367
11.090119919330096
8.251707537939513
