0 5 4 0 4 0 0 3
0 4 1 0 2 0 0 5
1 8 6 2 20 0 1 7
2 14 15 1 40 0 7 30
5 19 29 3 59 0 11 35
4 22 34 6 80 0 12 29
3 32 36 12 95 0 16 38
2 41 27 15 81 0 20 52
1 40 21 7 58 0 21 72
1 27 20 0 34 0 13 90
0 9 10 0 11 0 1 63
0 2 8 0 3 0 0 21
0 5 5 0 2 0 0 3
0 4 2 0 2 0 0 5
1 8 6 2 19 0 1 7
3 14 12 1 44 0 7 31
4 19 21 3 60 0 11 36
3 22 22 7 63 0 12 29
2 32 20 13 71 0 16 39
2 41 21 15 68 0 20 53
1 40 20 7 48 0 24 75
1 27 20 0 27 0 27 106
0 9 9 0 8 0 10 89
0 2 7 0 2 0 0 35
0 5 5 0 1 0 8 5
0 4 2 0 1 0 0 4
1 8 6 2 15 0 1 7
3 14 12 1 38 0 7 31
4 19 22 3 56 0 11 36
4 22 25 7 66 0 12 30
3 32 24 14 78 0 16 39
2 41 20 15 76 0 20 53
1 40 20 7 56 0 22 74
1 27 20 0 30 0 26 106
0 9 10 0 9 0 20 96
0 2 7 0 2 0 0 32
0 5 5 0 2 0 5 5
0 4 2 0 2 0 0 4
2 8 5 2 22 0 1 7
4 14 11 1 54 0 7 31
7 19 22 3 64 0 11 35
5 22 20 7 68 0 12 29
4 32 25 14 88 0 16 38
3 41 21 15 107 0 20 52
2 40 20 7 103 0 21 71
1 27 20 0 75 0 13 90
0 9 9 0 26 0 1 60
0 2 7 0 5 0 0 21
0 5 5 0 3 0 0 3
0 4 2 0 2 0 0 5
1 8 4 2 18 0 1 7
2 14 12 1 35 0 7 31
2 19 21 3 42 0 11 35
3 22 17 7 44 0 12 29
2 32 20 14 52 0 16 38
2 41 20 16 50 0 20 53
1 40 20 7 38 0 30 78
1 27 19 0 21 0 24 102
0 9 9 0 6 0 8 84
0 2 7 0 1 0 0 27
0 5 5 0 1 0 4 4
0 4 2 0 1 0 0 5
1 8 4 3 16 0 0 7
3 14 10 1 44 0 7 31
4 19 21 3 62 0 11 35
3 22 17 7 64 0 12 29
2 32 20 14 69 0 16 38
2 41 19 16 61 0 20 53
1 40 20 7 45 0 24 74
0 27 19 0 24 0 25 102
0 9 9 0 7 0 6 78
0 2 7 0 2 0 0 25
0 5 5 0 1 0 0 3
0 4 1 0 1 0 0 4
1 8 2 3 11 0 0 7
1 14 6 1 24 0 7 31
2 19 14 4 33 0 10 36
2 22 13 8 32 0 11 30
2 32 17 15 37 0 22 44
1 41 17 17 35 0 0 105
1 40 17 8 26 0 0 150
0 27 10 0 9 0 0 154
0 9 3 0 2 0 0 123
0 2 3 0 0 0 0 34
0 5 3 0 1 0 0 3
0 4 1 0 1 0 0 5
1 8 6 2 14 0 1 7
3 14 14 1 38 0 7 32
6 19 24 3 62 0 11 37
4 22 18 7 67 0 12 31
3 32 29 13 88 0 16 40
2 41 21 15 97 0 20 54
1 40 20 7 68 0 21 75
0 27 20 0 35 0 16 97
0 9 9 0 9 0 3 74
0 2 7 0 2 0 0 28
0 5 6 0 2 0 0 3
0 4 2 0 1 0 0 5
1 8 5 2 17 0 1 7
3 14 11 1 41 0 7 32
2 19 23 3 52 0 11 37
1 22 20 7 49 0 12 30
1 32 20 14 50 0 16 40
1 41 20 15 45 0 23 56
1 40 19 7 31 0 38 85
0 27 19 0 16 2 71 133
0 9 9 0 5 0 5 82
0 2 7 0 1 0 0 32
0 5 5 0 1 0 0 5
0 4 1 0 1 0 0 5
0 8 3 3 9 0 0 7
2 14 7 1 21 0 7 32
2 19 20 3 38 0 11 37
1 22 15 7 36 0 12 30
1 32 18 15 36 2 77 56
1 41 18 17 31 0 0 94
1 40 18 7 23 0 0 130
0 27 17 0 10 0 0 164
0 9 8 0 3 0 9 90
0 2 5 0 0 0 0 30
0 5 2 0 0 0 0 5
0 4 1 0 0 0 0 5
0 8 4 3 9 0 0 7
1 14 10 1 21 0 7 31
2 19 21 3 30 0 10 35
1 22 15 7 31 0 12 29
1 32 17 15 30 0 17 40
1 41 18 16 29 0 0 90
1 40 19 7 22 0 0 125
0 27 17 0 10 0 0 157
0 9 8 0 3 0 0 107
0 2 6 0 1 0 0 33
0 5 4 0 1 0 0 4
0 4 1 0 1 0 0 4
1 8 4 3 12 0 1 7
2 14 8 1 26 0 7 31
3 19 20 3 43 0 11 36
3 22 15 7 48 0 12 29
2 32 19 15 54 0 16 38
1 41 18 16 49 0 27 55
1 40 19 7 36 5 144 111
0 27 18 0 19 0 0 152
0 9 9 0 5 0 0 103
0 2 7 0 1 0 0 32
0 5 4 0 1 0 0 3
0 4 1 0 1 0 0 4
2 8 5 2 19 0 1 7
5 14 12 1 53 0 7 31
6 19 22 3 63 0 11 36
4 22 17 7 68 0 12 30
3 32 20 14 88 0 16 39
2 41 20 16 103 0 20 53
1 40 20 7 96 0 21 73
1 27 19 0 52 0 18 97
0 9 9 0 14 0 6 80
0 2 7 0 3 0 0 28
0 5 6 0 2 0 0 3
0 4 2 0 1 0 0 4
2 8 4 2 20 0 1 7
4 14 13 1 51 0 7 30
6 19 23 3 63 0 11 35
4 22 22 7 68 0 12 29
3 32 29 13 88 0 16 38
2 41 21 15 107 0 20 51
1 40 20 7 96 0 21 71
1 27 20 0 51 0 14 89
0 9 9 0 13 0 1 61
0 2 7 0 3 0 0 22
0 5 5 0 2 0 0 3
0 4 1 0 1 0 0 4
1 8 5 2 16 0 0 7
4 14 10 1 41 0 7 31
5 19 21 3 63 0 11 36
4 22 17 7 68 0 12 29
3 32 20 14 85 0 16 38
2 41 20 16 87 0 20 52
1 40 20 7 61 0 24 73
0 27 19 0 32 1 31 105
0 9 9 0 9 0 0 86
0 2 7 0 2 0 0 25
0 5 6 0 2 0 0 3
0 4 2 0 1 0 0 4
2 8 6 2 21 0 1 7
4 14 15 1 54 0 7 30
6 19 45 3 87 0 11 35
5 22 38 6 92 0 12 29
4 32 34 12 98 0 16 38
3 41 23 15 107 0 20 51
2 40 21 7 103 0 21 70
1 27 20 0 75 0 13 88
0 9 10 0 21 0 1 60
0 2 8 0 4 0 0 21
0 5 5 0 3 0 0 3
0 4 2 0 2 0 0 4
1 8 5 2 18 0 1 7
3 14 11 1 41 0 7 30
4 19 21 3 57 0 11 35
4 22 17 7 67 0 12 29
3 32 20 14 79 0 16 38
2 41 20 16 76 0 20 51
1 40 20 7 55 0 21 70
1 27 19 0 30 0 15 90
0 9 9 0 8 0 3 68
0 2 7 0 2 0 0 22
0 5 5 0 1 0 0 3
0 4 1 0 1 0 0 4
1 8 4 3 15 0 0 7
3 14 12 1 43 0 7 30
7 19 23 3 63 0 11 35
5 22 17 7 68 0 12 28
4 32 20 14 88 0 16 37
3 41 20 16 103 0 20 50
2 40 20 7 99 0 21 69
1 27 19 0 57 0 13 87
0 9 9 0 15 0 2 62
0 2 7 0 3 0 0 21
0 5 5 0 2 0 0 3
0 4 1 0 1 0 0 4
2 8 4 3 20 0 0 7
6 14 11 1 53 0 7 30
7 19 22 3 63 0 11 35
5 22 17 7 68 0 12 29
4 32 20 14 88 0 16 38
3 41 20 16 103 0 20 52
2 40 20 7 100 0 21 70
1 27 20 0 75 0 13 88
0 9 9 0 28 0 1 59
0 2 7 0 5 0 0 21
0 5 5 0 3 0 0 3
0 4 1 0 2 0 0 4
1 8 4 3 18 0 0 7
2 14 8 1 37 0 7 31
3 19 20 3 52 0 10 35
3 22 15 7 53 0 11 29
2 32 17 15 59 0 15 38
2 41 16 18 53 0 21 53
1 40 17 7 40 0 32 77
0 27 17 0 21 3 91 122
0 9 8 0 5 0 5 74
0 2 3 0 1 0 0 23
