0 5 2 0 5 0 0 5
0 4 1 0 2 0 0 4
2 8 8 2 28 0 0 6
6 14 8 0 43 0 1 37
7 19 26 2 74 23 4 62
8 22 39 6 96 0 0 53
5 32 39 11 115 0 0 72
4 41 23 11 92 0 0 102
3 40 14 5 59 0 0 143
2 27 13 0 33 0 0 184
1 9 7 0 10 0 0 124
0 2 6 0 3 0 0 41
1 5 4 0 2 0 0 4
1 4 1 0 2 0 0 4
3 8 4 2 22 0 0 6
6 14 5 0 43 0 1 36
7 19 28 3 76 19 3 65
6 22 20 5 73 0 0 55
4 32 14 10 74 0 0 76
4 41 13 10 69 0 0 108
3 40 13 5 50 0 0 160
1 27 13 0 29 0 0 201
0 9 6 0 8 0 0 141
0 2 5 0 2 0 0 33
0 5 4 0 2 0 0 4
0 4 1 0 1 0 0 4
2 8 5 2 20 0 0 6
6 14 7 0 39 0 1 36
7 19 19 2 64 15 3 64
8 22 31 5 88 0 0 58
5 32 20 10 87 0 0 82
4 41 13 10 76 0 0 116
3 40 13 5 56 0 0 165
1 27 13 0 31 2 3 163
0 9 6 0 9 0 0 98
0 2 5 0 2 0 0 32
0 5 4 0 2 0 0 4
1 4 1 0 2 0 0 4
3 8 4 2 25 0 0 6
6 14 6 0 68 0 1 36
7 19 19 2 82 13 3 59
8 22 22 5 87 1 2 37
9 32 21 10 108 0 3 41
5 41 14 10 122 0 4 57
3 40 13 5 117 0 4 79
2 27 13 0 77 0 2 104
0 9 6 0 20 0 0 72
0 2 5 0 4 0 0 22
0 5 4 0 2 0 0 3
0 4 1 0 2 0 0 4
2 8 3 2 18 0 0 6
4 14 5 0 31 0 1 33
5 19 17 2 46 19 3 62
6 22 10 5 43 0 0 53
4 32 13 10 54 0 0 71
3 41 13 10 53 0 0 108
2 40 13 5 39 0 0 152
1 27 12 0 22 0 0 197
0 9 6 0 7 0 0 136
0 2 5 0 2 0 0 40
0 5 4 0 1 0 0 4
0 4 1 0 1 0 0 4
3 8 4 2 20 0 0 6
6 14 5 0 46 0 1 34
7 19 18 2 69 28 0 63
6 22 10 5 66 0 0 52
4 32 13 10 73 0 0 73
3 41 13 10 67 0 0 103
2 40 13 5 48 0 0 145
1 27 13 0 26 0 0 179
0 9 6 0 8 0 0 122
0 2 5 0 2 0 0 42
0 5 3 0 2 0 0 4
0 4 1 0 1 0 0 4
2 8 2 2 15 0 0 6
3 14 3 0 26 0 1 38
4 19 7 2 35 13 3 78
3 22 9 5 36 0 0 71
3 32 12 9 43 0 0 109
3 41 12 10 41 0 0 154
2 40 13 5 31 0 0 166
1 27 8 0 14 0 0 154
0 9 1 0 2 0 0 176
0 2 1 0 0 0 0 55
0 5 1 0 1 0 0 3
0 4 1 0 1 0 0 4
2 8 5 2 17 0 0 6
6 14 9 0 42 0 1 39
7 19 21 2 76 15 3 87
8 22 14 5 79 0 0 74
6 32 30 10 114 0 0 102
4 41 14 10 92 0 0 141
2 40 13 5 64 0 0 197
1 27 13 0 33 4 3 199
0 9 6 0 9 0 0 100
0 2 5 0 2 0 0 31
0 5 4 0 2 0 0 3
0 4 1 0 2 0 0 4
3 8 5 2 20 0 0 6
6 14 4 0 38 0 1 39
6 19 27 3 66 9 0 89
3 22 17 5 55 0 0 73
2 32 13 10 50 0 0 98
2 41 13 10 45 0 0 130
2 40 13 5 33 0 0 180
1 27 12 0 18 0 0 228
0 9 6 0 5 0 0 152
0 2 5 0 1 0 0 51
0 5 3 0 1 0 0 4
0 4 1 0 1 0 0 4
1 8 3 2 12 0 0 6
4 14 4 0 23 0 1 36
5 19 16 2 41 11 3 80
2 22 9 5 37 0 0 71
2 32 12 9 39 0 0 94
2 41 12 10 36 0 0 131
1 40 13 5 26 0 0 184
0 27 12 0 14 0 0 233
0 9 5 0 3 0 0 157
0 2 1 0 0 0 0 47
0 5 1 0 0 0 0 4
0 4 0 0 0 0 0 4
1 8 3 2 11 0 0 6
3 14 6 0 22 0 1 37
4 19 18 2 36 14 3 62
3 22 10 5 31 0 0 53
2 32 13 10 35 0 0 88
2 41 13 10 33 0 0 123
1 40 13 5 24 0 0 173
0 27 12 0 13 0 0 217
0 9 6 0 3 0 0 150
0 2 3 0 1 0 0 44
0 5 1 0 1 0 0 4
0 4 0 0 1 0 0 4
2 8 4 2 14 0 0 6
5 14 6 0 29 0 1 36
7 19 17 2 48 12 3 69
6 22 9 5 50 0 0 53
4 32 12 9 59 0 0 71
3 41 13 10 54 0 0 100
2 40 13 5 39 0 0 145
1 27 12 0 21 0 0 209
0 9 6 0 6 0 0 143
0 2 3 0 1 0 0 42
0 5 2 0 1 0 0 4
0 4 0 0 1 0 0 4
3 8 4 2 22 0 0 6
6 14 7 0 59 0 1 37
7 19 19 2 83 13 3 71
8 22 10 5 77 0 0 62
6 32 13 10 100 0 0 81
4 41 13 10 118 0 0 110
3 40 13 5 86 0 0 155
1 27 12 0 45 0 0 193
0 9 6 0 12 0 0 128
0 2 5 0 3 0 0 40
0 5 4 0 2 0 0 4
0 4 1 0 2 0 0 4
3 8 5 2 23 0 0 6
6 14 8 0 55 0 1 34
7 19 21 2 84 23 4 59
8 22 21 5 86 0 0 50
6 32 27 10 113 0 0 68
4 41 14 10 116 1 4 69
2 40 13 5 84 0 4 85
1 27 13 0 44 0 2 114
0 9 6 0 12 0 0 82
0 2 5 0 2 0 0 29
0 5 3 0 2 0 0 4
0 4 1 0 1 0 0 4
2 8 5 2 18 0 0 6
6 14 5 0 41 0 1 35
7 19 17 2 75 14 3 64
8 22 10 5 76 0 0 56
5 32 13 10 92 0 0 72
4 41 13 10 85 0 0 100
2 40 13 5 60 0 0 139
1 27 12 0 31 0 0 176
0 9 6 0 9 0 0 109
0 2 5 0 2 0 0 34
0 5 5 0 2 0 0 4
1 4 2 0 2 0 0 4
3 8 7 2 28 0 0 6
6 14 15 0 71 0 1 36
7 19 47 3 97 12 3 59
8 22 47 6 105 1 2 37
8 32 34 11 130 0 3 38
5 41 17 11 140 0 4 52
3 40 14 5 114 0 4 75
1 27 14 0 64 0 2 103
0 9 6 0 17 0 0 75
0 2 5 0 3 0 0 26
0 5 4 0 2 0 0 3
0 4 1 0 2 0 0 4
2 8 4 2 19 0 0 6
6 14 4 0 37 0 1 34
7 19 17 2 63 17 3 61
8 22 10 5 68 0 0 50
7 32 13 10 84 0 0 67
4 41 13 10 81 0 0 92
3 40 13 5 59 0 0 127
1 27 13 0 32 2 3 133
0 9 6 0 9 0 0 83
0 2 5 0 2 0 0 28
0 5 4 0 2 0 0 3
0 4 1 0 1 0 0 4
3 8 4 2 19 0 0 6
6 14 7 0 44 0 1 32
7 19 20 2 79 11 3 55
8 22 10 5 77 0 0 46
9 32 13 10 100 0 0 61
5 41 13 10 121 0 0 84
3 40 13 5 98 18 7 118
1 27 13 0 51 1 2 114
0 9 6 0 14 0 0 74
0 2 5 0 3 0 0 25
0 5 4 0 2 0 0 3
1 4 1 0 2 0 0 4
3 8 4 2 24 0 0 6
6 14 6 0 69 0 1 34
7 19 19 2 83 23 4 59
8 22 10 5 77 0 0 50
9 32 13 10 100 0 0 67
5 41 13 10 121 0 0 93
3 40 13 5 117 0 4 85
1 27 13 0 80 0 2 99
0 9 6 0 21 0 0 70
0 2 5 0 4 0 0 23
0 5 4 0 3 0 0 3
0 4 1 0 2 0 0 4
2 8 3 2 19 0 0 6
5 14 3 0 36 0 1 34
7 19 16 2 55 13 3 64
7 22 9 5 54 0 0 54
4 32 12 10 65 0 0 70
4 41 13 10 61 0 0 98
2 40 13 5 45 0 0 136
1 27 12 0 25 0 0 170
0 9 6 0 7 0 0 114
0 2 5 0 2 0 0 35
