2 5 15 0 10 0 0 3
1 4 4 0 6 0 0 5
3 8 13 3 54 0 1 7
6 14 31 1 101 0 14 36
7 19 47 5 118 1 22 43
8 22 47 6 127 1 25 35
12 32 55 14 167 1 33 47
14 41 58 20 203 1 41 65
13 40 56 9 195 1 43 90
10 27 57 0 146 1 28 112
4 9 28 0 54 0 3 75
1 2 22 0 14 0 0 26
2 5 15 0 10 0 0 3
1 4 4 0 6 0 0 5
3 8 13 3 54 0 1 8
6 14 31 1 101 0 14 37
7 19 47 5 118 1 22 44
8 22 47 10 127 1 24 36
12 32 55 19 167 1 33 48
14 41 58 21 203 1 41 66
13 40 56 11 195 1 43 93
10 27 57 0 146 1 28 115
4 9 28 0 54 0 3 78
1 2 22 0 14 0 0 27
2 5 15 0 10 0 0 3
1 4 4 0 6 0 0 4
3 8 13 3 54 0 1 8
6 14 31 1 101 0 14 37
7 19 47 5 118 1 22 44
8 22 47 10 127 1 24 37
12 32 55 19 167 1 33 49
14 41 58 21 203 1 41 68
13 40 56 9 195 1 43 93
10 27 57 0 146 1 28 117
4 9 28 0 54 0 3 78
1 2 22 0 14 0 0 27
2 5 15 0 10 0 0 3
1 4 4 0 6 0 0 4
3 8 13 3 54 0 1 7
6 14 31 1 101 0 5 29
7 19 47 5 118 0 10 35
8 22 47 10 127 0 14 31
12 32 55 19 167 0 21 42
14 41 58 21 203 0 28 58
13 40 56 10 195 0 30 80
10 27 57 0 146 0 19 102
4 9 28 0 54 0 1 65
1 2 22 0 14 0 0 20
2 5 15 0 10 0 0 3
1 4 4 0 6 0 0 4
3 8 13 3 54 0 0 6
6 14 31 1 101 0 4 28
7 19 47 5 118 0 9 35
8 22 47 10 127 0 18 33
12 32 55 22 167 1 33 47
14 41 58 25 203 1 41 66
13 40 56 11 195 1 43 91
10 27 57 0 146 1 28 114
4 9 28 0 54 0 3 77
1 2 22 0 14 0 0 27
2 5 15 0 10 0 0 2
1 4 4 0 6 0 0 4
3 8 13 3 54 0 0 6
6 14 31 1 101 0 14 36
7 19 47 5 118 1 22 43
8 22 47 10 127 1 24 35
12 32 55 22 167 1 33 48
14 41 58 25 203 1 41 65
13 40 56 11 195 1 43 90
10 27 57 0 146 1 28 111
4 9 28 0 54 0 3 75
1 2 22 0 14 0 0 26
2 5 15 0 10 0 0 2
1 4 4 0 6 0 0 4
3 8 13 8 54 0 0 7
6 14 31 3 101 0 11 37
7 19 47 8 118 0 21 46
8 22 47 12 127 1 24 39
12 32 55 23 167 1 33 53
14 41 58 23 203 1 41 72
13 40 47 0 195 1 44 99
10 27 43 0 132 1 28 123
4 9 28 0 54 0 3 82
1 2 22 0 14 0 0 28
2 5 15 0 10 0 0 2
1 4 4 0 6 0 0 4
3 8 13 3 54 0 1 7
6 14 31 1 101 0 14 40
7 19 47 5 118 1 22 48
8 22 47 10 127 1 24 39
12 32 55 19 167 1 33 52
14 41 58 21 203 1 41 71
13 40 56 9 195 1 43 97
10 27 57 0 146 1 28 121
4 9 28 0 54 0 3 80
1 2 22 0 14 0 0 28
2 5 15 0 10 0 0 2
1 4 4 0 6 0 0 4
3 8 13 3 54 0 1 8
6 14 31 1 101 0 14 40
7 19 47 5 118 1 22 48
8 22 47 10 127 1 24 39
12 32 55 19 167 1 33 52
14 41 58 22 203 1 41 70
13 40 56 11 195 1 43 95
10 27 57 0 146 1 28 119
4 9 28 0 54 0 3 79
1 2 22 0 14 0 0 27
2 5 15 0 10 0 0 2
1 4 4 0 6 0 0 5
3 8 13 5 54 0 1 8
6 14 31 2 101 0 15 41
7 19 47 5 118 0 22 47
8 22 47 11 127 1 25 39
12 32 55 23 167 1 57 59
14 41 58 26 203 3 127 96
13 40 56 11 195 5 167 157
10 27 57 0 146 8 102 198
4 9 28 0 20 0 39 134
1 2 22 0 14 0 0 35
2 5 15 0 10 0 1 4
1 4 4 0 6 0 0 5
3 8 13 4 54 0 0 7
6 14 31 2 101 0 12 37
7 19 47 5 118 0 22 43
8 22 47 10 127 1 24 35
12 32 55 22 167 1 41 53
14 41 58 25 203 3 151 98
13 40 56 11 195 6 144 149
10 27 57 0 146 10 75 187
4 6 28 0 54 0 16 111
1 2 22 0 14 0 0 33
2 5 15 0 10 0 0 3
1 4 4 0 6 0 0 4
3 8 13 5 54 0 1 7
6 14 31 2 101 0 12 36
7 19 47 5 118 1 22 45
8 22 47 11 127 1 24 35
12 32 55 23 167 1 33 47
14 41 58 26 203 1 41 65
13 40 56 11 195 1 73 102
10 27 57 0 146 3 106 161
4 9 28 0 54 0 9 99
1 2 22 0 14 0 0 26
2 5 15 0 10 0 0 3
1 4 4 0 6 0 0 4
3 8 13 4 54 0 1 8
6 14 31 1 101 0 14 38
7 19 47 5 118 1 22 45
8 22 47 10 127 1 24 37
12 32 55 21 167 1 33 49
14 41 58 25 203 1 41 67
13 40 56 11 195 1 43 92
10 27 57 0 146 1 28 114
4 9 28 0 54 0 3 76
1 2 22 0 14 0 0 25
2 5 15 0 10 0 0 2
1 4 4 0 6 0 0 4
3 8 13 3 54 0 1 7
6 14 31 1 101 0 13 35
7 19 47 5 118 1 22 42
8 22 47 10 127 1 24 35
12 32 55 19 167 1 33 46
14 41 58 21 203 1 41 63
13 40 56 9 195 1 43 87
10 27 57 0 146 1 28 108
4 9 28 0 54 0 3 73
1 2 22 0 14 0 0 25
2 5 15 0 10 0 0 3
1 4 4 0 6 0 0 4
3 8 13 3 54 0 0 7
6 14 31 1 101 0 13 36
7 19 47 5 118 1 22 44
8 22 47 10 127 1 24 36
12 32 55 22 167 1 33 47
14 41 58 25 203 1 41 65
13 40 56 11 195 1 43 89
10 27 57 0 146 1 28 111
4 9 28 0 54 0 3 72
1 2 22 0 14 0 0 24
2 5 15 0 10 0 0 2
1 4 4 0 6 0 0 4
3 8 13 3 54 0 1 8
6 14 31 1 101 0 15 36
7 19 47 3 118 1 22 42
8 22 47 6 127 1 25 35
12 32 55 14 167 1 33 46
14 41 58 20 203 1 41 63
13 40 56 9 195 1 43 86
10 27 57 0 146 1 28 108
4 9 28 0 54 0 3 73
1 2 22 0 14 0 0 25
2 5 15 0 10 0 0 2
1 4 4 0 6 0 0 5
3 8 13 4 54 0 1 7
6 14 31 1 101 0 14 36
7 19 47 5 118 1 22 42
8 22 47 10 127 1 24 35
12 32 55 22 167 1 33 46
14 41 58 25 203 1 41 63
13 40 56 11 195 1 43 86
10 27 57 0 146 1 28 107
4 9 28 0 54 0 3 72
1 2 22 0 14 0 0 25
2 5 15 0 10 0 0 2
1 4 4 0 6 0 0 4
3 8 13 4 54 0 0 7
6 14 31 1 101 0 12 34
7 19 47 5 118 1 22 41
8 22 47 10 127 1 24 34
12 32 55 20 167 1 33 44
14 41 58 24 203 1 41 60
13 40 56 11 195 1 43 84
10 27 57 0 146 1 28 105
4 9 28 0 54 0 3 70
1 2 22 0 14 0 0 24
2 5 15 0 10 0 0 2
1 4 4 0 6 0 0 4
3 8 13 4 54 0 0 6
6 14 31 1 101 0 14 36
7 19 47 5 118 1 22 42
8 22 47 10 127 1 24 35
12 32 55 20 167 1 33 46
14 41 58 25 203 1 41 63
13 40 56 11 195 1 43 86
10 27 57 0 146 1 28 108
4 9 28 0 54 0 3 72
1 2 22 0 14 0 0 24
2 5 15 0 10 0 0 2
1 4 4 0 6 0 0 4
3 8 13 4 54 0 1 7
6 14 31 2 101 0 14 37
7 19 47 5 118 1 22 44
8 22 47 11 127 1 24 36
12 32 55 23 167 1 33 47
14 41 58 26 203 1 41 64
13 40 56 11 195 1 43 88
10 27 57 0 146 1 28 110
4 9 28 0 54 0 3 73
1 2 22 0 14 0 0 24
