322.045903225806 1024.3303225820105 3644646452.0 4124563609.7267 153.0 56.18329032258064 0.1578683890836417
643.509857142857 1026.0209032156902 4124563609.7267 5331263491.767045 156.0 59.67067857142857 0.17167151810698733
785.285774193548 1028.8445360631558 5331263491.767045 5896270737.226706 571.4650537634409 153.0 1.1630443617136923
810.8132 1030.551216395815 5896270737.226706 5896481891.871711 794.0694444444445 145.6 1.304794706503582
709.144935483871 1030.5520313151137 5896481891.871711 5894657246.317075 692.239247311828 571.4650537634409 1.3672367750189838
400.573266666667 1030.5449893725788 5894657246.317075 5889248156.131548 389.0388888888889 794.0694444444445 0.6225783735839301
209.112838709677 1030.5241138101132 5889248156.131548 5760934392.646538 239.63978494623655 692.239247311828 0.18968108244485593
155.613161290323 1030.0287042187126 5760934392.646538 5485163291.78832 239.0 376.4892473118279 0.1784306650645887
113.363733333333 1029.124765653482 5485163291.78832 5098269292.985491 239.0 247.62777777777777 0.13807773090322406
89.1516451612903 1028.5083250981031 5098269292.985491 4630655793.028218 239.0 239.0 0.1501061167255735
132.6879 1027.6326617612362 4630655793.028218 4338460048.398688 239.0 239.0 0.11117665061227022
183.475935483871 1026.702102064964 4338460048.398688 4209061237.4132485 239.0 239.0 0.11645631785653843
219.466193548387 1026.2900039408064 4209061237.4132485 4389389960.922165 163.0 231.29032258064515 0.10620883303968676
529.413142857143 1026.8642992386056 4389389960.922165 5325360542.704248 154.0 264.60714285714283 0.16759915320627283
573.648451612903 1028.8360180991403 5325360542.704248 5892508158.586043 359.0806451612903 163.0 0.5197248130213183
434.0214 1030.5366952947145 5892508158.586043 5889793725.786184 418.4194444444444 143.73333333333332 0.7121773155762667
242.016225806452 1030.5262193533772 5889793725.786184 5848310497.2127495 239.98924731182797 359.0806451612903 0.1908243643122709
141.2042 1030.3660636958023 5848310497.2127495 5560649210.906233 239.0 418.4194444444444 0.16045704274269956
112.736064516129 1029.3287816510979 5560649210.906233 5178932639.945872 239.0 239.98924731182797 0.1653911604231253
95.8503870967742 1028.6247224241642 5178932639.945872 4746291398.842721 239.0 231.29032258064515 0.15227459013056788
70.4100666666667 1028.0004204889506 4746291398.842721 4252619116.8300953 239.0 246.96666666666667 0.11780695773321204
51.7662903225806 1026.4287233020066 4252619116.8300953 3692935440.219946 239.0 239.0 0.11136329212283558
33.0551333333333 1024.5006541101232 3692935440.219946 3145713842.4277916 239.0 239.0 0.054709812255815615
89.5234193548387 1021.3908337208712 3145713842.4277916 2759305986.352262 239.0 239.0 0.01750778922018914
197.699193548387 1019.7438219501277 2759305986.352262 3140989701.1665573 63.0 231.29032258064515 0.4212346106553032
483.033035714286 1021.3710260006983 3140989701.1665573 4063511584.358795 111.0 264.60714285714283 0.32213451459469455
883.652032258065 1025.8078010030292 4063511584.358795 5579704581.791938 315.0 63.0 0.31192670304248227
711.757666666667 1029.3802826534916 5579704581.791938 5894723998.383941 573.6833333333333 103.6 1.1369117071811745
355.195741935484 1030.5452469920479 5894723998.383941 5888375763.449306 339.991935483871 315.0 0.507236883436003
161.613233333333 1030.520746942986 5888375763.449306 5652351302.915861 239.33333333333334 573.6833333333333 0.1642647145627154
116.846161290323 1029.6094644900227 5652351302.915861 5281197526.752841 239.0 339.991935483871 0.17062026054117385
91.6212580645161 1028.7722908033952 5281197526.752841 4836878302.621561 239.0 231.61290322580646 0.15502377790497102
67.8172333333333 1028.1311375218204 4836878302.621561 4335768144.360846 239.0 246.96666666666667 0.12016364979393312
48.4465161290323 1026.6935291221682 4335768144.360846 3766414880.693363 239.0 239.0 0.11629660457888569
51.3012333333333 1024.7598408490064 3766414880.693363 3266056743.9186535 239.0 239.0 0.0593826794129112
84.7457096774193 1021.8954161170593 3266056743.9186535 2867266108.204856 239.0 239.0 0.026908121201935864
209.807322580645 1020.2233379798946 2867266108.204856 3107485134.062142 128.0 231.29032258064515 0.265746728483347
689.364428571429 1021.2305456354807 3107485134.062142 4559279734.524978 99.0 264.60714285714283 0.3496181827286532
568.289064516129 1027.4053494730094 4559279734.524978 5230705310.978889 315.0 128.0 0.35115304346756115
576.527233333333 1028.699430463173 5230705310.978889 5892316247.947871 305.2944444444444 92.4 0.32394212912630904
381.711483870968 1030.5359546447387 5892316247.947871 5888851640.585782 365.4301075268817 315.0 0.5873690425503173
185.7957 1030.5225835185556 5888851640.585782 5714923741.32685 239.48333333333332 305.2944444444444 0.16475639530679886
126.033225806452 1029.85105691632 5714923741.32685 5367960737.821317 239.0 365.4301075268817 0.17512110922045232
97.3777741935484 1028.8974902421664 5367960737.821317 4938716911.161086 239.0 231.75806451612902 0.1573562340058361
66.5694 1028.2780907808963 4938716911.161086 4433628512.46742 239.0 246.96666666666667 0.12281306411552406
46.5674838709677 1027.0051863454376 4433628512.46742 3858305292.9392424 239.0 239.0 0.12210275514096136
36.6345333333333 1025.0839692872637 3858305292.9392424 3319636001.2328057 239.0 239.0 0.0652263778225558
71.4001612903226 1022.2202769325601 3319636001.2328057 2885234816.868926 239.0 239.0 0.03296025369137301
217.974064516129 1020.2986784774379 2885234816.868926 3088400155.334619 150.0 231.29032258064515 0.21303616229147604
492.893857142857 1021.1505247603129 3088400155.334619 3888982370.70218 171.0 264.60714285714283 0.19226675688296363
366.69335483871 1025.1921776744346 3888982370.70218 4021330349.504443 315.0 150.0 0.2968106356962603
391.213866666667 1025.6590135784988 4021330349.504443 4396376083.817074 233.0 159.6 0.05945420692336356
225.662064516129 1026.886548037634 4396376083.817074 4321498129.322736 239.0 315.0 0.11989253241513531
133.237333333333 1026.6480832144036 4321498129.322736 4018863442.24841 239.0 233.0 0.09342572409921668
85.2490967741936 1025.650311965603 4018863442.24841 3571424587.0441475 239.0 239.0 0.09686154763902255
63.7061290322581 1024.0720443987448 3571424587.0441475 3065629977.186582 239.0 231.29032258064515 0.06745854191275902
44.3738666666667 1021.0550523152477 3065629977.186582 2523124737.545087 239.0 246.96666666666667 0.007410802143958395
29.2655161290322 1018.637586592717 2523124737.545087 1924968186.6043994 239.0 239.0 0.03378499710760319
19.9402333333333 1015.5042876812204 1924968186.6043994 1349414208.4163213 239.0 239.0 0.1074853116148895
45.8698387096774 1011.7861566543901 1349414208.4163213 839247139.6642557 239.0 239.0 0.16142662007445668
275.221193548387 1007.4384322016847 839247139.6642557 1480325531.082524 40.0 231.29032258064515 0.5129284097396647
551.286071428571 1012.6981454802873 1480325531.082524 2673739743.1211095 64.0 264.60714285714283 0.4650236274531633
549.275483870968 1019.3430432933072 2673739743.1211095 3296532320.092457 315.0 40.0 0.15319049475056745
453.0279 1022.0425563084035 3296532320.092457 3838539227.092809 232.0 59.733333333333334 0.00652703914103725
251.113419354839 1025.014247714613 3838539227.092809 3837759036.365367 238.0 315.0 0.08228237638574987
131.736766666667 1025.0114957191017 3837759036.365367 3533532990.5035253 239.0 232.0 0.06391975481444678
91.9488709677419 1023.8656383884887 3533532990.5035253 3108604902.359021 239.0 238.0 0.06361321351031635
70.1550967741935 1021.2352406807506 3108604902.359021 2624500529.452941 239.0 231.29032258064515 0.01460910261868964
52.898 1019.1124146578592 2624500529.452941 2108033472.9190068 239.0 246.96666666666667 0.04243453733372893
38.8994516129032 1016.5278811235831 2108033472.9190068 1540443502.7165518 239.0 239.0 0.07308865086838973
44.6923333333333 1013.104347991328 1540443502.7165518 1030217567.7300574 239.0 239.0 0.15075372652001512
68.3542258064516 1009.2108228242671 1030217567.7300574 687540565.0925933 198.51344086021504 239.0 0.2700324468177965
118.701903225806 1005.9016357518677 687540565.0925933 907113821.1433553 40.0 231.29032258064515 0.5177201088097628
163.442892857143 1008.116567299052 907113821.1433553 1215038430.5130184 40.0 219.78273809523807 0.5162804900191108
127.196838709677 1010.7444839574653 1215038430.5130184 1213033031.8803113 127.0 40.0 0.3619393272789857
175.352066666667 1010.7289382316303 1213033031.8803113 1099370858.978103 214.0 37.333333333333336 0.23267206626312653
101.320064516129 1009.825518746472 1099370858.978103 725939393.5567297 236.0 127.0 0.20258932275910918
58.3389666666667 1006.2763014723766 725939393.5567297 687409780.4232002 70.09722222222223 214.0 0.48123553683248277
41.7728709677419 1005.9005131366798 687409780.4232002 681454963.3754673 40.0 236.0 0.5177236091003529
32.6314516129032 1005.8493988272572 681454963.3754673 649379100.0139356 40.0 67.83602150537635 0.5178829824441409
21.9208 1005.5740695280166 649379100.0139356 587973258.950294 40.0 41.333333333333336 0.5203078928342182
10.8536774193548 1005.0469807635218 587973258.950294 494466556.1299812 40.0 40.0 0.520384905122508
17.3578 1004.2443481212873 494466556.1299812 431930343.5108036 40.0 40.0 0.5243201929303506
37.3014516129032 1003.7075565966592 431930343.5108036 429211126.9739866 40.0 40.0 0.5245612015575936
201.538193548387 1003.6842156821801 429211126.9739866 869788151.0412657 40.0 38.70967741935484 0.5246339780389666
659.617321428572 1007.7516733440129 869788151.0412657 2359194266.6790557 49.0 44.285714285714285 0.5060597034017152
1080.25241935484 1017.8532678980424 2359194266.6790557 4403550674.025474 315.0 40.0 0.11661042352913664
895.072966666667 1026.9093970510364 4403550674.025474 5897971542.4239645 303.1777777777778 45.733333333333334 0.2768245268442695
543.825258064516 1030.5577803952897 5897971542.4239645 5891728390.360298 528.5752688172043 315.0 1.1037672768164484
224.001266666667 1030.5336858976168 5891728390.360298 5813605454.457277 240.60833333333332 303.1777777777778 0.1683968292677518
134.021806451613 1030.232067391727 5813605454.457277 5487276541.428833 239.0 528.5752688172043 0.1822193056387319
96.0624516129032 1029.1304771389969 5487276541.428833 5054072272.3386345 239.0 232.84677419354838 0.16169676232023789
65.9179666666667 1028.4445487335333 5054072272.3386345 4546547481.131292 239.0 246.96666666666667 0.12581412776278666
43.6194838709677 1027.3648008953226 4546547481.131292 3962264341.851184 239.0 239.0 0.12880234708060045
40.2008 1025.4506678724908 3962264341.851184 3432431579.259838 239.0 239.0 0.07183757167778226
70.7292258064516 1023.0879352250757 3432431579.259838 2996720401.030961 239.0 239.0 0.049124662235904504
406.292612903226 1020.7661232747629 2996720401.030961 4002415220.064275 40.0 231.29032258064515 0.47137294874869784
701.2355 1025.5922935452002 4002415220.064275 5629577282.959005 40.0 264.60714285714283 0.46706466639390926
673.144322580645 1029.5215339110387 5629577282.959005 5894280433.498755 571.4032258064516 40.0 1.193011030022788
359.758866666667 1030.543535120707 5894280433.498755 5888480104.3884535 345.35 37.333333333333336 0.48891757151368975
152.153709677419 1030.5211496310017 5888480104.3884535 5609059260.101408 239.33333333333334 571.4032258064516 0.1886577534011672
92.4419333333333 1029.4596196218956 5609059260.101408 5196415405.270694 239.0 345.35 0.14411479945914263
72.9201935483871 1028.6499500797556 5196415405.270694 4709424642.916395 239.0 239.33333333333334 0.1527445794513841
58.5487096774193 1027.8835179710713 4709424642.916395 4179811062.100548 239.0 231.29032258064515 0.13846600707642376
40.2354333333333 1026.1968505162438 4179811062.100548 3613223359.883679 239.0 246.96666666666667 0.0852904681655079
26.094 1024.2194827509124 3613223359.883679 2993871769.7351274 239.0 239.0 0.07020530729278096
21.0259 1020.7541793280299 2993871769.7351274 2417930616.620616 239.0 239.0 0.01283522897414735
37.604064516129 1018.1448740825322 2417930616.620616 1889743877.6872976 239.0 239.0 0.042964194008420886
87.1814838709678 1015.2939932996258 1889743877.6872976 2031804507.313965 40.0 231.29032258064515 0.48843493514022296
229.777357142857 1016.1256174528442 2031804507.313965 2474952931.1610737 53.0 264.60714285714283 0.4698128945068797
322.139225806452 1018.4119575230027 2474952931.1610737 2489920779.8257146 315.0 40.0 0.13032853589471782
279.0302 1018.4820645425092 2489920779.8257146 2619689917.3516536 220.0 49.46666666666667 0.09462142713412974
121.557580645161 1019.0898825168696 2619689917.3516536 2288443905.516833 236.0 315.0 0.032161381383513876
60.7111 1017.4799150686904 2288443905.516833 1812672964.2567127 238.0 220.0 0.07393975265903863
41.6522903225807 1014.8338684433237 1812672964.2567127 1271578127.8650196 237.0 236.0 0.10851955335167601
34.2437741935484 1011.1827761850002 1271578127.8650196 715593806.5690507 236.0 230.32258064516128 0.1776211115685905
21.3034 1006.1701928878877 715593806.5690507 626932525.1421705 49.75 244.9 0.5066161191843932
9.73222580645161 1005.381395065598 626932525.1421705 530030255.572381 40.0 236.0 0.5193422083486594
7.27173333333333 1004.5496159276598 530030255.572381 441288714.2436998 40.0 49.75 0.5233990781444593
42.6832903225806 1003.7878859591733 441288714.2436998 453039241.88918304 40.0 40.0 0.5243107362915485
163.609451612903 1003.8887488574178 453039241.88918304 791854842.010948 40.0 38.70967741935484 0.5239962478921361
305.377071428571 1006.9523573539584 791854842.010948 1443453703.283326 40.0 44.285714285714285 0.5195591835917491
515.583290322581 1012.4490115086711 1443453703.283326 1977504995.1943617 315.0 40.0 0.01608614553115162
448.1112 1015.8179402698171 1977504995.1943617 2550012781.6163044 219.0 37.333333333333336 0.14078199596449298
271.508322580645 1018.7635259092099 2550012781.6163044 2616920733.4082932 237.0 315.0 0.03592296063963929
125.965266666667 1019.076912100273 2616920733.4082932 2305353723.18132 239.0 219.0 0.04307461149821756
80.5058064516129 1017.5691489349938 2305353723.18132 1858954585.448682 239.0 237.0 0.05368991008172497
56.4302903225807 1015.1101766295444 1858954585.448682 1348543985.4370458 239.0 231.29032258064515 0.09950037865885097
35.7994333333333 1011.7794107398221 1348543985.4370458 804506026.1725258 238.0 246.96666666666667 0.17628389558122487
17.4331290322581 1007.082113088949 804506026.1725258 625065783.5435885 78.12903225806451 239.0 0.4632690068920942
11.4152333333333 1005.3653715325629 625065783.5435885 546786743.9285663 40.0 238.0 0.5209376179653501
42.3448387096774 1004.6934484457387 546786743.9285663 557980194.051649 40.0 78.12903225806451 0.5214872114680053
282.83335483871 1004.789529562675 557980194.051649 1217742995.9645543 40.0 38.70967741935484 0.5211876325623325
526.084607142857 1010.7654495811206 1217742995.9645543 2406925179.564185 40.0 44.285714285714285 0.5088206041544564
441.858967741935 1018.0933263679821 2406925179.564185 2742460039.625253 315.0 40.0 0.12250483953010605
449.691966666667 1019.6649182183852 2742460039.625253 3304002701.925211 223.0 37.333333333333336 0.06827783144932426
165.603064516129 1022.1000207840401 3304002701.925211 3080451401.1481466 238.0 315.0 0.028217710941006002
75.6662 1021.1171966505163 3080451401.1481466 2636647233.736175 239.0 223.0 0.006290404454912246
51.8997096774194 1019.169307886352 2636647233.736175 2111400131.9029415 239.0 238.0 0.023879069513429885
37.5056129032258 1016.5456471340524 2111400131.9029415 1548353801.1666245 239.0 231.29032258064515 0.07275767143338824
24.2406666666667 1013.1577959538286 1548353801.1666245 969633804.6940447 239.0 246.96666666666667 0.14979011538134956
13.5417096774194 1008.6723004861692 969633804.6940447 638974973.2808236 130.36827956989248 239.0 0.3775505627498027
8.4959 1005.4847637191486 638974973.2808236 553101013.5612166 40.0 239.0 0.5205773640961627
67.8139677419355 1004.7476481850748 553101013.5612166 632645074.6792849 40.0 130.36827956989248 0.5213182178185162
315.535870967742 1005.4304298255732 632645074.6792849 1380734084.0874085 40.0 38.70967741935484 0.5191893189963943
519.093035714286 1012.0252302978879 1380734084.0874085 2500437862.552916 62.0 44.285714285714285 0.47115718727569667
637.365612903226 1018.5313248831518 2500437862.552916 3359225923.7980633 315.0 40.0 0.13325949216480237
611.278466666667 1022.5248147984466 3359225923.7980633 4309577673.537115 232.0 57.86666666666667 0.0019129254273133611
372.049967741935 1026.6101199794175 4309577673.537115 4626121115.926739 239.0 315.0 0.11474269854075791
150.201533333333 1027.6182201144163 4626121115.926739 4365960598.655915 239.0 232.0 0.11091628275004839
104.528032258065 1026.7896834352098 4365960598.655915 3967816539.3678546 239.0 239.0 0.11808795217819912
77.6274193548387 1025.4702523434491 3967816539.3678546 3494529866.302054 239.0 231.29032258064515 0.09350705045969121
50.0950666666667 1023.5656143561697 3494529866.302054 2962137457.942383 239.0 246.96666666666667 0.03785201862156862
29.337064516129 1020.6211214169492 2962137457.942383 2359406791.9101987 239.0 239.0 0.003168107055365854
19.3250666666667 1017.85438940322 2359406791.9101987 1780917591.754198 239.0 239.0 0.06511542340270182
87.2251290322581 1014.6442841298758 1780917591.754198 1383508767.0282092 239.0 239.0 0.10817992078671018
407.438 1012.043978155596 1383508767.0282092 2382971739.934465 40.0 231.29032258064515 0.4985684141349897
586.189178571429 1017.978742690947 2382971739.934465 3723714211.037682 40.0 264.60714285714283 0.4885062460299496
795.484806451613 1024.6092212029548 3723714211.037682 5004130967.466865 315.0 40.0 0.28249667312612925
813.061033333333 1028.372483358538 5004130967.466865 5896519484.783514 452.74444444444447 37.333333333333336 0.7432253812485339
480.128290322581 1030.5521763992501 5896519484.783514 5890590282.626588 464.76344086021504 315.0 0.9018258602163558
215.483233333333 1030.5292935435846 5890590282.626588 5791652133.196897 240.1472222222222 452.74444444444447 0.16690733967464044
136.859709677419 1030.147305533579 5791652133.196897 5473061918.051799 239.0 464.76344086021504 0.1806401986147823
104.647935483871 1029.0920592379778 5473061918.051799 5062868021.285229 239.0 232.40053763440858 0.1609810397220065
75.7020333333333 1028.4572410119556 5062868021.285229 4580563208.392791 239.0 246.96666666666667 0.126042956333429
48.0892258064516 1027.4731312369197 4580563208.392791 4007862712.3714194 239.0 239.0 0.13082053317350095
36.4143333333333 1025.6115086856134 4007862712.3714194 3468085148.9706306 239.0 239.0 0.0747373641455582
69.0377096774194 1023.3621934536203 3468085148.9706306 3028010285.2835555 239.0 239.0 0.05423407234715949
126.959258064516 1020.8973177580024 3028010285.2835555 3159404743.010703 86.0 231.29032258064515 0.3601761207050911
263.442714285714 1021.4482379161874 3159404743.010703 3721549326.7310653 40.0 264.60714285714283 0.4787353179054863
781.20964516129 1024.601584926741 3721549326.7310653 4963749781.844442 315.0 86.0 0.28230917135327405
445.711633333333 1028.3142132494147 4963749781.844442 5486033431.414233 229.0 37.333333333333336 0.09456199705967328
237.183193548387 1029.1271173822006 5486033431.414233 5437339798.250659 239.0 315.0 0.1616341703045402
119.766933333333 1028.99760432648 5437339798.250659 5095929668.242248 239.0 229.0 0.135785144518751
82.0065806451613 1028.5049490162226 5095929668.242248 4633587412.795478 239.0 239.0 0.15004322057478725
62.4445161290323 1027.6419981299218 4633587412.795478 4114910414.9240675 239.0 231.29032258064515 0.1339665106529736
43.3131 1025.9891019926774 4114910414.9240675 3556844371.6785226 239.0 246.96666666666667 0.08154497849697384
21.053935483871 1024.020615067649 3556844371.6785226 2924985437.7323823 239.0 239.0 0.06650041735361578
18.0287666666667 1020.4653477473056 2924985437.7323823 2341466290.1246567 239.0 239.0 0.018042561777181887
118.982064516129 1017.7597165705786 2341466290.1246567 2031366784.5388732 239.0 239.0 0.050139649404763564
505.424516129032 1016.1233075701259 2031366784.5388732 3297455130.7882423 40.0 231.29032258064515 0.4858491506537686
1142.19889285714 1022.0496548522173 3297455130.7882423 5883993058.382571 84.0 264.60714285714283 0.3777561436214618
1384.0545483871 1030.5038325580801 5883993058.382571 5906891581.437403 1372.5698924731182 40.0 1.3649374495155562
1029.1991 1030.5922059317909 5906891581.437403 5900350237.733691 1015.0527777777778 78.4 1.3066870378370934
628.869709677419 1030.5669606087492 5900350237.733691 5893231330.040646 613.9435483870968 1372.5698924731182 1.36794897814863
285.549833333333 1030.5394862651654 5893231330.040646 5887208387.64136 274.25555555555553 1015.0527777777778 0.27139851546347904
175.252548387097 1030.5162416332641 5887208387.64136 5670059928.651927 239.08870967741936 613.9435483870968 0.18779361498132952
131.746967741936 1029.6778375623628 5670059928.651927 5331290883.036324 239.0 265.4086021505376 0.1718940457216811
92.7500666666667 1028.844575588797 5331290883.036324 4891775032.8764105 239.0 247.05833333333334 0.13302619564084006
57.665 1028.2103535827941 4891775032.8764105 4341687965.795163 239.0 239.0 0.14455492987052454
69.6110666666667 1026.7123820566724 4341687965.795163 3886945586.657559 239.0 239.0 0.09458496530720206
104.426483870968 1025.1849932509967 3886945586.657559 3544067633.0708294 239.0 239.0 0.08819269508359762
223.112225806452 1023.9466741005449 3544067633.0708294 4047845358.795202 45.0 231.29032258064515 0.44822543088541794
463.748178571429 1025.7525409481311 4047845358.795202 4767841566.799033 177.0 264.60714285714283 0.12175798558366385
440.777451612903 1028.0315174124084 4767841566.799033 5097707090.476541 315.0 45.0 0.3665280240804749
328.4019 1028.5075138390714 5097707090.476541 5308215903.149645 232.0 165.2 0.10661562940969604
189.986838709677 1028.8112783595234 5308215903.149645 5133937704.05902 239.0 315.0 0.15575011313491682
115.086433333333 1028.5597946667517 5133937704.05902 4781118273.398039 239.0 232.0 0.12789189199812234
88.146 1028.050675719189 4781118273.398039 4336696934.659143 239.0 239.0 0.14158014331561541
67.9768064516129 1026.6964870530546 4336696934.659143 3834917232.0763125 239.0 231.29032258064515 0.11635171060819083
48.0371333333333 1025.0014717180823 3834917232.0763125 3292242562.1527367 239.0 246.96666666666667 0.06373903250840462
31.1604516129032 1022.0095581704057 3292242562.1527367 2690923398.433752 239.0 239.0 0.029034579046364195
37.0707333333333 1019.4235287982846 2690923398.433752 2157327674.738212 239.0 239.0 0.03682547316954543
54.1066451612903 1016.7880088376686 2157327674.738212 1672431698.4851286 239.0 239.0 0.06824249117568298
213.558516129032 1013.9961601248995 1672431698.4851286 2152752505.641877 40.0 231.29032258064515 0.49248155173490554
303.007357142857 1016.7638654651286 2152752505.641877 2626154520.662633 114.0 264.60714285714283 0.3524867584602417
518.175774193549 1019.1201616892863 2626154520.662633 3165754030.560412 315.0 40.0 0.14771784097004026
636.139866666666 1021.47485966692 3165754030.560412 4202485763.2935867 224.0 106.4 0.03545669175559363
413.18735483871 1026.2690629404253 4202485763.2935867 4629529142.463152 239.0 315.0 0.10838883162931101
183.440366666667 1027.629073702112 4629529142.463152 4455311382.613195 239.0 224.0 0.11111196164048243
115.014935483871 1027.0742400720164 4455311382.613195 4084619024.3295703 239.0 239.0 0.12338922085859694
85.7002580645161 1025.8822540540725 4084619024.3295703 3631982257.61989 239.0 231.29032258064515 0.10118261125246941
59.9293 1024.2856517023629 3631982257.61989 3122867677.5977664 239.0 246.96666666666667 0.05083354260464401
36.361064516129 1021.2950426733659 3122867677.5977664 2537226999.257421 239.0 239.0 0.01572320923041448
32.9351666666667 1018.7036393407841 2537226999.257421 1993392493.7101865 239.0 239.0 0.04980433087340452
61.8636129032258 1015.912791007225 1993392493.7101865 1528718202.1805854 239.0 239.0 0.08454773334161692
224.013225806452 1013.0251229877066 1528718202.1805854 2036334215.8681605 40.0 231.29032258064515 0.49550922514466134
331.442714285714 1016.1495209280641 2036334215.8681605 2757532696.73301 40.0 264.60714285714283 0.49365777188846816
585.414741935484 1019.7355161439485 2757532696.73301 3476935561.8003426 315.0 40.0 0.16282730636295473
530.715533333333 1023.4302735523104 3476935561.8003426 4218272875.4104686 232.0 37.333333333333336 0.017759281600387755
342.166096774194 1026.3193403675493 4218272875.4104686 4455575515.173729 239.0 315.0 0.10932549630434563
164.600666666667 1027.075081258515 4455575515.173729 4233432672.690139 239.0 232.0 0.1011240544423071
106.053258064516 1026.36761997672 4233432672.690139 3840185571.913849 239.0 239.0 0.11022494178160147
79.5767096774194 1025.0200549273857 3840185571.913849 3373324680.0342746 239.0 231.29032258064515 0.08511990655555934
53.0012666666667 1022.6332667694944 3373324680.0342746 2849991876.3706017 239.0 246.96666666666667 0.021042761961511114
36.3235483870968 1020.1509093348872 2849991876.3706017 2267010456.8179555 239.0 239.0 0.005591908566669468
27.9102 1017.3668097985116 2267010456.8179555 1711031706.5808063 239.0 239.0 0.07390597623394785
66.388064516129 1014.2270549646615 1711031706.5808063 1257422568.4505274 239.0 239.0 0.1159528686642246
216.662483870968 1011.0730431662832 1257422568.4505274 1660475205.5185149 71.0 231.29032258064515 0.45067415672375927
338.498142857143 1013.9153730102603 1660475205.5185149 2210183929.4128537 117.0 264.60714285714283 0.37029820495159316
316.20564516129 1017.0669336644478 2210183929.4128537 2209596128.9087768 315.0 71.0 0.09730270616438053
245.134933333333 1017.063831814822 2209596128.9087768 2217437057.0796824 234.0 109.2 0.08957615147687065
123.089064516129 1017.1052087444838 2217437057.0796824 1885349924.9136064 239.0 315.0 0.062333080837217
69.729 1015.2677607457529 1885349924.9136064 1432511339.1422987 239.0 234.0 0.11174964609927207
52.2432580645161 1012.3750766158263 1432511339.1422987 917416894.2377832 239.0 239.0 0.1504550856134838
40.308935483871 1008.2081501710024 917416894.2377832 680291713.9412931 123.98655913978494 231.29032258064515 0.3913249990776866
26.5055666666667 1005.8394138535733 680291713.9412931 630424500.7196035 40.0 246.96666666666667 0.5195072431210139
20.3899032258065 1005.4113691048892 630424500.7196035 561882050.4674606 40.0 123.98655913978494 0.5192487499233643
16.3810333333333 1004.8230218924245 561882050.4674606 496631236.85142446 40.0 40.0 0.5225741032488479
66.2608064516129 1004.262929071686 496631236.85142446 571820570.2050864 40.0 40.0 0.5228295618388388
