0.0026934486392238277
0.02312071407625549
0.7947612169640366
1.3047945521847952
1.367236615375225
0.6225782753841891
0.19593924583842326
0.18428773196219939
0.12871476292189887
0.14102761389051466
0.097278218136577
0.10893924771003394
0.06497391274353204
0.0722032861995513
0.37814894637542773
0.5688685792618731
0.19082449420946201
0.15741215344584458
0.16245518576087759
0.1463929727358001
0.11521442398567616
0.09223869411012242
0.025387419207957285
0.014620802788138487
0.14588842442264638
0.3031831697558742
0.29128157255182374
0.8456848538990176
0.5072367621538987
0.16122493223351753
0.16462838928432666
0.14918982881252918
0.10899610787796965
0.09475884212257912
0.02270517692503138
0.0007453161490487137
0.20066423221415253
0.3058472586900298
0.35204888495040154
0.33718106558265404
0.5873692466889104
0.17082771026492327
0.17475208957310695
0.1572191765948745
0.11690700153016031
0.11634069544876458
0.052332818654527435
0.015410210318960615
0.2419527954789678
0.13309607154261016
0.29809605034897824
0.06306724330670865
0.11773552840855694
0.07766427037376644
0.09048449415285464
0.05395885562668712
0.055275502690065204
0.09237602525597605
0.15864002380930048
0.1849776604873869
0.5028712851038922
0.40860540150273217
0.18641796545921197
0.01543215263336517
0.08601957855446984
0.032941601213313576
0.0707361171249723
0.001704564925226526
0.04658298154665308
0.09276510322337489
0.1535643784541611
0.170718463669362
0.5006449749932443
0.5026196590169932
0.2561799351332386
0.30039496386616543
0.18702606161649776
0.25839472041909745
0.2614106846987771
0.46573565310190396
0.5199806061264806
0.5200498761809423
0.5239993631768838
0.5242305936922104
0.49871104624288426
0.37933081278685077
0.07660385289673866
0.06132354840480392
0.9415127182671774
0.16537285687097536
0.18240281429594685
0.14962131515408306
0.10004442103732747
0.1163530675511002
0.03735345914687138
0.014019584727123835
0.21564422779586223
0.18444074991208093
0.678671184589215
0.4889175528319276
0.1886577400249212
0.12030170710774313
0.10506008634358666
0.10874179321038902
0.04930176420544108
0.011182805001940688
0.0433751255116015
0.07652518141253117
0.4220591400592587
0.4902701377405507
0.160817423005699
0.10766655235705885
0.05694950849798919
0.12664569232468775
0.14719745151319913
0.20789892708807634
0.2528831495013921
0.39937983343020844
0.5204179621923005
0.5212387631632664
0.5126498094795254
0.4384362083119615
0.024905661591091977
0.20757582680570646
0.1504897800566748
0.10768927240384846
0.081924141351495
0.15018056275751196
0.22241033767928564
0.257568266343944
0.42274478403135346
0.518981464074389
0.45673227871061994
0.5097451795762009
0.11727887062834508
0.11386099382838188
0.010908147611240704
0.06871381432062701
0.052675351833232464
0.09703626252383746
0.18592997898902047
0.24413866566760606
0.48872510671209035
0.5176291031800172
0.41510855317172446
0.34105009789107676
0.08390229498701485
0.03343135316187473
0.07948817319617585
0.08117009192681901
0.07903932845314521
0.05203609031463363
0.023250101969043646
0.06689085876471035
0.1439689371003574
0.1862873572836682
0.5004800616424719
0.3461407480610025
0.250974220706224
0.443600569069047
0.9018171422522421
0.1729629405615032
0.18027247716789085
0.15158713522542921
0.12031743844747622
0.11960993023521349
0.062469816251555454
0.04304256219295843
0.24005182650347645
0.3833832468458467
0.2636869895820452
0.10415448893888823
0.1550693755468633
0.1246792390791035
0.13283594446161717
0.11431276086848019
0.04901534199926649
0.001147215668615642
0.08021938009542828
0.09494983970552989
0.3857054186304344
0.21891595315241313
1.312022759798271
1.3066874114165634
1.3679493640904592
0.27139868280822643
0.1940932269306902
0.17769403668665074
0.12396250668902153
0.13852279684145596
0.08642052223176355
0.08063275459688302
0.11621822613790322
0.08205268645749414
0.3383901193867751
0.08804575096297473
0.14003160531228642
0.09566555861071513
0.11421963185486805
0.08255146631469323
0.001457821983907981
0.04457170899708951
0.10754290339999295
0.1242969672078888
0.494171996159538
0.36517559498836205
0.13978885311010447
0.05209838959113444
0.102287432066125
0.10527678152601605
0.11181452770456979
0.08454234450614306
0.03618198512943305
0.0024397975126548843
0.0884299057144674
0.11609190630911476
0.4804822117513061
0.3483621117199284
0.15074721256672918
0.013482388907587017
0.10524427374821854
0.09443718495730269
0.10053758282472447
0.0696286231462071
0.001582421811946122
0.022543460005435723
0.10185849989799434
0.1538584254473621
0.40355973637149
0.4128978403410223
0.09325395614938092
0.15741519892800226
0.1682265985643504
0.2392627545980724
0.21304363592765996
0.24877019369878195
0.3280476121178856
0.5180934456263436
0.5214677630292239
0.5216895030554958
