322.045903225806 1024.3303225820105 3644646452.0 3963477412.903636 213.0 56.18329032258064 0.0026934486392238277
643.509857142857 1025.454946782729 3963477412.903636 5019433826.480604 218.0 59.67067857142857 0.02312071407625549
785.285774193548 1028.394565406177 5019433826.480604 5896269871.101522 455.10752688172045 213.0 0.7947612169640366
810.8132 1030.5512130531363 5896269871.101522 5896481024.76333 794.0694444444445 203.46666666666667 1.3047945521847952
709.144935483871 1030.5520279686407 5896481024.76333 5894656379.294102 692.239247311828 455.10752688172045 1.367236615375225
400.573266666667 1030.5449860264353 5894656379.294102 5889247289.386985 389.0388888888889 794.0694444444445 0.6225782753841891
209.112838709677 1030.524110465044 5889247289.386985 5755648927.596217 241.6209677419355 692.239247311828 0.19593924583842326
155.613161290323 1030.0082970177461 5755648927.596217 5474587842.86524 241.0 376.4892473118279 0.18428773196219939
113.363733333333 1029.0961833590952 5474587842.86524 5095504550.929246 236.0 249.675 0.12871476292189887
89.1516451612903 1028.5043355713265 5095504550.929246 4635915200.878954 236.0 241.0 0.14102761389051466
132.6879 1027.6494114677673 4635915200.878954 4356649623.693364 234.0 236.0 0.097278218136577
183.475935483871 1026.760030648705 4356649623.693364 4235353971.532545 236.0 236.0 0.10893924771003394
219.466193548387 1026.3737387628425 4235353971.532545 4254731487.268238 223.0 226.4516129032258 0.06497391274353204
529.413142857143 1026.4354505963956 4254731487.268238 5095823621.62755 193.0 261.2857142857143 0.0722032861995513
573.648451612903 1028.5047959908045 5095823621.62755 5781255073.41682 315.0 223.0 0.37814894637542773
434.0214 1030.107162445625 5781255073.41682 5889795524.9919 375.53333333333336 180.13333333333333 0.5688685792618731
242.016225806452 1030.5262262971385 5889795524.9919 5848312282.43646 239.98924731182797 315.0 0.19082449420946201
141.2042 1030.3660705885577 5848312282.43646 5563235609.065994 238.0 375.53333333333336 0.15741215344584458
112.736064516129 1029.3357719163946 5563235609.065994 5184181947.887811 238.0 239.98924731182797 0.16245518576087759
95.8503870967742 1028.6322971830994 5184181947.887811 4756868751.208801 237.0 230.32258064516128 0.1463929727358001
70.4100666666667 1028.015683623678 4756868751.208801 4265686639.955724 238.0 245.93333333333334 0.11521442398567616
51.7662903225806 1026.4703396176933 4265686639.955724 3724528839.0552397 232.0 237.0 0.09223869411012242
33.0551333333333 1024.6120946703888 3724528839.0552397 3208203497.932992 227.0 238.0 0.025387419207957285
89.5234193548387 1021.6528448550649 3208203497.932992 2862270532.121813 224.0 232.0 0.014620802788138487
197.699193548387 1020.2023921682256 2862270532.121813 2932971304.185104 179.0 219.67741935483872 0.14588842442264638
483.033035714286 1020.4988314640884 2932971304.185104 3825144136.8048344 123.0 248.0 0.3031831697558742
883.652032258065 1024.9669987188884 3825144136.8048344 5341528643.440856 315.0 179.0 0.29128157255182374
711.757666666667 1028.859348691834 5341528643.440856 5894722812.612625 482.025 114.8 0.8456848538990176
355.195741935484 1030.5452424157434 5894722812.612625 5888374577.064512 339.991935483871 315.0 0.5072367621538987
161.613233333333 1030.5207423643142 5888374577.064512 5654919746.625991 238.3388888888889 482.025 0.16122493223351753
116.846161290323 1029.6193812611043 5654919746.625991 5289097968.943106 237.0 339.991935483871 0.16462838928432666
91.6212580645161 1028.783691152876 5289097968.943106 4850097166.207789 237.0 230.6505376344086 0.14918982881252918
67.8172333333333 1028.15021236105 4850097166.207789 4359208171.248911 235.0 244.9 0.10899610787796965
48.4465161290323 1026.7681788893276 4359208171.248911 3810944793.766909 231.0 237.0 0.09475884212257912
51.3012333333333 1024.9169128527933 3810944793.766909 3349176976.728739 224.0 235.0 0.02270517692503138
84.7457096774193 1022.4475152056057 3349176976.728739 2990956196.6151104 224.0 231.0 0.0007453161490487137
209.807322580645 1020.7419547027887 2990956196.6151104 3164710835.396241 153.0 216.7741935483871 0.20066423221415253
689.364428571429 1021.4704856830031 3164710835.396241 4570735841.693549 118.0 248.0 0.3058472586900298
568.289064516129 1027.4418338907437 4570735841.693549 5242153918.905419 315.0 153.0 0.35204888495040154
576.527233333333 1028.7159508209313 5242153918.905419 5892318104.869741 309.6972222222222 110.13333333333334 0.33718106558265404
381.711483870968 1030.5359618112468 5892318104.869741 5888853497.835064 365.4301075268817 315.0 0.5873692466889104
185.7957 1030.5225906863275 5888853497.835064 5709793495.721796 241.46944444444443 309.6972222222222 0.17082771026492327
126.033225806452 1029.831249018231 5709793495.721796 5362862446.3374605 239.0 365.4301075268817 0.17475208957310695
97.3777741935484 1028.8901334001982 5362862446.3374605 4933637125.342377 239.0 233.6801075268817 0.1572191765948745
66.5694 1028.2707606426297 4933637125.342377 4433747660.606866 237.0 246.96666666666667 0.11690700153016031
46.5674838709677 1027.005565798111 4433747660.606866 3863753607.912964 237.0 239.0 0.11634069544876458
36.6345333333333 1025.103187329499 3863753607.912964 3337991224.587065 234.0 237.0 0.052332818654527435
71.4001612903226 1022.3614709583621 3337991224.587065 2925129528.014201 231.0 237.0 0.015410210318960615
217.974064516129 1020.4659518994306 2925129528.014201 3163428131.5658455 137.0 226.4516129032258 0.2419527954789678
492.893857142857 1021.4651074698778 3163428131.5658455 3903823691.756343 196.0 255.75 0.13309607154261016
366.69335483871 1025.24452801325 3903823691.756343 4036155973.7412906 315.0 137.0 0.29809605034897824
391.213866666667 1025.711308549352 4036155973.7412906 4408533327.347795 234.0 182.93333333333334 0.06306724330670865
225.662064516129 1026.925265373719 4408533327.347795 4336251511.576514 238.0 315.0 0.11773552840855694
133.237333333333 1026.6950685082054 4336251511.576514 4049064417.4971614 233.0 234.0 0.07766427037376644
85.2490967741936 1025.756840978826 4049064417.4971614 3609444229.3615623 236.0 238.0 0.09048449415285464
63.7061290322581 1024.2061524845205 3609444229.3615623 3119149743.7401733 233.0 225.48387096774192 0.05395885562668712
44.3738666666667 1021.27945385216 3119149743.7401733 2632912447.748156 217.0 243.86666666666667 0.055275502690065204
29.2655161290322 1019.1518147435511 2632912447.748156 2113334933.9472513 209.0 233.0 0.09237602525597605
19.9402333333333 1016.5558571712255 2113334933.9472513 1627784439.6397576 204.0 217.0 0.15864002380930048
45.8698387096774 1013.6944894570254 1627784439.6397576 1204650702.2654989 207.0 209.0 0.1849776604873869
275.221193548387 1010.6639589322907 1204650702.2654989 1847960311.8138998 40.0 197.41935483870967 0.5028712851038922
551.286071428571 1015.0445391750084 1847960311.8138998 2980062605.254717 90.0 229.17857142857142 0.40860540150273217
549.275483870968 1020.6962792673154 2980062605.254717 3602398794.560731 315.0 40.0 0.18641796545921197
453.0279 1024.181300862648 3602398794.560731 4157703216.018763 226.0 84.0 0.01543215263336517
251.113419354839 1026.126443363117 4157703216.018763 4170933445.564268 232.0 315.0 0.08601957855446984
131.736766666667 1026.1685778521155 4170933445.564268 3914253978.9196754 220.0 226.0 0.032941601213313576
91.9488709677419 1025.2813191496284 3914253978.9196754 3504075688.9024963 232.0 232.0 0.0707361171249723
70.1550967741935 1023.6390437607885 3504075688.9024963 3074924865.0155454 217.0 212.90322580645162 0.001704564925226526
52.898 1021.0940245912601 3074924865.0155454 2598200166.945247 222.0 239.73333333333332 0.04658298154665308
38.8994516129032 1018.9892279482212 2598200166.945247 2101999234.5358255 210.0 217.0 0.09276510322337489
44.6923333333333 1016.49603817697 2101999234.5358255 1672782206.8262818 207.0 222.0 0.1535643784541611
68.3542258064516 1013.9985284245018 1672782206.8262818 1296759726.5843558 212.0 210.0 0.170718463669362
118.701903225806 1011.377982376623 1296759726.5843558 1520160814.4623635 40.0 200.32258064516128 0.5006449749932443
163.442892857143 1012.9673028004214 1520160814.4623635 1831410986.761154 40.0 234.71428571428572 0.5026196590169932
127.196838709677 1014.945737234395 1831410986.761154 1740262876.2356184 160.0 40.0 0.2561799351332386
175.352066666667 1014.401569410362 1740262876.2356184 1800946824.3079555 145.0 37.333333333333336 0.30039496386616543
101.320064516129 1014.7638616376595 1800946824.3079555 1525832873.037361 197.0 160.0 0.18702606161649776
58.3389666666667 1013.0056275205227 1525832873.037361 1203334495.844525 178.0 145.0 0.25839472041909745
41.7728709677419 1010.6537557817405 1203334495.844525 792899811.2985537 190.0 197.0 0.2614106846987771
32.6314516129032 1006.9630749876775 792899811.2985537 662015447.0618347 76.81182795698925 172.25806451612902 0.46573565310190396
21.9208 1005.6825360262818 662015447.0618347 600491262.3083142 40.0 196.33333333333334 0.5199806061264806
10.8536774193548 1005.1544314361229 600491262.3083142 506853603.9759439 40.0 76.81182795698925 0.5200498761809423
17.3578 1004.3506747122399 506853603.9759439 444283158.0160632 40.0 40.0 0.5239993631768838
37.3014516129032 1003.8135893391936 444283158.0160632 441605032.5222606 40.0 40.0 0.5242305936922104
201.538193548387 1003.7906011375301 441605032.5222606 818393748.8501852 63.806451612903224 38.70967741935484 0.49871104624288426
659.617321428572 1007.2245512702583 818393748.8501852 2050437282.610134 155.0 44.285714285714285 0.37933081278685077
1080.25241935484 1016.2239434438529 2050437282.610134 4095186798.9660525 315.0 63.806451612903224 0.07660385289673866
895.072966666667 1025.919530155083 4095186798.9660525 5775510141.234557 232.0 144.66666666666666 0.06132354840480392
543.825258064516 1030.084981240288 5775510141.234557 5891724251.226783 482.8817204301075 315.0 0.9415127182671774
224.001266666667 1030.5336699232594 5891724251.226783 5816156658.678908 239.61944444444444 232.0 0.16537285687097536
134.021806451613 1030.241917601077 5816156658.678908 5489808502.375115 239.0 482.8817204301075 0.18240281429594685
96.0624516129032 1029.1373202766895 5489808502.375115 5067287799.342527 235.0 231.88978494623655 0.14962131515408306
65.9179666666667 1028.46361875807 5067287799.342527 4582931767.048164 230.0 246.96666666666667 0.10004442103732747
43.6194838709677 1027.4806744173509 4582931767.048164 4011621604.8907533 234.0 235.0 0.1163530675511002
40.2008 1025.624767565752 4011621604.8907533 3517858648.333276 225.0 230.0 0.03735345914687138
70.7292258064516 1023.7450665256406 3517858648.333276 3130912442.593974 221.0 234.0 0.014019584727123835
406.292612903226 1021.3287733442095 3130912442.593974 3858085677.6089883 144.0 217.74193548387098 0.21564422779586223
701.2355 1025.083194630014 3858085677.6089883 5206177580.81268 155.0 244.67857142857142 0.18444074991208093
673.144322580645 1028.6640369131496 5206177580.81268 5894280247.687635 413.4166666666667 144.0 0.678671184589215
359.758866666667 1030.5435344035973 5894280247.687635 5888479918.606343 345.35 144.66666666666666 0.4889175528319276
152.153709677419 1030.5211489140038 5888479918.606343 5609059075.834242 239.33333333333334 413.4166666666667 0.1886577400249212
92.4419333333333 1029.4596191238763 5609059075.834242 5217122406.120367 231.0 345.35 0.12030170710774313
72.9201935483871 1028.679830311862 5217122406.120367 4772851088.39149 223.0 239.33333333333334 0.10506008634358666
58.5487096774193 1028.038746159295 4772851088.39149 4272147103.7310753 228.0 223.5483870967742 0.10874179321038902
40.2354333333333 1026.4909143430925 4272147103.7310753 3743445043.319744 224.0 230.43333333333334 0.04930176420544108
26.094 1024.678818494955 3743445043.319744 3188443095.168917 214.0 228.0 0.011182805001940688
21.0259 1021.5699920132869 3188443095.168917 2661150829.108444 220.0 224.0 0.0433751255116015
37.604064516129 1019.2840788248639 2661150829.108444 2198277338.038224 215.0 214.0 0.07652518141253117
87.1814838709678 1017.004102047695 2198277338.038224 2264282428.8301 69.0 212.90322580645162 0.4220591400592587
229.777357142857 1017.3524138724543 2264282428.8301 2740056578.106457 40.0 238.03571428571428 0.4902701377405507
322.139225806452 1019.6536607873838 2740056578.106457 2754763796.94063 315.0 69.0 0.160817423005699
279.0302 1019.7225470582699 2754763796.94063 2921835040.767644 205.0 37.333333333333336 0.10766655235705885
121.557580645161 1020.4521385357134 2921835040.767644 2644829137.156999 215.0 315.0 0.05694950849798919
60.7111 1019.2076306190023 2644829137.156999 2265253389.057653 200.0 205.0 0.12664569232468775
41.6522903225807 1017.3575376731275 2265253389.057653 1827558543.8466117 197.0 215.0 0.14719745151319913
34.2437741935484 1014.9227375752037 1827558543.8466117 1402243103.4574888 185.0 193.5483870967742 0.20789892708807634
21.3034 1012.1705615098479 1402243103.4574888 949074817.7462635 188.0 203.56666666666666 0.2528831495013921
9.73222580645161 1008.4895539355223 949074817.7462635 645129386.9177879 116.51075268817205 185.0 0.39937983343020844
7.27173333333333 1005.5375913040153 645129386.9177879 556069753.0276657 40.0 188.0 0.5204179621923005
42.6832903225806 1004.773130927276 556069753.0276657 568202094.2752141 40.0 116.51075268817205 0.5212387631632664
163.609451612903 1004.8772711954954 568202094.2752141 888562415.6484069 47.126344086021504 38.70967741935484 0.5126498094795254
305.377071428571 1007.9442299040862 888562415.6484069 1390293978.8033934 102.0 44.285714285714285 0.4384362083119615
515.583290322581 1012.089824181104 1390293978.8033934 1924411077.0030026 315.0 47.1263440860215 0.024905661591091977
448.1112 1015.5009616537493 1924411077.0030026 2579955786.2998705 187.0 95.2 0.20757582680570646
271.508322580645 1018.9037741747067 2579955786.2998705 2785555269.178727 185.0 315.0 0.1504897800566748
125.965266666667 1019.8667694106732 2785555269.178727 2563745033.3360724 204.0 187.0 0.10768927240384846
80.5058064516129 1018.8278455893961 2563745033.3360724 2176707485.062489 216.0 185.0 0.081924141351495
56.4302903225807 1016.890276966029 2176707485.062489 1770282266.5925834 199.0 197.41935483870967 0.15018056275751196
35.7994333333333 1014.580789651299 1770282266.5925834 1355387044.0775063 186.0 223.2 0.22241033767928564
17.4331290322581 1011.8324577060272 1355387044.0775063 891716406.2689303 182.0 199.0 0.257568266343944
11.4152333333333 1007.9765785258352 891716406.2689303 640411354.8086537 106.6 186.0 0.42274478403135346
42.3448387096774 1005.4970931743231 640411354.8086537 651916242.6944621 40.0 182.0 0.518981464074389
282.83335483871 1005.5958475767765 651916242.6944621 1175392107.066085 90.95161290322581 103.16129032258064 0.45673227871061994
526.084607142857 1010.4371481167914 1175392107.066085 2364353112.0161653 40.0 44.285714285714285 0.5097451795762009
441.858967741935 1017.8804913562858 2364353112.0161653 2699930133.9591784 315.0 90.95161290322581 0.11727887062834508
449.691966666667 1019.4657149131577 2699930133.9591784 3310831583.5589094 204.0 37.333333333333336 0.11386099382838188
165.603064516129 1022.1525506427608 3310831583.5589094 3129924534.750235 222.0 315.0 0.010908147611240704
75.6662 1021.324631172957 3129924534.750235 2758261288.9834366 211.0 204.0 0.06871381432062701
51.8997096774194 1019.7389287540208 2758261288.9834366 2277558515.9819593 222.0 222.0 0.052675351833232464
37.5056129032258 1017.422472379852 2277558515.9819593 1763764617.1202495 220.0 204.19354838709677 0.09703626252383746
24.2406666666667 1014.5418783111658 1763764617.1202495 1267608835.2353551 206.0 229.4 0.18592997898902047
13.5417096774194 1011.1520064746927 1267608835.2353551 757481993.813325 196.0 220.0 0.24413866566760606
8.4959 1006.5998153211623 757481993.813325 612460289.044814 62.75 206.0 0.48872510671209035
67.8139677419355 1005.2571698630455 612460289.044814 687470972.302296 41.766129032258064 196.0 0.5176291031800172
315.535870967742 1005.9010383888609 687470972.302296 1213477465.5901933 122.78763440860214 60.725806451612904 0.41510855317172446
519.093035714286 1010.7323834541876 1213477465.5901933 2106764154.2358308 155.0 46.24107142857143 0.34105009789107676
637.365612903226 1016.5211828719569 2106764154.2358308 2965997150.118774 315.0 122.78763440860214 0.08390229498701485
611.278466666667 1020.6373046126573 2965997150.118774 3922016593.1493177 231.0 144.66666666666666 0.03343135316187473
372.049967741935 1025.3087005049358 3922016593.1493177 4251617259.7043166 235.0 315.0 0.07948817319617585
150.201533333333 1026.4255326742175 4251617259.7043166 4000933321.7400703 236.0 231.0 0.08117009192681901
104.528032258065 1025.5870663906176 4000933321.7400703 3621101134.8582087 233.0 235.0 0.07903932845314521
77.6274193548387 1024.24727031696 3621101134.8582087 3170380046.1822214 232.0 228.38709677419354 0.05203609031463363
50.0950666666667 1021.4942559588353 3170380046.1822214 2667449276.1984982 229.0 240.76666666666668 0.023250101969043646
29.337064516129 1019.3135797480023 2667449276.1984982 2121054615.7594428 219.0 232.0 0.06689085876471035
19.3250666666667 1016.5965942784139 2121054615.7594428 1615771509.8316927 211.0 229.0 0.1439689371003574
87.2251290322581 1013.6133210123763 1615771509.8316927 1303582678.9503236 207.0 219.0 0.1862873572836682
407.438 1011.430873480235 1303582678.9503236 2302581411.9276366 40.0 204.19354838709677 0.5004800616424719
586.189178571429 1017.5545193241563 2302581411.9276366 3463305187.894056 114.0 229.17857142857142 0.3461407480610025
795.484806451613 1023.325424522262 3463305187.894056 4743982675.235101 315.0 40.0 0.250974220706224
813.061033333333 1027.993575398838 4743982675.235101 5896517907.021804 352.71666666666664 106.4 0.443600569069047
480.128290322581 1030.5521703101185 5896517907.021804 5890595905.026515 464.76075268817203 315.0 0.9018171422522421
215.483233333333 1030.5293152423835 5890595905.026515 5786539935.647629 242.12777777777777 352.71666666666664 0.1729629405615032
136.859709677419 1030.1275673191028 5786539935.647629 5467987653.536432 239.0 464.760752688172 0.18027247716789085
104.647935483871 1029.0783450095578 5467987653.536432 5065834293.756547 236.0 234.31720430107526 0.15158713522542921
75.7020333333333 1028.461521347412 5065834293.756547 4588678688.105698 237.0 246.96666666666667 0.12031743844747622
48.0892258064516 1027.4989767137124 4588678688.105698 4026560877.4919977 235.0 236.0 0.11960993023521349
36.4143333333333 1025.6774634126702 4026560877.4919977 3499664135.662424 234.0 237.0 0.062469816251555454
69.0377096774194 1023.6051087358649 3499664135.662424 3075859934.161574 233.0 235.0 0.04304256219295843
126.959258064516 1021.0979452166104 3075859934.161574 3075916583.896412 135.0 226.4516129032258 0.24005182650347645
263.442714285714 1021.098182741704 3075916583.896412 3530612113.5993543 84.0 257.9642857142857 0.3833832468458467
781.20964516129 1023.8431701046104 3530612113.5993543 4773001011.509733 315.0 135.0 0.2636869895820452
445.711633333333 1028.038962498571 4773001011.509733 5282893677.787064 234.0 78.4 0.10415448893888823
237.183193548387 1028.7747383517851 5282893677.787064 5234908728.108325 239.0 315.0 0.1550693755468633
119.766933333333 1028.7054960001562 5234908728.108325 4899149224.732989 237.0 234.0 0.1246792390791035
82.0065806451613 1028.2209945522843 4899149224.732989 4448369353.392874 235.0 239.0 0.13283594446161717
62.4445161290323 1027.0521316987033 4448369353.392874 3939024205.5030303 236.0 229.3548387096774 0.11431276086848019
43.3131 1025.368692082903 3939024205.5030303 3403404416.682307 231.0 242.83333333333334 0.04901534199926649
21.053935483871 1022.8646493590948 3403404416.682307 2821736516.4534473 221.0 236.0 0.001147215668615642
18.0287666666667 1020.0324382241234 2821736516.4534473 2300614075.2549214 215.0 231.0 0.08021938009542828
118.982064516129 1017.5441376002898 2300614075.2549214 2041340266.8260968 220.0 221.0 0.09494983970552989
505.424516129032 1016.175938083515 2041340266.8260968 3175900436.2628813 89.0 208.06451612903226 0.3857054186304344
1142.19889285714 1021.5174022484816 3175900436.2628813 5585012368.966636 157.0 243.57142857142858 0.21891595315241313
1384.0545483871 1029.3946280242342 5585012368.966636 5906893678.17873 1260.9516129032259 89.0 1.312022759798271
1029.1991 1030.5922140238458 5906893678.17873 5900352333.9846525 1015.0527777777778 146.53333333333333 1.3066874114165634
628.869709677419 1030.5669686989115 5900352333.9846525 5893233425.937592 613.9435483870968 1260.9516129032259 1.3679493640904592
285.549833333333 1030.5394943539616 5893233425.937592 5887210484.5522375 274.25555555555553 1015.0527777777778 0.27139868280822643
175.252548387097 1030.5162497259735 5887210484.5522375 5664741703.100167 241.08333333333334 613.9435483870968 0.1940932269306902
131.746967741936 1029.6573038729737 5664741703.100167 5320665037.308778 241.0 265.4086021505376 0.17769403668665074
92.7500666666667 1028.829242478079 5320665037.308778 4888954908.245465 236.0 249.11944444444447 0.12396250668902153
57.665 1028.2062841388822 4888954908.245465 4344223400.599718 237.0 241.0 0.13852279684145596
69.6110666666667 1026.720456689808 4344223400.599718 3897240292.516984 236.0 236.0 0.08642052223176355
104.426483870968 1025.2213061464442 3897240292.516984 3562443248.3012667 236.0 237.0 0.08063275459688302
223.112225806452 1024.0403641915389 3562443248.3012667 3730712772.324662 170.0 228.38709677419354 0.11621822613790322
463.748178571429 1024.633907486154 3730712772.324662 4396066232.075632 199.0 261.2857142857143 0.08205268645749414
440.777451612903 1026.8855612486484 4396066232.075632 4726217372.652476 315.0 170.0 0.3383901193867751
328.4019 1027.9369980020779 4726217372.652476 4945553523.601665 229.0 185.73333333333332 0.08804575096297473
189.986838709677 1028.2879560225133 4945553523.601665 4777752428.462199 237.0 315.0 0.14003160531228642
115.086433333333 1028.0458188000898 4777752428.462199 4446779747.542131 231.0 229.0 0.09566555861071513
88.146 1027.0470692596882 4446779747.542131 4012406018.7283673 236.0 237.0 0.11421963185486805
67.9768064516129 1025.6275344575956 4012406018.7283673 3526354784.869581 234.0 223.5483870967742 0.08255146631469323
48.0371333333333 1023.8104214220738 3526354784.869581 3029421971.6167746 223.0 243.86666666666667 0.001457821983907981
31.1604516129032 1020.9032367782673 3029421971.6167746 2489521196.703175 217.0 234.0 0.04457170899708951
37.0707333333333 1018.480192958797 2489521196.703175 2021231251.1054306 214.0 223.0 0.10754290339999295
54.1066451612903 1016.0698219055695 2021231251.1054306 1592191974.5473726 218.0 217.0 0.1242969672078888
213.558516129032 1013.4539998280228 1592191974.5473726 2072076748.4240453 40.0 207.09677419354838 0.494171996159538
303.007357142857 1016.3381358755886 2072076748.4240453 2557211249.9357085 109.0 241.35714285714286 0.36517559498836205
518.175774193549 1018.7972423884577 2557211249.9357085 3096887929.1346536 315.0 40.0 0.13978885311010447
636.139866666666 1021.1861129104178 3096887929.1346536 4147067783.8676505 219.0 101.73333333333333 0.05209838959113444
413.18735483871 1026.092572560088 4147067783.8676505 4577119243.238978 238.0 315.0 0.102287432066125
183.440366666667 1027.4621631950286 4577119243.238978 4405727367.830797 238.0 219.0 0.10527678152601605
115.014935483871 1026.9163291969132 4405727367.830797 4043349466.3268585 236.0 238.0 0.11181452770456979
85.7002580645161 1025.736682420906 4043349466.3268585 3604359928.2284017 234.0 230.32258064516128 0.08454234450614306
59.9293 1024.1882184417227 3604359928.2284017 3108532290.4911737 234.0 243.86666666666667 0.03618198512943305
36.361064516129 1021.2349362284746 3108532290.4911737 2541697457.5766606 232.0 234.0 0.0024397975126548843
32.9351666666667 1018.7245782556283 2541697457.5766606 2044427256.8079948 221.0 234.0 0.0884299057144674
61.8636129032258 1016.1922282681161 2044427256.8079948 1628234127.1216388 221.0 232.0 0.11609190630911476
224.013225806452 1013.697527885957 1628234127.1216388 2117593228.6218529 47.0 213.8709677419355 0.4804822117513061
331.442714285714 1016.5783283832287 2117593228.6218529 2652495182.2719502 117.0 244.67857142857142 0.3483621117199284
585.414741935484 1019.2435371534986 2652495182.2719502 3372044561.052451 315.0 47.0 0.15074721256672918
530.715533333333 1022.6234197004035 3372044561.052451 4103783735.5238786 236.0 109.2 0.013482388907587017
342.166096774194 1025.9498544462922 4103783735.5238786 4339114160.552731 240.0 315.0 0.10524427374821854
164.600666666667 1026.7041852246903 4339114160.552731 4117504188.9485006 239.0 236.0 0.09443718495730269
106.053258064516 1025.998251107402 4117504188.9485006 3727656776.918108 238.0 240.0 0.10053758282472447
79.5767096774194 1024.6231279609103 3727656776.918108 3270114643.047057 236.0 231.29032258064515 0.0696286231462071
53.0012666666667 1021.91243036917 3270114643.047057 2758216431.516787 235.0 245.93333333333334 0.001582421811946122
36.3235483870968 1019.7387186487905 2758216431.516787 2186838601.670775 235.0 236.0 0.022543460005435723
27.9102 1016.9437393228009 2186838601.670775 1656988311.8202784 229.0 235.0 0.10185849989799434
66.388064516129 1013.8918129177046 1656988311.8202784 1248785109.471029 222.0 235.0 0.1538584254473621
216.662483870968 1011.0060861199305 1248785109.471029 1573873945.234442 100.0 221.61290322580646 0.40355973637149
338.498142857143 1013.3302293596921 1573873945.234442 2178937066.1071663 94.0 245.78571428571428 0.4128978403410223
316.20564516129 1016.9020425652093 2178937066.1071663 2178392107.9706383 315.0 100.0 0.09325395614938092
245.134933333333 1016.8991667966787 2178392107.9706383 2269100316.9281797 202.0 87.73333333333333 0.15741519892800226
123.089064516129 1017.3778380840537 2269100316.9281797 2075328373.9111133 187.0 315.0 0.1682265985643504
69.729 1016.3552948491351 2075328373.9111133 1812771787.9145308 165.0 202.0 0.2392627545980724
52.2432580645161 1014.8344584353107 1812771787.9145308 1443987253.3142605 183.0 187.0 0.21304363592765996
40.308935483871 1012.4526165764477 1443987253.3142605 1046445929.0593069 182.0 159.67741935483872 0.24877019369878195
26.5055666666667 1009.3550749249715 1046445929.0593069 673591228.3523396 163.86666666666667 189.1 0.3280476121178856
20.3899032258065 1005.781898955814 673591228.3523396 604597194.8277463 40.0 182.0 0.5180934456263436
16.3810333333333 1005.1896754920837 604597194.8277463 539228331.9308596 40.0 163.86666666666667 0.5214677630292239
66.2608064516129 1004.6285693727971 539228331.9308596 614559362.4714613 40.0 40.0 0.5216895030554958
