0.1578683890836417
0.17167151810698733
1.1630443617136923
1.304794706503582
1.3672367750189838
0.6225783735839301
0.18968108244485593
0.1784306650645887
0.13807773090322406
0.1501061167255735
0.11117665061227022
0.11645631785653843
0.10620883303968676
0.16759915320627283
0.5197248130213183
0.7121773155762667
0.1908243643122709
0.16045704274269956
0.1653911604231253
0.15227459013056788
0.11780695773321204
0.11136329212283558
0.054709812255815615
0.01750778922018914
0.4212346106553032
0.32213451459469455
0.31192670304248227
1.1369117071811745
0.507236883436003
0.1642647145627154
0.17062026054117385
0.15502377790497102
0.12016364979393312
0.11629660457888569
0.0593826794129112
0.026908121201935864
0.265746728483347
0.3496181827286532
0.35115304346756115
0.32394212912630904
0.5873690425503173
0.16475639530679886
0.17512110922045232
0.1573562340058361
0.12281306411552406
0.12210275514096136
0.0652263778225558
0.03296025369137301
0.21303616229147604
0.19226675688296363
0.2968106356962603
0.05945420692336356
0.11989253241513531
0.09342572409921668
0.09686154763902255
0.06745854191275902
0.007410802143958395
0.03378499710760319
0.1074853116148895
0.16142662007445668
0.5129284097396647
0.4650236274531633
0.15319049475056745
0.00652703914103725
0.08228237638574987
0.06391975481444678
0.06361321351031635
0.01460910261868964
0.04243453733372893
0.07308865086838973
0.15075372652001512
0.2700324468177965
0.5177201088097628
0.5162804900191108
0.3619393272789857
0.23267206626312653
0.20258932275910918
0.48123553683248277
0.5177236091003529
0.5178829824441409
0.5203078928342182
0.520384905122508
0.5243201929303506
0.5245612015575936
0.5246339780389666
0.5060597034017152
0.11661042352913664
0.2768245268442695
1.1037672768164484
0.1683968292677518
0.1822193056387319
0.16169676232023789
0.12581412776278666
0.12880234708060045
0.07183757167778226
0.049124662235904504
0.47137294874869784
0.46706466639390926
1.193011030022788
0.48891757151368975
0.1886577534011672
0.14411479945914263
0.1527445794513841
0.13846600707642376
0.0852904681655079
0.07020530729278096
0.01283522897414735
0.042964194008420886
0.48843493514022296
0.4698128945068797
0.13032853589471782
0.09462142713412974
0.032161381383513876
0.07393975265903863
0.10851955335167601
0.1776211115685905
0.5066161191843932
0.5193422083486594
0.5233990781444593
0.5243107362915485
0.5239962478921361
0.5195591835917491
0.01608614553115162
0.14078199596449298
0.03592296063963929
0.04307461149821756
0.05368991008172497
0.09950037865885097
0.17628389558122487
0.4632690068920942
0.5209376179653501
0.5214872114680053
0.5211876325623325
0.5088206041544564
0.12250483953010605
0.06827783144932426
0.028217710941006002
0.006290404454912246
0.023879069513429885
0.07275767143338824
0.14979011538134956
0.3775505627498027
0.5205773640961627
0.5213182178185162
0.5191893189963943
0.47115718727569667
0.13325949216480237
0.0019129254273133611
0.11474269854075791
0.11091628275004839
0.11808795217819912
0.09350705045969121
0.03785201862156862
0.003168107055365854
0.06511542340270182
0.10817992078671018
0.4985684141349897
0.4885062460299496
0.28249667312612925
0.7432253812485339
0.9018258602163558
0.16690733967464044
0.1806401986147823
0.1609810397220065
0.126042956333429
0.13082053317350095
0.0747373641455582
0.05423407234715949
0.3601761207050911
0.4787353179054863
0.28230917135327405
0.09456199705967328
0.1616341703045402
0.135785144518751
0.15004322057478725
0.1339665106529736
0.08154497849697384
0.06650041735361578
0.018042561777181887
0.050139649404763564
0.4858491506537686
0.3777561436214618
1.3649374495155562
1.3066870378370934
1.36794897814863
0.27139851546347904
0.18779361498132952
0.1718940457216811
0.13302619564084006
0.14455492987052454
0.09458496530720206
0.08819269508359762
0.44822543088541794
0.12175798558366385
0.3665280240804749
0.10661562940969604
0.15575011313491682
0.12789189199812234
0.14158014331561541
0.11635171060819083
0.06373903250840462
0.029034579046364195
0.03682547316954543
0.06824249117568298
0.49248155173490554
0.3524867584602417
0.14771784097004026
0.03545669175559363
0.10838883162931101
0.11111196164048243
0.12338922085859694
0.10118261125246941
0.05083354260464401
0.01572320923041448
0.04980433087340452
0.08454773334161692
0.49550922514466134
0.49365777188846816
0.16282730636295473
0.017759281600387755
0.10932549630434563
0.1011240544423071
0.11022494178160147
0.08511990655555934
0.021042761961511114
0.005591908566669468
0.07390597623394785
0.1159528686642246
0.45067415672375927
0.37029820495159316
0.09730270616438053
0.08957615147687065
0.062333080837217
0.11174964609927207
0.1504550856134838
0.3913249990776866
0.5195072431210139
0.5192487499233643
0.5225741032488479
0.5228295618388388
