468.56451609000004 477.2554680664917 123874000000.0 122267648100.74118 1132.3548387096773 4.356124840470847
661.65 476.90113849813736 122267648100.74118 121722212424.00906 963.2142857142857 5.471424593486372
953.15483866 476.7781263924242 121722212424.00906 121709950840.61208 919.2258064516129 5.2703321981996565
1659.9866663 476.775361037576 121709950840.61208 122933554812.16496 1021.3 4.9815312231472655
2699.1419352 477.0497713937369 122933554812.16496 125971252851.82545 1364.6774193548388 3.392517597883155
1575.67 477.7141847882383 125971252851.82545 125526939021.0718 1558.2666666666667 2.748353188466843
726.32258067 477.6170032854488 125526939021.0718 123355802265.89827 1346.9032258064517 3.433866204613988
449.62580648 477.1421264798553 123355802265.89827 121272541656.22113 1009.1612903225806 4.878516669466173
339.39333337 476.67671214619327 121272541656.22113 119600306429.5681 706.1666666666666 6.259009058332325
304.58064514 476.299572943069 119600306429.5681 118356244213.66351 470.3225806451613 7.156254186428471
426.20333337 476.0189995971275 118356244213.66351 118045842266.74817 347.2 7.718946459084309
648.4677419 475.9490176435411 118045842266.74817 118839363216.8606 390.06451612903226 7.495952840479431
825.24193553 476.1279574237394 118839363216.8606 119792064755.15463 532.3870967741935 6.902112792199067
989.3142857299999 476.3428201973736 119792064755.15463 120713599283.40819 683.8214285714286 6.542430480429861
1362.1709675999998 476.55065387537394 120713599283.40819 121952728473.92584 861.0967741935484 5.521776247747109
2147.7633336999997 476.83011467612215 121952728473.92584 124134501369.45981 1138.8 4.503685915112143
1841.0354837999998 477.312445618867 124134501369.45981 124871584763.65338 1365.516129032258 3.373440640339206
1192.78 477.4736624592418 124871584763.65338 123980988996.42795 1348.7666666666667 3.6175519574813944
610.82903229 477.2788689843456 123980988996.42795 122095392517.29608 1126.0967741935483 4.381266269306507
445.22580648 476.86228969717996 122095392517.29608 120451492831.0284 841.8709677419355 5.590556826586962
340.41999999999996 476.49154100835096 120451492831.0284 119067036581.66968 597.1333333333333 6.704183927815081
279.25161285 476.17930459667787 119067036581.66968 117958285732.7035 395.19354838709677 7.470752516760961
262.38666663000004 475.92927992170956 117958285732.7035 117437783777.78421 264.96666666666664 8.049924864072185
387.09354837999996 475.81194404368443 117437783777.78421 117875729441.19019 261.2903225806452 8.031076552167015
507.59677418999996 475.9106693961204 117875729441.19019 118475780331.73831 346.03225806451616 7.678974145356692
774.675 476.04595857729777 118475780331.73831 119394871205.92064 469.67857142857144 7.352622919716796
1222.7258067 476.25324113800644 119394871205.92064 120798052660.5057 660.6451612903226 6.366094883432625
1835.29 476.56970064512984 120798052660.5057 122710545464.93983 931.3 5.353576771544464
2337.2064514000003 477.00099419618107 122710545464.93983 125031983282.93881 1270.741935483871 3.788910079054423
1562.3966663 477.50874524998665 125031983282.93881 124877143601.74904 1434.0333333333333 3.268079720532632
751.0903225699999 477.4748783030947 124877143601.74904 122986308913.83797 1267.483870967742 3.7764993580805015
457.57419352 477.06130991116316 122986308913.83797 121051606483.866 961.9677419354839 5.079876737520442
346.36 476.62688463776857 121051606483.866 119471169303.02626 677.9666666666667 6.374365162422282
275.34838715 476.2704486475025 119471169303.02626 118209693877.88263 447.80645161290323 7.250456991663312
290.91333337000003 475.9859544359519 118209693877.88263 117662528919.09431 303.53333333333336 7.894590198724266
434.71290324 475.86260796192386 117662528919.09431 118124895843.49544 299.83870967741933 7.870923300836551
637.39677419 475.9668385580468 118124895843.49544 118920154372.99377 403.06451612903226 7.441776314767793
1031.23214281 476.1461782528177 118920154372.99377 120210466147.37364 573.0357142857143 6.9631684193768395
2826.0580648 476.4371822614735 120210466147.37364 124831027918.93092 1062.258064516129 4.688252647097025
3411.81 477.46479175829637 124831027918.93092 128452313028.80568 1844.4333333333334 2.0408793322373535
3811.2419351999997 478.2534670901804 128452313028.80568 133476371487.82637 1729.0 1.9748648111531182
2567.3199999999997 479.33291609694305 133476371487.82637 135378130075.509 1637.0 2.31555675899825
1284.1032257000002 479.7373734741618 135378130075.509 133898839403.97868 1637.0 2.0602777244447816
615.22258067 479.4227646541852 133898839403.97868 130548911844.36726 1637.0 2.0826218671723886
415.55 478.70600298820796 130548911844.36726 126631558634.20831 1637.0 2.3586450942319424
320.3 477.85860862515494 126631558634.20831 122934895418.99568 1392.9032258064517 3.2253378864679316
291.24333336999996 477.05006461482844 122934895418.99568 120747015195.0979 932.8333333333334 5.32857459216426
292.20967743 476.5581901657866 120747015195.0979 119804674761.13951 682.258064516129 6.267231054931838
513.4516128500001 476.3456641319665 119804674761.13951 119734217301.66054 602.741935483871 6.604361552616769
813.6857142700001 476.329773861448 119734217301.66054 120321460732.09326 646.2857142857143 6.683816560126447
940.59354838 476.46221486966465 120321460732.09326 120779360311.19656 731.3548387096774 6.065548600594452
1085.84333337 476.56548495967445 120779360311.19656 121105558477.44232 794.5666666666667 5.905553066158082
1110.3645162 476.63905243063647 121105558477.44232 121309104725.81212 837.3225806451613 5.617692752435097
1090.40666663 476.6849582151132 121309104725.81212 121420712827.54492 862.5666666666667 5.626800284254531
585.67096771 476.7101291897936 121420712827.54492 120389246272.7417 784.0645161290323 5.837541633565831
398.67741933 476.47750254234137 120389246272.7417 119252507248.08545 607.5806451612904 6.580754036973672
291.07666663000003 476.221133795238 119252507248.08545 118180768598.89964 428.6333333333333 7.3885386376720845
247.67096770999999 475.9794338590847 118180768598.89964 117320026894.2605 272.19354838709677 7.9839864625759205
231.76999999999998 475.7853983079938 117320026894.2605 116956240770.63338 174.46666666666667 8.413790106261281
313.14516134 475.70339061556206 116956240770.63338 117403403750.56517 183.80645161290323 8.35253219504977
527.89354838 475.8041938121202 117403403750.56517 118215008108.0874 287.2258064516129 7.9238649110319255
872.45714281 475.9871524139061 118215008108.0874 119415990959.24455 450.89285714285717 7.424038374773522
1979.5193553 476.2580042758783 119415990959.24455 122463902706.04333 803.1935483870968 5.773404882952011
2226.3033337 476.94539979838595 122463902706.04333 124639595847.56865 1219.2666666666667 4.172152783241232
1878.1870972000002 477.42292122650235 124639595847.56865 125282411672.05473 1437.4193548387098 3.064370116770063
1153.0333337 477.56351961331035 125282411672.05473 124167913268.8046 1395.1333333333334 3.4233996448248414
513.3548386599999 477.31975355835624 124167913268.8046 122003686628.15152 1132.6129032258063 4.351882015139921
363.8677419 476.84160726841486 122003686628.15152 120215125699.23537 814.7096774193549 5.704905613027812
278.83000000000004 476.43823313018385 120215125699.23537 118782335219.22078 554.5666666666667 6.877078277678059
218.46774190000002 476.1150958996889 118782335219.22078 117643187111.31042 346.2258064516129 7.675101784895499
268.43666663 475.8582477708094 117643187111.31042 117244970113.19508 224.1 8.214426225321771
445.07419352 475.76847838439926 117244970113.19508 117878079622.31076 246.38709677419354 8.093203369492143
620.75483866 475.91119919348756 117878079622.31076 118724562333.37451 367.2258064516129 7.591186493812309
767.28928573 476.1020663810046 118724562333.37451 119547522518.50143 502.10714285714283 7.230032677581404
945.56129028 476.2876685878442 119547522518.50143 120291132126.13425 629.7741935483871 6.493474086716421
1031.55 476.4553748592995 120291132126.13425 120671240912.11249 719.8666666666667 6.210346072944539
981.8838709500001 476.5411007920867 120671240912.11249 120749403124.91747 756.1612903225806 5.959623948342912
677.42333337 476.558728715588 120749403124.91747 120177806767.02757 714.0333333333333 6.230762068204452
425.71612905 476.42981659157135 120177806767.02757 119240688720.1149 590.0322580645161 6.655088017132285
320.08064514 476.2184683626781 119240688720.1149 118342151371.0365 441.19354838709677 7.278944439580933
243.99666663 476.0158212383934 118342151371.0365 117487276926.14532 299.03333333333336 7.912266263561788
181.38709676 475.823101200664 117487276926.14532 116730043295.98976 168.25806451612902 8.41591663105776
208.45 475.6523993002682 116730043295.98976 116521799794.05713 91.66666666666667 8.745744047746365
283.94193553 475.6054553187685 116521799794.05713 117059192696.55975 120.83870967741936 8.613278489224168
442.87419352 475.72659889462574 117059192696.55975 117806825006.99265 225.96774193548387 8.178060640705173
698.30357146 475.89513638570617 117806825006.99265 118790254562.9742 366.4642857142857 7.74145765317666
1153.1419352 476.1168819492499 118790254562.9742 120256024437.73114 567.8064516129032 6.755352225448004
2360.3566663 476.44745702249236 120256024437.73114 123473819022.19359 952.6666666666666 5.272233614375763
3241.9032257 477.1679394186775 123473819022.19359 127549830626.58067 1518.741935483871 2.7390146588390643
1782.5066662999998 478.0586727016147 127549830626.58067 127433425121.53053 1637.0 2.403136721551606
757.89677419 478.03354740374067 127433425121.53053 124747408819.28232 1569.1612903225807 2.4685085532755213
402.64516134 477.44650236642224 124747408819.28232 122071523394.22775 1182.258064516129 4.136725923959444
278.90333337 476.856906493962 122071523394.22775 119992684234.22063 801.7 5.866955961067713
214.84838715 476.3880659075824 119992684234.22063 118412682815.52354 505.6774193548387 7.007283911317104
206.87333337 476.03172819475043 118412682815.52354 117616556504.20787 315.46666666666664 7.846115212396257
338.94193553 475.8522444779549 117616556504.20787 117886096306.51004 276.03225806451616 7.969599076399364
513.38064514 475.91300638108885 117886096306.51004 118494998977.84167 348.51612903225805 7.668651138857268
870.33571427 476.05029295846674 118494998977.84167 119600347211.30331 488.39285714285717 7.282431152158158
1424.8 476.2995821405736 119600347211.30331 121371494928.1211 725.258064516129 6.096063388690415
1924.4266662999999 476.69902907715857 121371494928.1211 123275490965.73045 1023.2333333333333 4.976991207079943
1217.6612905 477.1245605786812 123275490965.73045 122943466847.43234 1142.6774193548388 4.319258433285819
520.56333337 477.0519393804533 122943466847.43234 121276741653.50429 978.1333333333333 5.144759816891557
349.29032257 476.6776593715616 121276741653.50429 119780935308.0532 721.4193548387096 6.100193807476463
283.14838714999996 476.340310173219 119780935308.0532 118609488070.03789 505.7096774193548 7.008197419039503
215.21333337 476.07611368291333 118609488070.03789 117600340174.53722 329.5 7.789181669385935
162.72258067 475.84858885810127 117600340174.53722 116762061974.54161 179.74193548387098 8.368197729734012
163.42333337000002 475.65961721698415 116762061974.54161 116446935131.74458 87.9 8.760774054752924
226.35161284999998 475.58857870418046 116446935131.74458 116884788779.97943 100.38709677419355 8.69778744568014
351.11290324 475.68728331379157 116884788779.97943 117493827539.4215 185.8709677419355 8.344129861139065
487.26071427 475.82457789436916 117493827539.4215 118154688871.47354 288.57142857142856 8.033603044662211
730.53548391 475.97355475010676 118154688871.47354 118923410584.3376 405.64516129032256 7.430963338642029
1311.1966663 476.14691262614735 118923410584.3376 120372562515.59036 587.7666666666667 6.750460394795214
1174.8387095 476.4737398546663 120372562515.59036 120978141545.25302 752.2258064516129 5.978229903092224
489.84666663 476.61031609049456 120978141545.25302 119928688171.48253 710.8333333333334 6.2421356994136215
307.6322581 476.3736328758418 119928688171.48253 118822610914.07156 535.3548387096774 6.8840868449822175
239.85806447 476.12417927696697 118822610914.07156 117898588256.15454 370.96774193548384 7.5722602697734445
176.28333337 475.9158224202332 117898588256.15454 117054038236.46594 227.96666666666667 8.198385358164066
127.03225809999999 475.72543693337826 117054038236.46594 116333261365.60342 100.93548387096774 8.694924484900818
132.14666663 475.5629534187564 116333261365.60342 116100708883.00374 25.166666666666668 9.01166163231638
235.11612905 475.51052950473485 116100708883.00374 116680606956.76099 56.064516129032256 8.88093271299102
374.49677419 475.6412549496756 116680606956.76099 117412980261.61581 163.16129032258064 8.438294290003068
512.6 475.8063526288584 117412980261.61581 118151260607.56725 281.89285714285717 8.0587661803288
661.51935486 475.9727819223551 118151260607.56725 118770596438.25555 392.4193548387097 7.4857910832099845
859.1066666300001 476.1124484524708 118770596438.25555 119312395936.37407 486.26666666666665 7.159001383149139
953.85161285 476.2346404908376 119312395936.37407 119814243216.38948 571.0967741935484 6.738777227789722
523.09333337 476.3478221056358 119814243216.38948 119239345549.60555 561.8666666666667 6.849789684290884
323.63548391 476.2181654374392 119239345549.60555 118414007578.27805 447.06451612903226 7.254555603236641
248.72903229000002 476.0320269684885 118414007578.27805 117654937036.52614 318.61290322580646 7.790861788493024
182.18666663000002 475.860896536638 117654937036.52614 116907882803.05907 196.53333333333333 8.324835943712248
129.8 475.6924893604732 116907882803.05907 116245372397.57413 82.12903225806451 8.772783106747598
130.45999999999998 475.5431407568923 116245372397.57413 116039147127.1844 13.4 9.058663950411324
218.72258067 475.4971203953474 116039147127.1844 116604821645.81847 44.96774193548387 8.926726730621453
404.33870972 475.6241707948193 116604821645.81847 117429281626.98178 158.61290322580646 8.457197150640322
733.26785719 475.8100274181654 117429281626.98178 118606330753.84981 321.2857142857143 7.911513412733665
955.14193553 476.0754016134077 118606330753.84981 119705012555.39609 506.93548387096774 7.008923837353955
1352.0700000000002 476.3231873151547 119705012555.39609 120969930755.24126 699.1333333333333 6.2978034415163595
1593.1806447000001 476.60846431106023 120969930755.24126 122275210552.56216 908.3548387096774 5.32245286273055
1186.9866663 476.90284405786247 122275210552.56216 122256596856.57425 1008.5333333333333 5.027767686799172
506.36451609000005 476.8986461110902 122256596856.57425 120754326223.20282 879.9677419354839 5.429807127733559
315.75161285 476.55983902192213 120754326223.20282 119306397900.9219 640.6129032258065 6.440840645488448
227.82666662999998 476.2332877539291 119306397900.9219 118081351620.94301 424.56666666666666 7.404674937657909
183.30322581000001 475.9570224573812 118081351620.94301 117116066667.19136 247.09677419354838 8.088247144353163
175.52333337000002 475.7394198979241 117116066667.19136 116703701005.515 137.2 8.563230579722307
262.50967743 475.646461002145 116703701005.515 117129841762.61281 140.96774193548387 8.529924036960711
571.4677419 475.74252519445736 117129841762.61281 118133776464.03923 258.93548387096774 8.041599565087463
939.83214281 475.9688405013614 118133776464.03923 119496977479.90935 451.2142857142857 7.423158741680455
2323.1806447 476.27626916551856 119496977479.90935 123266995824.02528 877.1612903225806 5.465236355252388
3496.29 477.12270249869323 123266995824.02528 127798723873.07834 1578.6 2.704516618694866
3116.6806447 478.11239453336464 127798723873.07834 130915633206.45425 1748.0 1.9475028589924452
1863.0633337 478.78515717816845 130915633206.45425 130997363991.02026 1638.0 2.3490758801915668
798.02903229 478.8027981849817 130997363991.02026 128225684408.95784 1638.0 2.1223858505678592
479.89354837999997 478.20455091926567 128225684408.95784 124677213334.31818 1581.967741935484 2.402550708559959
331.58333337 477.4311490232542 124677213334.31818 121808736240.58795 1155.9 4.405316745133149
233.19354838 476.797640108387 121808736240.58795 119619396240.01978 749.1935483870968 5.980334865743682
199.61333337 476.30387826793407 119619396240.01978 118388732862.23557 474.8333333333333 7.201108733756062
323.29354837999995 476.0263267618934 118388732862.23557 118350398929.14369 375.4516129032258 7.555241419253457
592.3677418999999 476.01768131013614 118350398929.14369 118967539070.64706 424.5806451612903 7.351672054692205
936.29642854 476.1568649234657 118967539070.64706 120051454835.88034 563.3928571428571 6.999095124100544
2038.2096771 476.40132044110965 120051454835.88034 123002064843.26616 898.0967741935484 5.37332138111507
2897.7066663 477.0647560899532 123002064843.26616 126430727169.45161 1406.3 3.407316065759641
3324.7580648000003 477.8146822330384 126430727169.45161 130096617668.03893 1752.1612903225807 1.9611271019282572
2012.1133336999999 478.60837851673625 130096617668.03893 130568748174.40187 1637.0 2.365354917164618
812.15161285 478.71028451854136 130568748174.40187 127838570374.80878 1637.0 2.1332236203037596
461.01612905 478.1209951165139 127838570374.80878 124322047302.6937 1551.5806451612902 2.5370564605901933
309.19 477.3534661641937 124322047302.6937 121527920755.20271 1105.2666666666667 4.615101708704334
222.8322581 476.7343077932347 121527920755.20271 119416546076.78694 710.0967741935484 6.145721105526904
216.99333337000002 476.25812947153514 119416546076.78694 118293017736.89268 451.03333333333336 7.297762759463415
302.85483866 476.0047401301066 118293017736.89268 118244037585.84555 358.96774193548384 7.623933041932564
506.17741933 475.9936964801275 118244037585.84555 118710516060.46016 394.5806451612903 7.476475612444917
694.76785719 476.0988985251376 118710516060.46016 119392164858.21664 487.9642857142857 7.283107344962264
1067.16451609 476.252630775421 119392164858.21664 120456286494.28171 631.7096774193549 6.486386344793464
2910.7966663 476.49262212320286 120456286494.28171 124779820786.58345 1075.8666666666666 4.773608665026185
2674.9419352 477.4535915981154 124779820786.58345 127126922874.04659 1596.8709677419354 2.391368691958066
1665.1733337 477.96695600919656 127126922874.04659 126707728374.47702 1637.0 2.4094404972014907
703.25806447 477.8752686733327 126707728374.47702 124087625865.15347 1490.5806451612902 2.811446268837294
403.78064514 477.30219288389185 124087625865.15347 121645827877.74458 1096.5806451612902 4.504158281504061
286.01666663 476.76089938604974 121645827877.74458 119730207881.5085 746.3333333333334 6.094083772841603
188.44838715 476.3288696169392 119730207881.5085 118186696540.38786 466.03225806451616 7.173503837861387
159.60999999999999 475.98077018493865 118186696540.38786 117368580760.14587 276.93333333333334 8.001352229238833
303.74193553 475.7963437241086 117368580760.14587 117649120742.60977 236.67741935483872 8.133072776500002
623.62903229 475.8595853793079 117649120742.60977 118582974911.96307 337.4193548387097 7.715394798843667
1007.62142854 476.07013417049234 118582974911.96307 119935803201.21889 523.4642857142857 7.150631066157429
2537.077419 476.37523752846613 119935803201.21889 124019381412.51099 973.8709677419355 5.05896967827233
3355.38 477.28726627570234 124019381412.51099 127983066514.50089 1656.4666666666667 2.411290277485792
3613.3838715 478.1521835774878 127983066514.50089 132532545648.39027 1709.0 2.0219152830992577
2317.73 479.1321875049745 132532545648.39027 133790280516.86784 1637.0 2.3293530263616464
1105.9806447 479.39967684323005 133790280516.86784 131838320084.45726 1637.0 2.084261609323571
554.9 478.9843125587001 131838320084.45726 128266000525.49281 1662.0 2.055515304418945
384.34666663 478.21325286542043 128266000525.49281 124450095798.0222 1569.8 2.6683588194479615
262.96451609 477.3814732716584 124450095798.0222 121385554515.94667 1102.3548387096773 4.476102513182081
269.39 476.7021999359374 121385554515.94667 119689609883.72473 722.5333333333333 6.192108856350317
465.54838715 476.31971355068214 119689609883.72473 119500714141.5541 574.1612903225806 6.723922383218531
615.82258067 476.27711189480243 119500714141.5541 119761528832.60144 581.3870967741935 6.694940955725901
784.49642854 476.3359334308979 119761528832.60144 120280828690.45084 645.1785714285714 6.687820802952626
1166.5548391 476.4530511254963 120280828690.45084 121246538233.6864 767.6774193548387 5.914544170015685
1869.6466663 476.67084759442633 121246538233.6864 123076810237.58961 997.0333333333333 5.084052540704733
2124.4806447 477.08110460139756 123076810237.58961 124803882133.57724 1279.8709677419354 3.7462193566310926
1796.99 477.45885435992506 124803882133.57724 125227908753.66365 1445.2333333333333 3.2254639384190797
892.0903225699999 477.5515985900402 125227908753.66365 123524662663.69936 1338.032258064516 3.47506141842573
472.69032257000003 477.17906007517485 123524662663.69936 121432104634.22224 1035.516129032258 4.766293122537738
324.21333337000004 476.71269838390214 121432104634.22224 119671800876.09187 724.8 6.182628830371711
248.66451609 476.31569708527104 119671800876.09187 118280327397.5468 469.4516129032258 7.159547840502215
222.75 476.00187807793117 118280327397.5468 117563787204.362 300.73333333333335 7.905620901141526
310.16451609 475.84034878367044 117563787204.362 117789387096.29662 263.64516129032256 8.02100848911797
549.04193553 475.89120538690185 117789387096.29662 118510533077.18663 342.258064516129 7.694895081063202
910.83928573 476.05379636382196 118510533077.18663 119692405753.90617 497.2857142857143 7.249046304582546
1421.4290324 476.32034410327157 119692405753.90617 121423469428.71382 736.8387096774194 6.0472396750520865
2428.3 476.7107508860428 121423469428.71382 124385374093.0925 1118.4666666666667 4.591575887984468
3763.0193553 477.367317168218 124385374093.0925 129513317591.08974 1645.774193548387 2.2032334418445334
2436.1266663 478.48247735616013 129513317591.08974 131084611541.66573 1637.0 2.3740082238791
1201.3548391 478.82162994639884 131084611541.66573 129394386979.4779 1637.0 2.1253156470552694
570.33548391 478.4568070320479 129394386979.4779 125940862214.73994 1635.6129032258063 2.1571243830136435
369.71666662999996 477.70753766726597 125940862214.73994 122723143997.79321 1327.2666666666667 3.692105754600206
253.13548391 477.0037497807947 122723143997.79321 120250346768.1108 873.7741935483871 5.4517405946485695
229.42333337000002 476.4461765376885 120250346768.1108 118863486587.20638 564.3333333333334 6.837527143417057
326.73548390999997 476.13339796734465 118863486587.20638 118664543284.21652 438.93548387096774 7.289947051863667
611.35161285 476.08853028511874 118664543284.21652 119211812662.58089 469.741935483871 7.162969935601483
985.7 476.21195594555275 119211812662.58089 120315520709.31906 604.7142857142857 6.842808723425493
2291.8129028000003 476.4608752163552 120315520709.31906 123727822433.65312 979.2258064516129 5.033044890761429
4449.55 477.2234957203966 123727822433.65312 129918493489.58 1890.7333333333333 1.9704849045070176
3880.1516134000003 478.56993168348373 129918493489.58 135037529616.57784 1761.0 1.8880389891113945
2453.6166663 479.66493611581836 135037529616.57784 136641279961.24901 1637.0 2.292736706780069
1187.2322580999999 480.00528696228247 136641279961.24901 134899770030.03882 1637.0 2.041249976851237
572.03870972 479.63563803276026 134899770030.03882 131431514425.76062 1637.0 2.067503177384408
376.46333337000004 478.89650645926196 131431514425.76062 127409907605.00294 1637.0 2.3455516091706423
265.80322581 478.0284713155629 127409907605.00294 123364436102.52676 1467.7096774193549 2.8983668819596176
237.89333337 477.1440148955658 123364436102.52676 120914628074.2946 980.2333333333333 5.132452546198941
367.29354837999995 476.5959918976758 120914628074.2946 120076914555.00142 718.3225806451613 6.115668188786894
550.31935486 476.4070623714482 120076914555.00142 119990522418.78024 645.6451612903226 6.42413588154988
850.14285719 476.38757835335593 119990522418.78024 120567271544.89459 687.1785714285714 6.528609390428144
1251.4677419000002 476.517652581167 120567271544.89459 121616467708.82954 821.3548387096774 5.6886584399261055
1511.1299999999999 476.75427778728675 121616467708.82954 122556111839.77385 982.2 5.14054014749963
1515.1870972000002 476.9661957239002 122556111839.77385 123127388583.35635 1103.1935483870968 4.49245147772444
1241.4633337 477.0921672317053 123127388583.35635 122931740564.26723 1130.6 4.524430120892276
613.77419352 477.0493745766114 122931740564.26723 121422876716.25777 989.1935483870968 4.966266268305451
406.15806447 476.71061721160527 121422876716.25777 119933753232.4386 745.6774193548387 5.997848563238954
301.93 476.37477519901637 119933753232.4386 118647916016.58711 521.2666666666667 7.012677210871656
195.04838715 476.0847803375253 118647916016.58711 117505618648.2357 324.19354838709677 7.7669765583647985
181.53666663 475.82723594414693 117505618648.2357 116970759315.6782 190.13333333333333 8.350743651244153
338.30322581 475.7066635066903 116970759315.6782 117467614984.73424 190.41935483870967 8.325175373929518
