468.56451609000004 477.2554680664917 123874000000.0 122267648100.74118 1132.3548387096773 4.356124840470847
661.65 476.90113849813736 122267648100.74118 121722212424.00906 963.2142857142857 5.471424593486372
954.15483866 476.7781263924242 121722212424.00906 121712110218.42119 919.4193548387096 5.269523277376287
1663.9866663 476.77584804204355 121712110218.42119 122943476886.15276 1022.3 4.977465831829795
2701.1419352 477.0519415761489 122943476886.15276 126029002833.12662 1348.8064516129032 3.4589091557677563
1579.67 477.7268160177442 126029002833.12662 125818220683.22528 1472.0 3.0998774421464086
728.32258067 477.6807131853074 125818220683.22528 123575657022.9183 1375.3225806451612 3.3102538343234222
451.62580648 477.19021369705126 123575657022.9183 121419111431.83894 1038.3225806451612 4.754012503837138
341.39333337 476.7097680270272 121419111431.83894 119700110169.30885 726.0333333333333 6.177733199919807
305.58064514 476.3220816800426 119700110169.30885 118422613549.90569 483.6774193548387 7.100243590200747
427.20333337 476.03396787323084 118422613549.90569 118091153774.69887 356.26666666666665 7.682340462109783
648.4677419 475.95923214037396 118091153774.69887 118868883157.48997 395.96774193548384 7.4713176245368835
826.24193553 476.13461505581637 118868883157.48997 119813312341.58072 536.483870967742 6.884951235714563
990.3142857299999 476.34761216544445 119813312341.58072 120730112598.70969 686.7857142857143 6.531162008545124
1364.1709675999998 476.5543781232994 120730112598.70969 121967591893.74223 863.7096774193549 5.5107420467315995
2150.7633336999997 476.83346682312634 121967591893.74223 124150454932.0127 1141.3666666666666 4.493138522742019
1844.0354837999998 477.3159350244997 124150454932.0127 124888445936.01462 1368.1612903225807 3.3621169446302046
1195.78 477.47735037970574 124888445936.01462 123998759922.22232 1351.4 3.606615014365687
612.82903229 477.2827558885001 123998759922.22232 122111393322.04036 1128.741935483871 4.369963206573334
447.22580648 476.8658983586018 122111393322.04036 120466410711.20367 844.258064516129 5.5804392401184995
342.41999999999996 476.4949054377996 120466410711.20367 119081122815.43103 599.4333333333333 6.694824338059443
279.25161285 476.18248146491453 119081122815.43103 117967571718.64125 396.96774193548384 7.4633287890255335
262.38666663000004 475.93137324586144 117967571718.64125 117444024901.8877 266.1333333333333 8.045224348306967
387.09354837999996 475.81335096976727 117444024901.8877 117879813271.20193 262.0967741935484 8.027723855363298
507.59677418999996 475.9115900070338 117879813271.20193 118478398276.71863 346.5806451612903 7.676688998760424
774.675 476.04654900241735 118478398276.71863 119396627309.70111 470.0357142857143 7.3512740900856
1223.7258067 476.2536371920841 119396627309.70111 120801189778.3284 661.1290322580645 6.364072240099334
1838.29 476.5704081592982 120801189778.3284 122718939973.46281 932.2666666666667 5.349647753241195
2340.2064514000003 477.00283026541183 122718939973.46281 125043893756.19452 1272.4193548387098 3.7817818533184937
1566.3966663 477.51135034037503 125043893756.19452 124893772212.7603 1436.2 3.2590928601651434
753.0903225699999 477.4785153571217 124893772212.7603 123001688609.27287 1269.9354838709678 3.7659785283345535
459.57419352 477.0646737990536 123001688609.27287 121065905525.39507 964.3548387096774 5.069729977781915
348.36 476.63010950054013 121065905525.39507 119484380260.89427 680.3666666666667 6.364581231747224
275.34838715 476.2734281147709 119484380260.89427 118218022039.7284 449.61290322580646 7.242888733119854
290.91333337000003 475.9878318394338 118218022039.7284 117667901378.3152 304.6666666666667 7.890019993601577
434.71290324 475.863819066347 117667901378.3152 118128542672.94313 300.48387096774195 7.868236735296589
637.39677419 475.96766065665986 118128542672.94313 118922594277.24455 403.51612903225805 7.439890336499769
1032.23214281 476.14672852441237 118922594277.24455 120214205026.41115 573.5 6.961414888574646
2827.0580648 476.438025490846 120214205026.41115 124835801386.05785 1062.8709677419354 4.685661246611856
3413.81 477.4658358237222 124835801386.05785 129435194686.5154 1468.8666666666666 3.1287704381650414
3811.2419351999997 478.4656150845058 129435194686.5154 135144228760.29141 1472.0 2.8522855867364676
2570.3199999999997 479.687628404996 135144228760.29141 137477164152.52606 1472.0 2.97869281348831
1289.1032257000002 480.16155620723987 137477164152.52606 136447777675.97874 1472.0 2.743977045981584
617.22258067 479.9648612666905 136447777675.97874 133537351134.35371 1472.0 2.7565386506854246
416.55 479.34588497115135 133537351134.35371 130039005236.55957 1472.0 2.999813677165049
321.3 478.59594328438584 130039005236.55957 126116851156.6084 1473.0 2.839704095678056
291.24333336999996 477.7460304367035 126116851156.6084 122853723352.07863 1345.0 3.6175157204829693
292.20967743 477.03231044446164 122853723352.07863 121165018410.59117 961.258064516129 5.084060911272318
513.4516128500001 476.6524624290914 121165018410.59117 120612727807.54161 783.0 5.843946544172853
813.6857142700001 476.52790433187675 120612727807.54161 120913207698.68681 765.1071428571429 6.23141722321662
941.59354838 476.5956715603714 120913207698.68681 121163059452.45378 809.9354838709677 5.733514179525651
1087.84333337 476.65202062527146 121163059452.45378 121360340412.28934 846.0333333333333 5.694776390250254
1113.3645162 476.6965133992533 121360340412.28934 121479678822.68304 871.5483870967741 5.472682353998025
1093.40666663 476.7234277904111 121479678822.68304 121538489696.77397 885.8 5.53149080470707
587.67096771 476.73669140657955 121538489696.77397 120469358838.90157 800.0322580645161 5.769930803709488
399.67741933 476.495570329026 120469358838.90157 119306242241.49367 618.3548387096774 6.535379920303821
292.07666663000003 476.23325264805896 119306242241.49367 118217919650.08162 435.96666666666664 7.358827874613299
247.67096770999999 475.9878087579084 118217919650.08162 117344177759.27878 277.0 7.963964165933442
231.76999999999998 475.7908425967716 117344177759.27878 116971785185.582 177.76666666666668 8.400539824142383
313.14516134 475.7068947668129 116971785185.582 117413338855.16803 185.90322580645162 8.343838391585521
527.89354838 475.8064334659982 117413338855.16803 118221580806.46634 288.48387096774195 7.918632053058564
872.45714281 475.9886340862187 118221580806.46634 119420322388.06978 451.82142857142856 7.420535599312965
1981.5193553 476.25898114300173 119420322388.06978 122471168621.02084 804.0967741935484 5.769616221976101
2229.3033337 476.947038480158 122471168621.02084 124650643790.39671 1220.8 4.165856295183774
1881.1870972000002 477.42533766194157 124650643790.39671 125299301819.83243 1438.225806451613 3.060826272162311
1156.0333337 477.56721387135445 125299301819.83243 124186832473.40172 1397.3333333333333 3.4142122338218774
515.3548386599999 477.3238916171045 124186832473.40172 122020314964.44035 1135.4516129032259 4.339747287579495
364.8677419 476.84535745702306 122020314964.44035 120227995399.80835 817.0967741935484 5.6947894038501286
279.83000000000004 476.44113563369604 120227995399.80835 118792914922.38466 556.4333333333333 6.86948717934306
219.46774190000002 476.11748194009573 118792914922.38466 117651825782.27373 347.93548387096774 7.667969479906755
268.43666663 475.8601951718381 117651825782.27373 117250479400.85327 225.3 8.209600625423118
445.07419352 475.7697203338263 117250479400.85327 117881517687.71303 247.16129032258064 8.08998828132254
620.75483866 475.9119742307739 117881517687.71303 118726620390.79994 367.741935483871 7.589036418827711
767.28928573 476.1025305346865 118726620390.79994 119549150255.87971 502.2857142857143 7.229354171792155
946.56129028 476.2880356914478 119549150255.87971 120294486489.4247 630.1290322580645 6.491988579688051
1033.55 476.4561313688373 120294486489.4247 120677780989.31654 720.6333333333333 6.20723270960772
983.8838709500001 476.54257577566904 120677780989.31654 120757996230.34077 757.3870967741935 5.95446492132024
678.42333337 476.5606667186154 120757996230.34077 120185688615.66832 715.3 6.225592367900872
426.71612905 476.43159418485976 120185688615.66832 119247860406.82158 591.2903225806451 6.649803441812859
322.08064514 476.2200857931487 119247860406.82158 118351458577.30844 442.38709677419354 7.273954031463162
244.99666663 476.01792029258195 118351458577.30844 117495342581.31221 300.5 7.906354636497898
182.38709676 475.82491942770787 117495342581.31221 116737471797.20639 169.48387096774192 8.41083088648433
208.45 475.6540738947715 116737471797.20639 116526619704.16748 92.66666666666667 8.741740192981265
283.94193553 475.60654186297734 116526619704.16748 117062286703.76817 121.48387096774194 8.610609183487648
442.87419352 475.7272963714536 117062286703.76817 117808970907.102 226.32258064516128 8.17658695869096
698.30357146 475.8956201323494 117808970907.102 118791797349.87683 366.7142857142857 7.7405156109937385
1154.1419352 476.1172298939731 118791797349.87683 120259207554.45706 568.1935483870968 6.753736911682551
2363.3566663 476.44817491079317 120259207554.45706 123482259756.91411 953.6333333333333 5.268308507417804
3242.9032257 477.16978559862514 123482259756.91411 127828880549.63197 1418.6451612903227 3.158940773027556
1786.5066662999998 478.1189036368729 127828880549.63197 128149379351.93727 1472.0 3.0756451429042855
760.89677419 478.1880810170381 128149379351.93727 125729412468.27203 1472.0 2.8700098517208206
404.64516134 477.6612888163325 125729412468.27203 122729400020.94951 1304.3870967741937 3.610600341018274
279.90333337 477.0051181148184 122729400020.94951 120423390651.26668 889.5666666666667 5.505743849998491
215.84838715 476.4852031238761 120423390651.26668 118691675269.7331 562.7741935483871 6.767246791372328
206.87333337 476.0946493616899 118691675269.7331 117798597422.79645 352.6333333333333 7.696023908557414
338.94193553 475.8932816552742 117798597422.79645 118003588545.32129 300.16129032258067 7.869188460169276
513.38064514 475.9394924583682 118003588545.32129 118570930194.41832 364.06451612903226 7.603833069673259
870.33571427 476.0674177253988 118570930194.41832 119651368409.23279 498.7142857142857 7.2434278450724285
1426.8 476.3110889511125 119651368409.23279 121408841741.88829 732.3548387096774 6.066184688553886
1927.4266662999999 476.707451903899 121408841741.88829 123306283854.24606 1028.7333333333333 4.9544003483939845
1221.6612905 477.1312956811562 123306283854.24606 122972108893.54233 1147.4516129032259 4.298898004244547
522.56333337 477.05820404495677 122972108893.54233 121299877223.62662 982.2333333333333 5.127871450638034
350.29032257 476.68287713658697 121299877223.62662 119797971617.23383 724.6774193548387 6.0864271259731915
284.14838714999996 476.3441523719517 119797971617.23383 118622073816.81068 508.35483870967744 6.997107671762421
216.21333337 476.07895214632623 118622073816.81068 117610637089.55682 331.3666666666667 7.781647270259753
163.72258067 475.85091007429145 117610637089.55682 116770764257.77286 181.32258064516128 8.361637027453881
163.42333337000002 475.6615789580191 116770764257.77286 116452422126.17873 89.13333333333334 8.755836287516962
226.35161284999998 475.58981562808356 116452422126.17873 116888463763.95096 101.06451612903226 8.694985760200098
351.11290324 475.6881117592315 116888463763.95096 117496209080.5204 186.3548387096774 8.342123761051322
487.26071427 475.8251147611633 117496209080.5204 118156208204.81604 288.92857142857144 8.032262109978882
731.53548391 475.97389725086026 118156208204.81604 118926570257.00485 406.03225806451616 7.429352975811262
1313.1966663 476.14762522710976 118926570257.00485 120378994674.43748 588.5 6.7474961791894295
1177.8387095 476.47519049942207 120378994674.43748 120988783668.89699 753.6451612903226 5.972269128905998
490.84666663 476.61271620859196 120988783668.89699 119937578242.21419 712.5 6.235334635877858
308.6322581 476.3756378534538 119937578242.21419 118830787704.97084 536.6129032258065 6.878804259301854
240.85806447 476.1260233885816 118830787704.97084 117905878132.72757 372.2903225806452 7.56674038206779
176.28333337 475.9174657648169 117905878132.72757 117058800261.15373 228.93333333333334 8.194494776199944
127.03225809999999 475.7265104285739 117058800261.15373 116336365474.96819 101.54838709677419 8.692386164924502
132.14666663 475.56365317289635 116336365474.96819 116102596662.61185 25.633333333333333 9.009797206698783
235.11612905 475.5109550637087 116102596662.61185 116681804377.24615 56.32258064516129 8.879867304331626
374.49677419 475.6415248821565 116681804377.24615 117413833009.4501 163.29032258064515 8.437759461483846
512.6 475.8065448623648 117413833009.4501 118151681886.14998 282.07142857142856 8.058096754926932
662.51935486 475.9728768904757 118151681886.14998 118773004170.62189 392.6774193548387 7.484719921023472
861.1066666300001 476.1129914683405 118773004170.62189 119317991636.1976 487.03333333333336 7.155910843753911
955.85161285 476.2359024889936 119317991636.1976 119822239628.37408 572.1935483870968 6.734187875433734
525.09333337 476.3496255363947 119822239628.37408 119248961989.67738 563.2333333333333 6.8442441025544
324.63548391 476.22033423312524 119248961989.67738 118422305073.71877 448.5483870967742 7.248347720528429
249.72903229000002 476.0338983025978 118422305073.71877 117662347053.37083 319.93548387096774 7.785350999479475
182.18666663000002 475.8625669642405 117662347053.37083 116912678292.6498 197.53333333333333 8.3208159964457
129.8 475.69357039960545 116912678292.6498 116248509705.41461 82.74193548387096 8.77024651169481
130.45999999999998 475.5438479949086 116248509705.41461 116041585752.59706 13.666666666666666 9.057598810697455
218.72258067 475.49759318449543 116041585752.59706 116606397320.6985 45.29032258064516 8.925395528318552
404.33870972 475.62452599655063 116606397320.6985 117430253582.01062 158.83870967741936 8.456262266855884
733.26785719 475.81024652434866 117430253582.01062 118607044309.30814 321.39285714285717 7.911110257468862
956.14193553 476.07556254156697 118607044309.30814 119707712417.37773 507.19354838709677 7.007849602939977
1355.0700000000002 476.32379621501525 119707712417.37773 120977975321.68059 700.0666666666667 6.294028407948363
1597.1806447000001 476.61027860209305 120977975321.68059 122289013886.88927 910.1935483870968 5.3147100045784565
1189.9866663 476.905957123791 122289013886.88927 122272005517.84692 1010.9 5.0180509346515905
508.36451609000005 476.9021212263976 122272005517.84692 120768314799.9651 882.483870967742 5.4191449490825825
317.75161285 476.56299386557623 120768314799.9651 119319913662.39789 642.7741935483871 6.431740185507136
228.82666662999998 476.23633596355387 119319913662.39789 118092230220.96657 426.56666666666666 7.396576887720716
184.30322581000001 475.959474801841 118092230220.96657 117125089471.13391 248.7741935483871 8.081269784948862
175.52333337000002 475.7414538934026 117125089471.13391 116709593626.26195 138.4 8.558417568795093
262.50967743 475.6477893657038 116709593626.26195 117133404042.99692 141.83870967741936 8.526318481468579
571.4677419 475.7433282333176 117133404042.99692 118135872351.89708 259.48387096774195 8.039323221330058
939.83214281 475.96931297382713 118135872351.89708 119498210902.83104 451.57142857142856 7.421813505797643
2324.1806447 476.27654733938454 119498210902.83104 123269869754.27356 877.5483870967741 5.463616351113613
3497.29 477.12333109236084 123269869754.27356 128232667624.14561 1413.2333333333333 3.3757144379591963
3117.6806447 478.20605819644845 128232667624.14561 132089456148.28142 1472.0 2.868861768192021
1867.0633337 479.0379532429352 132089456148.28142 132608600434.87906 1472.0 3.0188448666753454
801.02903229 479.14836249146725 132608600434.87906 130282432865.64111 1473.0 2.804400768251729
481.89354837999997 478.64848540160614 130282432865.64111 127024768374.87762 1473.0 2.83634629865702
333.58333337 477.94461250544134 127024768374.87762 123475961138.09639 1417.5333333333333 3.309380569121066
233.19354838 477.16840794796514 123475961138.09639 120691562814.94627 969.258064516129 5.0448141628729175
199.61333337 476.5456839907411 120691562814.94627 119088568725.34639 617.5666666666667 6.620381169734555
323.29354837999995 476.18416074094415 119088568725.34639 118802223204.58401 468.16129032258067 7.167586444496094
592.3677418999999 476.1195812369382 118802223204.58401 119259327048.91705 484.4516129032258 7.101279409979414
936.29642854 476.2226718648888 119259327048.91705 120248086104.1692 602.8214285714286 6.849659056214263
2039.2096771 476.4456666901599 120248086104.1692 123131046327.59058 924.3225806451613 5.262362966264656
2899.7066663 477.09296726325255 123131046327.59058 126634442942.69794 1379.3666666666666 3.5149410421413467
3325.7580648000003 477.8592394887791 126634442942.69794 131051961026.46786 1472.0 2.891010784823921
2016.1133336999999 478.8145825656093 131051961026.46786 131959420092.97667 1472.0 3.032649906239982
815.15161285 479.010297765414 131959420092.97667 129675290832.51434 1472.0 2.817500307016074
463.01612905 478.5174381248682 129675290832.51434 126371531295.26157 1472.0 2.848975991961102
310.19 477.80173475399425 126371531295.26157 122938046332.42114 1350.5 3.5918883415168814
222.8322581 477.05075379099327 122938046332.42114 120322416952.25562 896.5806451612904 5.354371122322157
216.99333337000002 476.46243052599357 120322416952.25562 118884380749.25215 571.6 6.807847548692754
302.85483866 476.1381102276166 118884380749.25215 118625617310.07559 437.38709677419354 7.296285686257184
506.17741933 476.0797513103463 118625617310.07559 118956979156.91765 445.1290322580645 7.265270861322657
694.76785719 476.15448334616997 118956979156.91765 119558296717.4393 521.25 7.1572055525773015
1068.16451609 476.29009849288207 119558296717.4393 120565754083.07257 653.8387096774194 6.393341397437962
2912.7966663 476.5173103480091 120565754083.07257 124855825159.58823 1090.7 4.71266093984066
2676.9419352 477.47021547672534 124855825159.58823 127553354107.49821 1467.8709677419354 2.9332361334112953
1669.1733337 478.05943321983557 127553354107.49821 127570709518.76906 1472.0 3.079320609487251
705.25806447 478.06317926155174 127570709518.76906 125005137733.70914 1471.3225806451612 2.8808554913825724
405.78064514 477.50287352005887 125005137733.70914 122245876647.775 1216.2903225806451 3.9905291521866655
287.01666663 476.8962283824481 122245876647.775 120123479477.10547 826.4 5.765608182242
189.44838715 476.4175641581203 120123479477.10547 118441427529.63531 518.258064516129 6.954253695390749
159.60999999999999 476.0382109899944 118441427529.63531 117534794733.09984 310.8666666666667 7.864491621946472
303.74193553 475.83381305976104 117534794733.09984 117756395201.09927 258.7096774193548 8.04150852399414
623.62903229 475.88376807959855 117756395201.09927 118652050623.02133 351.7096774193548 7.655869960387212
1008.62142854 476.0857128152957 118652050623.02133 119984370885.93771 532.9642857142857 7.114707114516763
2538.077419 476.3861909981817 119984370885.93771 124053066938.52498 980.4193548387096 5.031249736954597
3357.38 477.29463406354444 124053066938.52498 128563098764.7557 1447.5666666666666 3.225940725718404
3614.3838715 478.27737940098336 128563098764.7557 133747757379.23166 1472.0 2.864306954652502
2320.73 479.3906332154895 133747757379.23166 135437642554.76175 1472.0 2.9970480890810087
1109.9806447 479.75003031789913 135437642554.76175 133933802243.48822 1472.0 2.770258482264877
556.9 479.4302003920647 133933802243.48822 130869110155.95134 1472.0 2.7906839039334237
385.34666663 478.7751155095945 130869110155.95134 127299423259.72932 1472.0 3.0350890995858
262.96451609 478.0046240577875 127299423259.72932 123410429810.52243 1406.4193548387098 3.1593050605856856
269.39 477.15407476170657 123410429810.52243 121011482074.85146 992.0333333333333 5.084125936221369
465.54838715 476.6178353799845 121011482074.85146 120354350458.89267 749.1935483870968 5.986179256710741
615.82258067 476.4696324896014 120354350458.89267 120312769068.12671 694.516129032258 6.218784780323462
784.49642854 476.4602546387295 120312769068.12671 120652271063.49782 719.6785714285714 6.404370844495421
1167.5548391 476.5368225222142 120652271063.49782 121488047047.72563 817.1290322580645 5.7055925196208985
1872.6466663 476.72531507616725 121488047047.72563 123241673634.4457 1029.4333333333334 4.950799125854331
2127.4806447 477.11716396203974 123241673634.4457 124918099353.05519 1301.6451612903227 3.6528931846503845
1800.99 477.4838362539491 124918099353.05519 125318822764.69542 1458.1333333333334 3.171390432224846
896.0903225699999 477.5714835443341 125318822764.69542 123594294785.14821 1349.9032258064517 3.4238846631904973
474.69032257000003 477.19429019797644 123594294785.14821 121481345209.39894 1045.0645161290322 4.725529727848103
326.21333337000004 476.72380361059965 121481345209.39894 119708268009.35297 731.6666666666666 6.1545335959949155
248.66451609 476.3239215176709 119708268009.35297 118303797118.02983 474.258064516129 7.13938684537146
222.75 476.00717120388583 118303797118.02983 117579169883.21123 303.8333333333333 7.893116139092535
310.16451609 475.84381647502505 117579169883.21123 117799160426.4197 265.741935483871 8.012290509182614
549.04193553 475.8934085722317 117799160426.4197 118516943765.66927 343.51612903225805 7.689652669966945
910.83928573 476.0552421663665 118516943765.66927 119696575090.03555 498.2142857142857 7.245539110731116
1423.4290324 476.32128441363 119696575090.03555 121430486935.26268 737.7741935483871 6.043318372722325
2431.3 476.7123335442631 121430486935.26268 124396346537.49156 1119.9333333333334 4.585573532029722
3763.0193553 477.36971709044 124396346537.49156 130017787106.21115 1461.3548387096773 2.967037210754121
2439.1266663 478.59136350231194 130017787106.21115 132022871077.10225 1472.0 3.0464455755610116
1206.3548391 479.023792232476 132022871077.10225 130785148907.4601 1472.0 2.8166385046715483
572.33548391 478.7569930730542 130785148907.4601 127770643950.16132 1472.0 2.8336772020910788
370.71666662999996 478.10633368231413 127770643950.16132 124223151273.99956 1453.0666666666666 3.1540556816049747
253.13548391 477.3318353617672 124223151273.99956 121217239117.07031 1070.9354838709678 4.610546102045394
229.42333337000002 476.664239764788 121217239117.07031 119494655196.08305 693.0333333333333 6.312435187952863
326.73548390999997 476.2757454208577 119494655196.08305 119071689816.47833 522.6774193548387 6.939068435447397
611.35161285 476.18035404070326 119071689816.47833 119474702268.80661 523.7096774193549 6.936944114064767
986.7 476.27124543725904 119474702268.80661 120494636834.46483 640.4285714285714 6.707293007237418
2292.8129028000003 476.5012712752514 120494636834.46483 123846640715.67393 1002.7096774193549 4.933461714622036
4449.55 477.2494839710573 123846640715.67393 131177285209.43723 1450.6 3.2163561685275868
3880.1516134000003 478.84163289648984 131177285209.43723 137066204417.24731 1472.0 2.8282718164658487
2456.6166663 480.08472694283927 137066204417.24731 139100966772.64267 1472.0 2.954150823055123
1192.2322580999999 480.46512745796275 139100966772.64267 137809294545.1365 1472.0 2.7245899583402853
574.03870972 480.22364826044804 137809294545.1365 134779688980.39052 1472.0 2.740011637285903
377.46333337000004 479.610099740619 134779688980.39052 131175836791.57573 1472.0 2.9834843389111265
265.80322581 478.8413202658269 131175836791.57573 127100838405.73946 1473.0 2.824022845265956
237.89333337 477.96125074491243 127100838405.73946 123477113241.46362 1429.9333333333334 3.2576212646343095
367.29354837999995 477.1686599390778 123477113241.46362 121732525353.59921 1057.3225806451612 4.675252472716911
550.31935486 476.78045226738817 121732525353.59921 121059707350.40784 865.0322580645161 5.49674273908512
850.14285719 476.62871162616324 121059707350.40784 121287634708.17064 831.7142857142857 5.977345239431041
1252.4677419000002 476.68011608213135 121287634708.17064 122083281165.61821 916.9032258064516 5.283938123768892
1514.1299999999999 476.8595582240907 122083281165.61821 122867332096.53973 1044.9 4.882387483837805
1519.1870972000002 477.0352869852449 122867332096.53973 123339002373.50453 1144.1290322580646 4.317601121241529
1245.4633337 477.1384519627088 123339002373.50453 123080464087.06645 1158.7 4.408154528560024
615.77419352 477.08190378107315 123080464087.06645 121523159303.5983 1009.1612903225806 4.881153394975417
408.15806447 476.7332339430758 121523159303.5983 120002507951.22235 759.3548387096774 5.939979777922351
302.93 476.3902814504335 120002507951.22235 118694856735.72397 530.6 6.9747401890360745
196.04838715 476.0953668777005 118694856735.72397 117538311951.72517 330.4516129032258 7.740857924376254
181.53666663 475.834605940425 117538311951.72517 116991975787.51726 194.53333333333333 8.333062863147184
338.30322581 475.7114463001617 116991975787.51726 117481410245.45583 193.19354838709677 8.313669714647926
