466.56451609000004 477.2554680664917 123874000000.0 122263239662.37366 1132.0 4.3576152105779595
660.65 476.9001442630522 122263239662.37366 121717281172.57877 962.4285714285714 5.474431921140334
952.15483866 476.7770142473114 121717281172.57877 121704590261.00735 918.3870967741935 5.273881834788179
1659.9866663 476.7741520660819 121704590261.00735 122930363444.74396 1020.4666666666667 4.984953428488194
2699.1419352 477.04907336936657 122930363444.74396 126069641503.39119 1326.741935483871 3.5515533448627368
1575.67 477.73570461578987 126069641503.39119 125998571612.0452 1414.0 3.336247015059593
719.32258067 477.72016002013237 125998571612.0452 123740307620.84456 1372.0 3.321922351322124
439.62580648 477.22622651374553 123740307620.84456 121499339802.42207 1057.7096774193549 4.670986387548323
329.39333337 476.727861931083 121499339802.42207 119726747548.12164 734.6333333333333 6.142416194250853
296.58064514 476.32808920796606 119726747548.12164 118420000225.00465 485.5806451612903 7.0922002973646485
423.20333337 476.0333784900777 118420000225.00465 118080955010.33163 355.2 7.686630169081091
647.4677419 475.95693305011986 118080955010.33163 118859802488.21338 394.5483870967742 7.477238638643758
824.24193553 476.1325670925154 118859802488.21338 119803186448.52003 534.8709677419355 6.89169473613754
989.3142857299999 476.3453284728281 119803186448.52003 120721187371.0083 685.2857142857143 6.536860475284875
1362.1709675999998 476.5523652167362 120721187371.0083 121957462120.32092 862.1612903225806 5.517273675762493
2147.7633336999997 476.8311822553723 121957462120.32092 124137412463.34222 1139.5 4.500802088139005
1841.0354837999998 477.3130823410635 124137412463.34222 124874316835.95064 1365.5806451612902 3.3731317810170482
1190.78 477.47426002536105 124874316835.95064 123979399380.42473 1348.4333333333334 3.6188760617598845
602.82903229 477.2785212993055 123979399380.42473 122077067445.57234 1124.3548387096773 4.388601360466546
435.22580648 476.85815684383675 122077067445.57234 120417867213.11218 837.6129032258065 5.608518821641738
330.41999999999996 476.48395742289404 120417867213.11218 119023964162.9331 590.8333333333334 6.729777252268347
270.25161285 476.16959047427446 119023964162.9331 117911254012.50705 387.741935483871 7.50186578886372
258.38666663000004 475.9186776403307 117911254012.50705 117398816127.67168 257.9 8.078369683279881
386.09354837999996 475.80315963202696 117398816127.67168 117848581212.0141 255.8709677419355 8.053596681743684
505.59677418999996 475.9045494165947 117848581212.0141 118453881179.90884 342.06451612903226 7.695498520526184
773.675 476.0410196616844 118453881179.90884 119378224378.23177 466.5 7.3646210010878
1221.7258067 476.24948677903285 119378224378.23177 120785042369.36826 658.2903225806451 6.375990353488786
1835.29 476.56676643422827 120785042369.36826 122702051514.15291 929.5666666666667 5.360686768846392
2337.2064514000003 476.9991094980047 122702051514.15291 125029900870.8224 1268.3548387096773 3.7990135620234646
1562.3966663 477.50828977927 125029900870.8224 124926920642.18219 1414.0 3.349748200070847
744.0903225699999 477.4857656697686 124926920642.18219 123004810800.01176 1272.1290322580646 3.7563439458468864
447.57419352 477.065356692916 123004810800.01176 121041758275.43103 962.5483870967741 5.077273845197591
336.36 476.62466357136464 121041758275.43103 119443248569.28877 674.9666666666667 6.386542867716331
266.34838715 476.26415168454866 119443248569.28877 118172061046.59198 442.48387096774195 7.272705965139825
286.91333337000003 475.97747093025066 118172061046.59198 117629483681.66264 297.8 7.917694643991028
433.71290324 475.85515862977064 117629483681.66264 118101512630.66078 295.2258064516129 7.890114769918563
635.39677419 475.9615673198063 118101512630.66078 118900813428.17445 399.5483870967742 7.456439323441683
1031.23214281 476.14181628961984 118900813428.17445 120197417177.28322 570.4285714285714 6.9730432302353735
2826.0580648 476.43423932730786 120197417177.28322 124824205292.69708 1059.9354838709678 4.698060674451803
3411.81 477.4632994953406 124824205292.69708 129565701134.05052 1412.0 3.360565930882286
3811.2419351999997 478.4937839702246 129565701134.05052 135429555614.59427 1414.0 3.0972104386636747
2567.3199999999997 479.74831042420124 135429555614.59427 137904318139.14716 1414.0 3.2167624476060865
1281.1032257000002 480.2414130004014 137904318139.14716 137007919610.71283 1414.0 2.989998590324541
606.22258067 480.07383054976873 137007919610.71283 134221650632.85568 1414.0 3.0002792757396346
405.55 479.4914186798927 134221650632.85568 130842515788.093 1414.0 3.232013620400479
312.3 478.76937530500606 130842515788.093 127050853955.57397 1414.0 3.080303729128654
287.24333336999996 477.9503180130302 127050853955.57397 123674068957.89268 1383.9 3.446729798893104
291.20967743 477.2117386172119 123674068957.89268 121694113956.52133 1069.1290322580646 4.623710070945419
511.45161285000006 476.77178934517843 121694113956.52133 120949699314.46336 852.8709677419355 5.547891705118018
812.6857142700001 476.60390151431284 120949699314.46336 121137949787.92659 810.6071428571429 6.057688453078965
939.59354838 476.6463576427439 121137949787.92659 121303638563.20381 839.3225806451613 5.609079956662636
1083.84333337 476.68372543148485 121303638563.20381 121443650679.55167 864.0333333333333 5.620918657434128
1108.3645162 476.7153023634532 121443650679.55167 121522471497.09811 881.6129032258065 5.429935445426436
1088.40666663 476.73307882207894 121522471497.09811 121555807935.81248 890.6 5.511726850729904
577.67096771 476.7405971889518 121555807935.81248 120458762551.37834 800.4516129032259 5.768043255955753
387.67741933 476.49318054834873 120458762551.37834 119273334911.13535 614.7096774193549 6.550633644578639
280.07666663000003 476.2258310579917 119273334911.13535 118170992185.03444 429.43333333333334 7.385236970685454
238.67096770999999 475.97722997859205 118170992185.03444 117294255253.04 269.19354838709677 7.996446519733823
227.76999999999998 475.7795886503697 117294255253.04 116930969853.02975 170.3 8.43051049446343
312.14516134 475.6976938352186 116930969853.02975 117384774104.72394 180.32258064516128 8.366974892351323
525.89354838 475.7999941624716 117384774104.72394 118198782476.12643 284.3225806451613 7.935927853638617
871.45714281 475.98349469705283 118198782476.12643 119402948386.48444 448.57142857142856 7.432794024922638
1979.5193553 476.25506278450257 119402948386.48444 122455444936.27782 801.483870967742 5.780614053815187
2226.3033337 476.94349231760884 122455444936.27782 124633917817.04692 1218.2 4.17657208136333
1878.1870972000002 477.42167931256495 124633917817.04692 125352732059.7981 1409.032258064516 3.1838818785399994
1151.0333337 477.5789002755464 125352732059.7981 124247346076.29599 1389.5333333333333 3.445336769737244
505.3548386599999 477.33712731327563 124247346076.29599 122037705908.52742 1141.516129032258 4.313602004119224
352.8677419 476.8492796365646 122037705908.52742 120212984646.92017 817.1935483870968 5.69424560298841
267.83000000000004 476.4377502586649 120212984646.92017 118757695329.30362 552.2666666666667 6.886359241010931
209.46774190000002 476.10953886542706 118757695329.30362 117607441712.05725 341.4193548387097 7.695134037853235
264.43666663 475.8501897457298 117607441712.05725 117213376072.55585 218.53333333333333 8.236800127695805
444.07419352 475.76135619309196 117213376072.55585 117855456938.05516 242.03225806451613 8.111288116354677
618.75483866 475.90609939992225 117855456938.05516 118705377474.84523 363.93548387096774 7.604894915321955
766.28928573 476.09773961994705 118705377474.84523 119532641635.82487 499.32142857142856 7.240559508315181
944.56129028 476.2843125024413 119532641635.82487 120279195883.26862 627.6774193548387 6.502284172084344
1028.55 476.4526828784999 120279195883.26862 120657087136.90678 717.7333333333333 6.219026774904135
978.8838709500001 476.5379086912284 120657087136.90678 120733821111.50139 753.7096774193549 5.96994944951153
672.42333337 476.55521450417257 120733821111.50139 120156913253.28615 711.1 6.242704140505734
416.71612905 476.4251044775115 120156913253.28615 119207424159.57335 585.6774193548387 6.6733426614230185
309.08064514 476.2109662064892 119207424159.57335 118296909396.83235 434.7096774193548 7.3060273434200855
232.99666663 476.0056178161552 118296909396.83235 117434528729.79842 291.0 7.9446254655157045
172.38709676 475.8112102637057 117434528729.79842 116676565746.17134 159.61290322580646 8.45177256578519
204.45 475.6403439463867 116676565746.17134 116478042600.85808 83.96666666666667 8.77656606150199
282.94193553 475.5955912084892 116478042600.85808 117028721613.77875 114.87096774193549 8.637965754665743
440.87419352 475.7197298498149 117028721613.77875 117782810267.70059 221.5483870967742 8.196395409237969
697.30357146 475.88972278352134 117782810267.70059 118772095194.67712 363.0357142857143 7.754358767422261
1152.1419352 476.11278646699975 118772095194.67712 120241934322.01355 565.2903225806451 6.765896455705766
2360.3566663 476.44427927875813 120241934322.01355 123464506363.17793 950.8333333333334 5.279750129573216
3241.9032257 477.165902529129 123464506363.17793 127913818353.14532 1379.2903225806451 3.3243224374084015
1782.5066662999998 478.13723685584836 127913818353.14532 128373929561.89772 1414.0 3.3124088119591573
751.89677419 478.2365485780051 128373929561.89772 126084495906.34717 1414.0 3.1129910656628184
392.64516134 477.7389536103122 126084495906.34717 122996158932.5098 1325.0 3.5191958441946234
267.90333337 477.06346433344487 122996158932.5098 120572140717.61925 922.8 5.3687508429790585
205.84838715 476.51875072566963 120572140717.61925 118765577880.51357 580.5483870967741 6.692341805700799
202.87333337 476.11131661716587 118765577880.51357 117838307585.67378 361.76666666666665 7.6590921241372225
337.94193553 475.90223345033223 117838307585.67378 118026985600.419 305.258064516129 7.84796398511594
511.38064513999996 475.9447668170467 118026985600.419 118581814080.27066 366.741935483871 7.592656493163936
869.33571427 476.06987236812597 118581814080.27066 119656989643.95203 499.89285714285717 7.238963519713719
1424.8 476.31235670815335 119656989643.95203 121408240913.49236 732.6774193548387 6.064802724635311
1924.4266662999999 476.7073163990736 121408240913.49236 123299643176.14491 1028.0666666666666 4.957100621890659
1216.6612905 477.12984321437995 123299643176.14491 122957115781.68161 1145.5806451612902 4.306818429763524
515.56333337 477.05492471165394 122957115781.68161 121275083834.00432 979.0333333333333 5.140986612646354
339.29032257 476.6772854835373 121275083834.00432 119757969560.62073 719.3870967741935 6.108690287295496
271.14838714999996 476.3351307083042 119757969560.62073 118568302431.07893 500.5483870967742 7.029783082980038
204.21333337 476.0668250859447 118568302431.07893 117550166911.26665 322.03333333333336 7.819286892612897
153.72258067 475.83727838396453 117550166911.26665 116710200139.86305 171.4516129032258 8.40259630253426
159.42333337000002 475.64792609104217 116710200139.86305 116404531025.8312 80.3 8.7911955538669
225.35161284999998 475.57901961808636 116404531025.8312 116855325816.22444 94.54838709677419 8.721927771783362
349.11290324 475.68064152755284 116855325816.22444 117470303073.94798 181.6451612903226 8.36164364786428
486.26071427 475.8192748137845 117470303073.94798 118136760904.26543 285.25 8.04607648513642
728.53548391 475.96951327868925 118136760904.26543 118907565120.16595 402.8709677419355 7.442531672313974
1309.1966663 476.1433389986842 118907565120.16595 120358391776.613 585.1333333333333 6.761129191394965
1172.8387095 476.4705439279686 120358391776.613 120964699326.01006 749.9677419354839 5.9877414808866725
483.84666663 476.6072844668493 120964699326.01006 119906995203.77063 708.0333333333333 6.253530985449146
297.6322581 476.3687404609316 119906995203.77063 118786822736.36853 530.6451612903226 6.903800568803766
227.85806447 476.116107969411 118786822736.36853 117849363070.56082 364.03225806451616 7.601177303020655
164.28333337 475.90472566964854 117849363070.56082 116996717445.79802 219.16666666666666 8.233761385027833
117.03225809999999 475.7125152041925 116996717445.79802 116274626850.22017 91.51612903225806 8.733913075096217
128.14666663 475.5497355388233 116274626850.22017 116053879671.5398 16.666666666666668 9.045616345393654
234.11612905 475.49997667128787 116053879671.5398 116648185709.4504 49.67741935483871 8.907298584373754
372.49677419 475.6339462825632 116648185709.4504 117387705121.03944 158.48387096774192 8.457662755983309
511.6 475.8006548965373 117387705121.03944 118132271863.27174 278.2857142857143 8.07230778602698
659.51935486 475.96850132174745 118132271863.27174 118753949895.9827 389.5483870967742 7.4977621084264925
856.1066666300001 476.1086941578671 118753949895.9827 119294750530.8982 483.6666666666667 7.169520925364846
950.85161285 476.23066092262025 119294750530.8982 119796214417.05244 568.258064516129 6.750672577651197
518.09333337 476.3437560706027 119796214417.05244 119217132999.04341 558.5 6.863441038532957
313.63548391 476.21315584101114 119217132999.04341 118377787834.42502 442.3225806451613 7.2743550980584555
236.72903229000002 476.02385832982065 118377787834.42502 117605540477.23116 311.5806451612903 7.820135369401056
170.18666663000002 475.8497611535688 117605540477.23116 116850046522.50279 187.86666666666667 8.359643252816221
119.80000000000001 475.67945142527117 116850046522.50279 116186483188.81035 72.61290322580645 8.812147903410644
126.45999999999998 475.52986546185986 116186483188.81035 115987590378.42377 6.633333333333334 9.085685270262706
217.72258067 475.4871248170208 115987590378.42377 116568273659.5431 38.354838709677416 8.954013966335129
402.33870972 475.6159318439006 116568273659.5431 117401259214.8915 153.41935483870967 8.478698018173532
732.26785719 475.8037103730594 117401259214.8915 118585370116.61458 317.35714285714283 7.926273150787449
954.14193553 476.0706743609866 118585370116.61458 119689504748.75914 503.9032258064516 7.021607830191542
1351.0700000000002 476.3196898395938 119689504748.75914 120957650355.6712 696.9 6.306896067824072
1593.1806447000001 476.6056947126006 120957650355.6712 122267191170.92694 906.7741935483871 5.329156372778672
1184.9866663 476.90103544675844 122267191170.92694 122247043825.2145 1007.1333333333333 5.033513941384449
498.36451609000005 476.8964916159708 122247043825.2145 120730474660.04237 877.3225806451613 5.440958216638367
304.75161285 476.5544597789901 120730474660.04237 119267089752.89516 635.4193548387096 6.462645796833126
216.82666662999998 476.22442258748197 119267089752.89516 118032617709.8035 417.26666666666665 7.434188867915861
174.30322581000001 475.9460364539683 118032617709.8035 117065207433.87518 238.96774193548387 8.122046130417905
171.52333337000002 475.7279547867167 117065207433.87518 116662037746.70277 129.7 8.593300461843292
261.50967743 475.6370689239637 116662037746.70277 117100428650.63419 135.38709677419354 8.553029090696041
569.4677419 475.7358946462205 117100428650.63419 118110215520.72821 254.74193548387098 8.059011048131985
938.83214281 475.9635291976394 118110215520.72821 119478926578.16096 447.92857142857144 7.435551222081738
2323.1806447 476.2721981457287 119478926578.16096 123255173500.90178 874.8387096774194 5.475047351547772
3496.29 477.1201166887362 123255173500.90178 128331542498.88037 1368.4 3.5578820039342
3116.6806447 478.2273996328255 128331542498.88037 132343231174.41272 1413.0 3.117794627893961
1863.0633337 479.0919249626569 132343231174.41272 133001598159.46077 1414.0 3.255730800289765
792.02903229 479.23194346224176 133001598159.46077 130808236149.0503 1414.0 3.0519265470930312
469.89354837999997 478.7619762894562 130808236149.0503 127674795657.63733 1414.0 3.080757636748231
321.58333337 478.08564551211686 127674795657.63733 124126227903.49178 1404.4666666666667 3.3545536060252372
224.19354838 477.3106360243858 124126227903.49178 121091554160.78221 1052.9032258064517 4.687312146327368
195.61333337 476.6358940371633 121091554160.78221 119340723429.3318 670.2666666666667 6.4052061785488235
322.29354837999995 476.24102919019657 119340723429.3318 118962815710.47589 501.38709677419354 7.028340860497652
590.3677418999999 476.1557996640676 118962815710.47589 119358601748.77562 505.38709677419354 7.013585153029538
935.29642854 476.2450612875001 119358601748.77562 120312877777.52628 616.1071428571429 6.799254594273322
2038.2096771 476.4602791559599 120312877777.52628 123170754800.04857 932.6774193548387 5.2269737721618235
2897.7066663 477.1016524059599 123170754800.04857 126746013650.59808 1349.6 3.635236770143086
3324.7580648000003 477.883642530752 126746013650.59808 131318398470.20207 1413.0 3.138868190656896
2012.1133336999999 478.8720911871794 131318398470.20207 132365048088.56207 1414.0 3.2687819121691106
806.15161285 479.09656488484944 132365048088.56207 130211016921.03749 1414.0 3.0602316205709457
451.01612905 478.6330707794167 130211016921.03749 127028774866.34435 1414.0 3.088665606777223
298.19 477.94548881591084 127028774866.34435 123497806385.8611 1375.2 3.4826248631483097
213.8322581 477.1731859986573 123497806385.8611 120663383799.44186 968.5806451612904 5.047456071464351
212.99333337000002 476.5393287775015 120663383799.44186 119098203969.76616 616.3666666666667 6.62538744830266
301.85483866 476.18633377757465 119098203969.76616 118761513066.32777 465.51612903225805 7.178529643337848
504.17741933 476.1103998796409 118761513066.32777 119040352128.04837 462.7741935483871 7.1914435308375895
693.76785719 476.173286451973 119040352128.04837 119612358024.06558 532.3928571428571 7.115021700216172
1066.16451609 476.3022909391217 119612358024.06558 120596206035.12419 660.6451612903226 6.364688998964834
2910.7966663 476.52417817661797 120596206035.12419 124871625932.03397 1094.3333333333333 4.697689778744245
2674.9419352 477.4736714636995 124871625932.03397 127710558478.48729 1413.0 3.164000910709534
1665.1733337 478.09336466187943 127710558478.48729 127867357916.12155 1414.0 3.3150134204213337
696.25806447 478.12720870194727 127867357916.12155 125430325199.3824 1414.0 3.119698742181643
393.78064514 477.59587165340827 125430325199.3824 122514864639.23427 1262.225806451613 3.792008119436044
275.01666663 476.95689324294864 122514864639.23427 120273241090.43674 860.1 5.626947183039512
179.44838715 476.45133989409936 120273241090.43674 118515734132.73001 536.258064516129 6.878519816151761
155.60999999999999 476.05496935785516 118515734132.73001 117574734774.35576 320.06666666666666 7.8273418676735655
302.74193553 475.84281667591426 117574734774.35576 117780022294.50984 263.80645161290323 8.020312704754314
621.62903229 475.88909429542605 117780022294.50984 118662991789.2093 354.4516129032258 7.6444347349078745
1007.62142854 476.08818037645676 118662991789.2093 119989876544.42462 534.2142857142857 7.109970670235784
2537.077419 476.3874326893154 119989876544.42462 124054337316.61774 981.0 5.028780000170141
3355.38 477.29491192401963 124054337316.61774 128678671133.81714 1401.4333333333334 3.4135158959879632
3613.3838715 478.30232487239743 128678671133.81714 134015512826.29619 1414.0 3.1089558854403965
2317.73 479.44757822762574 134015512826.29619 135847177380.31741 1414.0 3.234616344418363
1101.9806447 479.8371283241849 135847177380.31741 134476105911.12643 1414.0 3.0148002539750784
545.9 479.5455350725492 134476105911.12643 131535597753.82042 1414.0 3.0326886335632315
374.34666663 478.91897210313414 131535597753.82042 128085177370.19383 1414.0 3.2659986816222926
253.96451609000002 478.17422347727046 128085177370.19383 124168445050.4408 1406.5483870967741 3.1484093235574164
265.39 477.31986987105006 124168445050.4408 121500192528.63315 1091.3 4.6734680838515965
464.54838715 476.7280542464215 121500192528.63315 120667620002.61038 813.7741935483871 5.712827072031729
613.82258067 476.540284168383 120667620002.61038 120510743209.06859 735.6451612903226 6.045184642376672
783.49642854 476.50490374584314 120510743209.06859 120783785314.87247 746.2142857142857 6.303224401881504
1165.5548391 476.5664829307335 120783785314.87247 121568443443.42488 834.1935483870968 5.633377851298564
1869.6466663 476.74344687492663 121568443443.42488 123287891867.80554 1039.5666666666666 4.909044871505312
2124.4806447 477.12727293696537 123287891867.80554 124943232598.54149 1306.483870967742 3.632025989154376
1796.99 477.4893334642479 124943232598.54149 125447828730.00279 1414.0 3.3508736003312745
887.0903225699999 477.59970007217913 125447828730.00279 123689202678.82616 1353.516129032258 3.407003494531816
462.69032257000003 477.21504870490514 123689202678.82616 121516535989.46347 1055.2903225806451 4.681656700145927
314.21333337000004 476.73174018706885 121516535989.46347 119705730612.18167 734.2 6.144048390164091
239.66451609 476.3233492584983 119705730612.18167 118282476136.45325 472.2903225806452 7.147583823541874
218.75 476.00236268300705 118282476136.45325 117556784442.41039 300.26666666666665 7.907487064292963
309.16451609 475.83877016285174 117556784442.41039 117782639919.88094 262.5483870967742 8.025565732255927
547.04193553 475.8896843822996 117782639919.88094 118501791936.93704 341.0 7.700127159171082
909.83928573 476.0518249745009 118501791936.93704 119684434483.77586 495.9642857142857 7.254035456450867
1421.4290324 476.31854634275504 119684434483.77586 121418352750.87306 735.7741935483871 6.051724985052273
2428.3 476.70959692171243 121418352750.87306 124381821791.60246 1117.8666666666666 4.594055114086283
3763.0193553 477.3665401993881 124381821791.60246 130142768964.28134 1409.225806451613 3.1864387534504184
2436.1266663 478.618339944805 130142768964.28134 132289961416.58049 1414.0 3.283846639354726
1198.3548391 479.08059579255223 132289961416.58049 131185350558.76595 1414.0 3.061211276935037
561.33548391 478.8433737446074 131185350558.76595 128295425303.99559 1414.0 3.075764144727801
359.71666662999996 478.21960399395545 128295425303.99559 124818611248.61319 1414.0 3.307518832099227
244.13548391 477.46207595114026 124818611248.61319 121583269850.19693 1146.8709677419354 4.284874859350104
225.42333337000002 476.7467906743791 121583269850.19693 119725105872.45459 741.0333333333333 6.115955305095462
325.73548390999997 476.3277189608603 119725105872.45459 119218431370.54025 552.9677419354839 6.81188565075135
609.35161285 476.2134486627289 119218431370.54025 119565386662.89145 542.6774193548387 6.857382604746383
985.7 476.2916974882479 119565386662.89145 120553596095.67351 652.5714285714286 6.661172350586838
2291.8129028000003 476.51456835716584 120553596095.67351 123882074670.61041 1010.483870967742 4.900480493104325
4449.55 477.25723417992356 123882074670.61041 131355691092.87077 1395.3666666666666 3.4403921728489966
3880.1516134000003 478.88014053375156 131355691092.87077 137402000053.33948 1413.0 3.0777792325446622
2453.6166663 480.1475042163656 137402000053.33948 139578594408.4149 1414.0 3.193063073696134
1184.2322580999999 480.5544203418237 139578594408.4149 138419820887.31177 1414.0 2.970796519954833
563.03870972 480.33778666803363 138419820887.31177 135514420864.08052 1414.0 2.9840863521666368
366.46333337000004 479.76635917994054 135514420864.08052 132029607231.21167 1414.0 3.215690927408952
256.80322581 479.02522484713137 132029607231.21167 128084911062.944 1414.0 3.064608119915068
233.89333337 478.1741659967503 128084911062.944 124493583774.70541 1412.3666666666666 3.3169183222506824
366.29354837999995 477.3909850775821 124493583774.70541 122392074029.0728 1189.741935483871 4.108096299551307
548.31935486 476.92920027719276 122392074029.0728 121481174017.5198 952.0967741935484 5.126710046951354
849.14285719 476.72376500169594 121481174017.5198 121569722388.3883 888.4642857142857 5.7601389278161745
1250.4677419000002 476.7437353153785 121569722388.3883 122260790710.063 953.9032258064516 5.12682384336728
1510.1299999999999 476.8995919508486 122260790710.063 122975240283.65665 1067.6333333333334 4.788567890624859
1515.1870972000002 477.058888950931 122975240283.65665 123400468243.99611 1157.3870967741937 4.260856980749287
1240.4633337 477.1518959413815 123400468243.99611 123110287458.22421 1165.8666666666666 4.378401694850931
605.77419352 477.08842682813304 123110287458.22421 121520808895.06888 1011.1612903225806 4.8724820233807
396.15806447 476.7327038554508 121520808895.06888 119974802755.21382 756.8387096774194 5.950508253859543
290.93 476.3840330977027 119974802755.21382 118651301496.54445 524.7666666666667 6.998376391672806
186.04838715 476.0855438648048 118651301496.54445 117488385411.99124 322.9032258064516 7.7723198530058335
177.53666663 475.82335108475905 117488385411.99124 116950983849.21342 187.13333333333333 8.362788214766509
337.30322581 475.70220555663064 116950983849.21342 117452668792.88846 187.61290322580646 8.33681055168051
