4.3576152105779595
5.474431921140334
5.273881834788179
4.984953428488194
3.5515533448627368
3.336247015059593
3.321922351322124
4.670986387548323
6.142416194250853
7.0922002973646485
7.686630169081091
7.477238638643758
6.89169473613754
6.536860475284875
5.517273675762493
4.500802088139005
3.3731317810170482
3.6188760617598845
4.388601360466546
5.608518821641738
6.729777252268347
7.50186578886372
8.078369683279881
8.053596681743684
7.695498520526184
7.3646210010878
6.375990353488786
5.360686768846392
3.7990135620234646
3.349748200070847
3.7563439458468864
5.077273845197591
6.386542867716331
7.272705965139825
7.917694643991028
7.890114769918563
7.456439323441683
6.9730432302353735
4.698060674451803
3.360565930882286
3.0972104386636747
3.2167624476060865
2.989998590324541
3.0002792757396346
3.232013620400479
3.080303729128654
3.446729798893104
4.623710070945419
5.547891705118018
6.057688453078965
5.609079956662636
5.620918657434128
5.429935445426436
5.511726850729904
5.768043255955753
6.550633644578639
7.385236970685454
7.996446519733823
8.43051049446343
8.366974892351323
7.935927853638617
7.432794024922638
5.780614053815187
4.17657208136333
3.1838818785399994
3.445336769737244
4.313602004119224
5.69424560298841
6.886359241010931
7.695134037853235
8.236800127695805
8.111288116354677
7.604894915321955
7.240559508315181
6.502284172084344
6.219026774904135
5.96994944951153
6.242704140505734
6.6733426614230185
7.3060273434200855
7.9446254655157045
8.45177256578519
8.77656606150199
8.637965754665743
8.196395409237969
7.754358767422261
6.765896455705766
5.279750129573216
3.3243224374084015
3.3124088119591573
3.1129910656628184
3.5191958441946234
5.3687508429790585
6.692341805700799
7.6590921241372225
7.84796398511594
7.592656493163936
7.238963519713719
6.064802724635311
4.957100621890659
4.306818429763524
5.140986612646354
6.108690287295496
7.029783082980038
7.819286892612897
8.40259630253426
8.7911955538669
8.721927771783362
8.36164364786428
8.04607648513642
7.442531672313974
6.761129191394965
5.9877414808866725
6.253530985449146
6.903800568803766
7.601177303020655
8.233761385027833
8.733913075096217
9.045616345393654
8.907298584373754
8.457662755983309
8.07230778602698
7.4977621084264925
7.169520925364846
6.750672577651197
6.863441038532957
7.2743550980584555
7.820135369401056
8.359643252816221
8.812147903410644
9.085685270262706
8.954013966335129
8.478698018173532
7.926273150787449
7.021607830191542
6.306896067824072
5.329156372778672
5.033513941384449
5.440958216638367
6.462645796833126
7.434188867915861
8.122046130417905
8.593300461843292
8.553029090696041
8.059011048131985
7.435551222081738
5.475047351547772
3.5578820039342
3.117794627893961
3.255730800289765
3.0519265470930312
3.080757636748231
3.3545536060252372
4.687312146327368
6.4052061785488235
7.028340860497652
7.013585153029538
6.799254594273322
5.2269737721618235
3.635236770143086
3.138868190656896
3.2687819121691106
3.0602316205709457
3.088665606777223
3.4826248631483097
5.047456071464351
6.62538744830266
7.178529643337848
7.1914435308375895
7.115021700216172
6.364688998964834
4.697689778744245
3.164000910709534
3.3150134204213337
3.119698742181643
3.792008119436044
5.626947183039512
6.878519816151761
7.8273418676735655
8.020312704754314
7.6444347349078745
7.109970670235784
5.028780000170141
3.4135158959879632
3.1089558854403965
3.234616344418363
3.0148002539750784
3.0326886335632315
3.2659986816222926
3.1484093235574164
4.6734680838515965
5.712827072031729
6.045184642376672
6.303224401881504
5.633377851298564
4.909044871505312
3.632025989154376
3.3508736003312745
3.407003494531816
4.681656700145927
6.144048390164091
7.147583823541874
7.907487064292963
8.025565732255927
7.700127159171082
7.254035456450867
6.051724985052273
4.594055114086283
3.1864387534504184
3.283846639354726
3.061211276935037
3.075764144727801
3.307518832099227
4.284874859350104
6.115955305095462
6.81188565075135
6.857382604746383
6.661172350586838
4.900480493104325
3.4403921728489966
3.0777792325446622
3.193063073696134
2.970796519954833
2.9840863521666368
3.215690927408952
3.064608119915068
3.3169183222506824
4.108096299551307
5.126710046951354
5.7601389278161745
5.12682384336728
4.788567890624859
4.260856980749287
4.378401694850931
4.8724820233807
5.950508253859543
6.998376391672806
7.7723198530058335
8.362788214766509
8.33681055168051
