4.356124840470847
5.471424593486372
5.269523277376287
4.977465831829795
3.4589091557677563
3.0998774421464086
3.3102538343234222
4.754012503837138
6.177733199919807
7.100243590200747
7.682340462109783
7.4713176245368835
6.884951235714563
6.531162008545124
5.5107420467315995
4.493138522742019
3.3621169446302046
3.606615014365687
4.369963206573334
5.5804392401184995
6.694824338059443
7.4633287890255335
8.045224348306967
8.027723855363298
7.676688998760424
7.3512740900856
6.364072240099334
5.349647753241195
3.7817818533184937
3.2590928601651434
3.7659785283345535
5.069729977781915
6.364581231747224
7.242888733119854
7.890019993601577
7.868236735296589
7.439890336499769
6.961414888574646
4.685661246611856
3.1287704381650414
2.8522855867364676
2.97869281348831
2.743977045981584
2.7565386506854246
2.999813677165049
2.839704095678056
3.6175157204829693
5.084060911272318
5.843946544172853
6.23141722321662
5.733514179525651
5.694776390250254
5.472682353998025
5.53149080470707
5.769930803709488
6.535379920303821
7.358827874613299
7.963964165933442
8.400539824142383
8.343838391585521
7.918632053058564
7.420535599312965
5.769616221976101
4.165856295183774
3.060826272162311
3.4142122338218774
4.339747287579495
5.6947894038501286
6.86948717934306
7.667969479906755
8.209600625423118
8.08998828132254
7.589036418827711
7.229354171792155
6.491988579688051
6.20723270960772
5.95446492132024
6.225592367900872
6.649803441812859
7.273954031463162
7.906354636497898
8.41083088648433
8.741740192981265
8.610609183487648
8.17658695869096
7.7405156109937385
6.753736911682551
5.268308507417804
3.158940773027556
3.0756451429042855
2.8700098517208206
3.610600341018274
5.505743849998491
6.767246791372328
7.696023908557414
7.869188460169276
7.603833069673259
7.2434278450724285
6.066184688553886
4.9544003483939845
4.298898004244547
5.127871450638034
6.0864271259731915
6.997107671762421
7.781647270259753
8.361637027453881
8.755836287516962
8.694985760200098
8.342123761051322
8.032262109978882
7.429352975811262
6.7474961791894295
5.972269128905998
6.235334635877858
6.878804259301854
7.56674038206779
8.194494776199944
8.692386164924502
9.009797206698783
8.879867304331626
8.437759461483846
8.058096754926932
7.484719921023472
7.155910843753911
6.734187875433734
6.8442441025544
7.248347720528429
7.785350999479475
8.3208159964457
8.77024651169481
9.057598810697455
8.925395528318552
8.456262266855884
7.911110257468862
7.007849602939977
6.294028407948363
5.3147100045784565
5.0180509346515905
5.4191449490825825
6.431740185507136
7.396576887720716
8.081269784948862
8.558417568795093
8.526318481468579
8.039323221330058
7.421813505797643
5.463616351113613
3.3757144379591963
2.868861768192021
3.0188448666753454
2.804400768251729
2.83634629865702
3.309380569121066
5.0448141628729175
6.620381169734555
7.167586444496094
7.101279409979414
6.849659056214263
5.262362966264656
3.5149410421413467
2.891010784823921
3.032649906239982
2.817500307016074
2.848975991961102
3.5918883415168814
5.354371122322157
6.807847548692754
7.296285686257184
7.265270861322657
7.1572055525773015
6.393341397437962
4.71266093984066
2.9332361334112953
3.079320609487251
2.8808554913825724
3.9905291521866655
5.765608182242
6.954253695390749
7.864491621946472
8.04150852399414
7.655869960387212
7.114707114516763
5.031249736954597
3.225940725718404
2.864306954652502
2.9970480890810087
2.770258482264877
2.7906839039334237
3.0350890995858
3.1593050605856856
5.084125936221369
5.986179256710741
6.218784780323462
6.404370844495421
5.7055925196208985
4.950799125854331
3.6528931846503845
3.171390432224846
3.4238846631904973
4.725529727848103
6.1545335959949155
7.13938684537146
7.893116139092535
8.012290509182614
7.689652669966945
7.245539110731116
6.043318372722325
4.585573532029722
2.967037210754121
3.0464455755610116
2.8166385046715483
2.8336772020910788
3.1540556816049747
4.610546102045394
6.312435187952863
6.939068435447397
6.936944114064767
6.707293007237418
4.933461714622036
3.2163561685275868
2.8282718164658487
2.954150823055123
2.7245899583402853
2.740011637285903
2.9834843389111265
2.824022845265956
3.2576212646343095
4.675252472716911
5.49674273908512
5.977345239431041
5.283938123768892
4.882387483837805
4.317601121241529
4.408154528560024
4.881153394975417
5.939979777922351
6.9747401890360745
7.740857924376254
8.333062863147184
8.313669714647926
