402.71505376344084 582.0 62840000.0 10972309.532471867 422.0967741935484 2.4133457970977252
251.61904761904762 530.0439430185052 10972309.532471867 -6515634.136235086 258.8541666666667 1.1162786751280138
667.260752688172 484.16939051052935 -6515634.136235086 4358100.768415831 663.1935483870968 0.3647966496204904
269.8611111111111 516.2627440155186 4358100.768415831 8209008.554587997 268.34722222222223 1.1392326463381193
566.6451612903226 524.6125340555695 8209008.554587997 47555835.021392405 551.8844086021505 1.1532311581768235
779.4111111111112 570.8663464843338 47555835.021392405 55272356.61220593 776.3777777777777 2.6864719531562855
779.0698924731183 576.781315439216 55272356.61220593 54055237.52560401 779.4516129032259 3.1113791629450196
396.5295698924731 575.8483534139149 54055237.52560401 49573587.49460646 398.1209677419355 1.8943645872450166
239.25555555555556 572.4130204743226 49573587.49460646 48943681.0971602 239.3972222222222 0.380533515877167
224.06720430107526 571.9301763921118 48943681.0971602 45672136.866183914 225.17741935483872 0.47360036682653694
246.06666666666666 569.4224295617541 45672136.866183914 62858161.233999215 239.3972222222222 0.43393355044875603
264.3494623655914 582.0113288161793 62858161.233999215 44294481.76473558 271.2956989247312 0.3365905453745741
270.9569892473118 568.3664113727682 44294481.76473558 11902839.118373288 283.06451612903226 0.2010048364098962
396.80357142857144 531.8768043240685 11902839.118373288 13354325.790628897 396.2113095238095 0.14621441169944527
357.0537634408602 534.4821075828122 13354325.790628897 12011639.520607926 357.5483870967742 0.21484010309756219
160.24166666666667 532.091108146652 12011639.520607926 10149383.905152857 160.93333333333334 1.854261415311794
608.9784946236559 528.4263752618522 10149383.905152857 42223239.345277295 596.9327956989247 1.296383161166223
438.18888888888887 566.7787355702776 42223239.345277295 60830575.252735466 430.9555555555556 1.854618056342047
242.38440860215053 580.7708306067265 60830575.252735466 44971591.512269065 248.23655913978496 0.004758311268107107
220.68010752688173 568.8854383836531 44971591.512269065 32708205.364979945 225.17741935483872 0.5264425348200596
226.09166666666667 557.907580548259 32708205.364979945 57165150.03032743 216.55555555555554 0.902947849323255
212.86559139784947 578.2322041815636 57165150.03032743 54772420.80711973 213.6478494623656 0.519676430697869
217.24444444444444 576.398098113674 54772420.80711973 59013444.48406182 215.56944444444446 0.6170148186603104
237.16397849462365 579.6489829962999 59013444.48406182 60278682.543111764 236.70698924731184 0.18293032870764714
264.3763440860215 580.4332366620099 60278682.543111764 11851274.556940584 282.4731182795699 0.4561905544600129
382.9077380952381 531.7752377636708 11851274.556940584 -1076430.8863563905 388.25892857142856 0.072288550447146
460.7096774193548 500.22296126745294 -1076430.8863563905 11833005.135485515 455.88440860215053 0.005332056935116292
240.73333333333332 531.7392525395927 11833005.135485515 10256723.394098662 241.3138888888889 1.088443335483169
398.3817204301075 528.637352878056 10256723.394098662 58413856.14808314 380.3333333333333 0.27388022338936935
685.9 579.189378710705 58413856.14808314 39865754.36267774 693.0 2.9887982743299135
352.10215053763443 564.9716453782048 39865754.36267774 39944727.62526176 352.002688172043 0.9859543631257512
220.0994623655914 565.0321809953158 39944727.62526176 57008859.41492289 213.6478494623656 0.7370361581430132
225.31666666666666 578.1124022569298 57008859.41492289 51131495.74519223 227.48333333333332 0.4341081007941261
211.8709677419355 573.6072086623968 51131495.74519223 46074326.99966164 213.6478494623656 0.5958344609753037
222.69722222222222 569.730721597937 46074326.99966164 33567710.63630588 227.48333333333332 0.5763233332942734
235.747311827957 558.7778936290854 33567710.63630588 61919245.29590261 225.17741935483872 0.7018614301204407
267.997311827957 581.4367723884511 61919245.29590261 12579285.15277645 286.43548387096774 0.5324406520490399
444.6577380952381 533.209198028196 12579285.15277645 6124659.23732039 447.3333333333333 0.6452927136111306
368.5268817204301 520.5157095354228 6124659.23732039 3999339.5645498727 369.31451612903226 0.06374163280494649
201.075 515.2038759963414 3999339.5645498727 10746945.536897017 198.44444444444446 1.7438780297959993
406.2123655913978 529.6008929518321 10746945.536897017 44625867.56943452 393.494623655914 0.4302433001005501
475.1638888888889 568.6204295497168 44625867.56943452 35577202.318536445 478.6 2.5013122465346136
378.6962365591398 560.8126535720455 35577202.318536445 45124152.56520409 375.06182795698925 1.1530600308086765
221.09408602150538 569.0023814753317 45124152.56520409 33970180.60245918 225.17741935483872 0.5244129590473663
224.94444444444446 559.1854244353161 33970180.60245918 55453398.92638319 216.55555555555554 0.8823077134734096
211.30913978494624 576.9200903594019 55453398.92638319 48892448.04690977 213.6478494623656 0.5412825065916755
218.3111111111111 571.890904565016 48892448.04690977 55898441.6024125 215.56944444444446 0.6894849139738373
231.74462365591398 577.2612302864184 55898441.6024125 42648346.80996208 236.70698924731184 0.22649217610279404
270.4301075268817 567.1045944986182 42648346.80996208 11292874.12580635 282.1505376344086 0.16193702149060396
385.875 530.6753581265882 11292874.12580635 -6496386.203151058 393.23511904761904 0.08668532612777557
292.13709677419354 484.22619994409774 -6496386.203151058 2562744.7610017825 288.75 1.5992044155170757
146.48888888888888 510.96382919751983 2562744.7610017825 6917020.157955953 144.78333333333333 2.237555152961881
361.4220430107527 522.0731085863273 6917020.157955953 43016834.70532569 347.8763440860215 0.2156621180103957
196.56666666666666 567.3870526548839 43016834.70532569 52814334.44188663 192.73333333333332 1.0413884547172425
221.90591397849462 574.8971601683801 52814334.44188663 43866909.193093516 225.17741935483872 0.42210764242658483
211.0 568.0386628584333 43866909.193093516 33915193.27322503 214.63440860215053 0.6750032230815957
218.29166666666666 559.1297456704397 33915193.27322503 38154711.05282781 216.55555555555554 0.8832070543730621
207.1209677419355 563.4225730713611 38154711.05282781 51257159.85667888 202.11827956989248 0.9058300212328407
213.30833333333334 573.7035343590775 51257159.85667888 45296305.14411962 215.56944444444446 0.6603400697319279
224.09139784946237 569.1343421194905 45296305.14411962 42428625.50986347 225.17741935483872 0.5221227500021883
287.5456989247312 566.9361708567591 42428625.50986347 10944564.085495517 299.31451612903226 0.3747471174823387
403.39285714285717 529.9893156163188 10944564.085495517 10818844.744702678 403.45238095238096 0.15801566940778677
350.7768817204301 529.7422120844157 10818844.744702678 3123014.0025203866 353.64516129032256 0.04618182589667974
165.11111111111111 512.6174393860796 3123014.0025203866 7922812.912473654 163.23333333333332 2.0692619830642616
368.0806451612903 524.0500115865862 7922812.912473654 36720716.273728415 357.26075268817203 0.07531986777955346
197.13055555555556 561.97054659087 36720716.273728415 47980969.28079577 192.73333333333332 1.1192533113535528
223.90860215053763 571.1922259517122 47980969.28079577 41761880.08174856 226.16129032258064 0.47367632204609356
212.93548387096774 566.4250884394164 41761880.08174856 36994977.17542991 214.63440860215053 0.7016960276843398
220.84166666666667 562.248256173665 36994977.17542991 47843679.50178759 216.55555555555554 0.8328358931633955
209.00806451612902 571.0869887964604 47843679.50178759 35116318.10723902 213.6478494623656 0.6373339565013785
220.7138888888889 560.345973993432 35116318.10723902 48351202.33185739 215.56944444444446 0.8751131125143332
230.83870967741936 571.476021827526 48351202.33185739 32675114.863292877 236.70698924731184 0.33203676076285715
241.71505376344086 557.8740739515805 32675114.863292877 8835113.067827424 250.6290322580645 0.4143274539148707
287.2202380952381 525.843153271247 8835113.067827424 7555953.786378277 287.7559523809524 0.9454211553682539
215.28494623655914 523.3289436490884 7555953.786378277 -4395542.347797457 219.74193548387098 1.367370598591783
83.7611111111111 490.4267487987337 -4395542.347797457 7361388.604235836 79.2 2.885532342701211
146.71774193548387 522.9465224290153 7361388.604235836 11262955.056095986 145.2311827956989 2.0609552240303453
182.60833333333332 530.6164266256436 11262955.056095986 56792992.46324472 165.0 1.8333450180086666
209.8736559139785 577.9469331005834 56792992.46324472 46499954.320249565 213.6478494623656 0.5243738803564773
202.68010752688173 570.056979013017 46499954.320249565 47789481.35864693 202.11827956989248 0.8024793038989566
211.5611111111111 571.0454441276202 47789481.35864693 37136248.44012032 215.56944444444446 0.703078871681762
133.92741935483872 562.3913038473753 37136248.44012032 11554548.390619896 143.41935483870967 1.6416464076557225
41.91111111111111 531.1907771330392 11554548.390619896 10496894.261369199 42.30277777777778 2.9966901851022154
49.564516129032256 529.1094128585532 10496894.261369199 11011137.11549196 49.37903225806452 2.921409863832513
98.14784946236558 530.1204215911205 11011137.11549196 8113412.088387037 99.24193548387096 2.4301766330808627
240.95535714285714 524.4246375530366 8113412.088387037 4740408.504767028 242.35714285714286 1.3566433744927346
418.7930107526882 517.391108596594 4740408.504767028 110052.70005924953 420.51612903225805 0.29755555971743686
304.59722222222223 503.7248157360972 110052.70005924953 9362014.497300033 301.0 1.1456000999864253
452.93279569892474 526.8787871153828 9362014.497300033 38668107.89036763 441.9220430107527 0.8089421356237354
295.65833333333336 563.9424255938203 38668107.89036763 58321216.483228415 288.02222222222224 0.05083528604377108
534.266129032258 579.1183673443585 58321216.483228415 52211995.78182775 536.4758064516129 3.1991000834595438
222.35752688172042 574.4354476684351 52211995.78182775 44443371.54281568 225.17741935483872 0.4301207750570506
224.75277777777777 568.4805403108758 44443371.54281568 37102219.408369124 227.48333333333332 0.5975356449582816
210.42741935483872 562.3568469191296 37102219.408369124 59059736.55248119 202.11827956989248 0.9224318938470919
219.375 579.684467397443 59059736.55248119 37942745.30254777 227.48333333333332 0.40743426071843913
231.54569892473117 563.2079419675038 37942745.30254777 55040637.69643288 225.17741935483872 0.6249768647267078
326.7930107526882 576.6036952282276 55040637.69643288 11818109.474933475 342.9462365591398 1.1805650138332915
448.36309523809524 531.7099126021417 11818109.474933475 2044695.7703105756 452.4107142857143 0.6439913115982998
394.9139784946237 509.43483023470304 2044695.7703105756 -4754364.86848902 397.4462365591398 0.14902933295698428
138.33333333333334 489.36769980562457 -4754364.86848902 6928927.318338321 133.8 2.5412802221198443
582.4623655913979 522.0965123153546 6928927.318338321 64952996.598508604 560.7284946236559 1.0587926296184467
353.7027777777778 583.3180684777931 64952996.598508604 49815237.964421906 359.4888888888889 1.4266673833153343
219.06720430107526 572.5982535498825 49815237.964421906 33263062.315283075 225.17741935483872 0.46200572541388274
209.45430107526883 558.4694145217625 33263062.315283075 50048590.34655717 203.10752688172042 0.971159406619484
217.04722222222222 572.7771258668499 50048590.34655717 53616571.48608299 215.56944444444446 0.6752355720009571
206.16935483870967 575.5121013896328 53616571.48608299 33285726.20823733 213.6478494623656 0.5644673218300023
213.63055555555556 558.4923634007963 33285726.20823733 59041159.96422287 203.65555555555557 1.0428248310142845
221.6209677419355 579.6702278282871 59041159.96422287 49556520.957210496 225.17741935483872 0.33926989335636737
232.26075268817203 572.3999384090841 49556520.957210496 9598521.875665344 247.19354838709677 0.1785080756746229
307.04464285714283 527.3436464452733 9598521.875665344 -6460498.355708197 313.6904761904762 0.6914110947186183
288.59139784946234 484.3321213579097 -6460498.355708197 6493780.340282427 283.75 1.628074335168013
121.38055555555556 521.2412234274517 6493780.340282427 11214986.305424651 119.53333333333333 2.3486918958561382
331.23655913978496 530.5219427228061 11214986.305424651 49886599.405709095 316.73118279569894 0.2945237410859125
176.79722222222222 572.652954454276 49886599.405709095 39314334.49012751 180.82222222222222 1.1161449401162624
209.82258064516128 564.5489638125727 39314334.49012751 59764007.43161107 202.11827956989248 0.8882831161856934
203.16397849462365 580.1184088012515 59764007.43161107 62348199.36239886 202.11827956989248 0.6457424392628162
211.375 581.6991645035951 62348199.36239886 51216634.38757365 215.56944444444446 0.5317802303530708
201.2688172043011 573.6724702469878 51216634.38757365 48644303.57392361 202.11827956989248 0.7461572132956222
187.6 571.7006936212941 48644303.57392361 37808310.47980522 191.74166666666667 0.9918337067216489
51.52150537634409 563.071816700266 37808310.47980522 10711518.564441077 61.645161290322584 2.6411075035143154
86.8010752688172 529.53126062666 10711518.564441077 6777289.801364094 88.28225806451613 2.5413109135879455
135.92559523809524 521.7984661613019 6777289.801364094 -1072538.555608775 139.17857142857142 2.2520980024834443
247.34139784946237 500.2344493116013 -1072538.555608775 2288302.202576801 246.08064516129033 1.5617272362135937
195.86944444444444 510.15382397653735 2288302.202576801 8071942.31463013 193.61111111111111 1.8571475558853585
374.252688172043 524.3431279977214 8071942.31463013 59167586.29878362 355.10752688172045 0.08733674223835353
204.38888888888889 579.7535767253198 59167586.29878362 58366843.985208765 204.64444444444445 0.7068491166262456
220.50537634408602 579.1533423333515 58366843.985208765 45669007.7431074 225.17741935483872 0.34824056672167014
208.8252688172043 569.4200309854481 45669007.7431074 32534002.935428202 213.6478494623656 0.6647831124878381
215.72222222222223 557.7311876182695 32534002.935428202 32667946.656183664 215.56944444444446 0.9171556420367151
203.5779569892473 557.8668156081807 32667946.656183664 36281547.31410997 202.11827956989248 0.9923775620680422
210.75 561.5258553213688 36281547.31410997 54570641.69952713 203.65555555555557 0.9967456738949942
154.81989247311827 576.2434277556496 54570641.69952713 51454022.222990625 156.0 1.3208348969737842
122.73387096774194 573.8544358723325 51454022.222990625 11596279.665433446 137.6290322580645 1.5910498918095395
202.0595238095238 531.272975098581 11596279.665433446 10349474.53095464 202.58333333333334 1.5954384355213633
304.6720430107527 528.819656836704 10349474.53095464 -2123595.075553786 309.3225806451613 0.40775202376029984
195.55277777777778 497.1323019129286 -2123595.075553786 11162746.60321114 190.4 2.0676643016030876
343.58870967741933 530.4190463396583 11162746.60321114 56046283.14234227 326.76344086021504 0.19874428558475854
191.26388888888889 577.3745557153225 56046283.14234227 52099677.81224644 192.73333333333332 0.8978133373325399
212.91935483870967 574.3493522308302 52099677.81224644 49963482.90641537 213.6478494623656 0.5836138670048405
203.1505376344086 572.7118881998074 49963482.90641537 52512208.167136304 202.11827956989248 0.7611211519673278
212.25555555555556 574.6655703886365 52512208.167136304 43660688.529833905 215.56944444444446 0.6448717207461274
202.40860215053763 567.8805879011252 43660688.529833905 44140703.48373844 202.11827956989248 0.8363831054738373
209.87222222222223 568.2485352355309 44140703.48373844 60153467.89192241 203.65555555555557 0.8946272466374352
146.18010752688173 580.3566425934632 60153467.89192241 33892596.59870598 156.0 1.271379709414683
131.5 559.1068648550762 33892596.59870598 7805859.909609107 141.252688172043 1.7039707461035145
199.99404761904762 523.8201384430248 7805859.909609107 8845974.013846835 199.57142857142858 1.7258143097028102
364.19086021505376 525.8645006479059 8845974.013846835 -2697296.1253043683 368.494623655914 0.0807634613049939
219.75833333333333 495.4390483291987 -2697296.1253043683 9739068.896495126 214.93333333333334 1.92310778219856
403.3709677419355 527.6198940379387 9739068.896495126 45979738.9871771 389.77150537634407 0.33448931686367045
211.70555555555555 569.6582167587079 45979738.9871771 33268469.309468653 216.55555555555554 0.7131478822362434
227.70698924731184 558.4748895059478 33268469.309468653 37224065.60554299 226.16129032258064 0.6953531484887026
215.17741935483872 562.4802252657054 37224065.60554299 38462860.46015571 214.63440860215053 0.7669545373876496
220.00833333333333 563.7345972892377 38462860.46015571 47151384.31867383 216.55555555555554 0.8088280445870835
207.1478494623656 570.5563216470796 47151384.31867383 60322755.98125409 202.11827956989248 0.794700548742941
213.12222222222223 580.4601964778948 60322755.98125409 53879883.7821134 215.56944444444446 0.5517013031766784
236.46774193548387 575.7139389712593 53879883.7821134 53280271.79741071 236.70698924731184 0.2547207560004767
327.14784946236557 575.2543165581354 53280271.79741071 10805931.009801358 343.02150537634407 1.1458956312241844
413.9404761904762 529.7168299158164 10805931.009801358 -5276071.743543482 420.5952380952381 0.30122818151425523
430.4247311827957 487.82790475692013 -5276071.743543482 1377690.9898558273 427.93548387096774 0.612272653808632
269.94444444444446 507.4661947661764 1377690.9898558273 6606025.24295546 267.9 1.31877307593289
433.80913978494624 521.4618427189125 6606025.24295546 42298429.82330873 420.4139784946237 0.42856063337720585
441.4166666666667 566.836371557947 42298429.82330873 38398188.00963406 442.8666666666667 2.001759471785764
474.86021505376345 563.6691116179617 38398188.00963406 58462288.24876144 467.2983870967742 2.375697918331147
224.26344086021504 579.2265035173372 58462288.24876144 55798954.86656409 225.17741935483872 0.3469708365957822
227.68055555555554 577.184970413749 55798954.86656409 56047685.682070196 227.48333333333332 0.4498441972373235
211.7715053763441 577.3756308084005 56047685.682070196 50724605.1983226 213.6478494623656 0.5337812964470041
218.24444444444444 573.2953136039247 50724605.1983226 57557639.091438934 215.56944444444446 0.6669037543652823
231.03763440860214 578.5330600250009 57557639.091438934 42413923.89329404 236.70698924731184 0.20328908109406152
244.18817204301075 566.9249015815329 42413923.89329404 10511273.022688312 256.11290322580646 0.17033558963725115
317.1488095238095 529.1376745618356 10511273.022688312 -1790439.0641552256 322.24107142857144 0.577329222324432
416.9516129032258 498.1155973252117 -1790439.0641552256 13711960.74844664 411.15860215053766 0.3955601854641264
163.0861111111111 534.9727259364972 13711960.74844664 11043468.7790521 164.0888888888889 1.7886805286041847
364.90860215053766 530.1841051708602 11043468.7790521 49496496.88682218 350.48387096774195 0.027310797036655732
200.51944444444445 572.3539279743677 49496496.88682218 38665356.523901574 204.64444444444445 0.8197965811456793
220.94354838709677 563.9396396304232 38665356.523901574 55379056.6767015 214.63440860215053 0.7428119493466312
210.6236559139785 576.8631045668103 55379056.6767015 47063892.59155747 213.6478494623656 0.5422208698181028
217.97222222222223 570.4892563452319 47063892.59155747 53029426.05779914 215.56944444444446 0.7120216830269506
204.66666666666666 575.0620350042248 53029426.05779914 59555282.25100211 202.11827956989248 0.7245105857444472
212.73055555555555 579.9907311641769 59555282.25100211 52097196.24343278 215.56944444444446 0.5592497245311736
245.96774193548387 574.3474500262787 52097196.24343278 46061599.097161226 248.23655913978496 0.12765360680139004
355.5 569.7209652398079 46061599.097161226 11036178.248760639 368.59139784946234 1.3275819115254457
579.3869047619048 530.1697450354376 11036178.248760639 2948045.2296925276 582.7380952380952 0.9009778829925352
596.8924731182796 512.101026697345 2948045.2296925276 12280689.87420221 593.4005376344086 0.6836134573150225
497.06666666666666 532.6210558128225 12280689.87420221 12374038.063114407 497.0 1.2972477237584163
827.1129032258065 532.8049234576496 12374038.063114407 58166654.31441709 809.9435483870968 1.460731363021475
903.7166666666667 578.9998903311915 58166654.31441709 48471973.93551181 907.4 2.981915287081357
781.3225806451613 571.5685972551769 48471973.93551181 55578229.01770306 778.5967741935484 2.915720505779321
483.44086021505376 577.0157767520469 55578229.01770306 63816817.283774 480.28225806451616 3.030236414175885
232.10555555555555 582.6093299304006 63816817.283774 44656189.916894704 239.3972222222222 0.19846806681527518
232.56989247311827 568.6436726316878 44656189.916894704 33274337.61632258 236.70698924731184 0.3837097681594206
228.22222222222223 558.4808316035563 33274337.61632258 35089476.177156255 227.48333333333332 0.7672045880501872
241.6505376344086 560.3187945407341 35089476.177156255 48371322.63817183 236.70698924731184 0.5355877526259616
271.994623655914 571.4914447076167 48371322.63817183 11041355.080056382 285.9462365591398 0.30653920840644
377.1577380952381 530.1799418243535 11041355.080056382 8394629.774974 378.25892857142856 0.059157418836877085
321.252688172043 524.9773757646041 8394629.774974 12944107.844235547 319.5483870967742 0.40345555399401656
128.78055555555557 533.919353721334 12944107.844235547 9196734.298442166 130.2 2.1317371410033417
350.71505376344084 526.553926034869 9196734.298442166 40911729.17171584 338.80645161290323 0.18168262169978178
198.0861111111111 565.7734196556739 40911729.17171584 54647565.64844262 192.73333333333332 1.0645851982752093
222.7768817204301 576.3023925060708 54647565.64844262 48033134.266457796 225.17741935483872 0.39771949374125004
212.28225806451613 571.2322121381164 48033134.266457796 44159799.04047585 213.6478494623656 0.6349426193411611
219.38611111111112 568.2631726111864 44159799.04047585 53789991.554768786 215.56944444444446 0.7478143550390492
206.69354838709677 575.6450336066114 53789991.554768786 34863670.794628456 213.6478494623656 0.5622783779135059
218.43055555555554 560.0901497788097 34863670.794628456 42179967.65019519 215.56944444444446 0.879226449342903
226.56720430107526 566.7455663851696 42179967.65019519 45943454.222368784 225.17741935483872 0.5635805333323649
269.0994623655914 569.6304032866855 45943454.222368784 10074493.316126864 282.505376344086 0.2214131122169647
329.05357142857144 528.2791765179045 10074493.316126864 -6022903.442000363 335.7142857142857 0.47936519412459333
342.2930107526882 485.623663627494 -6022903.442000363 6226599.282261191 337.71505376344084 1.2574213464475301
217.8361111111111 520.716074451341 6226599.282261191 10873913.331025153 216.01666666666668 1.5083961969929478
414.6666666666667 529.8504503402909 10873913.331025153 46948854.929226466 401.1290322580645 0.5122756511740105
211.70833333333334 570.4010761732046 46948854.929226466 34244900.329019204 216.55555555555554 0.7011489836322364
230.83870967741936 559.4635986124417 34244900.329019204 46588884.63890939 226.16129032258064 0.6781188873730044
217.5994623655914 570.1251470428514 46588884.63890939 56956331.60103428 213.6478494623656 0.6531722363634649
222.95277777777778 578.0721379506926 56956331.60103428 44951557.71157773 227.48333333333332 0.43479128092302277
208.25537634408602 568.8700818129829 44951557.71157773 61088890.34696307 202.11827956989248 0.8209687780287966
217.19722222222222 580.9288424994721 61088890.34696307 34326992.86894462 227.48333333333332 0.38632046485190275
228.88709677419354 559.5467234212344 34326992.86894462 44303875.51753172 225.17741935483872 0.6885182022557448
272.23387096774195 568.3736119949016 44303875.51753172 11400954.219853312 284.53225806451616 0.21983575317727366
337.5684523809524 530.8882431603171 11400954.219853312 -5913345.970213644 344.73214285714283 0.33829244609672937
359.43548387096774 485.947017718981 -5913345.970213644 10532815.28745921 353.2903225806452 1.1497917822281751
187.35833333333332 529.1800162546613 10532815.28745921 6381015.273732658 188.93333333333334 1.6263112517298883
394.36021505376345 521.0195817449228 6381015.273732658 58181782.9172093 374.9516129032258 0.0017466042382228153
212.00277777777777 579.0114869054761 58181782.9172093 46243284.69404688 216.55555555555554 0.5620709248512514
228.16129032258064 569.8602332574608 46243284.69404688 54050114.370047934 225.17741935483872 0.5095247329146515
215.76344086021504 575.8444263457782 54050114.370047934 59499643.27149309 213.6478494623656 0.5589950540262429
220.87777777777777 579.9566966820304 59499643.27149309 42116684.419785336 227.48333333333332 0.40281524067030494
208.23924731182797 566.6970576965288 42116684.419785336 58211989.99084605 202.11827956989248 0.8548201285783996
215.69444444444446 579.0346416262497 58211989.99084605 58435806.91105255 215.56944444444446 0.5746224612893887
230.23655913978496 579.2062046963479 58435806.91105255 41146521.964292765 236.70698924731184 0.19100831796196527
270.0376344086022 565.9533960948737 41146521.964292765 9085315.169825446 282.02150537634407 0.13528505109039557
339.67559523809524 526.3349298165534 9085315.169825446 -7351245.028656071 346.4761904761905 0.4326272263259128
276.9247311827957 481.7031214688208 -7351245.028656071 -11164401.43750521 278.3440860215054 1.718236560946072
104.775 470.4487569223146 -11164401.43750521 10156943.528211728 96.525 2.9167773549730356
331.6559139784946 528.4412338313127 10156943.528211728 50506634.59834235 316.5241935483871 0.34731365551863114
177.50277777777777 573.1282319315951 50506634.59834235 41764011.92937334 180.82222222222222 1.109734845227254
211.99193548387098 566.4267225711128 41764011.92937334 34500192.122132085 214.63440860215053 0.7016689948077937
203.98387096774192 559.7221005604647 34500192.122132085 36632510.21349885 203.10752688172042 0.9515495636315108
212.93333333333334 561.8812313875932 36632510.21349885 60418140.99304953 203.65555555555557 0.9913474628495211
204.45698924731184 580.5185436925569 60418140.99304953 35503897.485946804 213.6478494623656 0.48202815342254457
212.23611111111111 560.7384269712102 35503897.485946804 57644828.15057944 203.65555555555557 1.0087068182188248
230.19354838709677 578.5998933218369 57644828.15057944 40240335.370352566 236.70698924731184 0.2020697831886964
