0.5495398852001236
0.22912094058177956
0.4097717894266317
0.2079103239785045
0.13608432652170732
2.6719107550192014
2.599252510539227
0.49565833619123456
0.04338529432131111
0.3368881742490544
0.3390406881644523
0.20221604099264434
0.5264094858447304
0.016970260268794668
0.014229595266200157
0.0800606826980017
0.4025548051557162
0.4062620665752297
0.04300455623407062
0.10234610461905547
0.6226792106073447
0.8737455518539403
0.5371299088241104
0.36905208685533664
0.26772986829443646
0.14280019149862255
0.5350805802866505
0.0671774705781365
0.26499215504402507
0.10999653141020671
0.3942638257025082
0.39797736046750654
0.40126935757621407
1.0106075764002007
0.5814959892143436
0.21880268533255043
0.5342281999734739
0.09727632975795064
0.36460657877570224
0.262603725243197
0.09279222989262514
0.05471232836866058
0.23652790629260956
0.24107869347350874
0.388847621329365
0.9154555272323157
0.63702547826255
0.4436115916559151
0.07088424746947197
0.09002623171245094
0.012279870406112892
0.2797920956762585
0.08207962834541283
0.22058921172533585
0.8245196834567432
0.8154087424805403
0.9048697886954531
0.8632862668141974
0.9094403582031214
0.45808889102179995
0.6159588317131028
0.29910047389751915
0.24522712645400713
1.0916088181123413
0.0923462663909751
0.24724737674646846
0.9250785171733074
0.9440917075208528
0.9752506851148492
0.858923744874585
0.6517438825552575
0.36943572776100364
0.3086242846758669
0.40982775380749015
2.6492450950466004
2.612204476121971
2.092530948304511
1.3946761034980888
0.8366218039154454
3.0847271160298497
3.4002180544350757
3.4002180544350757
3.4002180544350757
2.9188594738206652
2.37713065891128
0.7460121615795079
0.017411945856401267
0.4081153245437794
0.08677940691729757
0.06047238618299211
0.23050388148431988
0.23505906463684934
0.08087517641281483
0.45104585048515355
0.942995896936293
0.11911354458513701
0.8054116162964942
0.11029939178178871
0.10093163609936973
0.6194930042924556
0.08526189863122235
0.08025947971983571
0.2098234873825895
0.09993774315593251
0.7823681217101055
0.7781892895878726
0.8357441312684126
0.3730556659852784
0.030950554613923043
0.2459540152265518
1.3026685241289107
2.227040169379565
0.034621959558105875
0.8858966185438883
1.032874280062817
1.2307696592999817
1.2614970226719078
1.1088629674552517
3.253608632836732
2.9084917117153752
2.4787056895781645
1.8431325202521007
1.0738375638444766
1.6884241875941854
0.2389293754576225
0.048488587149952966
0.5888485345844394
0.7695787268478762
0.9172142478135066
1.1038556918959141
0.7244436810777986
2.4475630335577536
2.0242692068115637
1.0771802864739723
1.3951934013519383
1.656166628947236
0.32390965536832494
0.333229740807202
0.9863527825099463
1.0310786744568428
0.8389054286403463
1.1255950562952877
0.7867545656070281
1.6915411128767859
1.9062061063078406
1.3378031574160807
0.2594900258131183
1.0907467796291423
0.3214369845109424
0.3179284936952622
0.6628076504452447
0.7989974811734579
0.6051924691175246
1.1807474970856457
0.5361795329452552
0.5464388247996643
0.6678543297269526
0.16033272019714362
0.4283265223649737
0.034507881229374426
0.36421511109501337
0.3678561236535023
0.009996017233790955
0.003981732955777417
0.14652825551584137
0.6287184799686933
0.6657453755913436
0.6344214406044704
0.2214700901640425
0.03311062174406887
0.16651338958379025
1.3142661673119016
0.3269840945271154
0.15374832515248338
0.9112966919491066
0.9946150850240332
1.1177590465600895
1.2204814323112303
0.8090227704824597
0.055981180334570446
0.7915099381770725
0.35518875894330115
0.07565550583992753
0.027573682665031907
3.093460699459367
2.6885740134186786
2.978684466243463
0.5463855257585246
0.16152599042274307
0.12927408627985537
0.8309583466099952
0.11134940144099348
0.059460948744087805
0.24333002635866174
0.0030938786065273227
0.7273090204830317
0.29194003337329466
0.02986515497451636
0.8172990125964534
0.8580496462330163
0.9088033921483216
0.8350937433732191
0.703792703752776
0.6790538154128893
0.1636033344441996
0.3912356722587984
0.6359939971846291
0.14296724172098152
0.2927369486247158
0.2957790791509818
0.544178046925123
0.6809635195046044
1.113575864289548
0.9142457617514199
0.8904216036283921
0.1452662463521528
0.3219298312003347
0.024913130545964446
0.2837190195079238
1.5198128801595254
0.008455009127541935
0.15068385585244037
0.3218770284042738
1.069415101643493
1.0045646078439705
0.887103732284463
0.8590868188590144
0.16556245117665602
0.35703509904583
0.19826633224521517
0.8892466764672964
1.4221333225586135
0.38909109497459315
0.2767668515666748
0.966822672957472
0.9809801218874674
0.768281254598731
2.453338019341871
3.249678705522512
2.936747399595126
