2.4133457970977252
1.1162786751280138
0.3647966496204904
1.1392326463381193
1.1532311581768235
2.6864719531562855
3.1113791629450196
1.8943645872450166
0.380533515877167
0.47360036682653694
0.43393355044875603
0.3365905453745741
0.2010048364098962
0.14621441169944527
0.21484010309756219
1.854261415311794
1.296383161166223
1.854618056342047
0.004758311268107107
0.5264425348200596
0.902947849323255
0.519676430697869
0.6170148186603104
0.18293032870764714
0.4561905544600129
0.072288550447146
0.005332056935116292
1.088443335483169
0.27388022338936935
2.9887982743299135
0.9859543631257512
0.7370361581430132
0.4341081007941261
0.5958344609753037
0.5763233332942734
0.7018614301204407
0.5324406520490399
0.6452927136111306
0.06374163280494649
1.7438780297959993
0.4302433001005501
2.5013122465346136
1.1530600308086765
0.5244129590473663
0.8823077134734096
0.5412825065916755
0.6894849139738373
0.22649217610279404
0.16193702149060396
0.08668532612777557
1.5992044155170757
2.237555152961881
0.2156621180103957
1.0413884547172425
0.42210764242658483
0.6750032230815957
0.8832070543730621
0.9058300212328407
0.6603400697319279
0.5221227500021883
0.3747471174823387
0.15801566940778677
0.04618182589667974
2.0692619830642616
0.07531986777955346
1.1192533113535528
0.47367632204609356
0.7016960276843398
0.8328358931633955
0.6373339565013785
0.8751131125143332
0.33203676076285715
0.4143274539148707
0.9454211553682539
1.367370598591783
2.885532342701211
2.0609552240303453
1.8333450180086666
0.5243738803564773
0.8024793038989566
0.703078871681762
1.6416464076557225
2.9966901851022154
2.921409863832513
2.4301766330808627
1.3566433744927346
0.29755555971743686
1.1456000999864253
0.8089421356237354
0.05083528604377108
3.1991000834595438
0.4301207750570506
0.5975356449582816
0.9224318938470919
0.40743426071843913
0.6249768647267078
1.1805650138332915
0.6439913115982998
0.14902933295698428
2.5412802221198443
1.0587926296184467
1.4266673833153343
0.46200572541388274
0.971159406619484
0.6752355720009571
0.5644673218300023
1.0428248310142845
0.33926989335636737
0.1785080756746229
0.6914110947186183
1.628074335168013
2.3486918958561382
0.2945237410859125
1.1161449401162624
0.8882831161856934
0.6457424392628162
0.5317802303530708
0.7461572132956222
0.9918337067216489
2.6411075035143154
2.5413109135879455
2.2520980024834443
1.5617272362135937
1.8571475558853585
0.08733674223835353
0.7068491166262456
0.34824056672167014
0.6647831124878381
0.9171556420367151
0.9923775620680422
0.9967456738949942
1.3208348969737842
1.5910498918095395
1.5954384355213633
0.40775202376029984
2.0676643016030876
0.19874428558475854
0.8978133373325399
0.5836138670048405
0.7611211519673278
0.6448717207461274
0.8363831054738373
0.8946272466374352
1.271379709414683
1.7039707461035145
1.7258143097028102
0.0807634613049939
1.92310778219856
0.33448931686367045
0.7131478822362434
0.6953531484887026
0.7669545373876496
0.8088280445870835
0.794700548742941
0.5517013031766784
0.2547207560004767
1.1458956312241844
0.30122818151425523
0.612272653808632
1.31877307593289
0.42856063337720585
2.001759471785764
2.375697918331147
0.3469708365957822
0.4498441972373235
0.5337812964470041
0.6669037543652823
0.20328908109406152
0.17033558963725115
0.577329222324432
0.3955601854641264
1.7886805286041847
0.027310797036655732
0.8197965811456793
0.7428119493466312
0.5422208698181028
0.7120216830269506
0.7245105857444472
0.5592497245311736
0.12765360680139004
1.3275819115254457
0.9009778829925352
0.6836134573150225
1.2972477237584163
1.460731363021475
2.981915287081357
2.915720505779321
3.030236414175885
0.19846806681527518
0.3837097681594206
0.7672045880501872
0.5355877526259616
0.30653920840644
0.059157418836877085
0.40345555399401656
2.1317371410033417
0.18168262169978178
1.0645851982752093
0.39771949374125004
0.6349426193411611
0.7478143550390492
0.5622783779135059
0.879226449342903
0.5635805333323649
0.2214131122169647
0.47936519412459333
1.2574213464475301
1.5083961969929478
0.5122756511740105
0.7011489836322364
0.6781188873730044
0.6531722363634649
0.43479128092302277
0.8209687780287966
0.38632046485190275
0.6885182022557448
0.21983575317727366
0.33829244609672937
1.1497917822281751
1.6263112517298883
0.0017466042382228153
0.5620709248512514
0.5095247329146515
0.5589950540262429
0.40281524067030494
0.8548201285783996
0.5746224612893887
0.19100831796196527
0.13528505109039557
0.4326272263259128
1.718236560946072
2.9167773549730356
0.34731365551863114
1.109734845227254
0.7016689948077937
0.9515495636315108
0.9913474628495211
0.48202815342254457
1.0087068182188248
0.2020697831886964
