295.0 582.0 62840000.0 52953948.288924776 298.7231182795699 0.7141131326849246
295.0 575.0041787986247 52953948.288924776 62608091.96285471 291.0416666666667 0.07865220216934077
294.0 581.8581413602568 62608091.96285471 49895259.24646657 298.7231182795699 0.7108470250987038
294.0 572.6595925085641 49895259.24646657 43670120.04287139 296.3333333333333 0.34309137569409565
294.0 567.887817467732 43670120.04287139 62835719.681990564 286.7741935483871 0.23762211797904653
612.0166666666667 581.9973817203665 62835719.681990564 48838032.93448331 617.3611111111111 3.090796343863474
527.7284946236559 571.8491935820438 48838032.93448331 53938488.712035164 525.752688172043 2.9262526501581423
303.08870967741933 575.7588615878826 53938488.712035164 33407418.34081036 310.6720430107527 0.7292446631658551
294.0 558.615585745493 33407418.34081036 59097705.381599985 283.9861111111111 0.11035695977243964
294.0 579.7108304195958 59097705.381599985 46144933.940464295 298.7231182795699 0.6614080302939715
295.0 569.7848441527607 46144933.940464295 42587133.86456809 296.3333333333333 0.2795515875419543
295.0 567.0576727518984 42587133.86456809 64660877.63394679 286.7741935483871 0.21927365305229696
289.60215053763443 583.1358472668236 64660877.63394679 40317166.906213716 298.7231182795699 0.7402645139591124
409.63392857142856 565.317668019292 40317166.906213716 39258625.25563186 410.1041666666667 1.225282712500138
304.0 564.5062608422428 39258625.25563186 53329657.71855708 298.7231182795699 0.3113429222982269
294.0 575.2921724996955 53329657.71855708 47104597.654917955 296.3333333333333 0.4012785817472371
294.0 570.5204581222567 47104597.654917955 34266012.01175192 298.7231182795699 0.44981186149606467
294.0 559.484975763058 34266012.01175192 60081597.74083838 283.9861111111111 0.09194172873721262
294.0 580.3126794691299 60081597.74083838 47243501.49537665 298.7231182795699 0.6752648087743109
291.8225806451613 570.6269325089811 47243501.49537665 60546119.265086696 286.7741935483871 0.29816403953331383
241.79444444444445 580.5968282738562 60546119.265086696 46933057.354276784 246.94444444444446 0.13459804349121107
226.84677419354838 570.388966809641 46933057.354276784 46143363.87877442 227.02956989247312 0.47649615265494605
236.21666666666667 569.7836406485595 46143363.87877442 50239927.08648571 234.59722222222223 0.4870881467803918
251.1720430107527 572.9237918047711 50239927.08648571 50936660.83613231 250.92741935483872 0.11971271796091543
274.03494623655916 573.4578612621656 50936660.83613231 48905740.69462995 274.8252688172043 0.20402890526610218
390.76785714285717 571.9010938190299 48905740.69462995 37385155.17400938 395.5625 1.2425576111324839
297.0 562.6433404475409 37385155.17400938 64711411.9644658 286.7741935483871 0.12170485580929791
294.0 583.167370132573 64711411.9644658 58486550.62023844 296.3333333333333 0.5753419526294632
294.0 579.2451014273371 58486550.62023844 45648354.921520926 298.7231182795699 0.6506852361272335
294.0 569.404199914793 45648354.921520926 39459611.01875425 296.3333333333333 0.27113831053530113
294.0 564.6603230754979 39459611.01875425 58625420.32508738 286.7741935483871 0.16628567925014393
294.0 579.3515496479879 58625420.32508738 45756544.0249562 298.7231182795699 0.6531360656405916
294.0 569.4871304399715 45756544.0249562 39442539.465099126 296.3333333333333 0.27297130158321137
239.13709677419354 564.6472371651311 39442539.465099126 39566998.64607448 238.9784946236559 0.4283726383225033
237.68333333333334 564.7426392427324 39566998.64607448 47465125.782267764 234.59722222222223 0.575295564053564
248.75 570.7968148531411 47465125.782267764 41674713.009114064 250.92741935483872 0.16084821650236236
274.755376344086 566.3582719959642 41674713.009114064 41573348.7546322 274.8252688172043 0.05364694325725683
452.50892857142856 566.28057294318 41573348.7546322 60790248.55040225 444.5982142857143 1.6441382244729743
294.0 580.7461626771078 60790248.55040225 48077355.32327516 298.7231182795699 0.6852451863998077
287.5472222222222 571.2661090403863 48077355.32327516 57130655.44963495 283.9861111111111 0.1576036844554385
293.9301075268817 578.2057629448605 57130655.44963495 44105635.17475897 298.7231182795699 0.6267558419894179
294.0 568.2216542171249 44105635.17475897 37916786.01342615 296.3333333333333 0.2450008216805366
294.0 563.181656254495 37916786.01342615 57082795.62429187 286.7741935483871 0.13360310501213934
294.0 578.1690768061957 57082795.62429187 44213655.06912168 298.7231182795699 0.6259111921604115
281.73333333333335 568.304455037954 44213655.06912168 38108652.94502824 283.9861111111111 0.09487057089386752
227.28494623655914 563.3759358080034 38108652.94502824 38492146.029145926 227.02956989247312 0.5992101338881333
236.29166666666666 563.7642511082682 38492146.029145926 42783111.19541154 234.59722222222223 0.5924153947149957
250.73655913978496 567.2078958562022 42783111.19541154 42313470.954508714 250.92741935483872 0.23025751219351198
286.85752688172045 566.8479010823638 42313470.954508714 42622346.40113042 286.7741935483871 0.21463712637487742
312.92261904761904 567.0846643255157 42622346.40113042 63631219.54160618 304.2708333333333 0.06903322823942881
295.0 582.4935557101895 63631219.54160618 53596756.740648896 298.7231182795699 0.725476600233967
294.0 575.4969127320605 53596756.740648896 47371696.17124511 296.3333333333333 0.40580389992488985
294.0 570.7251979669363 47371696.17124511 34533090.12067663 298.7231182795699 0.454525725671842
294.0 559.7554122333787 34533090.12067663 60348673.5796247 283.9861111111111 0.08621340200158123
251.34139784946237 580.476050327962 60348673.5796247 61270402.37064546 250.92741935483872 0.0263471249665157
220.46236559139786 581.0398737905545 61270402.37064546 43463525.03333657 227.02956989247312 0.2901266358130803
231.925 567.7294555616257 43463525.03333657 36272385.83605549 234.59722222222223 0.5230322671113341
217.11290322580646 561.5165786427299 36272385.83605549 41416189.618857436 215.08064516129033 0.7774542561304894
211.3388888888889 566.1601052689638 41416189.618857436 45037535.1902588 209.90277777777777 0.850463835257091
215.11021505376345 568.9359863933346 45037535.1902588 45158162.182094604 215.08064516129033 0.6544623786668273
274.94354838709677 569.0284509712449 45158162.182094604 45560836.915849976 274.8252688172043 0.11020609592952546
392.42261904761904 569.3371144695643 45560836.915849976 34868715.04527566 396.875 1.1871239373827764
199.20698924731184 560.0952574581547 34868715.04527566 56298832.73817191 191.18279569892474 1.0898158420027237
206.25277777777777 577.5681433313642 56298832.73817191 46662451.44688362 209.90277777777777 0.67185844178697
293.76612903225805 570.1815384337334 46662451.44688362 33197826.491562974 298.7231182795699 0.4420086838552115
295.0 558.4033583931777 33197826.491562974 61605010.01033105 283.9861111111111 0.1148523135790418
241.69086021505376 581.2445539956813 61605010.01033105 36679010.38592263 250.92741935483872 0.04120990073770425
210.84139784946237 561.9283162742963 36679010.38592263 57111580.819000795 203.13172043010752 0.9167171501865181
230.33055555555555 578.1911416097552 57111580.819000795 45788496.68241998 234.59722222222223 0.33997373720067614
204.05376344086022 569.5116232084682 45788496.68241998 47958723.95351247 203.13172043010752 0.7979921326704504
223.69166666666666 571.1751741727826 47958723.95351247 51594563.54653559 222.25 0.6173432556525205
222.86559139784947 573.9621654439877 51594563.54653559 40483218.71586446 227.02956989247312 0.41397234090289814
231.01075268817203 565.4449522220805 40483218.71586446 51231876.79738424 227.02956989247312 0.5630064950693514
282.7767857142857 573.6841540581152 51231876.79738424 63319827.80570527 277.8125 0.1050073962415441
74.69623655913979 582.299312315938 63319827.80570527 39297297.70341566 83.64247311827957 2.2462757663675936
80.425 564.5359045522174 39297297.70341566 55561224.28618162 74.08333333333333 2.509279618285966
172.61827956989248 577.002742063055 55561224.28618162 37656582.495297536 179.23387096774192 1.0006524955376332
146.79166666666666 562.9181808191961 37656582.495297536 33953436.524392106 148.16666666666666 1.6362192379808318
188.86021505376345 559.1684698096095 33953436.524392106 59551185.8431762 179.23387096774192 1.247018816294006
161.01075268817203 579.988225382794 59551185.8431762 42530559.79628262 167.28494623655914 1.1221309217545081
180.7138888888889 567.0143068578719 42530559.79628262 62621400.68102325 172.86111111111111 1.2894070194573328
64.90322580645162 581.866282331477 62621400.68102325 44140941.547987856 71.69354838709677 2.4135174509237554
39.74722222222222 568.24871771965 44140941.547987856 51054428.30723688 37.041666666666664 2.9444909227578
47.564516129032256 573.548133922882 51054428.30723688 50475946.5000347 47.795698924731184 2.7730599508443463
96.14784946236558 573.1047084895056 50475946.5000347 52050794.75679919 95.59139784946237 2.1491688182032807
240.94940476190476 574.3118817524563 52050794.75679919 58961464.52235594 238.125 0.5653459039438045
296.85215053763443 579.6091386368761 58961464.52235594 53887764.242661506 298.7231182795699 0.6590667114740629
294.0 575.7199796048458 53887764.242661506 47662649.05250936 296.3333333333333 0.41073428689664704
294.0 570.9482229711118 47662649.05250936 34824172.173960164 298.7231182795699 0.4596605814647168
294.0 560.0501544845526 34824172.173960164 60639710.013078235 283.9861111111111 0.07997023548074456
294.0 580.6540779335319 60639710.013078235 47801722.15639743 298.7231182795699 0.6831250569518375
294.0 571.0548271038517 47801722.15639743 34932035.73449473 298.7231182795699 0.46211500064774746
294.0 560.1593743704678 34932035.73449473 60622563.02811791 283.9861111111111 0.07765676351518991
245.14247311827958 580.6435890863487 60622563.02811791 44827727.222766764 250.92741935483872 0.029587305987740287
230.36944444444444 568.775161648714 44827727.222766764 33768022.11541432 234.59722222222223 0.5047345072530915
247.52956989247312 558.9807239156744 33768022.11541432 56712660.77194654 238.9784946236559 0.5327438176597985
316.81451612903226 577.885356202945 56712660.77194654 41246939.46041036 322.6209677419355 0.9409466568545106
408.0 566.030369426066 41246939.46041036 36235702.574460134 410.1041666666667 1.2456298816942812
295.0 561.479434109149 36235702.574460134 58205261.58895456 286.7741935483871 0.09597934768923366
294.0 579.0294840837176 58205261.58895456 51980038.80040923 296.3333333333333 0.48388337246845614
294.0 574.2576449722576 51980038.80040923 39141952.08497966 298.7231182795699 0.5358556466614441
294.0 564.4168269990074 39141952.08497966 32953068.458636586 296.3333333333333 0.16090375109464183
294.0 558.1555226616241 32953068.458636586 52119659.778014004 286.7741935483871 0.022511828772021847
261.88978494623655 574.3646690683173 52119659.778014004 49258793.026815675 262.8763440860215 0.06569520021899944
218.29722222222222 572.1717201057254 49258793.026815675 38749052.22765938 222.25 0.600823466015481
211.15322580645162 564.0243877619582 38749052.22765938 59933979.363723494 203.13172043010752 0.8839008437587523
218.625 580.222380993767 59933979.363723494 50437263.054851435 222.25 0.46736727507317655
217.64247311827958 573.0750563496607 50437263.054851435 57340296.85680801 215.08064516129033 0.5858488178552532
234.11827956989248 578.3664600154891 57340296.85680801 44408546.80429202 238.9784946236559 0.1756790672591464
305.9434523809524 568.4538459972779 44408546.80429202 48533160.12256856 304.2708333333333 0.09803493783499073
160.9731182795699 571.6154984907464 48533160.12256856 63569574.79430092 155.33602150537635 1.3850923328212752
110.6361111111111 582.4551022653037 63569574.79430092 62128259.48853588 111.125 1.915286701052578
294.502688172043 581.5646268147959 62128259.48853588 50636855.64356761 298.7231182795699 0.7040892408331016
233.55555555555554 573.2280506686666 50636855.64356761 47797180.84408042 234.59722222222223 0.4268178775532734
205.90591397849462 571.0513460377971 47797180.84408042 55041384.971594736 203.13172043010752 0.7738860768996867
181.747311827957 576.6042680393487 55041384.971594736 61556390.79344398 179.23387096774192 1.0061570980099077
186.7888888888889 581.2148135172663 61556390.79344398 33385595.922266144 197.55555555555554 0.7786159381562534
165.35752688172042 558.5934889219506 33385595.922266144 59929128.90689392 155.33602150537635 1.540995898829632
179.51388888888889 580.2194139590043 59929128.90689392 45068726.78801963 185.20833333333334 0.9562167255312422
123.82795698924731 568.9598957844038 45068726.78801963 56730599.286642 119.48924731182795 1.8745780417191908
85.9758064516129 577.8991066676164 56730599.286642 63064829.394643284 83.64247311827957 2.274642262909377
134.92857142857142 582.1402465759621 63064829.394643284 37516933.96641927 145.52083333333334 1.588491575644515
195.61827956989248 562.7767762863147 37516933.96641927 49335118.54391731 191.18279569892474 1.0503032500168783
215.9361111111111 572.2302261383735 49335118.54391731 32792990.559984364 222.25 0.5998536087114723
295.78494623655916 557.9934318707982 32792990.559984364 56739990.11235638 286.7741935483871 0.018929179706512755
268.6166666666667 577.9063050460447 56739990.11235638 48766021.94173186 271.6388888888889 0.13745170695542486
188.6236559139785 571.7939947749749 48766021.94173186 41725862.23528547 191.18279569892474 0.9174331499646078
192.19623655913978 566.3974795691316 41725862.23528547 44223436.37710277 191.18279569892474 0.9969516307728203
209.70555555555555 568.3119527339514 44223436.37710277 43448573.61166863 209.90277777777777 0.8167742945078795
181.65322580645162 567.7179948025315 43448573.61166863 49629520.79035854 179.23387096774192 1.1289139120518992
178.8 572.4558951950144 49629520.79035854 32918242.128710493 185.20833333333334 1.0634635773694354
188.04569892473117 558.1202584096143 32918242.128710493 56561078.97972409 179.23387096774192 1.2614990250920868
184.11827956989248 577.7691637469829 56561078.97972409 37724637.44802228 191.18279569892474 0.8293881169937043
201.22916666666666 562.9870915257936 37724637.44802228 44555678.85033541 198.4375 1.1942675871321367
217.41935483870967 568.5666275756579 44555678.85033541 50757562.254771896 215.08064516129033 0.6605852574693998
160.79444444444445 573.3205762774554 50757562.254771896 51309612.20593915 160.51388888888889 1.3646786089743381
294.63978494623655 573.7437408191818 51309612.20593915 40185096.6437499 298.7231182795699 0.5240236831237248
247.61944444444444 565.2164317960608 40185096.6437499 41794556.19879963 246.94444444444446 0.41788867538316277
214.95430107526883 566.450135763609 41794556.19879963 41269825.28997231 215.08064516129033 0.6956704435584302
193.3521505376344 566.0479121711711 41269825.28997231 46863484.170120105 191.18279569892474 1.0021025600976938
212.43055555555554 570.3356366634688 46863484.170120105 53151716.52872855 209.90277777777777 0.7850912949847739
200.41666666666666 575.155774693865 53151716.52872855 45579980.9243107 203.13172043010752 0.7096267282652202
196.9111111111111 569.3517889850677 45579980.9243107 43808865.83901678 197.55555555555554 0.9534194275579999
208.67741935483872 567.9941707082644 43808865.83901678 58703844.7664759 203.13172043010752 0.8217495219242945
151.61827956989248 579.4116645755051 58703844.7664759 48830946.20378379 155.33602150537635 1.2917541973064743
201.0 571.8437613686318 48830946.20378379 55107761.1470201 198.4375 1.0719197204894475
296.741935483871 576.6551475726156 55107761.1470201 49738620.17308603 298.7231182795699 0.5910549735772501
294.0 572.5395234793696 49738620.17308603 43513231.16695475 296.3333333333333 0.34043752230089375
294.0 567.7675569566336 43513231.16695475 62679207.58762825 286.7741935483871 0.23496403231292717
294.0 581.9016429392407 62679207.58762825 56490548.82100636 296.3333333333333 0.5473659255937808
285.76075268817203 577.7151000481662 56490548.82100636 53588777.812041394 286.7741935483871 0.45483189636241717
227.5215053763441 575.4907966194505 53588777.812041394 54688987.52197359 227.02956989247312 0.38722436027449225
230.5638888888889 576.3341437417934 54688987.52197359 43970344.939990714 234.59722222222223 0.3724674765647138
216.13440860215053 568.1179497786502 43970344.939990714 46492566.162201405 215.08064516129033 0.6680230107894993
223.11388888888888 570.0513157455753 46492566.162201405 48630795.56609702 222.25 0.6359735106016866
237.48924731182797 571.6903392866375 48630795.56609702 44683523.55121262 238.9784946236559 0.29864614828295144
320.3279569892473 568.6646247662101 44683523.55121262 38627996.56053619 322.6209677419355 0.711667897192096
376.83035714285717 563.9018098859169 38627996.56053619 54222668.17438717 370.4166666666667 0.7411435534895503
294.5698924731183 575.9766945424911 54222668.17438717 43036065.07382731 298.7231182795699 0.5754344897449202
293.94166666666666 567.4017933682143 43036065.07382731 36659715.30383418 296.3333333333333 0.2268796582928445
294.0 561.9087785670856 36659715.30383418 55826063.38796833 286.7741935483871 0.1054690325329588
294.0 577.2057499917794 55826063.38796833 49637414.135066904 296.3333333333333 0.4435738693379787
294.0 572.4619457047356 49637414.135066904 36799160.0772739 298.7231182795699 0.4945120456594623
294.0 562.049976782415 36799160.0772739 55933951.951431334 286.7741935483871 0.10858989863289947
294.0 577.2884501431313 55933951.951431334 49620127.638668776 296.3333333333333 0.44540176849528734
254.15591397849462 572.4486950336488 49620127.638668776 57965469.93213955 250.92741935483872 0.12890103686609633
236.21944444444443 578.8456758497864 57965469.93213955 62069224.8782858 234.59722222222223 0.3285207003569881
248.03494623655914 581.5285152181003 62069224.8782858 54363498.159028694 250.92741935483872 0.04670167931184199
259.61290322580646 576.0846453824219 54363498.159028694 45708378.99374412 262.8763440860215 0.10054335873830844
335.9613095238095 569.4502103509161 45708378.99374412 58444457.73506592 330.7291666666667 0.4251708218565997
325.0 579.2128358390034 58444457.73506592 64753679.100269146 322.6209677419355 0.9739551970685802
232.0861111111111 583.1937359958158 64753679.100269146 58068749.84128202 234.59722222222223 0.25243836576641954
293.744623655914 578.9248433152112 58068749.84128202 44546721.486977085 298.7231182795699 0.6433117166048623
294.0 568.5597614604584 44546721.486977085 38357879.02001684 296.3333333333333 0.2524739149586832
247.4731182795699 563.6282957648086 38357879.02001684 60922718.75971106 238.9784946236559 0.4471404609579568
223.94354838709677 580.8271949859935 60922718.75971106 52439834.721387565 227.02956989247312 0.2938480884667891
230.5861111111111 574.6100937493602 52439834.721387565 41778773.806649245 234.59722222222223 0.4026348946706815
217.64247311827958 566.438038038163 41778773.806649245 48340552.179720424 215.08064516129033 0.6958709881322909
224.725 571.4678581337537 48340552.179720424 54654751.38034865 222.25 0.6124914196201372
248.98924731182797 576.3079006071811 54654751.38034865 49505056.863358855 250.92741935483872 0.05426442873570725
330.7795698924731 572.3604894794283 49505056.863358855 39439440.28619503 334.5698924731183 0.9592634547981804
370.0 564.6448615420232 39439440.28619503 38509920.91912585 370.4166666666667 0.7603042690723285
294.0 563.7822495077846 38509920.91912585 57801015.808496326 286.7741935483871 0.14687785582731605
294.0 578.719616326152 57801015.808496326 51576104.14083243 296.3333333333333 0.47703444893358427
954.1397849462365 573.9480156991351 51576104.14083243 46625428.382496364 955.9139784946236 3.0050316484775124
918.05 570.1531590306711 46625428.382496364 57766569.458453454 913.6944444444445 2.6605660893666583
471.1693548387097 578.6932120598366 57766569.458453454 39395886.308265775 477.9569892473118 3.0608967738754993
296.7795698924731 564.6114759777788 39395886.308265775 33972573.40819478 298.7231182795699 0.3137653616574485
294.0 559.1878473292774 33972573.40819478 59662746.290742055 283.9861111111111 0.09823543886115838
294.0 580.0564671459326 59662746.290742055 46710454.45284244 298.7231182795699 0.6693658588478693
264.9277777777778 570.2183343250746 46710454.45284244 61217649.042214334 259.2916666666667 0.1720359658102697
259.63978494623655 581.0076044673119 61217649.042214334 52590380.08591046 262.8763440860215 0.2002866268097887
290.3494623655914 574.7254917492199 52590380.08591046 62252412.77705948 286.7741935483871 0.38875338984220376
346.83035714285717 581.6405716455417 62252412.77705948 37275003.01469636 357.1875 1.0343222360969104
294.0 562.5318031849672 37275003.01469636 56566055.445379525 286.7741935483871 0.11923957775436778
294.0 577.7729783724603 56566055.445379525 50340918.769082785 296.3333333333333 0.45611116536585206
294.0 573.0012052688861 50340918.769082785 37502630.795789175 298.7231182795699 0.5069277840071789
291.825 562.7622932611234 37502630.795789175 57680489.05203214 283.9861111111111 0.022522299386377842
239.8252688172043 578.6272285819686 57680489.05203214 59761578.2148192 238.9784946236559 0.1708759861368767
219.81182795698925 580.1169228441713 59761578.2148192 40212202.403308965 227.02956989247312 0.30627642683598655
233.01666666666668 565.2372092570454 40212202.403308965 35851186.2767671 234.59722222222223 0.5666415804278349
218.67741935483872 561.0900827289568 35851186.2767671 45185266.81187463 215.08064516129033 0.7845242993103185
222.44444444444446 569.0492275662165 45185266.81187463 45588933.75003894 222.25 0.6525851743228825
225.58333333333334 569.3586516220238 45588933.75003894 41756807.54819959 227.02956989247312 0.49452460263156883
266.1666666666667 566.4212001747221 41756807.54819959 50655311.74054095 262.8763440860215 0.09524612259295395
331.2529761904762 573.2421978772684 50655311.74054095 52001014.588089556 330.7291666666667 0.5124763201265563
189.76075268817203 574.2737236071027 52001014.588089556 48130298.639452785 191.18279569892474 0.8808939645781528
276.64444444444445 571.306691842867 48130298.639452785 60927767.48083668 271.6388888888889 0.0037380242817182108
293.9543010752688 580.830283299448 60927767.48083668 47967454.51032573 298.7231182795699 0.6871819524880793
294.0 571.1818664332657 47967454.51032573 41778539.875396445 296.3333333333333 0.3104295945048636
286.81451612903226 566.4378587221225 41778539.875396445 41698881.451468475 286.7741935483871 0.20557407059452126
231.8790322580645 566.3767979061857 41698881.451468475 54470179.1063556 227.02956989247312 0.5467010639704704
236.6027777777778 576.1664198560742 54470179.1063556 59403895.09585232 234.59722222222223 0.3754023082743836
220.23924731182797 579.8981273192715 59403895.09585232 40916507.978217624 227.02956989247312 0.31010490983145544
232.175 565.7770827688742 40916507.978217624 34536777.12192793 234.59722222222223 0.55719487643018
242.88709677419354 559.7591455966577 34536777.12192793 45046960.756504476 238.9784946236559 0.5184061138039495
276.0967741935484 568.943211401529 45046960.756504476 48538398.47446546 274.8252688172043 0.10840056982737556
343.1011904761905 571.6195138606874 48538398.47446546 46543281.41268262 343.9583333333333 0.6301295353188108
216.8790322580645 570.0901906620262 46543281.41268262 51298192.437298484 215.08064516129033 0.6353290792506598
253.63333333333333 573.7349871889112 51298192.437298484 36455057.50118723 259.2916666666667 0.10402428912507311
293.89247311827955 561.7015473043127 36455057.50118723 55333210.67367264 286.7741935483871 0.10088865578154271
294.0 576.8279620895387 55333210.67367264 49144487.951381 296.3333333333333 0.4352237251501032
284.03494623655916 572.084101485778 49144487.951381 41620138.24380938 286.7741935483871 0.330371452714588
231.01344086021504 566.3164386337817 41620138.24380938 52073127.48092766 227.02956989247312 0.5477572302157521
236.5861111111111 574.3290005239576 52073127.48092766 56963712.22381989 234.59722222222223 0.4075534625165642
221.2231182795699 578.0777954421064 56963712.22381989 41111207.58338664 227.02956989247312 0.34195706787274194
231.675 565.9263264541992 41111207.58338664 33435483.131615963 234.59722222222223 0.5545834111741623
247.2311827956989 558.6440034357197 33435483.131615963 55581083.32704445 238.9784946236559 0.5389458526772333
281.6290322580645 577.0179646745381 55581083.32704445 41886149.1548419 286.7741935483871 0.43942330107988825
346.3333333333333 566.5203447930401 41886149.1548419 47710333.14560088 343.9583333333333 0.5080318456917494
189.20430107526883 570.984774405195 47710333.14560088 42348971.88089148 191.18279569892474 0.9293571364613524
149.79722222222222 566.8751137163146 42348971.88089148 46400523.41151893 148.16666666666666 1.5924897272729488
294.61021505376345 569.9807619336793 46400523.41151893 35196694.13601771 298.7231182795699 0.43738607044830946
233.64444444444445 560.4273607068876 35196694.13601771 32587633.938136168 234.59722222222223 0.650804286193817
182.16397849462365 557.7854930015542 32587633.938136168 40250599.58596843 179.23387096774192 1.2661235435881721
151.747311827957 565.2666419672003 40250599.58596843 62426236.0655553 143.38709677419354 1.6102655360635005
174.85833333333332 581.7468997209513 62426236.0655553 35336270.91684713 185.20833333333334 0.935115721698248
165.5241935483871 560.5686925895276 35336270.91684713 62325755.57660319 155.33602150537635 1.5173481435625837
158.1861111111111 581.6854355920711 62325755.57660319 56192110.650657296 160.51388888888889 1.2645319004792221
56.51075268817204 577.4863373223976 56192110.650657296 47571104.75642157 59.744623655913976 2.5981360398679296
