287.0 582.0 62840000.0 63530551.09743555 286.7741935483871 0.5495398852001236
287.0 582.4307596304119 63530551.09743555 53830954.50621545 291.0416666666667 0.22912094058177956
280.0 575.6764330633816 53830954.50621545 35624466.005542584 286.7741935483871 0.4097717894266317
276.0 560.86051157411 35624466.005542584 46751989.11717776 271.6388888888889 0.2079103239785045
275.0 570.2501720186783 46751989.11717776 47032870.97251754 274.8252688172043 0.13608432652170732
650.925 570.4654772484729 47032870.97251754 37872969.613305196 654.4027777777778 2.6719107550192014
509.7768817204301 563.1372888870661 37872969.613305196 58900258.31008072 501.85483870967744 2.599252510539227
283.7876344086022 579.5622220513144 58900258.31008072 50683147.0537527 286.7741935483871 0.49565833619123456
275.0 573.2635345652513 50683147.0537527 59129366.458295695 271.6388888888889 0.04338529432131111
275.0 579.7301975675746 59129366.458295695 59295494.69446663 274.8252688172043 0.3368881742490544
275.0 579.8318185631047 59295494.69446663 35902024.62098163 283.9861111111111 0.3390406881644523
272.2795698924731 561.1415603375923 35902024.62098163 61129207.996033534 262.8763440860215 0.20221604099264434
282.2069892473118 580.9535048911907 61129207.996033534 48982309.19714101 286.7741935483871 0.5264094858447304
286.98511904761904 571.9597861080289 48982309.19714101 39247018.785048 291.0416666666667 0.016970260268794668
280.0 564.4973640987592 39247018.785048 53044638.95389545 274.8252688172043 0.014229595266200157
276.0 575.0736961921143 53044638.95389545 64171125.16241585 271.6388888888889 0.0800606826980017
275.0 582.8303440326481 64171125.16241585 64451701.80440496 274.8252688172043 0.4025548051557162
275.0 583.0053652454943 64451701.80440496 41019253.85665354 283.9861111111111 0.4062620665752297
275.0 565.8558408821041 41019253.85665354 41299646.743967965 274.8252688172043 0.04300455623407062
270.2123655913978 566.0707713017389 41299646.743967965 60730086.93904843 262.8763440860215 0.10234610461905547
206.88055555555556 580.7093616914392 60730086.93904843 52633898.50028891 209.90277777777777 0.6226792106073447
191.90591397849462 574.7588500528267 52633898.50028891 54271328.03437426 191.18279569892474 0.8737455518539403
218.1888888888889 576.0139939341647 54271328.03437426 43644090.118065864 222.25 0.5371299088241104
243.1505376344086 567.8678646696596 43644090.118065864 54859970.44200473 238.9784946236559 0.36905208685533664
275.6236559139785 576.4652078037411 54859970.44200473 57084373.72997678 274.8252688172043 0.26772986829443646
292.94642857142856 578.1702864763851 57084373.72997678 61770547.5081167 291.0416666666667 0.14280019149862255
280.0 581.3458136352841 61770547.5081167 43564120.22612193 286.7741935483871 0.5350805802866505
276.0 567.8065651031897 43564120.22612193 54691356.08858144 271.6388888888889 0.0671774705781365
275.0 576.3359593264177 54691356.08858144 54972178.57615349 274.8252688172043 0.26499215504402507
275.0 576.5512190488552 54972178.57615349 63543639.018186115 271.6388888888889 0.10999653141020671
275.0 582.4389237589265 63543639.018186115 63824690.44574094 274.8252688172043 0.3942638257025082
275.0 582.6142411387842 63824690.44574094 64073838.64158633 274.8252688172043 0.39797736046750654
275.0 582.7696575665601 64073838.64158633 40516834.63337268 283.9861111111111 0.40126935757621407
195.1263440860215 565.4707199343989 40516834.63337268 50779820.5584136 191.18279569892474 1.0106075764002007
223.64166666666668 573.3376380031928 50779820.5584136 54285941.13702201 222.25 0.5814959892143436
241.73387096774192 576.025195360543 54285941.13702201 61707502.96652813 238.9784946236559 0.21880268533255043
279.244623655914 581.3072491550571 61707502.96652813 41626084.521451816 286.7741935483871 0.5342281999734739
294.95238095238096 566.3209966522151 41626084.521451816 51165156.627734534 291.0416666666667 0.09727632975795064
280.0 573.6330108419007 51165156.627734534 32958524.610220626 286.7741935483871 0.36460657877570224
276.0 558.1610474213353 32958524.610220626 44085651.11397231 271.6388888888889 0.262603725243197
275.0 568.2063357737362 44085651.11397231 44366738.375914045 274.8252688172043 0.09279222989262514
275.0 568.4217984544832 44366738.375914045 52938257.62285339 271.6388888888889 0.05471232836866058
275.0 574.9921513842513 52938257.62285339 53218538.26873877 274.8252688172043 0.23652790629260956
275.0 575.2069957671195 53218538.26873877 53467754.45714822 274.8252688172043 0.24107869347350874
232.95277777777778 575.3980282161507 53467754.45714822 48941110.5467069 234.59722222222223 0.388847621329365
190.3494623655914 571.9282059801911 48941110.5467069 46409778.75073622 191.18279569892474 0.9154555272323157
219.25555555555556 569.9878564572276 46409778.75073622 38547088.95004131 222.25 0.63702547826255
237.7311827956989 563.8198849063953 38547088.95004131 35247798.235767655 238.9784946236559 0.4436115916559151
281.6774193548387 560.4791074127893 35247798.235767655 53686310.775782965 274.8252688172043 0.07088424746947197
284.99107142857144 575.5655588611963 53686310.775782965 39126936.231994875 291.0416666666667 0.09002623171245094
281.0 564.4053168511784 39126936.231994875 55602876.83314147 274.8252688172043 0.012279870406112892
276.0 577.0346701175885 55602876.83314147 34725823.618915156 283.9861111111111 0.2797920956762585
275.0 559.9505692501259 34725823.618915156 35006454.126425095 274.8252688172043 0.08207962834541283
275.0 560.2347285330446 35006454.126425095 43578036.72087385 271.6388888888889 0.22058921172533585
208.51075268817203 567.8172325565816 43578036.72087385 57798741.321466625 203.13172043010752 0.8245196834567432
188.30645161290323 578.7178728566353 57798741.321466625 49878317.711038135 191.18279569892474 0.8154087424805403
199.07777777777778 572.6466062614671 49878317.711038135 53559910.11855199 197.55555555555554 0.9048697886954531
185.16397849462365 575.468668577848 53559910.11855199 37138028.03656543 191.18279569892474 0.8632862668141974
214.25 562.393105821274 37138028.03656543 48305423.52455637 209.90277777777777 0.9094403582031214
230.08064516129033 571.4409308580016 48305423.52455637 56518871.715943284 227.02956989247312 0.45808889102179995
298.7930107526882 577.7368104836639 56518871.715943284 56792069.93396792 298.7231182795699 0.6159588317131028
299.0 577.9462259513882 56792069.93396792 44118992.41977821 304.2708333333333 0.29910047389751915
294.0 568.2318929871045 44118992.41977821 63409929.40590414 286.7741935483871 0.24522712645400713
161.67777777777778 582.3555168924644 63409929.40590414 34247150.80558442 172.86111111111111 1.0916088181123413
274.69354838709677 559.465877387521 34247150.80558442 33707044.98364359 274.8252688172043 0.0923462663909751
272.6361111111111 558.9189800297648 33707044.98364359 36151578.09993807 271.6388888888889 0.24724737674646846
207.02956989247312 561.3942518152913 36151578.09993807 46405809.56302569 203.13172043010752 0.9250785171733074
190.23387096774192 569.9848139436018 46405809.56302569 43647153.00518225 191.18279569892474 0.9440917075208528
201.63055555555556 567.8702124739123 43647153.00518225 53946145.505163856 197.55555555555554 0.9752506851148492
188.0483870967742 575.7647307729964 53946145.505163856 45251474.519886866 191.18279569892474 0.858923744874585
221.65833333333333 569.0999779636408 45251474.519886866 43616917.63470477 222.25 0.6517438825552575
236.8252688172043 567.8470360626744 43616917.63470477 37891266.799134545 238.9784946236559 0.36943572776100364
251.96505376344086 563.1558161500171 37891266.799134545 40756034.867891766 250.92741935483872 0.3086242846758669
264.94642857142856 565.6540748235843 40756034.867891766 41712320.50391148 264.5833333333333 0.40982775380749015
63.685483870967744 566.3870993842608 41712320.50391148 52206358.92937713 59.744623655913976 2.6492450950466004
55.486111111111114 574.4311268346428 52206358.92937713 35832149.432166606 61.736111111111114 2.612204476121971
106.79032258064517 561.0708065064294 35832149.432166606 33638572.48326842 107.54032258064517 2.092530948304511
181.51111111111112 558.8496465250832 33638572.48326842 55920645.326089464 172.86111111111111 1.3946761034980888
189.94086021505376 577.278250174808 55920645.326089464 52408577.62570824 191.18279569892474 0.8366218039154454
16.118279569892472 574.5861341519708 52408577.62570824 31351050.489930797 23.897849462365592 3.0847271160298497
0.044444444444444446 556.5333601916573 31351050.489930797 31265261.08418528 0.0 3.4002180544350757
0.0 556.4464920309752 31265261.08418528 31037358.629982404 0.0 3.4002180544350757
9.761111111111111 556.2157238278446 31037358.629982404 56243754.525365256 0.0 3.4002180544350757
28.553763440860216 577.5259240600245 56243754.525365256 36750915.75245074 35.846774193548384 2.9188594738206652
84.13172043010752 562.0011258115484 36750915.75245074 38145556.343098395 83.64247311827957 2.37713065891128
237.92559523809524 563.4133032461552 38145556.343098395 37740896.45689976 238.125 0.7460121615795079
284.8736559139785 563.0035549828303 37740896.45689976 64591961.91522916 274.8252688172043 0.017411945856401267
276.0 583.0928582546642 64591961.91522916 43715324.43418541 283.9861111111111 0.4081153245437794
275.0 567.9224681284086 43715324.43418541 43995853.96337044 274.8252688172043 0.08677940691729757
275.0 568.1375032885554 43995853.96337044 52567241.0279259 271.6388888888889 0.06047238618299211
275.0 574.7077548961556 52567241.0279259 52847792.41944684 274.8252688172043 0.23050388148431988
275.0 574.9228068145059 52847792.41944684 53097083.39675981 274.8252688172043 0.23505906463684934
275.0 575.1138965917047 53097083.39675981 61543553.11121229 271.6388888888889 0.08087517641281483
205.29032258064515 581.206960679731 61543553.11121229 35021355.66356153 215.08064516129033 0.45104585048515355
220.31944444444446 560.2498174488744 35021355.66356153 61920453.87160597 209.90277777777777 0.942995896936293
237.53225806451613 581.4375116767802 61920453.87160597 58088293.37818982 238.9784946236559 0.11911354458513701
305.81451612903226 578.9398240824802 58088293.37818982 45163908.22573307 310.6720430107527 0.8054116162964942
304.0 569.0328555036932 45163908.22573307 44586952.96309527 304.2708333333333 0.11029939178178871
281.0 568.5906002172022 44586952.96309527 61062785.01939959 274.8252688172043 0.10093163609936973
203.24166666666667 580.9128738150582 61062785.01939959 43621861.87800547 209.90277777777777 0.6194930042924556
274.55913978494624 567.8508259886514 43621861.87800547 42721782.62608308 274.8252688172043 0.08526189863122235
275.0 567.1608854799133 42721782.62608308 51293546.17347829 271.6388888888889 0.08025947971983571
275.0 573.731425674059 51293546.17347829 51573851.016554415 274.8252688172043 0.2098234873825895
254.58064516129033 573.9462886048739 51573851.016554415 61140107.08454338 250.92741935483872 0.09993774315593251
197.8361111111111 580.9601718868217 61140107.08454338 61603725.05785129 197.55555555555554 0.7823681217101055
184.21505376344086 581.2437679875154 61603725.05785129 42642737.69240203 191.18279569892474 0.7781892895878726
214.57222222222222 567.1002949245366 42642737.69240203 54645134.651373476 209.90277777777777 0.8357441312684126
227.6048387096774 576.3005290664336 54645134.651373476 56227392.30153067 227.02956989247312 0.3730556659852784
242.51075268817203 577.5133818744198 56227392.30153067 33770087.79932757 250.92741935483872 0.030950554613923043
300.82440476190476 558.982815574435 33770087.79932757 57514554.06981393 291.0416666666667 0.2459540152265518
147.80376344086022 578.5000339312702 57514554.06981393 37278399.8303484 155.33602150537635 1.3026685241289107
98.71388888888889 562.5352427137215 37278399.8303484 36938494.96582778 98.77777777777777 2.227040169379565
275.5241935483871 562.1910637311162 36938494.96582778 38623159.40906906 274.8252688172043 0.034621959558105875
209.98055555555555 563.8969119099111 38623159.40906906 38685061.028924316 209.90277777777777 0.8858966185438883
189.91935483870967 563.959591908838 38685061.028924316 35115093.54808045 191.18279569892474 1.032874280062817
178.49462365591398 560.3447340361106 35115093.54808045 32918385.282319378 179.23387096774192 1.2307696592999817
190.1027777777778 558.1204033633016 32918385.282319378 45342128.93168335 185.20833333333334 1.2614970226719078
176.31989247311827 569.1694675678734 45342128.93168335 37237849.78421106 179.23387096774192 1.1088629674552517
21.808333333333334 562.4941827728941 37237849.78421106 61660498.591681205 12.347222222222221 3.253608632836732
30.177419354838708 581.2784964789539 61660498.591681205 46515589.225712 35.846774193548384 2.9084917117153752
72.78494623655914 570.0689636850398 46515589.225712 49523167.887612544 71.69354838709677 2.4787056895781645
131.89880952380952 572.3743721783803 49523167.887612544 48649830.42291039 132.29166666666666 1.8431325202521007
179.53494623655914 571.704930133794 48649830.42291039 49394361.44118914 179.23387096774192 1.0738375638444766
137.3111111111111 572.2756377780659 49394361.44118914 53086162.87570039 135.81944444444446 1.6884241875941854
275.6263440860215 575.1055256512133 53086162.87570039 55044361.65209389 274.8252688172043 0.2389293754576225
262.89166666666665 576.6065497633786 55044361.65209389 64235056.56157188 259.2916666666667 0.048488587149952966
202.5752688172043 582.870223870613 64235056.56157188 62559018.67333758 203.13172043010752 0.5888485345844394
186.1209677419355 581.828123124648 62559018.67333758 48785402.41892643 191.18279569892474 0.7695787268478762
196.51111111111112 571.8088505515818 48785402.41892643 45815002.07880413 197.55555555555554 0.9172142478135066
181.6236559139785 569.5319404712276 45815002.07880413 51917065.007064246 179.23387096774192 1.1038556918959141
210.69444444444446 574.2093734773589 51917065.007064246 53868153.30350314 209.90277777777777 0.7244436810777986
68.56182795698925 575.7049471715229 53868153.30350314 45520897.85694057 71.69354838709677 2.4475630335577536
108.55913978494624 569.30649986028 45520897.85694057 48334153.01490076 107.54032258064517 2.0242692068115637
198.0327380952381 571.4629529623237 48334153.01490076 47432486.94085954 198.4375 1.0771802864739723
157.64247311827958 570.7717961019614 47432486.94085954 53548425.88793774 155.33602150537635 1.3951934013519383
137.7277777777778 575.459865535343 53548425.88793774 58320054.68256497 135.81944444444446 1.656166628947236
274.6317204301075 579.1174767857337 58320054.68256497 57614384.15212805 274.8252688172043 0.32390965536832494
228.88333333333333 578.5765569903587 57614384.15212805 42664230.067726724 234.59722222222223 0.333229740807202
194.99462365591398 567.1167695408927 42664230.067726724 52687860.75547687 191.18279569892474 0.9863527825099463
180.44623655913978 574.8002139057513 52687860.75547687 55718464.8693013 179.23387096774192 1.0310786744568428
193.04444444444445 577.1232721693542 55718464.8693013 43761997.098726906 197.55555555555554 0.8389054286403463
180.4516129032258 567.9582442690642 43761997.098726906 46724888.89815821 179.23387096774192 1.1255950562952877
210.81666666666666 570.2293988047004 46724888.89815821 48992969.98310227 209.90277777777777 0.7867545656070281
128.28494623655914 571.9679579529792 48992969.98310227 40588427.39302618 131.43817204301075 1.6915411128767859
118.48924731182795 565.5255981519689 40588427.39302618 37994854.99896448 119.48924731182795 1.9062061063078406
195.9702380952381 563.2607069149012 37994854.99896448 64107632.4130475 185.20833333333334 1.3378031574160807
216.11290322580646 582.790737820518 64107632.4130475 34806321.6027607 227.02956989247312 0.2594900258131183
206.63611111111112 560.0320794521667 34806321.6027607 58167764.15404333 197.55555555555554 1.0907467796291423
274.81451612903226 579.000741059963 58167764.15404333 57951678.006128274 274.8252688172043 0.3214369845109424
275.0 578.835103882453 57951678.006128274 34519227.78164074 283.9861111111111 0.3179284936952622
236.3494623655914 559.7413755829982 34519227.78164074 59295172.97226081 227.02956989247312 0.6628076504452447
192.4811827956989 579.8316217649468 59295172.97226081 62556021.84416506 191.18279569892474 0.7989974811734579
200.79722222222222 581.826289957867 62556021.84416506 38691192.671113685 209.90277777777777 0.6051924691175246
185.19086021505376 563.96580065308 38691192.671113685 54346120.4085667 179.23387096774192 1.1807474970856457
214.06666666666666 576.0713247620777 54346120.4085667 33033727.042168222 222.25 0.5361795329452552
242.45430107526883 558.2371954828044 33033727.042168222 42384839.55648024 238.9784946236559 0.5464388247996643
324.7768817204301 566.9026074756587 42384839.55648024 48245435.23339263 322.6209677419355 0.6678543297269526
307.0 571.3949478492439 48245435.23339263 54926115.29457316 304.2708333333333 0.16033272019714362
285.0 576.5159100203892 54926115.29457316 50111539.22521353 286.7741935483871 0.4283265223649737
276.0 572.825378263816 50111539.22521353 61238424.051698074 271.6388888888889 0.034507881229374426
275.0 581.0203125848153 61238424.051698074 61519432.68531993 274.8252688172043 0.36421511109501337
275.0 581.1922061638925 61519432.68531993 38086657.493910246 283.9861111111111 0.3678561236535023
275.0 563.353663776097 38086657.493910246 38367068.11740272 274.8252688172043 0.009996017233790955
275.0 563.6376004100769 38367068.11740272 38616435.66662008 274.8252688172043 0.003981732955777417
275.0 563.890103620072 38616435.66662008 47063520.22148774 271.6388888888889 0.14652825551584137
214.1048387096774 570.4889709112606 47063520.22148774 44149589.53973727 215.08064516129033 0.6287184799686933
219.19166666666666 568.2553466912816 44149589.53973727 36121337.1313694 222.25 0.6657453755913436
237.0215053763441 561.3636305830544 36121337.1313694 62925191.86836807 227.02956989247312 0.6344214406044704
254.43817204301075 582.0531419294946 62925191.86836807 40409891.51142121 262.8763440860215 0.2214700901640425
303.8511904761905 565.3887444952277 40409891.51142121 39473051.224514216 304.2708333333333 0.03311062174406887
287.0 564.6706254376286 39473051.224514216 40015243.40286021 286.7741935483871 0.16651338958379025
180.0638888888889 565.086233670529 40015243.40286021 58509407.811794706 172.86111111111111 1.3142661673119016
274.6263440860215 579.2626222204639 58509407.811794706 57789313.20272969 274.8252688172043 0.3269840945271154
263.68055555555554 578.710645891872 57789313.20272969 37020931.11297118 271.6388888888889 0.15374832515248338
205.03494623655914 562.2745364678001 37020931.11297118 41932728.04893898 203.13172043010752 0.9112966919491066
187.92741935483872 566.5560490555494 41932728.04893898 32995901.35963565 191.18279569892474 0.9946150850240332
198.75833333333333 558.1988941629667 32995901.35963565 35850601.9284338 197.55555555555554 1.1177590465600895
182.71236559139786 561.0894910327622 35850601.9284338 44869347.25056363 179.23387096774192 1.2204814323112303
213.67222222222222 568.8070647762336 44869347.25056363 54538947.640405044 209.90277777777777 0.8090227704824597
251.95430107526883 576.2191332113325 54538947.640405044 57330888.14723086 250.92741935483872 0.055981180334570446
311.83870967741933 578.3592479284886 57330888.14723086 60541781.88307155 310.6720430107527 0.7915099381770725
297.0 580.594175088049 60541781.88307155 43030209.07835922 304.2708333333333 0.35518875894330115
276.0 567.3973045540529 43030209.07835922 46114168.86940256 274.8252688172043 0.07565550583992753
275.0 569.76126170851 46114168.86940256 54649576.04912757 271.6388888888889 0.027573682665031907
1037.010752688172 576.303933544672 54649576.04912757 47631330.316178605 1039.5564516129032 3.093460699459367
921.8305555555555 570.9242161241249 47631330.316178605 68571472.44975463 913.6944444444445 2.6885740134186786
451.9032258064516 585.5752415184639 68571472.44975463 62606694.34766726 454.05913978494624 2.978684466243463
277.6263440860215 581.8572864360731 62606694.34766726 37885395.332688846 286.7741935483871 0.5463855257585246
275.0 563.1498708530867 37885395.332688846 46332549.91737679 271.6388888888889 0.16152599042274307
269.991935483871 569.9286580027988 46332549.91737679 33084866.501748383 274.8252688172043 0.12927408627985537
229.125 558.2889779931668 33084866.501748383 50804075.873054646 222.25 0.8309583466099952
247.63709677419354 573.3562305038946 50804075.873054646 42032794.621866696 250.92741935483872 0.11134940144099348
283.23924731182797 566.632753392513 42032794.621866696 64654818.43269884 274.8252688172043 0.059460948744087805
283.9970238095238 583.1320675909968 64654818.43269884 47690399.18515242 291.0416666666667 0.24333002635866174
259.76881720430106 570.9694943653724 47690399.18515242 39304673.682936884 262.8763440860215 0.0030938786065273227
228.89444444444445 564.5415584844155 39304673.682936884 56351062.07858466 222.25 0.7273090204830317
274.8763440860215 577.608178847813 56351062.07858466 56300608.09912169 274.8252688172043 0.29194003337329466
254.66944444444445 577.5695042042366 56300608.09912169 44179713.217914835 259.2916666666667 0.02986515497451636
206.8763440860215 568.2784374866782 44179713.217914835 54023533.72955247 203.13172043010752 0.8172990125964534
189.58602150537635 575.8240514059195 54023533.72955247 49530056.57414832 191.18279569892474 0.8580496462330163
200.175 572.3796525843923 49530056.57414832 56055931.99340299 197.55555555555554 0.9088033921483216
185.7311827956989 577.3819518787108 56055931.99340299 41155353.18738166 191.18279569892474 0.8350937433732191
219.375 565.9601655193857 41155353.18738166 33602299.0004509 222.25 0.703792703752776
232.55645161290323 558.8129169230244 33602299.0004509 48446870.68558306 227.02956989247312 0.6790538154128893
280.3440860215054 571.5493547840391 48446870.68558306 63314459.30072912 274.8252688172043 0.1636033344441996
292.9613095238095 582.2959634903 63314459.30072912 36032582.49965978 304.2708333333333 0.3912356722587984
231.7715053763441 561.2737599103107 36032582.49965978 48671289.652971 227.02956989247312 0.6359939971846291
262.34166666666664 571.7213793432093 48671289.652971 56400143.67974631 259.2916666666667 0.14296724172098152
274.96505376344084 577.645801518042 56400143.67974631 56587506.936887525 274.8252688172043 0.2927369486247158
275.0 577.789421650019 56587506.936887525 33154944.799707517 283.9861111111111 0.2957790791509818
247.40591397849462 558.3599374874603 33154944.799707517 55540134.36063458 238.9784946236559 0.544178046925123
194.9005376344086 576.986575937761 55540134.36063458 33276267.234985214 203.13172043010752 0.6809635195046044
203.74166666666667 558.4827854861201 33276267.234985214 49048216.996758275 197.55555555555554 1.113575864289548
187.29569892473117 572.0103066157516 49048216.996758275 38337724.8346822 191.18279569892474 0.9142457617514199
218.14444444444445 563.6078881515975 38337724.8346822 59599257.47316849 209.90277777777777 0.8904216036283921
234.8736559139785 580.0176309011404 59599257.47316849 48646235.94725416 238.9784946236559 0.1452662463521528
283.47849462365593 571.7021748493481 48646235.94725416 39905012.23750392 286.7741935483871 0.3219298312003347
303.9375 565.0017378373652 39905012.23750392 39176857.09660642 304.2708333333333 0.024913130545964446
249.44086021505376 564.443582844593 39176857.09660642 35132957.748489775 250.92741935483872 0.2837190195079238
162.05277777777778 560.3628228690864 35132957.748489775 38946920.089905456 160.51388888888889 1.5198128801595254
274.6962365591398 564.224743704537 38946920.089905456 38413877.648585394 274.8252688172043 0.008455009127541935
275.0 563.6849985455564 38413877.648585394 46985400.89041284 271.6388888888889 0.15068385585244037
235.03494623655914 570.4290898608875 46985400.89041284 36236016.55371649 238.9784946236559 0.3218770284042738
193.06182795698925 561.479752036523 36236016.55371649 41051848.171162724 191.18279569892474 1.069415101643493
201.66944444444445 565.8808255019434 41051848.171162724 51451233.506408714 197.55555555555554 1.0045646078439705
187.27956989247312 573.8522982288604 51451233.506408714 40697662.674750395 191.18279569892474 0.887103732284463
216.63888888888889 565.6093306073988 40697662.674750395 58056835.62551318 209.90277777777777 0.8590868188590144
236.2231182795699 578.9157106748673 58056835.62551318 50718263.22659778 238.9784946236559 0.16556245117665602
281.28225806451616 573.290452272893 50718263.22659778 36094546.786467016 286.7741935483871 0.35703509904583
291.9672619047619 561.3365033641923 36094546.786467016 38411838.85448562 291.0416666666667 0.19826633224521517
212.44892473118279 563.6829341147339 38411838.85448562 63305024.86582647 203.13172043010752 0.8892466764672964
148.175 582.2900783737505 63305024.86582647 63152151.27202594 148.16666666666666 1.4221333225586135
274.65860215053766 582.1947171861283 63152151.27202594 62518564.9728126 274.8252688172043 0.38909109497459315
227.65833333333333 581.8033775099651 62518564.9728126 44393326.108500436 234.59722222222223 0.2767668515666748
196.11559139784947 568.4421788306641 44393326.108500436 57419028.421195574 191.18279569892474 0.966822672957472
181.28763440860214 578.4268103629405 57419028.421195574 62702965.93826168 179.23387096774192 0.9809801218874674
193.72222222222223 581.9161759728728 62702965.93826168 52504719.40119806 197.55555555555554 0.768281254598731
67.95698924731182 574.6598300019203 52504719.40119806 42200688.905465886 71.69354838709677 2.453338019341871
14.544444444444444 566.7614499125064 42200688.905465886 47797325.268381454 12.347222222222221 3.249678705522512
37.21774193548387 571.0514567437993 47797325.268381454 51510073.78930986 35.846774193548384 2.936747399595126
