150.79706129032255 976.4455239431677 673917419.4 967622.6071707245 402.71505376344084 0.5553098501812537
251.72363571428556 972.3387049042868 967622.6071707245 1616651.6974192038 251.61904761904762 0.01758189785496267
670.585732258064 972.3646660678968 1616651.6974192038 4290290.040890201 667.260752688172 0.5003677780732572
272.57729333333333 972.4716116016356 4290290.040890201 1724785.9454302327 269.8611111111111 0.33161698368250914
571.3402548387094 972.3689914378172 1724785.9454302327 3641626.8820651625 566.6451612903226 0.5004260120998563
875.2386466666667 972.4456650752826 3641626.8820651625 216470763.39857084 779.4111111111112 0.33127892480148446
715.9730989247312 975.2763017471085 216470763.39857084 4564604.257762963 779.0698924731183 0.5395681869894444
400.1731956989247 972.4825841703105 4564604.257762963 2539524.345193035 396.5295698924731 0.5019553523244715
244.10634222222222 972.4015809738077 2539524.345193035 1538011.303404296 239.25555555555556 0.07253817492355452
229.7454935483871 972.3615204521361 1538011.303404296 1439232.9849980678 224.06720430107526 0.08431548761835028
248.80637000000002 972.3575693193999 1439232.9849980678 1582497.5281601814 246.06666666666666 0.2099520802553947
265.0427806451613 972.3632999011264 1582497.5281601814 1696783.6007140074 264.3494623655914 0.5003493848737133
270.87211612903224 972.3678713440286 1696783.6007140074 1737771.3727441032 270.9569892473118 0.5004109318702623
396.96680000000015 972.3695108549098 1737771.3727441032 2545702.822991256 396.80357142857144 0.010005890001888673
359.094535483871 972.4018281129196 2545702.822991256 2290068.944982003 357.0537634408602 0.5008681041859848
163.33975333333333 972.3916027577992 2290068.944982003 1025077.6230491542 160.24166666666667 1.5281422593970793
614.0833623655915 972.3410031049219 1025077.6230491542 3917041.7663831785 608.9784946236559 0.5000491950062189
440.78348222222223 972.4566816706554 3917041.7663831785 2809639.3377096676 438.18888888888887 0.3314224606973406
245.54393763440856 972.4123855735083 2809639.3377096676 1550890.7766931944 242.38440860215053 0.2997272023768778
224.8088795698925 972.3620356310677 1550890.7766931944 1414478.358172399 220.68010752688173 0.1552022586887185
231.32301999999999 972.3565791343268 1414478.358172399 1452949.8045210124 226.09166666666667 0.19465100830098514
218.5298870967742 972.3581179921808 1452949.8045210124 1367689.1854195548 212.86559139784947 0.3188069484955509
219.91654 972.3547075674168 1367689.1854195548 1395257.817278716 217.24444444444444 0.373871128017238
237.8570258064516 972.3558103126911 1395257.817278716 1522827.8595708685 237.16397849462365 0.1897311616400641
264.34201612903223 972.3609131143828 1522827.8595708685 1698675.4565889977 264.3763440860215 0.5003172506966882
383.0527678571432 972.3679470182635 1698675.4565889977 2460949.9929135838 382.9077380952381 0.010024906970437897
463.095609677419 972.3984379997165 2460949.9929135838 2959161.884338871 460.7096774193548 0.500822461860337
243.86063333333334 972.4183664753735 2959161.884338871 1542039.0402466822 240.73333333333332 0.10268269183056322
402.558722580645 972.3616815616099 1542039.0402466822 2557508.8744673054 398.3817204301075 0.5003275965808758
689.8450811111111 972.4023003549787 2557508.8744673054 4405401.879980727 685.9 0.3307139232046419
355.0457838709678 972.4762160751992 4405401.879980727 2251364.490678123 352.10215053763443 0.5018696163465277
223.9648720430107 972.3900545796271 2251364.490678123 1411443.9515028473 220.0994623655914 0.16702585778257362
230.54516999999998 972.3564577580601 1411443.9515028473 1445600.6902679827 225.31666666666666 0.21034992567994504
217.5339548387097 972.3578240276107 1445600.6902679827 1361454.3262378627 211.8709677419355 0.3396278354207105
225.39037 972.3544581730495 1361454.3262378627 1432195.668947598 222.69722222222222 0.26342936878390333
236.4237129032258 972.3572878267579 1432195.668947598 1515873.865298943 235.747311827957 0.1600989894124174
267.9744548387096 972.3606349546119 1515873.865298943 1722731.261043319 267.997311827957 0.5003135057306398
444.95218571428614 972.3689092504417 1722731.261043319 2853728.643456779 444.6577380952381 0.010013205787253732
370.486719354839 972.4141491457383 2853728.643456779 2362463.6383186183 368.5268817204301 0.5010339867269238
204.29150333333334 972.3944985455328 2362463.6383186183 1288742.6277044797 201.075 0.7009654525971865
410.51344516129 972.3515497051081 1288742.6277044797 2613929.8162349793 406.2123655913978 0.5001911877159948
478.3859322222222 972.4045571926493 2613929.8162349793 3051604.473351484 475.1638888888889 0.3307433276808798
382.24007526881724 972.4220641789341 3051604.473351484 2428235.2966330573 378.6962365591398 0.5011405496942896
224.8961279569892 972.3971294118653 2428235.2966330573 1415284.4368783464 221.09408602150538 0.14612303208608424
230.17082 972.3566113774751 1415284.4368783464 1445270.923117652 224.94444444444446 0.21788743943014044
216.9702451612903 972.3578108369247 1445270.923117652 1358986.743814124 211.30913978494624 0.351387083397527
220.99036 972.3543594697526 1358986.743814124 1402881.465483642 218.3111111111111 0.3522699943165106
232.4200483870968 972.3561152586193 1402881.465483642 1486006.3828721258 231.74462365591398 0.07630803841786715
270.42447741935484 972.3594402553149 1486006.3828721258 1739198.00057404 270.4301075268817 0.500297421059984
386.01101428571417 972.369567920023 1739198.00057404 2480009.823672731 385.875 0.010005196064024169
294.008006451613 972.3992003929469 2480009.823672731 1876180.1788139557 292.13709677419354 0.500832726237368
149.69749333333334 972.3750472071525 1876180.1788139557 936825.2903396504 146.48888888888888 1.8068529087535459
365.6986193548387 972.3374730116135 936825.2903396504 2325936.4820772507 361.4220430107527 0.5000016680775596
198.9712 972.393037459283 2325936.4820772507 1257856.6893799591 196.56666666666666 0.7923047247280297
225.5747290322581 972.3503142675752 1257856.6893799591 1422427.6088019933 221.90591397849462 0.1296847300092514
215.14409677419354 972.356897104352 1422427.6088019933 1359562.290792969 211.0 0.3578677012569802
223.51216 972.3543824916317 1359562.290792969 1401377.8966947168 218.29166666666666 0.35266357642588275
212.77965483870966 972.3560551158678 1401377.8966947168 1327787.6042215475 207.1209677419355 0.4390652471081298
215.98207 972.3531115041689 1327787.6042215475 1367731.6510179462 213.30833333333334 0.4536136625048668
224.7609516129032 972.3547092660407 1367731.6510179462 1439114.7905814946 224.09139784946237 0.0838906558331054
287.5986161290322 972.3575645916233 1439114.7905814946 1850474.8258546353 287.5456989247312 0.5002721683182934
403.52867857142815 972.3740189930342 1850474.8258546353 2592885.4238716546 403.39285714285717 0.009951068981334465
352.78264516129 972.4037154169548 2592885.4238716546 2253781.820960976 350.7768817204301 0.5008935136458472
168.24170333333333 972.3901512728385 2253781.820960976 1059300.9940718561 165.11111111111111 1.429515999344361
372.3340258064516 972.3423720397628 1059300.9940718561 2367008.513058183 368.0806451612903 0.5000676254733012
199.52103 972.3946803405223 2367008.513058183 1261099.4260650426 197.13055555555556 0.7808654363063696
227.5846612903226 972.3504439770426 1261099.4260650426 1439275.42904633 223.90860215053763 0.08776757611884989
217.07878709677422 972.3575710171618 1439275.42904633 1367671.314380546 212.93548387096774 0.31735031552142345
226.0694 972.3547068525752 1367671.314380546 1417605.4817742275 220.84166666666667 0.30101031251954335
214.669835483871 972.3567042192709 1417605.4817742275 1343496.2992336054 209.00806451612902 0.39956110767782516
223.4077 972.3537398519693 1343496.2992336054 1420057.079307739 220.7138888888889 0.30360945390735683
231.5062677419355 972.3568022831723 1420057.079307739 1482575.3548642178 230.83870967741936 0.05735575011550331
241.64282903225802 972.3593030141946 1482575.3548642178 1555130.3821976061 241.71505376344086 0.285030105102285
287.17572500000006 972.3622052152879 1555130.3821976061 1847626.9125685003 287.2202380952381 0.010094729919572387
217.1590516129032 972.3739050765028 1847626.9125685003 1378916.6428707882 215.28494623655914 0.2679880615593708
86.93895333333333 972.3551566657148 1378916.6428707882 537453.1323003208 83.7611111111111 3.0775402411513086
150.3960193548387 972.321498125292 537453.1323003208 944619.864155118 146.71774193548387 1.7035742235114846
185.50169 972.3377847945661 944619.864155118 1174160.028735629 182.60833333333332 1.0755765464533567
213.5318612903226 972.3469664011494 1174160.028735629 1345075.3610635942 209.8736559139785 0.3815534574215782
206.8216935483871 972.3538030144425 1345075.3610635942 1303308.096536283 202.68010752688173 0.5320367339239693
216.77624 972.3521323238614 1303308.096536283 1358247.4405384308 211.5611111111111 0.48901377177669936
139.3018021505376 972.3543298976215 1358247.4405384308 857890.9770451514 133.92741935483872 1.9710168428587211
44.20734 972.3343156390818 857890.9770451514 273484.9864513668 41.91111111111111 3.9252475081738973
50.190435483871 972.310939399458 273484.9864513668 317822.8292274054 49.564516129032256 3.736837552914797
98.17113548387094 972.3127129131691 317822.8292274054 634831.4502891592 98.14784946236558 2.7200973288226202
241.17091071428527 972.3253932580116 634831.4502891592 1551048.7299590765 240.95535714285714 0.21931943347621274
421.39293010752726 972.3620419491983 1551048.7299590765 2691493.55583106 418.7930107526882 0.5003324486099041
308.0552233333333 972.4076597422332 2691493.55583106 1950568.0904793157 304.59722222222223 0.3307837509894336
457.147577419355 972.3780227236191 1950568.0904793157 2909711.1119368775 452.93279569892474 0.5005476035815803
298.1670466666667 972.4163884444774 2909711.1119368775 1893611.1264204436 295.65833333333336 0.3308974777855882
538.7844989247312 972.3757444450567 1893611.1264204436 3430570.930233724 534.266129032258 0.5005169302896197
225.78916559139788 972.4372228372093 3430570.930233724 1421346.8212715695 222.35752688172042 0.11920017477504441
229.97539 972.3568538728508 1421346.8212715695 1442259.5574297416 224.75277777777777 0.22176680014146388
216.0858451612903 972.3576903822972 1442259.5574297416 1352753.1060595263 210.42741935483872 0.36984290821856547
222.06024 972.3541101242423 1352753.1060595263 1409961.249022541 219.375 0.3307240420219735
232.2187677419355 972.3563984499609 1409961.249022541 1486892.4357526386 231.54569892473117 0.07214805105812161
326.9200419354841 972.3594756974301 1486892.4357526386 2099862.478158188 326.7930107526882 0.5002978982300563
448.5135071428572 972.3839944991263 2099862.478158188 2882850.008919037 448.36309523809524 0.009829762266802433
396.943296774194 972.4153140003567 2882850.008919037 2534171.78344231 394.9139784946237 0.5010496695878306
141.26099333333335 972.4013668713377 2534171.78344231 889537.6913096268 138.33333333333334 1.971861950919516
587.5251451612903 972.3355815076524 889537.6913096268 3745414.048917901 582.4623655913979 0.4999762020725669
356.08258 972.4498165619567 3745414.048917901 2267399.142983942 353.7027777777778 0.33133301477563126
222.349176344086 972.3906959657194 2267399.142983942 1403978.9465262752 219.06720430107526 0.18862536320502432
213.59687096774192 972.356159157861 1403978.9465262752 1342224.2789745172 209.45430107526883 0.3902274708924507
222.27062999999998 972.3536889711589 1342224.2789745172 1396485.6226519234 217.04722222222222 0.37787724469853234
211.8282 972.355859424906 1396485.6226519234 1327705.1487884335 206.16935483870967 0.458984638357939
216.30777 972.3531082059515 1327705.1487884335 1375916.0346494622 213.63055555555556 0.4470871961465033
222.2812193548387 972.3550366413859 1375916.0346494622 1423622.7947111109 221.6209677419355 0.13559264619014666
232.18670322580644 972.3569449117884 1423622.7947111109 1490536.6595696176 232.26075268817203 0.0871209035970475
307.0760642857142 972.3596214663828 1490536.6595696176 1969060.5904107846 307.04464285714283 0.010126149487456715
290.6417677419355 972.3787624236164 1969060.5904107846 1851768.034363884 288.59139784946234 0.5005575624313705
124.50905999999998 972.3740707213746 1851768.034363884 775809.1724579369 121.38055555555556 2.3154483639492205
335.4672741935484 972.3310323668983 775809.1724579369 2129251.896876166 331.23655913978496 0.49991495533793984
179.21332999999998 972.3851700758751 2129251.896876166 1134597.3855413706 176.79722222222222 1.1928409003683833
213.4956870967742 972.3453838954216 1134597.3855413706 1345498.8474514436 209.82258064516128 0.38264017667377015
207.30539032258062 972.353819953898 1345498.8474514436 1301826.8585785355 203.16397849462365 0.5219092002700112
216.59102 972.3520730743431 1301826.8585785355 1359898.5358415064 211.375 0.49278402786102493
206.91966774193548 972.3543959414336 1359898.5358415064 1292119.6704907708 201.2688172043011 0.561568461732902
190.20374222222222 972.3516847868196 1292119.6704907708 1203707.7123170344 187.6 0.9743411499905292
51.8049870967742 972.3481483084927 1203707.7123170344 329877.54745668604 51.52150537634409 3.6957801100144647
86.79251290322584 972.3131951018983 329877.54745668604 560691.4137897928 86.8010752688172 2.9575565358877163
135.8988357142857 972.3224276565516 560691.4137897928 878372.5892016089 135.92559523809524 2.204718085628847
249.674987096774 972.335134903568 878372.5892016089 1587507.2167165317 247.34139784946237 0.40247096235300095
199.36669333333333 972.3635002886687 1587507.2167165317 1256214.6711253384 195.86944444444444 0.8067272875805016
378.4524967741935 972.3502485868449 1256214.6711253384 2402541.039899043 374.252688172043 0.5001736702881345
206.78958 972.3961016415959 2402541.039899043 1307200.6800473449 204.38888888888889 0.6338197154538987
224.1517419354839 972.3522880272019 1307200.6800473449 1415685.5791218618 220.50537634408602 0.158974267967106
212.96134516129032 972.3566274231648 1415685.5791218618 1338503.404991304 208.8252688172043 0.403387880500917
220.93983 972.3535401361996 1338503.404991304 1382962.5458951087 215.72222222222223 0.404716373843077
209.2299387096774 972.3553185018358 1382962.5458951087 1307475.0037327418 203.5779569892473 0.5132283907659811
213.42457 972.3522990001493 1307475.0037327418 1354747.7154410153 210.75 0.5054406974339498
155.31635483870966 972.3541899086176 1354747.7154410153 998150.8304714679 154.81989247311827 1.5337409539941276
122.55968387096775 972.3399260332188 998150.8304714679 788195.7197017634 122.73387096774194 2.205390965207045
202.11109642857127 972.331527828788 788195.7197017634 1303141.562182742 202.0595238095238 0.9545081521651828
307.02005591397887 972.3521256624873 1303141.562182742 1956562.7547108592 304.6720430107527 0.5001989420394297
198.90759 972.3782625101884 1956562.7547108592 1257116.3025763032 195.55277777777778 0.8129921797537598
347.6809193548387 972.350284652103 1257116.3025763032 2204007.6404741947 343.58870967741933 0.5001741558478061
193.69986 972.388160305619 2204007.6404741947 1228891.197960675 191.26388888888889 0.8997698817718436
216.5699129032258 972.3491556479183 1228891.197960675 1370582.8780924927 212.91935483870967 0.3177836256140596
207.28394193548382 972.3548233151237 1370582.8780924927 1305521.3082242724 203.1505376344086 0.5221796255432016
217.4722 972.352220852329 1305521.3082242724 1361722.5745492992 212.25555555555556 0.4749470966400837
208.0625129032258 972.3544689029819 1361722.5745492992 1296870.5597201935 202.40860215053763 0.5377121015705244
212.54877 972.3518748223888 1296870.5597201935 1351055.4490922496 209.87222222222223 0.5232243570910029
146.65333010752684 972.3540422179636 1351055.4490922496 936669.7660452034 146.18010752688173 1.7145717428050662
131.37043870967744 972.3374667906418 936669.7660452034 846932.4711446861 131.5 2.02194092147438
200.01362500000027 972.3338772988458 846932.4711446861 1284230.7600218859 199.99404761904762 0.9935298172847546
366.7258129032261 972.3513692304008 1284230.7600218859 2340440.440362392 364.19086021505376 0.5001887579194451
223.05020666666667 972.3936176176145 2340440.440362392 1409269.0159684867 219.75833333333333 0.32251084703218513
407.614990322581 972.3563707606387 1409269.0159684867 2589797.9865764356 403.3709677419355 0.5002560953380426
214.06046 972.403591919463 2589797.9865764356 1359734.0554217687 211.70555555555555 0.48552484244553096
231.3584096774194 972.3543893622168 1359734.0554217687 1460872.4127472886 227.70698924731184 0.008220564415287512
219.32048387096773 972.3584348965098 1460872.4127472886 1381380.1786546758 215.17741935483872 0.27041654561850326
225.22852 972.3552552071461 1381380.1786546758 1415353.0404913756 220.00833333333333 0.3178830302390283
212.8011193548387 972.3566141216196 1415353.0404913756 1327216.7868824482 207.1478494623656 0.43849642676274403
215.79752 972.3530886714752 1327216.7868824482 1371643.0751259185 213.12222222222223 0.45738353208745774
237.1675387096774 972.354865723005 1371643.0751259185 1517629.7688081393 236.46774193548387 0.17514702238113067
327.2636580645161 972.3607051907522 1517629.7688081393 2100568.5716912625 327.14784946236557 0.5003144513453153
413.9996107142862 972.3840227428676 2100568.5716912625 2658688.4948326726 413.9404761904762 0.009829418809997215
432.645441935484 972.4063475397933 2658688.4948326726 2764278.480533505 430.4247311827957 0.5009289508718444
273.25164333333333 972.4105711392214 2764278.480533505 1730564.0113744244 269.94444444444446 0.33082168375910914
438.038487096774 972.369222560455 1730564.0113744244 2784006.501795666 433.80913978494624 0.500429123787896
444.45885888888887 972.4113602600718 2784006.501795666 2829770.8885534885 441.4166666666667 0.33083196526300096
478.8213537634408 972.4131908355421 2829770.8885534885 3046097.733360024 474.86021505376345 0.5010210846486078
227.8459935483871 972.4218439093344 3046097.733360024 1434664.355765915 224.26344086021504 0.07948543771416272
232.91061 972.3573865742306 1434664.355765915 1463090.76035753 227.68055555555554 0.16245880821060332
217.4267677419355 972.3585236304143 1463090.76035753 1358801.4552174453 211.7715053763441 0.3417016744142325
220.9243 972.3543520582086 1358801.4552174453 1404409.8158283753 218.24444444444444 0.3536203931701696
231.7113129032258 972.3561763926331 1404409.8158283753 1483241.8991197355 231.03763440860214 0.061511522381160866
244.12003548387102 972.3593296759648 1483241.8991197355 1566937.1747206363 244.18817204301075 0.33679318967325145
317.17567142857143 972.3626774869888 1566937.1747206363 2035618.9739097308 317.1488095238095 0.01008898687978288
419.362893548387 972.3814247589563 2035618.9739097308 2673854.296168154 416.9516129032258 0.5005934064192479
166.04682333333335 972.4069541718467 2673854.296168154 1044892.8656763913 163.0861111111111 1.4703938898662376
369.1549580645161 972.341795714627 1044892.8656763913 2343004.044743614 364.90860215053766 0.5000598661986242
202.93008 972.3937201617897 2343004.044743614 1282058.31671563 200.51944444444445 0.7122273022003407
224.60197419354841 972.3512823326686 1282058.31671563 1421695.4451295563 220.94354838709677 0.1498152969272315
214.76561290322581 972.3568678178051 1421695.4451295563 1354297.338949847 210.6236559139785 0.36574492063746256
223.19393 972.3541718935579 1354297.338949847 1400299.364362767 217.97222222222223 0.35913621063528467
210.3161806451613 972.3560119745745 1400299.364362767 1313177.764269992 204.66666666666666 0.4904341827931029
215.40863 972.3525271105708 1313177.764269992 1365433.0385792013 212.73055555555555 0.4653227847454575
246.6946193548387 972.3546173215432 1365433.0385792013 1579066.0634046171 245.96774193548387 0.3739779316807379
355.65961290322616 972.3631626425362 1579066.0634046171 2281577.461327548 355.5 0.5003475369114474
579.8025250000002 972.3912630984531 2281577.461327548 3721542.157281638 579.3869047619048 0.009741372776042034
599.216364516129 972.4488616862913 3721542.157281638 3829585.815504756 596.8924731182796 0.5015013342710937
500.7736188888889 972.4531834326202 3829585.815504756 3188437.4718632046 497.06666666666666 0.33137688193971915
1521.2818806451614 972.4275374988745 3188437.4718632046 1498582932.1467714 827.1129032258065 0.5012142389890464
1053.7177277777778 977.1923112970287 1498582932.1467714 1431120671.987737 903.7166666666667 0.3931232691472015
632.5193129032258 977.1518420347858 1431120671.987737 591944637.3535662 781.3225806451613 0.564819267246726
287.9326924731183 976.3182370145242 591944637.3535662 1819755.37088912 483.44086021505376 0.55359614001891
237.20557555555555 972.3727902148355 1819755.37088912 1493357.8646348743 232.10555555555555 0.07264609184771142
238.2995 972.3597343145854 1493357.8646348743 1493064.6355491194 232.56989247311827 0.0936258658802851
230.88332 972.3597225854219 1493064.6355491194 1469439.1610445841 228.22222222222223 0.15145984804362467
242.3279451612903 972.3587775664417 1469439.1610445841 1552779.3374101717 241.6505376344086 0.28367298908175087
271.96592580645165 972.3621111734964 1552779.3374101717 1744309.6535853185 271.994623655914 0.500333380601778
377.26731071428617 972.3697723861434 1744309.6535853185 2420133.595742539 377.1577380952381 0.010002709662524367
323.233235483871 972.3968053438297 2420133.595742539 2062159.433741597 321.252688172043 0.500800480821006
131.85390333333334 972.3824863773497 2062159.433741597 822344.5282219511 128.78055555555557 2.1654997987601825
354.9960516129032 972.3328937811289 822344.5282219511 2254366.4600183987 350.71505376344084 0.49994001623395956
200.52593000000002 972.3901746584007 2254366.4600183987 1274225.4656088864 198.0861111111111 0.761555071332034
226.4438 972.3509690186244 1274225.4656088864 1431078.0043674859 222.7768817204301 0.11144786982445343
216.42530000000002 972.3572431201746 1431078.0043674859 1361179.7632872593 212.28225806451613 0.33102608804836375
224.61113999999998 972.3544471905315 1361179.7632872593 1410235.3142211738 219.38611111111112 0.33049516633983256
212.34813548387098 972.3564094125688 1410235.3142211738 1327414.774509599 206.69354838709677 0.4480072117482097
221.12122 972.3530965909804 1327414.774509599 1400609.439821529 218.43055555555554 0.3498649417782618
227.2319935483871 972.3560243775928 1400609.439821529 1457925.981487512 226.56720430107526 0.032056343988667635
269.0998129032258 972.3583170392594 1457925.981487512 1727027.1298408033 269.0994623655914 0.5002822987941764
329.04506428571426 972.3690810851936 1727027.1298408033 2111540.0475415145 329.05357142857144 0.010011116198112902
344.452732258065 972.3844616019016 2111540.0475415145 2198811.2129325867 342.2930107526882 0.5006342925390745
221.17529333333334 972.3879524485172 2198811.2129325867 1395632.3658084944 217.8361111111111 0.3615126426887203
418.956206451613 972.3558252946323 1395632.3658084944 2665683.343681908 414.6666666666667 0.5002487515310357
214.03211 972.4066273337472 2665683.343681908 1354944.1736080956 211.70833333333334 0.48543534697110147
234.5044806451613 972.3541977669443 1354944.1736080956 1485407.9306945386 230.83870967741936 0.057323629139732546
221.74233548387093 972.3594163172278 1485407.9306945386 1397107.7243293296 217.5994623655914 0.2197115247676109
228.17879 972.3558843089731 1397107.7243293296 1434226.216734441 222.95277777777778 0.25823671970788453
213.9083193548387 972.3573690486694 1434226.216734441 1340077.4678501775 208.25537634408602 0.41530748250616156
219.88055 972.353603098714 1340077.4678501775 1396869.2476627387 217.19722222222222 0.37484000496521297
229.5590838709677 972.3558747699064 1396869.2476627387 1472261.1662368597 228.88709677419354 0.01649711778300933
272.2362258064516 972.3588904466494 1472261.1662368597 1746980.590793773 272.23387096774195 0.5002900187861794
337.57567142857147 972.3698792236318 1746980.590793773 2170545.29317442 337.5684523809524 0.010001410469824279
361.624422580645 972.3868218117269 2170545.29317442 2307833.5583658116 359.43548387096774 0.5006660689013929
190.54799333333335 972.3923133423347 2307833.5583658116 1203454.6067324488 187.35833333333332 0.9788424437911485
398.649829032258 972.3481381842693 1203454.6067324488 2532144.241969989 394.36021505376345 0.5001452571715701
214.3802 972.4012857696788 2532144.241969989 1359722.9985126692 212.00277777777777 0.4795292084502423
231.8159774193548 972.3543889199404 1359722.9985126692 1468489.9094802407 228.16129032258064 0.0012879006157175965
219.90527096774193 972.3587395963792 1468489.9094802407 1383501.6212567494 215.76344086021504 0.2581475423509296
226.10038 972.3553400648502 1383501.6212567494 1419988.492988389 220.87777777777777 0.3002716598657731
213.897064516129 972.3567995397195 1419988.492988389 1338983.0421416636 208.23924731182797 0.41565139991985056
218.37306 972.3535593216857 1338983.0421416636 1386544.3403161592 215.69444444444446 0.4052787900534227
230.9164193548387 972.3554617736127 1386544.3403161592 1482355.6008676575 230.23655913978496 0.04473624033531198
270.03100322580644 972.3592942240347 1482355.6008676575 1732830.1962647613 270.0376344086022 0.500295454987806
339.69230000000016 972.3693132078506 1732830.1962647613 2179592.5187693723 339.67559523809524 0.010008293480484376
278.8616935483871 972.3871837007507 2179592.5187693723 1777680.0179126358 276.9247311827957 0.50067094114479
107.87381333333335 972.3711072007164 1777680.0179126358 671857.3418716111 104.775 2.6518223577192965
335.9267193548387 972.3268742936748 671857.3418716111 2131581.373695643 331.6559139784946 0.4998589736875463
179.9187 972.3852632549477 2131581.373695643 1134988.6546431466 177.50277777777777 1.1785480851759593
215.6729774193548 972.3453995461857 1134988.6546431466 1361017.52675701 211.99193548387098 0.33723669030427406
208.12493870967742 972.3544407010703 1361017.52675701 1313532.8990886195 203.98387096774192 0.5047422030066242
218.15167 972.3525413159635 1313532.8990886195 1371233.8266768728 212.93333333333334 0.46121543876208726
210.11697096774193 972.354849353067 1371233.8266768728 1313208.2993199714 204.45698924731184 0.49483542547663184
214.91431 972.3525283319727 1313208.2993199714 1366943.8706004177 212.23611111111111 0.4753375624056586
230.8782419354839 972.354677754824 1366943.8706004177 1475727.7020147962 230.19354838709677 0.04382638553109519
