148.79706129032255 976.4455239431677 673917419.4 288341330.16353273 295.0 0.5553098501812537
251.72363571428556 975.593166655013 288341330.16353273 187481336.42353457 295.0 0.02919523826932391
442.585732258064 975.1065935147777 187481336.42353457 498337523.1116728 294.0 0.5372833434043391
431.71062666666666 976.1506750462233 498337523.1116728 603081485.0713196 294.0 0.3795517266373212
638.8510075268814 976.3355302563219 603081485.0713196 1124199383.0636275 294.0 0.5538289652156871
880.2414244444444 976.9488587291479 1124199383.0636275 1382164866.8382745 612.0166666666667 0.3899513107293
718.9730989247312 977.122474425218 1382164866.8382745 1323995468.6173463 527.7284946236559 0.5644238804501667
396.1731956989247 977.0875797652174 1323995468.6173463 985832111.4404322 303.08870967741933 0.5639540809657113
262.68412 976.817330904411 985832111.4404322 457372010.1687572 294.0 0.3882376266449876
247.74549354838712 976.0687440203375 457372010.1687572 146289422.57545134 294.0 0.5502371251999625
265.80637 974.8147611138708 146289422.57545134 42846060.878559716 295.0 0.3621460221906432
283.0427806451613 973.5547319399724 42846060.878559716 7760051.089034412 295.0 0.5163900672475652
287.2914709677419 972.6150021287098 7760051.089034412 1845007.5959736418 289.60215053763443 0.503738143404469
418.10965714285726 972.373800303839 1845007.5959736418 22907909.06019773 409.63392857142856 0.009953728341924872
389.094535483871 973.0807752516722 22907909.06019773 222238484.93527433 304.0 0.5100090161694446
298.3397533333333 975.3040311775734 222238484.93527433 162298296.59795073 294.0 0.3685207518174378
366.6048677419355 974.9398304421715 162298296.59795073 270542058.7252669 294.0 0.5350381515745521
395.8945933333334 975.5277281570782 270542058.7252669 419039256.8688669 294.0 0.3714353134643984
253.81006666666667 975.9892371110567 419039256.8688669 188296971.8705653 294.0 0.5491666947962832
238.07769677419356 975.1115669016498 188296971.8705653 1502242.5506721633 291.8225806451613 0.5373503019185781
247.05635333333333 972.3600897020268 1502242.5506721633 1556151.0987736522 241.79444444444445 0.12345017902356403
232.5298870967742 972.3622460439509 1556151.0987736522 1457387.867697377 226.84677419354838 0.026129549507177607
238.91654 972.3582955147078 1457387.867697377 1517771.031055119 236.21666666666667 0.01045024038340614
251.8570258064516 972.3607108412422 1517771.031055119 1616528.336478359 251.1720430107527 0.482985201105957
273.9871774193548 972.3646611334591 1616528.336478359 1757138.6246147554 274.03494623655916 0.5003677116391296
390.909910714286 972.3702855449845 1757138.6246147554 2513137.9664143226 390.76785714285717 0.009996469416417852
438.095609677419 972.4005255186565 2513137.9664143226 339288027.26588863 297.0 0.5008505668862018
316.3273 975.7725218132225 339288027.26588863 273392020.98376954 294.0 0.37462474500342324
399.558722580645 975.5382059594991 273392020.98376954 406582232.0303527 294.0 0.5430942985479357
505.50897 975.9553865000825 406582232.0303527 748265740.7504351 294.0 0.3770073002086187
351.0457838709678 976.5516654483558 748265740.7504351 593578591.8062643 294.0 0.5567388718257069
238.1369150537634 976.3207742108793 593578591.8062643 238310858.33172894 294.0 0.5536302992151763
245.24517000000003 975.3813022035179 238310858.33172894 38925378.4781607 294.0 0.3695275207471642
231.5339548387097 973.4755767835946 38925378.4781607 1453314.4433610134 239.13709677419354 0.24533475871071975
240.39037 972.3581325777344 1453314.4433610134 1529089.8103649728 237.68333333333334 0.04015547145780651
249.4237129032258 972.3611635924145 1529089.8103649728 1598874.6747071675 248.75 0.43229731217321365
274.7163903225806 972.3639549869882 1598874.6747071675 1763071.2812596217 274.755376344086 0.500358204532656
452.809328571429 972.3705228512504 1763071.2812596217 2909393.156472669 452.50892857142856 0.00999358366373837
318.486719354839 972.4163757262589 2909393.156472669 57663121.85240864 294.0 0.5010639639893686
272.0915033333333 973.8228612789438 57663121.85240864 1724357.4896253524 287.5472222222222 0.3492224984894987
407.51344516129 972.368974299585 1724357.4896253524 251941332.82921344 293.9301075268817 0.5004257813616118
345.43593222222216 975.4468333309096 251941332.82921344 299251817.7750676 294.0 0.37038132981960104
378.24007526881724 975.6332787418202 299251817.7750676 378019714.7456604 294.0 0.5443742979552786
241.89343978494622 975.8777709639828 378019714.7456604 125316836.75419204 294.0 0.5476659855637358
246.93748666666664 974.6325633032795 125316836.75419204 1553409.7273428005 281.73333333333335 0.3597721557571987
232.9702451612903 972.3621363890937 1553409.7273428005 1458645.8349602756 227.28494623655914 0.016959805525028848
238.99036 972.3583458333984 1458645.8349602756 1515778.904270348 236.29166666666666 0.011969975010665657
251.4200483870968 972.3606311561708 1515778.904270348 1610725.5739920184 250.73655913978496 0.47386935812691977
286.8438322580645 972.3644290229596 1610725.5739920184 1843616.5024228403 286.85752688172045 0.5003645866511519
401.618157142857 972.3737446600969 1843616.5024228403 218240087.94148728 312.92261904761904 0.009954404995267119
243.008006451613 975.2848081151033 218240087.94148728 49376642.505344614 295.0 0.5396827113120324
288.29749333333336 973.6803200481797 49376642.505344614 15893934.247561427 294.0 0.34736532006350895
361.6986193548387 972.8859426179878 15893934.247561427 158916094.51715222 294.0 0.50738591364148
256.9712 974.9134069884152 158916094.51715222 33161658.88241743 294.0 0.3634312853319468
243.57472903225812 973.3445831564186 33161658.88241743 1540677.6454713172 251.34139784946237 0.49974144741252324
224.59570967741934 972.3616271058188 1540677.6454713172 1417356.7804821397 220.46236559139786 0.15976447365145585
237.17882666666668 972.3566942712192 1417356.7804821397 1490338.3847134986 231.925 0.07649637620145278
222.77965483870966 972.3596135353885 1490338.3847134986 1392549.3945993432 217.11290322580646 0.22989299589948242
213.98207 972.355701975784 1392549.3945993432 1357353.6367484652 211.3388888888889 0.4934757921481996
215.7609516129032 972.3542941454699 1357353.6367484652 1382958.9090417076 215.11021505376345 0.2718707261402429
274.98571290322576 972.3553183563616 1382958.9090417076 1764518.5031938876 274.94354838709677 0.5002419264369324
392.5643928571424 972.3705807401277 1764518.5031938876 2520040.584617046 392.42261904761904 0.009992879708525138
200.78264516129 972.4008016233846 2520040.584617046 1277971.334035305 199.20698924731184 0.6042284014394159
209.90837 972.3511188533614 1277971.334035305 1327849.4173725005 206.25277777777777 0.5965428176300076
369.3340258064516 972.3531139766949 1327849.4173725005 166252438.34877974 293.76612903225805 0.5002122480726507
248.52103 974.9707221745998 166252438.34877974 17159697.713984136 295.0 0.3641780484031836
239.58466129032263 972.9211027142774 17159697.713984136 1512070.0894528343 241.69086021505376 0.2917780178534626
214.9497548387097 972.3604828035781 1512070.0894528343 1353877.6540415825 210.84139784946237 0.36114685685416426
235.60273333333333 972.3541551061617 1353877.6540415825 1480931.0497036586 230.33055555555555 0.10882184590359589
209.669835483871 972.3592372419881 1480931.0497036586 1307160.44272238 204.05376344086022 0.5032270703512349
226.4077 972.3522864177089 1307160.44272238 1435163.476620219 223.69166666666666 0.24331227894901541
223.5062677419355 972.3574065390648 1435163.476620219 1429788.786700999 222.86559139784947 0.10951455201863336
230.93315161290317 972.357191551468 1429788.786700999 1487093.8480422436 231.01075268817203 0.060961417509747484
282.7471535714286 972.3594837539216 1487093.8480422436 1815074.112419048 282.7767857142857 0.010127824133942198
76.1590516129032 972.3726029644968 1815074.112419048 476048.9249233511 74.69623655913979 3.210645727670512
83.93895333333333 972.3190419569969 476048.9249233511 515226.1449261131 80.425 3.145262574537765
176.3960193548387 972.320609045797 515226.1449261131 1113905.953273662 172.61827956989248 1.1615325962206717
149.50169 972.344556238131 1113905.953273662 947072.1270081722 146.79166666666666 1.8009513149074796
192.5318612903226 972.3378828850803 947072.1270081722 1214672.3439561175 188.86021505376345 0.8214457314760928
165.04749999999999 972.3485868937582 1214672.3439561175 1031786.727416084 161.01075268817203 1.4042152098573175
185.90957333333336 972.3412714690966 1031786.727416084 1160841.7826587122 180.7138888888889 1.113913803260969
70.0679311827957 972.3464336713063 1160841.7826587122 414761.359301045 64.90322580645162 3.415712613572389
42.20734 972.316590454372 414761.359301045 259650.19720448012 39.74722222222222 3.9691106732023727
48.190435483871 972.3103860078882 259650.19720448012 305017.42049383186 47.564516129032256 3.7786940915785943
96.17113548387094 972.3122006968197 305017.42049383186 621867.7427566291 96.14784946236558 2.761955281872869
241.17091071428527 972.3248747097102 621867.7427566291 1552481.9462672006 240.94940476190476 0.2194379806905209
381.88217741935523 972.3620992778507 1552481.9462672006 204494232.54909486 296.85215053763443 0.500333220446378
399.1885566666666 975.210330686275 204494232.54909486 360318968.44263834 294.0 0.36729992237734344
454.147577419355 975.8296711098985 360318968.44263834 571206453.6292981 294.0 0.5470183997540214
281.20038 976.2860348658841 571206453.6292981 374667664.50303555 294.0 0.38131533801819817
494.0882623655914 975.8686621318018 374667664.50303555 665412153.3482918 294.0 0.5475433500469382
239.70852043010757 976.4323170083048 665412153.3482918 281246486.0235789 294.0 0.5551320404192523
246.74205666666666 975.5670826692044 281246486.0235789 67559971.76290077 294.0 0.37194806581327633
228.0858451612903 973.9774995587953 67559971.76290077 1429433.9453221962 245.14247311827958 0.37796001497905785
233.06024 972.3571773578128 1429433.9453221962 1478308.935022552 230.36944444444444 0.10799816528715045
248.2187677419355 972.3591323574009 1478308.935022552 1590203.9335920773 247.52956989247312 0.40672654343341996
333.629719354839 972.3636081573436 1590203.9335920773 47092576.97935551 316.81451612903226 0.5003535350391513
453.0492214285714 973.6363957111415 47092576.97935551 157778417.02739733 408.0 0.005400009025050778
340.943296774194 974.9045188830265 157778417.02739733 237273108.52607462 295.0 0.5345627392254624
241.59432666666666 975.37631302176 237273108.52607462 48019397.22416081 294.0 0.36946251639246164
436.0627795698925 973.6542191773877 48019397.22416081 344869614.33106655 294.0 0.5177295000675661
353.08258 975.7876891693779 344869614.33106655 377525525.0285946 294.0 0.37482236141574266
241.20939139784946 975.8764280571429 377525525.0285946 135659555.22931597 294.0 0.5476479055210861
221.113 974.7283292150862 135659555.22931597 1395364.6617852857 261.88978494623655 0.5321906337181055
223.50396333333333 972.3558145864714 1395364.6617852857 1401489.1135412978 218.29722222222222 0.3525348867561222
216.8282 972.3560595645416 1401489.1135412978 1353123.9942230724 211.15322580645162 0.35467013018319804
221.30777 972.3541249597689 1353123.9942230724 1405390.8632446437 218.625 0.3459149109209596
218.2812193548387 972.3562156345298 1405390.8632446437 1397547.383683277 217.64247311827958 0.2188485198218304
234.05767096774193 972.3559018953473 1397547.383683277 1500608.2625734191 234.11827956989248 0.12598593991454976
305.9689214285714 972.3600243305029 1500608.2625734191 1964601.0673709603 305.9434523809524 0.010121250475580545
162.6417677419355 972.3785840426948 1964601.0673709603 1034844.8381333409 160.9731182795699 1.4047449019395746
114.04239333333334 972.3413937935253 1034844.8381333409 709336.7101749777 110.6361111111111 2.533272035156384
331.4672741935484 972.328373468407 709336.7101749777 77228332.17997459 294.502688172043 0.49987915762160195
208.21332999999998 974.1082675286839 77228332.17997459 1322634.1702569593 233.55555555555554 0.022318710389840568
209.4956870967742 972.3529053668102 1322634.1702569593 1321662.47193207 205.90591397849462 0.4645309434514955
185.8215193548387 972.3528664988772 1321662.47193207 1169527.0960021622 181.747311827957 0.9701662320068416
191.95768666666666 972.34678108384 1169527.0960021622 1204309.793601546 186.7888888888889 0.9908172304314302
170.91966774193548 972.348172391744 1204309.793601546 1063251.8577034916 165.35752688172042 1.3132427241409586
182.18152 972.3425300743081 1063251.8577034916 1157139.1466542888 179.51388888888889 1.138206983716067
124.31573978494626 972.3462855658661 1157139.1466542888 793250.9930432952 123.82795698924731 2.1824506408543893
85.79251290322584 972.3317300397217 793250.9930432952 555999.3212454827 85.9758064516129 2.974742365739549
134.8988357142857 972.3222399728497 555999.3212454827 866364.4336068967 134.92857142857142 2.223565921335045
197.8013311827955 972.3346545773443 866364.4336068967 1257359.946504195 195.61827956989248 0.6800399002286932
219.63335999999998 972.3502943978601 1257359.946504195 1387704.0170434483 215.9361111111111 0.40042035849008606
375.4524967741935 972.3555081606817 1387704.0170434483 175668816.2595691 295.78494623655916 0.500244481841448
209.78958 975.0345659528023 175668816.2595691 1328162.3699536473 268.6166666666667 0.36500987289969
192.1517419354839 972.3531264947981 1328162.3699536473 1211997.5609184238 188.6236559139785 0.8262430628617072
196.34844193548386 972.3484799024367 1211997.5609184238 1233955.3360418545 192.19623655913978 0.7515173052468889
214.93983 972.3493582134416 1233955.3360418545 1345961.8368891994 209.70555555555555 0.5266274096369123
187.2299387096774 972.3538384734755 1345961.8368891994 1169196.9586360136 181.65322580645162 0.9721260011762287
181.42457 972.3467678783454 1169196.9586360136 1152898.050206066 178.8 1.1526269965297757
188.7034516129032 972.3461159220082 1152898.050206066 1211209.3864801405 188.04569892473117 0.8384100306499565
184.01129677419354 972.3484483754592 1211209.3864801405 1186106.2626597327 184.11827956989248 0.9205857964761588
201.11109642857127 972.3474442505063 1186106.2626597327 1290554.4809508915 201.22916666666666 0.9700500958321006
219.50930322580683 972.351622179238 1290554.4809508915 1396376.6313760967 217.41935483870967 0.22357173901092064
164.24092333333334 972.355855065255 1396376.6313760967 1032879.2548302177 160.79444444444445 1.5172420195084877
344.6809193548387 972.3413151701932 1032879.2548302177 107518405.8120883 294.63978494623655 0.5000533964543346
211.69986 974.462156584914 107518405.8120883 1342121.5912413676 247.61944444444444 0.26834756640093804
218.5699129032258 972.3536848636496 1342121.5912413676 1384297.283665802 214.95430107526883 0.27514098447426694
197.44523225806446 972.3553718913466 1384297.283665802 1243995.9098212738 193.3521505376344 0.7272533260702527
217.6722 972.3497598363928 1243995.9098212738 1364182.8776883245 212.43055555555554 0.4714295684017147
206.0625129032258 972.3545673151075 1364182.8776883245 1286804.6379051544 200.41666666666666 0.5794020419880335
199.54877 972.3514721855162 1286804.6379051544 1266998.1338731092 196.9111111111111 0.785750575888644
209.3441903225806 972.3506799253549 1266998.1338731092 1338823.4680055548 208.67741935483872 0.4065486783200454
151.3865677419355 972.3535529387202 1338823.4680055548 977077.8319310853 151.61827956989248 1.600755477630822
200.96898214285744 972.3390831132772 977077.8319310853 1292093.4243510065 201.0 0.9744633788174148
308.99731827957015 972.351683736974 1292093.4243510065 26064334.249555152 296.741935483871 0.5001929922356974
316.05020666666667 973.1684537291543 26064334.249555152 60648957.33535278 294.0 0.3406961824421382
404.614990322581 973.8695149583649 60648957.33535278 285579848.0242106 294.0 0.5206281053815811
259.06046 975.5830141471479 285579848.0242106 133776107.09314965 294.0 0.3721556380151725
246.3584096774194 974.7108898804921 133776107.09314965 1556726.9281821528 285.76075268817203 0.5319558416209391
231.67532258064514 972.3622690771273 1556726.9281821528 1464539.4514689131 227.5215053763441 0.012006938519427912
235.79518666666667 972.3585815780588 1464539.4514689131 1484584.1784509555 230.5638888888889 0.10404297818729713
221.8011193548387 972.359383367138 1484584.1784509555 1391277.8552097797 216.13440860215053 0.2503757092523511
225.79752 972.3556511142084 1391277.8552097797 1436648.543842881 223.11388888888888 0.25497613525212337
238.1675387096774 972.3574659417537 1436648.543842881 1524510.1288883025 237.48924731182797 0.1965600329084669
320.4249483870968 972.3609804051555 1524510.1288883025 2056510.9066371429 320.3279569892473 0.5003181566568076
403.0353250000004 972.3822604362655 2056510.9066371429 66268292.47973945 376.83035714285717 0.009850849263944639
274.645441935484 973.957317069996 66268292.47973945 1751183.767343673 294.5698924731183 0.5218102171080634
337.31831 972.3700473506938 1751183.767343673 90045317.77405867 293.94166666666666 0.33029369683638343
436.038487096774 974.2722317149355 90045317.77405867 371858329.15207934 294.0 0.5260500273780995
395.36163666666664 975.861028068348 371858329.15207934 484477572.66778696 294.0 0.37577789842228615
476.8186655913978 976.1229551453356 484477572.66778696 697026959.9059894 294.0 0.5509669892701519
244.71158494623654 976.4814083228355 697026959.9059894 308861170.1620195 294.0 0.5557929746211432
249.67727666666667 975.6686072432427 308861170.1620195 89526099.04440811 294.0 0.373270835706597
230.4267677419355 974.2665880330915 89526099.04440811 1446662.3193119122 254.15591397849462 0.5259740444391428
238.9243 972.3578664927725 1446662.3193119122 1519933.8783458115 236.21944444444443 0.010501264367257512
248.7113129032258 972.3607973551339 1519933.8783458115 1597212.0431936125 248.03494623655914 0.4173262053120359
259.5393903225807 972.3638884817277 1597212.0431936125 1667731.5499145244 259.61290322580646 0.500357309148173
335.99710000000005 972.3667092619966 1667731.5499145244 2160219.204009634 335.9613095238095 0.010039958652503067
364.362893548387 972.3864087681603 2160219.204009634 93411337.07346745 325.0 0.5006605079458009
202.11349 974.3088188812334 93411337.07346745 1278141.1456450203 232.0861111111111 0.04980865195870798
365.1549580645161 972.3511256458257 1278141.1456450203 156701748.58760706 293.744623655914 0.5001854784518187
252.93007999999998 974.8961074108407 156701748.58760706 22148185.82757628 294.0 0.3632058880761626
243.60197419354841 973.0596718285437 22148185.82757628 1541830.926910605 247.4731182795699 0.41480719277401334
228.0881935483871 972.3616732370764 1541830.926910605 1436945.2412147846 223.94354838709677 0.08690181112190398
235.82726333333335 972.3574778096486 1436945.2412147846 1482417.9710528324 230.5861111111111 0.1036060272862569
223.3161806451613 972.3592967188421 1482417.9710528324 1400721.6356370852 217.64247311827958 0.21881269366201028
227.40863 972.3560288654254 1400721.6356370852 1442604.636231771 224.725 0.22233902072270872
249.69461935483872 972.3577041854493 1442604.636231771 1597081.8760717683 248.98924731182797 0.4372587992983652
353.69187096774226 972.3638832750429 1597081.8760717683 63502289.94373822 330.7795698924731 0.5003572390486841
584.2310964285716 973.9140982803709 63502289.94373822 587551245.6973704 370.0 0.008776999222718906
498.216364516129 976.311414977791 587551245.6973704 933530119.5321698 294.0 0.5535042924599933
440.2930633333333 976.7676141820648 933530119.5321698 902921947.2425138 294.0 0.38758986442448773
1404.612525806452 976.7360637852798 902921947.2425138 1515839232.7053747 954.1397849462365 0.5592214936257127
1062.7177277777778 977.2026630070219 1515839232.7053747 1433710890.5620985 918.05 0.39325814221072264
632.5193129032258 977.1533958551663 1433710890.5620985 1299810326.6904523 471.1693548387097 0.5648401868949948
281.9326924731183 977.073071581698 1299810326.6904523 738671417.9912957 296.7795698924731 0.5637587520203171
255.94446444444446 976.5390413394623 738671417.9912957 317699273.9092121 294.0 0.3846117748585911
238.29950000000002 975.7011002717251 317699273.9092121 57926169.57055104 294.0 0.5452874038512432
246.88332000000003 973.8269713995398 57926169.57055104 1565399.9592474268 264.9277777777778 0.3492760495024809
260.3279451612903 972.3626159983698 1565399.9592474268 1668280.588329407 259.63978494623655 0.500340177242447
290.32076451612903 972.3667312235332 1668280.588329407 1861262.53664321 290.3494623655914 0.5003955820138399
398.4101678571433 972.3744505014657 1861262.53664321 127855844.88960096 346.83035714285717 0.009945821641537123
297.233235483871 974.6560726378666 127855844.88960096 109848313.55534968 294.0 0.531217817168935
273.2539033333333 974.4874816690799 109848313.55534968 26492350.307777546 294.0 0.3578818782592519
350.9960516129032 973.1803430641049 26492350.307777546 142139262.38416573 294.0 0.5113495338001757
246.52593000000002 974.7823379873763 142139262.38416573 1563371.3523633466 291.825 0.3617235792896958
243.4438 972.3625348540945 1563371.3523633466 1541355.4125902147 239.8252688172043 0.24551803186235155
223.9414290322581 972.3616542165036 1541355.4125902147 1410012.9809274157 219.81182795698925 0.17338008636439728
238.27780666666666 972.356400519237 1410012.9809274157 1497505.4797444395 233.01666666666668 0.054388371639064736
224.34813548387098 972.3599002191897 1497505.4797444395 1403024.7930348644 218.67741935483872 0.19714406322418743
225.12122 972.3561209917214 1403024.7930348644 1431918.5071623914 222.44444444444446 0.26853019128170974
226.2319935483871 972.3572767402865 1431918.5071623914 1446540.9760457505 225.58333333333334 0.052633645150431896
266.1643290322581 972.3578616390417 1446540.9760457505 1708211.5695559224 266.1666666666667 0.5002761675756027
331.2593499999999 972.3683284627822 1708211.5695559224 2128986.3283342402 331.2529761904762 0.01002026843070869
191.452732258065 972.3851594531334 2128986.3283342402 1214312.616527726 189.76075268817203 0.8021190764924531
280.5752933333333 972.3485725046611 1214312.616527726 1778014.984908222 276.64444444444445 0.3300138997521316
415.956206451613 972.3711205993962 1778014.984908222 270489052.06509197 293.9543010752688 0.5004546777756973
257.03211 975.5275332796512 270489052.06509197 118214535.5904455 294.0 0.3714327743944663
252.50448064516132 974.566801255467 118214535.5904455 1599976.9326030272 286.81451612903226 0.5300159241163263
236.03265806451606 972.3639990773041 1599976.9326030272 1492528.5135930586 231.8790322580645 0.07921887547934414
241.84545666666668 972.3597011405437 1492528.5135930586 1517649.6622415718 236.6027777777778 0.018288089625216664
225.9083193548387 972.3607059864896 1517649.6622415718 1411632.016047867 220.23924731182797 0.1644452387925046
234.88055 972.3564652806418 1411632.016047867 1495061.9701081547 232.175 0.07143541275148557
243.5590838709677 972.3598024788043 1495061.9701081547 1563247.7559958678 242.88709677419354 0.30956762251108216
276.074935483871 972.3625299102398 1563247.7559958678 1773471.2301875276 276.0967741935484 0.5003390182066765
343.1113857142857 972.3709388492075 1773471.2301875276 2204879.425455783 343.1011904761905 0.00998852493840019
218.624422580645 972.3881951770182 2204879.425455783 1388693.5937000245 216.8790322580645 0.23445677906796814
257.41466 972.3555477437479 1388693.5937000245 1630075.3409804502 253.63333333333333 0.3301047805694104
395.649829032258 972.3652030136392 1630075.3409804502 225664187.23721972 293.89247311827955 0.500375007168854
268.3802 975.3205009001789 225664187.23721972 110734740.65452456 294.0 0.3687353368420023
251.8159774193548 974.4971167462448 110734740.65452456 1596631.2635574671 284.03494623655916 0.5290777362530088
235.16333548387095 972.3638652505423 1596631.2635574671 1482214.2817742918 231.01344086021504 0.06110004874198083
241.83371333333332 972.3592885712709 1482214.2817742918 1520153.609923955 236.5861111111111 0.01794545961845717
226.897064516129 972.360806144397 1520153.609923955 1422949.9121814552 221.2231182795699 0.1438514142643097
234.37306 972.3569179964873 1422949.9121814552 1487795.5678120975 231.675 0.08155740864008099
247.9164193548387 972.3595118227124 1487795.5678120975 1589259.5757403104 247.2311827956989 0.40048627163798134
281.61164838709675 972.3635703830296 1589259.5757403104 1811857.9477388454 281.6290322580645 0.5003530264698375
346.33515714285727 972.3724743179096 1811857.9477388454 2223397.60071924 346.3333333333333 0.00996985293702135
190.8616935483871 972.3889359040287 2223397.60071924 1216822.711841207 189.20430107526883 0.8137282869278266
153.27381333333335 972.3486729084736 1216822.711841207 962512.3835030496 149.79722222222222 1.7400442437299803
331.9267193548387 972.3385004953401 962512.3835030496 78253288.63851726 294.61021505376345 0.5000155014642456
207.9187 974.1217537978753 78253288.63851726 1316991.4113465187 233.64444444444445 0.020347314953196083
185.6729774193548 972.3526796564538 1316991.4113465187 1168542.0927099714 182.16397849462365 0.9614472978318145
155.7701 972.3467416837084 1168542.0927099714 979200.7000148399 151.747311827957 1.5981100733507052
180.05167 972.3391680280006 979200.7000148399 1125862.7377628176 174.85833333333332 1.2325315444473794
171.11697096774193 972.3450345095105 1125862.7377628176 1066012.0823457707 165.5241935483871 1.3097822141495103
160.78097666666667 972.3426404832938 1066012.0823457707 1015351.2187108013 158.1861111111111 1.570181381578085
56.8782419354839 972.3406140487484 1015351.2187108013 363955.33639425586 56.51075268817204 3.5913801354044903
