0.5553098501812537
0.02883343467334676
0.5376084270162806
0.37603430540724947
0.5490240705214324
0.391252446545451
0.5643936885843912
0.563912238258645
0.387886414763118
0.5487637768623408
0.35394966284572593
0.5017323698574065
0.5004374309310924
0.009971015652784132
0.5456446170291729
0.3751751456465442
0.5356769511369324
0.3751082907528467
0.5527720109123857
0.5407112113277677
0.5838299721508386
0.7575451278123833
0.3548024430850987
0.3150334267911772
0.5003389175244113
0.009990893794444844
0.5432421632316915
0.37296250940811326
0.5401556668452638
0.37558357862502056
0.5594022479368483
0.5553037637617297
0.37003428919748504
0.6854812302433313
0.24436296278394032
0.28540086653824126
0.5003343015976061
0.009979979344777234
0.5492980551930913
0.37469952993214406
0.5328683000448038
0.3743569854060702
0.5457532125289886
0.5474265223415635
0.03438674901647687
0.7901241928739577
0.3332012985608328
0.20161067628627016
0.5003194696409548
0.009970838356287537
0.5445621369397236
0.3635969601179285
0.5163549264751035
0.3637734895341085
0.40691177297992365
0.8328833616126059
0.7418978362715594
0.8986734553638551
0.43460179863742265
0.041469108133022736
0.5002919185831187
0.009918788632607978
0.5449913070692993
1.4989292120351791
0.5000560277534376
0.3625417342621242
0.44096774019929175
0.7925415890827745
0.6901860827770072
0.8382967203078313
0.2845418242017974
0.18265818612009532
0.4995857548477911
0.010064316862778533
3.441126090930264
3.6503554209649973
2.539221397173545
1.0978965147783848
0.7987383118087674
4.43675332087847
4.773202150529609
4.774102245227668
4.576692503397408
4.176552083365272
3.0134462713936965
0.276633416873743
0.50032137230796
0.36339897428309964
0.5307506284452996
0.377564390362199
0.5486393301107242
0.5570742236657065
0.3730332186266283
0.46361425225875497
0.3116567611072467
0.1974495391198836
0.5003186336199743
0.01297495179274133
0.5513285140685076
0.6243985432989998
0.4998807757506274
0.3826689046522569
0.5529251757864948
0.539284673915347
0.7670517207022423
0.9185366767349832
0.4280792903075339
0.010349600573376527
0.30167560548077876
0.010094640206687266
1.6672926183568335
2.7747967550057258
0.49983943411977716
0.5048535437685855
0.7991728395493563
1.0382839382698061
0.9237047731883945
1.083799036990146
4.3323906868067175
4.14257097011987
3.2509022267642793
2.2808587947492045
1.0166505129539596
1.9929609014256946
0.49997207299976143
0.3637348317461804
0.5342385365478073
0.8786347644698091
0.7938880681945832
0.9727768574866271
0.5066275216667959
3.3391112124176456
2.502184887824258
1.0306623901616345
1.4746909448550012
1.9845620816863807
0.4999751626888429
0.11527073423066625
0.6929286190473647
0.9974247136254464
0.8641184543318934
0.9973175082473094
0.5041557140514179
2.089114352921752
2.2942706930335417
1.069624837052717
0.25093010921952974
0.5887327805584555
0.5002113712567118
0.36914435881385455
0.19386394913287663
0.7454909428494005
0.7070592580918591
0.8981052100300055
0.43831529790558754
0.3004471910440234
0.50033426347093
0.0034099063965404852
0.5468325469786928
0.3692982455425273
0.5282517836135456
0.37574258985211006
0.5556067362343535
0.5577913275340594
0.37439137645174014
0.2741990675942372
0.33449503097640854
0.18675468872547274
0.5003184387812212
0.010057756258419204
0.5259227305310619
1.106243475523542
0.4999697699982013
0.36157076210512873
0.48273494873290623
0.8408181370249492
0.748368713035453
0.9499840791930576
0.44631251335606414
0.49927982833895346
0.5003690783682142
0.020343012775971836
0.559228012261368
0.38953132347901587
0.558677919627323
0.39349851324745533
0.5648192728142387
0.5637122073182042
0.3839536758286357
0.5427380409720399
0.13329080438537044
0.40897441817290403
0.5003531595469051
0.009966901809712603
0.5436266403892995
0.13805559864445183
0.5002907866833297
0.3576346964663131
0.44418815703841297
0.8060997179002221
0.7196717007839348
0.8867995582294323
0.33079505721809355
0.09330384904372391
0.5003019961246524
0.009975380058492966
0.10716730894533466
0.32998478753458915
0.5004038162980464
0.3708503173206754
0.4303495951174465
0.6948459374617189
0.6474134853167186
0.854042984680949
0.3557144135952992
0.1417964166246639
0.5003086213397143
0.009966663163890388
0.4786781242027951
1.4917918755966952
0.5000598001539709
0.36789233527564313
0.16526444521501027
0.7333395465648342
0.6893905242762282
0.8543885885407021
0.38621163420029614
0.17003613679103502
0.5003148284766121
0.00997284926382136
0.29732607764345875
1.772977147555967
0.5000091080951545
0.14482915641460803
0.6694416552946238
0.9798108122417193
0.8503881976124341
3.3517868290072084
4.479536238506107
3.995239361078603
