0.5553098501812537
0.01758189785496267
0.5003677780732572
0.33161698368250914
0.5004260120998563
0.33127892480148446
0.5395681869894444
0.5019553523244715
0.07253817492355452
0.08431548761835028
0.2099520802553947
0.5003493848737133
0.5004109318702623
0.010005890001888673
0.5008681041859848
1.5281422593970793
0.5000491950062189
0.3314224606973406
0.2997272023768778
0.1552022586887185
0.19465100830098514
0.3188069484955509
0.373871128017238
0.1897311616400641
0.5003172506966882
0.010024906970437897
0.500822461860337
0.10268269183056322
0.5003275965808758
0.3307139232046419
0.5018696163465277
0.16702585778257362
0.21034992567994504
0.3396278354207105
0.26342936878390333
0.1600989894124174
0.5003135057306398
0.010013205787253732
0.5010339867269238
0.7009654525971865
0.5001911877159948
0.3307433276808798
0.5011405496942896
0.14612303208608424
0.21788743943014044
0.351387083397527
0.3522699943165106
0.07630803841786715
0.500297421059984
0.010005196064024169
0.500832726237368
1.8068529087535459
0.5000016680775596
0.7923047247280297
0.1296847300092514
0.3578677012569802
0.35266357642588275
0.4390652471081298
0.4536136625048668
0.0838906558331054
0.5002721683182934
0.009951068981334465
0.5008935136458472
1.429515999344361
0.5000676254733012
0.7808654363063696
0.08776757611884989
0.31735031552142345
0.30101031251954335
0.39956110767782516
0.30360945390735683
0.05735575011550331
0.285030105102285
0.010094729919572387
0.2679880615593708
3.0775402411513086
1.7035742235114846
1.0755765464533567
0.3815534574215782
0.5320367339239693
0.48901377177669936
1.9710168428587211
3.9252475081738973
3.736837552914797
2.7200973288226202
0.21931943347621274
0.5003324486099041
0.3307837509894336
0.5005476035815803
0.3308974777855882
0.5005169302896197
0.11920017477504441
0.22176680014146388
0.36984290821856547
0.3307240420219735
0.07214805105812161
0.5002978982300563
0.009829762266802433
0.5010496695878306
1.971861950919516
0.4999762020725669
0.33133301477563126
0.18862536320502432
0.3902274708924507
0.37787724469853234
0.458984638357939
0.4470871961465033
0.13559264619014666
0.0871209035970475
0.010126149487456715
0.5005575624313705
2.3154483639492205
0.49991495533793984
1.1928409003683833
0.38264017667377015
0.5219092002700112
0.49278402786102493
0.561568461732902
0.9743411499905292
3.6957801100144647
2.9575565358877163
2.204718085628847
0.40247096235300095
0.8067272875805016
0.5001736702881345
0.6338197154538987
0.158974267967106
0.403387880500917
0.404716373843077
0.5132283907659811
0.5054406974339498
1.5337409539941276
2.205390965207045
0.9545081521651828
0.5001989420394297
0.8129921797537598
0.5001741558478061
0.8997698817718436
0.3177836256140596
0.5221796255432016
0.4749470966400837
0.5377121015705244
0.5232243570910029
1.7145717428050662
2.02194092147438
0.9935298172847546
0.5001887579194451
0.32251084703218513
0.5002560953380426
0.48552484244553096
0.008220564415287512
0.27041654561850326
0.3178830302390283
0.43849642676274403
0.45738353208745774
0.17514702238113067
0.5003144513453153
0.009829418809997215
0.5009289508718444
0.33082168375910914
0.500429123787896
0.33083196526300096
0.5010210846486078
0.07948543771416272
0.16245880821060332
0.3417016744142325
0.3536203931701696
0.061511522381160866
0.33679318967325145
0.01008898687978288
0.5005934064192479
1.4703938898662376
0.5000598661986242
0.7122273022003407
0.1498152969272315
0.36574492063746256
0.35913621063528467
0.4904341827931029
0.4653227847454575
0.3739779316807379
0.5003475369114474
0.009741372776042034
0.5015013342710937
0.33137688193971915
0.5012142389890464
0.3931232691472015
0.564819267246726
0.55359614001891
0.07264609184771142
0.0936258658802851
0.15145984804362467
0.28367298908175087
0.500333380601778
0.010002709662524367
0.500800480821006
2.1654997987601825
0.49994001623395956
0.761555071332034
0.11144786982445343
0.33102608804836375
0.33049516633983256
0.4480072117482097
0.3498649417782618
0.032056343988667635
0.5002822987941764
0.010011116198112902
0.5006342925390745
0.3615126426887203
0.5002487515310357
0.48543534697110147
0.057323629139732546
0.2197115247676109
0.25823671970788453
0.41530748250616156
0.37484000496521297
0.01649711778300933
0.5002900187861794
0.010001410469824279
0.5006660689013929
0.9788424437911485
0.5001452571715701
0.4795292084502423
0.0012879006157175965
0.2581475423509296
0.3002716598657731
0.41565139991985056
0.4052787900534227
0.04473624033531198
0.500295454987806
0.010008293480484376
0.50067094114479
2.6518223577192965
0.4998589736875463
1.1785480851759593
0.33723669030427406
0.5047422030066242
0.46121543876208726
0.49483542547663184
0.4753375624056586
0.04382638553109519
