137.79706129032255 976.4455239431677 673917419.4 280248659.2406579 287.0 0.5553098501812537
248.72363571428556 975.5634141883849 280248659.2406579 191441246.8271539 287.0 0.02883343467334676
375.585732258064 975.1307393099218 191441246.8271539 379100429.61275566 280.0 0.5376084270162806
357.84396 975.8807076891651 379100429.61275566 415140845.15584815 276.0 0.37603430540724947
737.2085344086018 975.978643600967 415140845.15584815 1259220999.7897935 275.0 0.5490240705214324
867.2414244444444 977.0487228553029 1259220999.7897935 1378426585.4618788 650.925 0.391252446545451
699.9730989247312 977.1202319048962 1378426585.4618788 1318814609.1856296 509.7768817204301 0.5643936885843912
365.1731956989247 977.0844718711372 1318814609.1856296 957474358.5146209 283.7876344086022 0.563912238258645
225.6368977777778 976.7903748655082 957474358.5146209 408026124.6743832 275.0 0.387886414763118
208.74549354838712 975.9593101213978 408026124.6743832 83111545.94142206 275.0 0.5487637768623408
250.80637000000002 974.1856782360713 83111545.94142206 4150550.09040865 275.0 0.35394966284572593
272.0427806451613 972.4660220036163 4150550.09040865 1745989.471977091 272.2795698924731 0.5017323698574065
282.13018064516126 972.369839578879 1745989.471977091 1809467.585790276 282.2069892473118 0.5004374309310924
419.4310857142858 972.3723787034315 1809467.585790276 324916043.0260055 286.98511904761904 0.009971015652784132
322.094535483871 975.7276325111251 324916043.0260055 354833846.9387102 280.0 0.5456446170291729
242.93975333333333 975.8147658884204 354833846.9387102 168371544.58404657 276.0 0.3751751456465442
384.6855129032258 974.9872776920629 168371544.58404657 352945560.4066262 275.0 0.5356769511369324
413.78070444444444 975.8096346750181 352945560.4066262 552523644.7542914 275.0 0.3751082907528467
218.81006666666667 976.2570242930967 552523644.7542914 234129728.49199912 275.0 0.5527720109123857
202.04543870967746 975.36120061775 234129728.49199912 1272086.8292664932 270.2123655913978 0.5407112113277677
212.0896866666667 972.3508834731706 1272086.8292664932 1330269.8021596232 206.88055555555556 0.5838299721508386
197.5298870967742 972.3532107920863 1330269.8021596232 1232953.6538220895 191.90591397849462 0.7575451278123833
220.91654 972.3493181461529 1232953.6538220895 1402572.7954719062 218.1888888888889 0.3548024430850987
243.8570258064516 972.3561029118189 1402572.7954719062 1563060.799989725 243.1505376344086 0.3150334267911772
275.60008064516126 972.3625224319995 1563060.799989725 1768601.2322667094 275.6236559139785 0.5003389175244113
405.51705357142885 972.3707440492907 1768601.2322667094 276379327.5813817 292.94642857142856 0.009990893794444844
315.095609677419 975.5491887043434 276379327.5813817 302424424.5215266 280.0 0.5432421632316915
286.1273 975.6449427372115 302424424.5215266 225546936.07415593 276.0 0.37296250940811326
374.558722580645 975.3199371926642 225546936.07415593 366369853.5027168 275.0 0.5401556668452638
575.1673033333333 975.8461137323443 366369853.5027168 914557504.6398997 275.0 0.37558357862502056
320.0457838709678 976.7494894284306 914557504.6398997 673626284.5557843 275.0 0.5594022479368483
201.0992806451613 976.4450718704283 673626284.5557843 246401068.0298966 275.0 0.5553037637617297
211.3118366666667 975.4201974424514 246401068.0298966 12810910.02863844 275.0 0.37003428919748504
196.5339548387097 972.800303056351 12810910.02863844 1225102.947122914 195.1263440860215 0.6854812302433313
226.39037 972.3490041178849 1225102.947122914 1437887.6268862246 223.64166666666668 0.24436296278394032
242.4237129032258 972.3575155050754 1437887.6268862246 1554489.526403596 241.73387096774192 0.28540086653824126
279.23251935483864 972.3621795810561 1554489.526403596 1791039.6355291754 279.244623655914 0.5003343015976061
467.41647142857187 972.3716415854211 1791039.6355291754 422629788.0745888 294.95238095238096 0.009979979344777234
285.486719354839 975.9989939893331 422629788.0745888 341400294.0858118 280.0 0.5492980551930913
234.35816999999997 975.7782616687115 341400294.0858118 141668904.8305653 276.0 0.37469952993214406
382.51344516129 974.7786633189888 141668904.8305653 331725277.3523746 275.0 0.5328683000448038
314.03315444444445 975.7519708623706 331725277.3523746 327109995.2587803 275.0 0.3743569854060702
348.24007526881724 975.7356985119808 327109995.2587803 371474361.71138155 275.0 0.5457532125289886
202.97139677419352 975.8599846785636 371474361.71138155 78463351.19690354 275.0 0.5474265223415635
210.93748666666664 974.1245177789067 78463351.19690354 1323372.2472586671 232.95277777777778 0.03438674901647687
195.9702451612903 972.3529348898903 1323372.2472586671 1224968.0489038704 190.3494623655914 0.7901241928739577
221.99036 972.3489987219561 1224968.0489038704 1410904.8534418172 219.25555555555556 0.3332012985608328
238.4200483870968 972.3564361941376 1410904.8534418172 1526948.197517149 237.7311827956989 0.20161067628627016
281.68254193548387 972.3610779279006 1526948.197517149 1809832.07968682 281.6774193548387 0.5003194696409548
408.47529999999983 972.3723932831874 1809832.07968682 303046724.19408834 284.99107142857144 0.009970838356287537
247.00800645161303 975.6472306036547 303046724.19408834 160543715.43336523 281.0 0.5445621369397236
245.96416 974.9261227768231 160543715.43336523 42710335.493403725 276.0 0.3635969601179285
335.6986193548387 973.5521218364116 42710335.493403725 162277974.3213245 275.0 0.5163549264751035
225.9712 974.9396716743853 162277974.3213245 8149273.912995546 275.0 0.3637734895341085
209.57472903225812 972.6312197463748 8149273.912995546 1325006.9537051376 208.51075268817203 0.40691177297992365
192.40216129032257 972.3530002781482 1325006.9537051376 1208639.4141076577 188.30645161290323 0.8328833616126059
204.27882666666665 972.3483455765643 1208639.4141076577 1277703.9475789766 199.07777777777778 0.7418978362715594
190.77965483870966 972.3511081579031 1277703.9475789766 1189491.3319255197 185.16397849462365 0.8986734553638551
216.98207 972.347579653277 1189491.3319255197 1378691.3933531768 214.25 0.43460179863742265
230.7609516129032 972.3551476557341 1378691.3933531768 1475788.8823395632 230.08064516129033 0.041469108133022736
298.85668064516125 972.3590315552935 1475788.8823395632 1916838.1794021167 298.7930107526882 0.5002919185831187
425.9929642857138 972.3766735271761 1916838.1794021167 311717237.8490855 299.0 0.009918788632607978
191.78264516129 975.6791074920923 311717237.8490855 2655660.4332111413 294.0 0.5449913070692993
164.64170333333334 972.4062264173284 2655660.4332111413 1037765.2908209731 161.67777777777778 1.4989292120351791
343.3340258064516 972.3415106116328 1037765.2908209731 150176973.96427885 274.69354838709677 0.5000560277534376
224.52103 974.8451326090959 150176973.96427885 1425023.9762760045 272.6361111111111 0.3625417342621242
210.58466129032263 972.357000959051 1425023.9762760045 1328069.8886111947 207.02956989247312 0.44096774019929175
194.33685161290325 972.3531227955444 1328069.8886111947 1224771.1378745863 190.23387096774192 0.7925415890827745
206.83606666666668 972.348990845515 1224771.1378745863 1294856.346199945 201.63055555555556 0.6901860827770072
193.669835483871 972.351794253848 1294856.346199945 1208670.8448785678 188.0483870967742 0.8382967203078313
224.4077 972.3483468337951 1208670.8448785678 1427278.1297966568 221.65833333333333 0.2845418242017974
237.50626774193552 972.3570911251918 1427278.1297966568 1522711.1060442708 236.8252688172043 0.18265818612009532
251.90089354838705 972.3609084442418 1522711.1060442708 1617654.8752782615 251.96505376344086 0.4995857548477911
264.81560595238096 972.3647061950111 1617654.8752782615 1698737.590756246 264.94642857142856 0.010064316862778533
65.1590516129032 972.3679495036303 1698737.590756246 406635.2655401691 63.685483870967744 3.441126090930264
58.93895333333333 972.3162654106216 406635.2655401691 358067.57636903634 55.486111111111114 3.6503554209649973
110.3960193548387 972.3143227030547 358067.57636903634 686296.2857572701 106.79032258064517 2.539221397173545
184.50169 972.3274518514303 686296.2857572701 1170251.157678094 181.51111111111112 1.0978965147783848
193.5318612903226 972.346810046307 1170251.157678094 1218796.5056106297 189.94086021505376 0.7987383118087674
19.625456989247326 972.3487518602244 1218796.5056106297 102937.48772492722 16.118279569892472 4.43675332087847
0.9095733333333342 972.304117499509 102937.48772492722 -7613773.998098404 0.044444444444444446 4.773202150529609
0.2561032258064486 971.995449040076 -7613773.998098404 -13448169.6475646 0.0 4.774102245227668
17.207340000000002 971.7620732140972 -13448169.6475646 99564.66587125754 9.761111111111111 4.576692503397408
29.190435483871 972.3039825866348 99564.66587125754 183521.8909289494 28.553763440860216 4.176552083365272
84.17113548387094 972.3073408756371 183521.8909289494 542621.3019276253 84.13172043010752 3.0134462713936965
238.17091071428527 972.3217048520771 542621.3019276253 1530481.2430186416 237.92559523809524 0.276633416873743
351.075725806452 972.3612192497208 1530481.2430186416 158598664.56779438 284.8736559139785 0.50032137230796
283.25522333333333 974.9109270669359 158598664.56779438 124108164.53161551 276.0 0.36339897428309964
431.147577419355 974.6213718938112 124108164.53161551 422316993.93032163 275.0 0.5307506284452996
323.3781577777778 975.9981440052454 422316993.93032163 404624567.1579329 275.0 0.377564390362199
513.7818107526882 975.9500667585813 404624567.1579329 767196181.30361 275.0 0.5486393301107242
203.66550967741938 976.5765739227679 767196181.30361 303900579.02490413 275.0 0.5570742236657065
210.74205666666666 975.6503697758269 303900579.02490413 45782942.231798634 275.0 0.3730332186266283
195.0858451612903 973.6112104275346 45782942.231798634 1216303.1413105687 205.29032258064515 0.46361425225875497
223.06024 972.3486521256524 1216303.1413105687 1415547.8140005749 220.31944444444446 0.3116567611072467
238.2187677419355 972.35662191256 1415547.8140005749 1525395.797565203 237.53225806451613 0.1974495391198836
338.17810645161313 972.3610158319026 1525395.797565203 88856673.13099456 305.81451612903226 0.5003186336199743
470.97779285714284 974.2593116644674 88856673.13099456 497903816.56317765 304.0 0.01297495179274133
228.943296774194 976.1498076331263 497903816.56317765 264143145.08049077 281.0 0.5513285140685076
114.26099333333335 975.5042027392666 264143145.08049077 712341.3996257188 203.24166666666667 0.6243985432989998
570.0493387096774 972.328493655985 712341.3996257188 638110499.5724514 274.55913978494624 0.4998807757506274
326.08258 976.3899231359821 638110499.5724514 559850059.1727867 275.0 0.3826689046522569
206.20939139784946 976.2684007130013 559850059.1727867 212090675.143962 275.0 0.5529251757864948
190.85493548387095 975.2552436304998 212090675.143962 1197275.5567161907 254.58064516129033 0.539284673915347
203.0372966666667 972.3478910222686 1197275.5567161907 1271354.0543592477 197.8361111111111 0.7670517207022423
189.8282 972.3508541621743 1271354.0543592477 1180697.57483847 184.21505376344086 0.9185366767349832
217.30777 972.3472279029935 1180697.57483847 1378161.458917195 214.57222222222222 0.4280792903075339
228.2812193548387 972.3551264583566 1378161.458917195 1465985.9936507875 227.6048387096774 0.010349600573376527
242.44476774193544 972.358639439746 1465985.9936507875 1555314.8178734542 242.51075268817203 0.30167560548077876
329.54034999999993 972.3622125927149 1555314.8178734542 71875753.17914104 300.82440476190476 0.010094640206687266
123.6417677419355 974.0378388576203 71875753.17914104 783365.8455132365 147.80376344086022 1.6672926183568335
102.17572666666666 972.3313346338205 783365.8455132365 635574.4916068771 98.71388888888889 2.7747967550057258
304.4672741935484 972.3254229796643 635574.4916068771 58881827.25427209 275.5241935483871 0.49983943411977716
191.21332999999998 973.841903550848 58881827.25427209 1208610.3090438293 209.98055555555555 0.5048535437685855
193.4956870967742 972.3483444123617 1208610.3090438293 1217918.4505279383 189.91935483870967 0.7991728395493563
182.59571290322577 972.348716738021 1217918.4505279383 1148762.8353695888 178.49462365591398 1.0382839382698061
195.29102 972.3459505134148 1148762.8353695888 1220894.3153568145 190.1027777777778 0.9237047731883945
181.91966774193548 972.3488357726143 1220894.3153568145 1130416.2445757184 176.31989247311827 1.083799036990146
23.93152 972.345216649783 1130416.2445757184 139106.93121663912 21.808333333333334 4.3323906868067175
30.804987096774198 972.3055642772487 139106.93121663912 197866.4347601221 30.177419354838708 4.14257097011987
72.79251290322584 972.3079146573904 197866.4347601221 470771.16415950743 72.78494623655914 3.2509022267642793
131.8988357142857 972.3188308465664 470771.16415950743 852779.9498596843 131.89880952380952 2.2808587947492045
181.674987096774 972.3341111979944 852779.9498596843 1155056.2362423553 179.53494623655914 1.0166505129539596
140.76669333333334 972.3462022494497 1155056.2362423553 881870.4526007368 137.3111111111111 1.9929609014256946
349.4524967741935 972.335274818104 881870.4526007368 161898192.78826985 275.6263440860215 0.49997207299976143
209.78958 974.9367046311584 161898192.78826985 1327650.3275222473 262.89166666666665 0.3637348317461804
206.15174193548393 972.3531060131008 1327650.3275222473 1300787.181609786 202.5752688172043 0.5342385365478073
190.21940967741935 972.3520314872644 1300787.181609786 1199058.114522021 186.1209677419355 0.8786347644698091
201.70649666666668 972.3479623245809 1199058.114522021 1263613.0066694736 196.51111111111112 0.7938880681945832
187.2299387096774 972.3505445202668 1263613.0066694736 1166180.3877116325 181.6236559139785 0.9727768574866271
213.42457 972.3466472155085 1166180.3877116325 1357570.4593366424 210.69444444444446 0.5066275216667959
68.8324838709677 972.3543028183734 1357570.4593366424 440614.42461362435 68.56182795698925 3.3391112124176456
108.55968387096775 972.3176245769845 440614.42461362435 697537.9660694074 108.55913978494624 2.502184887824258
198.11109642857127 972.3279015186428 697537.9660694074 1276810.0532933935 198.0327380952381 1.0306623901616345
159.557690322581 972.3510724021316 1276810.0532933935 1012957.808876223 157.64247311827958 1.4746909448550012
141.24092333333334 972.340518312355 1012957.808876223 887607.6688797757 137.7277777777778 1.9845620816863807
317.6809193548387 972.3355043067552 887607.6688797757 91335245.90763156 274.6317204301075 0.4999751626888429
198.69986 974.2862526729091 91335245.90763156 1259134.2985293819 228.88333333333333 0.11527073423066625
198.5699129032258 972.3503653719412 1259134.2985293819 1251053.28512751 194.99462365591398 0.6929286190473647
184.54200645161285 972.3500421314051 1251053.28512751 1161132.873673503 180.44623655913978 0.9974247136254464
198.23886666666667 972.3464453149469 1161132.873673503 1237258.6789754936 193.04444444444445 0.8641184543318934
186.0625129032258 972.349490347159 1237258.6789754936 1157644.5268225193 180.4516129032258 0.9973175082473094
213.54877 972.3463057810728 1157644.5268225193 1353869.9808469648 210.81666666666666 0.5041557140514179
128.71246989247308 972.3541547992338 1353869.9808469648 826314.115628728 128.28494623655914 2.089114352921752
118.37043870967744 972.3330525646251 826314.115628728 764347.4539340913 118.48924731182795 2.2942706930335417
196.01362500000027 972.3305738981574 764347.4539340913 1258773.0753240278 195.9702380952381 1.069624837052717
218.209683870968 972.3503509230129 1258773.0753240278 1385118.3632473757 216.11290322580646 0.25093010921952974
210.25020666666668 972.3554047345299 1385118.3632473757 1326221.265625711 206.63611111111112 0.5887327805584555
379.614990322581 972.353048850625 1326221.265625711 232193941.64744905 274.81451612903226 0.5002113712567118
230.06045999999998 975.3518939502281 232193941.64744905 71522097.39594547 275.0 0.36914435881385455
215.3584096774194 974.033185492052 71522097.39594547 1364084.9317200517 236.3494623655914 0.19386394913287663
196.57854838709676 972.3545633972687 1364084.9317200517 1238096.6099410253 192.4811827956989 0.7454909428494005
205.99518666666665 972.3495238643976 1238096.6099410253 1291901.066293119 200.79722222222222 0.7070592580918591
190.8011193548387 972.3516760426517 1291901.066293119 1189047.095415885 185.19086021505376 0.8981052100300055
216.79752 972.3475618838166 1189047.095415885 1375515.9221958516 214.06666666666666 0.43831529790558754
243.1675387096774 972.3550206368878 1375515.9221958516 1554418.7293171394 242.45430107526883 0.3004471910440234
338.52172258064513 972.3621767491727 1554418.7293171394 38800652.76053142 324.7768817204301 0.50033426347093
436.46389642857184 973.4727421081939 38800652.76053142 355238973.2103825 307.0 0.0034099063965404852
265.645441935484 975.8158667750282 355238973.2103825 234650637.41045344 285.0 0.5468325469786928
250.25164333333333 975.3637049875502 234650637.41045344 105090709.42723946 276.0 0.3692982455425273
412.038487096774 974.435768580731 105090709.42723946 370861054.4000829 275.0 0.5282517836135456
470.38941444444447 975.8583180826089 370861054.4000829 688118523.0978155 275.0 0.37574258985211006
450.8213537634408 976.4675753464252 688118523.0978155 810858972.1321397 275.0 0.5556067362343535
205.79491827956986 976.629837275537 810858972.1321397 332696637.0355829 275.0 0.5577913275340594
213.67727666666667 975.7546104267271 332696637.0355829 68380122.50298725 275.0 0.37439137645174014
196.4267677419355 973.9903144141092 68380122.50298725 1225634.1817165227 214.1048387096774 0.2741990675942372
221.9243 972.3490253672686 1225634.1817165227 1406085.0188756045 219.19166666666666 0.33449503097640854
237.7113129032258 972.356243400755 1406085.0188756045 1525034.00321153 237.0215053763441 0.18675468872547274
254.37810000000007 972.3610013601284 1525034.00321153 1631142.4528236275 254.43817204301075 0.5003184387812212
339.63995714285716 972.3652456981129 1631142.4528236275 89175452.66862398 303.8511904761905 0.010057756258419204
307.362893548387 974.2627766594417 89175452.66862398 119563449.17188433 287.0 0.5259227305310619
140.04682333333335 974.5792911960359 119563449.17188433 877594.0294093669 180.0638888888889 1.106243475523542
339.1549580645161 972.3351037611764 877594.0294093669 140637957.01364055 274.6263440860215 0.4999697699982013
217.93007999999998 974.770609039169 140637957.01364055 1380106.5430958478 263.68055555555554 0.36157076210512873
208.60197419354841 972.3552042617238 1380106.5430958478 1320771.4883917503 205.03494623655914 0.48273494873290623
192.02367741935484 972.3528308595356 1320771.4883917503 1206898.4089898253 187.92741935483872 0.8408181370249492
203.96059666666667 972.3482759363595 1206898.4089898253 1280082.645205343 198.75833333333333 0.748368713035453
188.3161806451613 972.3512033058082 1280082.645205343 1170968.1853797387 182.71236559139786 0.9499840791930576
216.40863 972.3468387274152 1170968.1853797387 1372516.69371909 213.67222222222222 0.44631251335606414
252.69461935483872 972.3549006677488 1372516.69371909 1619066.2036065254 251.95430107526883 0.49927982833895346
367.9176774193552 972.3647626481443 1619066.2036065254 152747513.95260835 311.83870967741933 0.5003690783682142
603.2668107142858 974.8652149527547 152747513.95260835 903341566.331321 297.0 0.020343012775971836
442.216364516129 976.7365479611515 903341566.331321 1090288529.557898 276.0 0.559228012261368
356.15972999999997 976.9166240775265 1090288529.557898 867930878.8788648 275.0 0.38953132347901587
1514.2308053763443 976.6956894756295 867930878.8788648 1546593445.2002554 1037.010752688172 0.558677919627323
1053.7177277777778 977.2211118447512 1546593445.2002554 1431121361.3433113 921.8305555555555 0.39349851324745533
611.5193129032258 977.1518424483164 1431121361.3433113 1294047277.9816592 451.9032258064516 0.5648192728142387
246.93269247311832 977.0696144439003 1294047277.9816592 701614125.9534994 277.6263440860215 0.5637122073182042
218.88335333333333 976.4885312514806 701614125.9534994 266194557.8714808 275.0 0.3839536758286357
199.29950000000002 975.511744698057 266194557.8714808 1246733.101526767 269.991935483871 0.5427380409720399
231.88332000000003 972.349869324061 1246733.101526767 1473248.4725893955 229.125 0.13329080438537044
248.3279451612903 972.3589299389035 1473248.4725893955 1589506.6853667563 247.63709677419354 0.40897441817290403
283.2239903225807 972.3635802674146 1589506.6853667563 1817925.0044036221 283.23924731182797 0.5003531595469051
399.73159642857183 972.3727170001761 1817925.0044036221 284146910.2143385 283.9970238095238 0.009966901809712603
164.233235483871 975.5777459934351 284146910.2143385 1046031.5708416161 259.76881720430106 0.5436266403892995
232.72057 972.3418412628337 1046031.5708416161 1473687.0676491857 228.89444444444445 0.13805559864445183
324.9960516129032 972.358947482706 1473687.0676491857 108102928.79449284 274.8763440860215 0.5002907866833297
219.52593000000002 974.4685100955924 108102928.79449284 1394722.1049528131 254.66944444444445 0.3576346964663131
210.4438 972.3557888841981 1394722.1049528131 1331139.7024560797 206.8763440860215 0.44418815703841297
193.68336451612905 972.3532455880982 1331139.7024560797 1214771.5581924403 189.58602150537635 0.8060997179002221
205.3778066666667 972.3485908623277 1214771.5581924403 1283937.8296710844 200.175 0.7196717007839348
191.34813548387098 972.3513575131868 1283937.8296710844 1196225.2702026288 185.7311827956989 0.8867995582294323
222.12122 972.3478490108081 1196225.2702026288 1411469.113486872 219.375 0.33079505721809355
233.2319935483871 972.3564587645394 1411469.113486872 1494501.779919286 232.55645161290323 0.09330384904372391
280.35787741935485 972.3597800711967 1494501.779919286 1800495.0495414915 280.3440860215054 0.5003019961246524
351.5093499999999 972.3720198019817 1800495.0495414915 144760808.19475293 292.9613095238095 0.009975380058492966
182.452732258065 974.8028188140215 144760808.19475293 1158452.4570987155 231.7715053763441 0.10716730894533466
266.24196 972.3463380982839 1158452.4570987155 1683570.7577146266 262.34166666666664 0.32998478753458915
391.956206451613 972.3673428303085 1683570.7577146266 259428395.66257 274.96505376344084 0.5004038162980464
232.03211 975.4828288253008 259428395.66257 96476546.72204778 275.0 0.3708503173206754
218.50448064516132 974.3421363774136 96476546.72204778 1383671.8492220459 247.40591397849462 0.4303495951174465
199.00039999999996 972.3553468739689 1383671.8492220459 1256101.6013099104 194.9005376344086 0.6948459374617189
208.94545666666664 972.3502440640524 1256101.6013099104 1313119.7214274004 203.74166666666667 0.6474134853167186
192.9083193548387 972.3525247888571 1313119.7214274004 1206860.202769363 187.29569892473117 0.854042984680949
220.88055 972.3482744081108 1206860.202769363 1398491.1804893613 218.14444444444445 0.3557144135952992
235.5590838709677 972.3559396472195 1398491.1804893613 1506804.0830670616 234.8736559139785 0.1417964166246639
283.49429032258064 972.3602721633226 1506804.0830670616 1818415.6229327526 283.47849462365593 0.5003086213397143
360.03995714285713 972.3727366249173 1818415.6229327526 138823862.8962597 303.9375 0.009966663163890388
202.624422580645 974.756436428877 138823862.8962597 1285518.513705599 249.44086021505376 0.4786781242027951
165.54799333333335 972.3514207405482 1285518.513705599 1044770.2279419355 162.05277777777778 1.4917918755966952
370.649829032258 972.3417908091177 1044770.2279419355 212206247.13968337 274.6962365591398 0.5000598001539709
234.3802 975.2557992650947 212206247.13968337 66185472.756562576 275.0 0.36789233527564313
215.8159774193548 973.9560230118213 66185472.756562576 1360577.6211102277 235.03494623655914 0.16526444521501027
197.16333548387095 972.3544231048444 1360577.6211102277 1243677.6700859803 193.06182795698925 0.7333395465648342
206.86704666666668 972.3497471068034 1243677.6700859803 1293064.3785474333 201.66944444444445 0.6893905242762282
192.897064516129 972.3517225751418 1293064.3785474333 1199995.7757541265 187.27956989247312 0.8543885885407021
219.37306 972.3479998310302 1199995.7757541265 1389602.4890806337 216.63888888888889 0.38621163420029614
236.9164193548387 972.3555840995632 1389602.4890806337 1518330.0605749418 236.2231182795699 0.17003613679103502
281.28906774193547 972.3607332024229 1518330.0605749418 1805697.9679769042 281.28225806451616 0.5003148284766121
362.1565857142858 972.3722279187191 1805697.9679769042 173114785.25962287 291.9672619047619 0.00997284926382136
152.8616935483871 975.0189925930465 173114785.25962287 969759.7119665614 212.44892473118279 0.29732607764345875
151.74048 972.3387903884786 969759.7119665614 950640.5930872052 148.175 1.772977147555967
304.9267193548387 972.3380256237234 950640.5930872052 62177944.242409945 274.65860215053766 0.5000091080951545
207.9187 973.8934053787876 62177944.242409945 1319920.5382396935 227.65833333333333 0.14482915641460803
199.6729774193548 972.3527968215295 1319920.5382396935 1260692.5149867965 196.11559139784947 0.6694416552946238
185.38300322580645 972.3504277005994 1260692.5149867965 1166946.8147899464 181.28763440860214 0.9798108122417193
198.91833666666668 972.3466778725916 1166946.8147899464 1244552.831477238 193.72222222222223 0.8503881976124341
73.1035301075269 972.349782113259 1244552.831477238 435948.4247500149 67.95698924731182 3.3517868290072084
16.91431 972.3174379369899 435948.4247500149 99049.11422690754 14.544444444444444 4.479536238506107
37.8782419354839 972.303961964569 99049.11422690754 242384.38777421715 37.21774193548387 3.995239361078603
