298.7231182795699
291.0416666666667
298.7231182795699
296.3333333333333
286.7741935483871
487.0
487.0
310.6720430107527
283.9861111111111
298.7231182795699
296.3333333333333
286.7741935483871
298.7231182795699
410.1041666666667
298.7231182795699
296.3333333333333
298.7231182795699
283.9861111111111
298.7231182795699
286.7741935483871
246.94444444444446
227.02956989247312
234.59722222222223
250.92741935483872
274.8252688172043
395.5625
286.7741935483871
296.3333333333333
298.7231182795699
296.3333333333333
286.7741935483871
298.7231182795699
296.3333333333333
238.9784946236559
234.59722222222223
250.92741935483872
274.8252688172043
444.5982142857143
298.7231182795699
283.9861111111111
298.7231182795699
296.3333333333333
286.7741935483871
298.7231182795699
283.9861111111111
227.02956989247312
234.59722222222223
250.92741935483872
286.7741935483871
304.2708333333333
298.7231182795699
296.3333333333333
298.7231182795699
283.9861111111111
250.92741935483872
227.02956989247312
234.59722222222223
215.08064516129033
209.90277777777777
215.08064516129033
274.8252688172043
396.875
191.18279569892474
209.90277777777777
298.7231182795699
283.9861111111111
250.92741935483872
203.13172043010752
234.59722222222223
203.13172043010752
222.25
227.02956989247312
227.02956989247312
277.8125
83.64247311827957
74.08333333333333
179.23387096774192
148.16666666666666
179.23387096774192
167.28494623655914
172.86111111111111
71.69354838709677
37.041666666666664
47.795698924731184
95.59139784946237
238.125
298.7231182795699
296.3333333333333
298.7231182795699
283.9861111111111
298.7231182795699
298.7231182795699
283.9861111111111
250.92741935483872
234.59722222222223
238.9784946236559
322.6209677419355
410.1041666666667
286.7741935483871
296.3333333333333
298.7231182795699
296.3333333333333
286.7741935483871
262.8763440860215
222.25
203.13172043010752
222.25
215.08064516129033
238.9784946236559
304.2708333333333
155.33602150537635
111.125
298.7231182795699
234.59722222222223
203.13172043010752
179.23387096774192
197.55555555555554
155.33602150537635
185.20833333333334
119.48924731182795
83.64247311827957
145.52083333333334
191.18279569892474
222.25
286.7741935483871
271.6388888888889
191.18279569892474
191.18279569892474
209.90277777777777
179.23387096774192
185.20833333333334
179.23387096774192
191.18279569892474
198.4375
215.08064516129033
160.51388888888889
298.7231182795699
246.94444444444446
215.08064516129033
191.18279569892474
209.90277777777777
203.13172043010752
197.55555555555554
203.13172043010752
155.33602150537635
198.4375
298.7231182795699
296.3333333333333
286.7741935483871
296.3333333333333
286.7741935483871
227.02956989247312
234.59722222222223
215.08064516129033
222.25
238.9784946236559
322.6209677419355
370.4166666666667
298.7231182795699
296.3333333333333
286.7741935483871
296.3333333333333
298.7231182795699
286.7741935483871
296.3333333333333
250.92741935483872
234.59722222222223
250.92741935483872
262.8763440860215
330.7291666666667
322.6209677419355
234.59722222222223
298.7231182795699
296.3333333333333
238.9784946236559
227.02956989247312
234.59722222222223
215.08064516129033
222.25
250.92741935483872
334.5698924731183
370.4166666666667
286.7741935483871
296.3333333333333
487.0
487.0
477.9569892473118
298.7231182795699
283.9861111111111
298.7231182795699
259.2916666666667
262.8763440860215
286.7741935483871
357.1875
286.7741935483871
296.3333333333333
298.7231182795699
283.9861111111111
238.9784946236559
227.02956989247312
234.59722222222223
215.08064516129033
222.25
227.02956989247312
262.8763440860215
330.7291666666667
191.18279569892474
271.6388888888889
298.7231182795699
296.3333333333333
286.7741935483871
227.02956989247312
234.59722222222223
227.02956989247312
234.59722222222223
238.9784946236559
274.8252688172043
343.9583333333333
215.08064516129033
259.2916666666667
286.7741935483871
296.3333333333333
286.7741935483871
227.02956989247312
234.59722222222223
227.02956989247312
234.59722222222223
238.9784946236559
286.7741935483871
343.9583333333333
191.18279569892474
148.16666666666666
298.7231182795699
234.59722222222223
179.23387096774192
143.38709677419354
185.20833333333334
155.33602150537635
160.51388888888889
59.744623655913976
