286.7741935483871
291.0416666666667
286.7741935483871
271.6388888888889
274.8252688172043
487.0
487.0
286.7741935483871
271.6388888888889
274.8252688172043
283.9861111111111
262.8763440860215
286.7741935483871
291.0416666666667
274.8252688172043
271.6388888888889
274.8252688172043
283.9861111111111
274.8252688172043
262.8763440860215
209.90277777777777
191.18279569892474
222.25
238.9784946236559
274.8252688172043
291.0416666666667
286.7741935483871
271.6388888888889
274.8252688172043
271.6388888888889
274.8252688172043
274.8252688172043
283.9861111111111
191.18279569892474
222.25
238.9784946236559
286.7741935483871
291.0416666666667
286.7741935483871
271.6388888888889
274.8252688172043
271.6388888888889
274.8252688172043
274.8252688172043
234.59722222222223
191.18279569892474
222.25
238.9784946236559
274.8252688172043
291.0416666666667
274.8252688172043
283.9861111111111
274.8252688172043
271.6388888888889
203.13172043010752
191.18279569892474
197.55555555555554
191.18279569892474
209.90277777777777
227.02956989247312
298.7231182795699
304.2708333333333
286.7741935483871
172.86111111111111
274.8252688172043
271.6388888888889
203.13172043010752
191.18279569892474
197.55555555555554
191.18279569892474
222.25
238.9784946236559
250.92741935483872
264.5833333333333
59.744623655913976
61.736111111111114
107.54032258064517
172.86111111111111
191.18279569892474
23.897849462365592
0.0
0.0
0.0
35.846774193548384
83.64247311827957
238.125
274.8252688172043
283.9861111111111
274.8252688172043
271.6388888888889
274.8252688172043
274.8252688172043
271.6388888888889
215.08064516129033
209.90277777777777
238.9784946236559
310.6720430107527
304.2708333333333
274.8252688172043
209.90277777777777
274.8252688172043
271.6388888888889
274.8252688172043
250.92741935483872
197.55555555555554
191.18279569892474
209.90277777777777
227.02956989247312
250.92741935483872
291.0416666666667
155.33602150537635
98.77777777777777
274.8252688172043
209.90277777777777
191.18279569892474
179.23387096774192
185.20833333333334
179.23387096774192
12.347222222222221
35.846774193548384
71.69354838709677
132.29166666666666
179.23387096774192
135.81944444444446
274.8252688172043
259.2916666666667
203.13172043010752
191.18279569892474
197.55555555555554
179.23387096774192
209.90277777777777
71.69354838709677
107.54032258064517
198.4375
155.33602150537635
135.81944444444446
274.8252688172043
234.59722222222223
191.18279569892474
179.23387096774192
197.55555555555554
179.23387096774192
209.90277777777777
131.43817204301075
119.48924731182795
185.20833333333334
227.02956989247312
197.55555555555554
274.8252688172043
283.9861111111111
227.02956989247312
191.18279569892474
209.90277777777777
179.23387096774192
222.25
238.9784946236559
322.6209677419355
304.2708333333333
286.7741935483871
271.6388888888889
274.8252688172043
283.9861111111111
274.8252688172043
274.8252688172043
271.6388888888889
215.08064516129033
222.25
227.02956989247312
262.8763440860215
304.2708333333333
286.7741935483871
172.86111111111111
274.8252688172043
271.6388888888889
203.13172043010752
191.18279569892474
197.55555555555554
179.23387096774192
209.90277777777777
250.92741935483872
310.6720430107527
304.2708333333333
274.8252688172043
271.6388888888889
487.0
487.0
454.05913978494624
286.7741935483871
271.6388888888889
274.8252688172043
222.25
250.92741935483872
274.8252688172043
291.0416666666667
262.8763440860215
222.25
274.8252688172043
259.2916666666667
203.13172043010752
191.18279569892474
197.55555555555554
191.18279569892474
222.25
227.02956989247312
274.8252688172043
304.2708333333333
227.02956989247312
259.2916666666667
274.8252688172043
283.9861111111111
238.9784946236559
203.13172043010752
197.55555555555554
191.18279569892474
209.90277777777777
238.9784946236559
286.7741935483871
304.2708333333333
250.92741935483872
160.51388888888889
274.8252688172043
271.6388888888889
238.9784946236559
191.18279569892474
197.55555555555554
191.18279569892474
209.90277777777777
238.9784946236559
286.7741935483871
291.0416666666667
203.13172043010752
148.16666666666666
274.8252688172043
234.59722222222223
191.18279569892474
179.23387096774192
197.55555555555554
71.69354838709677
12.347222222222221
35.846774193548384
