1132.3548387096773
963.2142857142857
919.2258064516129
1021.3
1364.6774193548388
1558.2666666666667
1346.9032258064517
1009.1612903225806
706.1666666666666
470.3225806451613
347.2
390.06451612903226
532.3870967741935
683.8214285714286
861.0967741935484
1138.8
1365.516129032258
1348.7666666666667
1126.0967741935483
841.8709677419355
597.1333333333333
395.19354838709677
264.96666666666664
261.2903225806452
346.03225806451616
469.67857142857144
660.6451612903226
931.3
1270.741935483871
1434.0333333333333
1267.483870967742
961.9677419354839
677.9666666666667
447.80645161290323
303.53333333333336
299.83870967741933
403.06451612903226
573.0357142857143
1062.258064516129
1740.0834666666667
1683.752
1637.0
1637.0
1637.0
1637.0
1392.9032258064517
932.8333333333334
682.258064516129
602.741935483871
646.2857142857143
731.3548387096774
794.5666666666667
837.3225806451613
862.5666666666667
784.0645161290323
607.5806451612904
428.6333333333333
272.19354838709677
174.46666666666667
183.80645161290323
287.2258064516129
450.89285714285717
803.1935483870968
1219.2666666666667
1437.4193548387098
1395.1333333333334
1132.6129032258063
814.7096774193549
554.5666666666667
346.2258064516129
224.1
246.38709677419354
367.2258064516129
502.10714285714283
629.7741935483871
719.8666666666667
756.1612903225806
714.0333333333333
590.0322580645161
441.19354838709677
299.03333333333336
168.25806451612902
91.66666666666667
120.83870967741936
225.96774193548387
366.4642857142857
567.8064516129032
952.6666666666666
1518.741935483871
1637.0
1569.1612903225807
1182.258064516129
801.7
505.67741935483866
315.46666666666664
276.03225806451616
348.51612903225805
488.39285714285717
725.258064516129
1023.2333333333333
1142.6774193548388
978.1333333333333
721.4193548387096
505.70967741935476
329.5
179.74193548387098
87.9
100.38709677419355
185.8709677419355
288.57142857142856
405.64516129032256
587.7666666666667
752.2258064516129
710.8333333333334
535.3548387096774
370.96774193548384
227.96666666666667
100.93548387096774
25.166666666666668
56.064516129032256
163.16129032258064
281.89285714285717
392.4193548387097
486.26666666666665
571.0967741935484
561.8666666666667
447.06451612903226
318.61290322580646
196.53333333333333
82.12903225806451
13.4
44.96774193548387
158.61290322580646
321.2857142857143
506.93548387096774
699.1333333333333
908.3548387096774
1008.5333333333333
879.9677419354839
640.6129032258065
424.56666666666666
247.09677419354838
137.2
140.96774193548387
258.93548387096774
451.2142857142857
877.1612903225806
1578.6
1693.024
1638.0
1638.0
1581.967741935484
1155.9
749.1935483870968
474.8333333333333
375.4516129032258
424.5806451612903
563.3928571428571
898.0967741935484
1406.3
1695.0547096774194
1637.0
1637.0
1551.5806451612902
1105.2666666666667
710.0967741935484
451.03333333333336
358.96774193548384
394.5806451612903
487.9642857142857
631.7096774193549
1075.8666666666666
1596.8709677419354
1637.0
1490.5806451612902
1096.5806451612902
746.3333333333334
466.03225806451616
276.93333333333334
236.67741935483872
337.4193548387097
523.4642857142857
973.8709677419355
1648.3557333333333
1673.992
1637.0
1637.0
1651.056
1569.8
1102.3548387096773
722.5333333333333
574.1612903225806
581.3870967741935
645.1785714285714
767.6774193548387
997.0333333333333
1279.8709677419354
1445.2333333333333
1338.032258064516
1035.516129032258
724.8
469.4516129032258
300.73333333333335
263.64516129032256
342.258064516129
497.2857142857143
736.8387096774194
1118.4666666666667
1643.137806451613
1637.0
1637.0
1635.6129032258063
1327.2666666666667
873.7741935483871
564.3333333333334
438.93548387096774
469.741935483871
604.7142857142857
979.2258064516129
1762.6778666666667
1699.368
1637.0
1637.0
1637.0
1637.0
1467.7096774193549
980.2333333333333
718.3225806451613
645.6451612903226
687.1785714285714
821.3548387096774
982.2
1103.1935483870968
1130.6
989.1935483870968
745.6774193548387
521.2666666666667
324.19354838709677
190.13333333333333
190.41935483870967
