252
251.61904761904762
252
252
252
252
252
252
239.25555555555556
224.06720430107526
246.06666666666666
252
252
252
252
160.24166666666667
252
252
242.38440860215053
220.68010752688173
226.09166666666667
212.86559139784947
217.24444444444444
237.16397849462365
252
252
252
240.73333333333332
252
252
252
220.0994623655914
225.31666666666666
211.8709677419355
222.69722222222222
235.747311827957
252
252
252
201.075
252
252
252
221.09408602150538
224.94444444444446
211.30913978494624
218.3111111111111
231.74462365591398
252
252
252
146.48888888888888
252
196.56666666666666
221.90591397849462
211.0
218.29166666666666
207.1209677419355
213.30833333333334
224.09139784946237
252
252
252
165.11111111111111
252
197.13055555555556
223.90860215053763
212.93548387096774
220.84166666666667
209.00806451612902
220.7138888888889
230.83870967741936
241.71505376344086
252
215.28494623655914
83.7611111111111
146.71774193548387
182.60833333333332
209.8736559139785
202.68010752688173
211.5611111111111
133.92741935483872
41.91111111111111
49.564516129032256
98.14784946236558
240.95535714285714
252
252
252
252
252
222.35752688172042
224.75277777777777
210.42741935483872
219.375
231.54569892473117
252
252
252
138.33333333333334
252
252
219.06720430107526
209.45430107526883
217.04722222222222
206.16935483870967
213.63055555555556
221.6209677419355
232.26075268817203
252
252
121.38055555555556
252
176.79722222222222
209.82258064516128
203.16397849462365
211.375
201.2688172043011
187.6
51.52150537634409
86.8010752688172
135.92559523809524
247.34139784946237
195.86944444444444
252
204.38888888888889
220.50537634408602
208.8252688172043
215.72222222222223
203.5779569892473
210.75
154.81989247311827
122.73387096774194
202.0595238095238
252
195.55277777777778
252
191.26388888888889
212.91935483870967
203.1505376344086
212.25555555555556
202.40860215053763
209.87222222222223
146.18010752688173
131.5
199.99404761904762
252
219.75833333333333
252
211.70555555555555
227.70698924731184
215.17741935483872
220.00833333333333
207.1478494623656
213.12222222222223
236.46774193548387
252
252
252
252
252
252
252
224.26344086021504
227.68055555555554
211.7715053763441
218.24444444444444
231.03763440860214
244.18817204301075
252
252
163.0861111111111
252
200.51944444444445
220.94354838709677
210.6236559139785
217.97222222222223
204.66666666666666
212.73055555555555
245.96774193548387
252
252
252
252
252
252
252
252
232.10555555555555
232.56989247311827
228.22222222222223
241.6505376344086
252
252
252
128.78055555555557
252
198.0861111111111
222.7768817204301
212.28225806451613
219.38611111111112
206.69354838709677
218.43055555555554
226.56720430107526
252
252
252
217.8361111111111
252
211.70833333333334
230.83870967741936
217.5994623655914
222.95277777777778
208.25537634408602
217.19722222222222
228.88709677419354
252
252
252
187.35833333333332
252
212.00277777777777
228.16129032258064
215.76344086021504
220.87777777777777
208.23924731182797
215.69444444444446
230.23655913978496
252
252
252
104.775
252
177.50277777777777
211.99193548387098
203.98387096774192
212.93333333333334
204.45698924731184
212.23611111111111
230.19354838709677
