213.0
218.0
455.10752688172045
612
612
389.0388888888889
241.6209677419355
241.0
236.0
236.0
234.0
236.0
223.0
193.0
315.0
375.53333333333336
239.98924731182797
238.0
238.0
237.0
238.0
232.0
227.0
224.0
179.0
123.0
315.0
482.025
339.991935483871
238.3388888888889
237.0
237.0
235.0
231.0
224.0
224.0
153.0
118.0
315.0
309.6972222222222
365.4301075268817
241.46944444444443
239.0
239.0
237.0
237.0
234.0
231.0
137.0
196.0
315.0
234.0
238.0
233.0
236.0
233.0
217.0
209.0
204.0
207.0
40.0
90.0
315.0
226.0
232.0
220.0
232.0
217.0
222.0
210.0
207.0
212.0
40.0
40.0
160.0
145.0
197.0
178.0
190.0
76.81182795698925
40.0
40.0
40.0
40.0
63.806451612903224
155.0
315.0
232.0
482.8817204301075
239.61944444444444
239.0
235.0
230.0
234.0
225.0
221.0
144.0
155.0
413.4166666666667
345.35
239.33333333333334
231.0
223.0
228.0
224.0
214.0
220.0
215.0
69.0
40.0
315.0
205.0
215.0
200.0
197.0
185.0
188.0
116.51075268817205
40.0
40.0
47.126344086021504
102.0
315.0
187.0
185.0
204.0
216.0
199.0
186.0
182.0
106.6
40.0
90.95161290322581
40.0
315.0
204.0
222.0
211.0
222.0
220.0
206.0
196.0
62.75
41.766129032258064
122.78763440860214
155.0
315.0
231.0
235.0
236.0
233.0
232.0
229.0
219.0
211.0
207.0
40.0
114.0
315.0
352.71666666666664
464.76075268817203
242.12777777777777
239.0
236.0
237.0
235.0
234.0
233.0
135.0
84.0
315.0
234.0
239.0
237.0
235.0
236.0
231.0
221.0
215.0
220.0
89.0
157.0
612
612
612
274.25555555555553
241.08333333333334
241.0
236.0
237.0
236.0
236.0
170.0
199.0
315.0
229.0
237.0
231.0
236.0
234.0
223.0
217.0
214.0
218.0
40.0
109.0
315.0
219.0
238.0
238.0
236.0
234.0
234.0
232.0
221.0
221.0
47.0
117.0
315.0
236.0
240.0
239.0
238.0
236.0
235.0
235.0
229.0
222.0
100.0
94.0
315.0
202.0
187.0
165.0
183.0
182.0
163.86666666666667
40.0
40.0
40.0
