252
252
252
252
252
252
252
252
252
252
252
252
252
252
252
252
252
252
252
252
241.79444444444445
226.84677419354838
236.21666666666667
251.1720430107527
252
252
252
252
252
252
252
252
252
239.13709677419354
237.68333333333334
248.75
252
252
252
252
252
252
252
252
252
227.28494623655914
236.29166666666666
250.73655913978496
252
252
252
252
252
252
251.34139784946237
220.46236559139786
231.925
217.11290322580646
211.3388888888889
215.11021505376345
252
252
199.20698924731184
206.25277777777777
252
252
241.69086021505376
210.84139784946237
230.33055555555555
204.05376344086022
223.69166666666666
222.86559139784947
231.01075268817203
252
74.69623655913979
80.425
172.61827956989248
146.79166666666666
188.86021505376345
161.01075268817203
180.7138888888889
64.90322580645162
39.74722222222222
47.564516129032256
96.14784946236558
240.94940476190476
252
252
252
252
252
252
252
245.14247311827958
230.36944444444444
247.52956989247312
252
252
252
252
252
252
252
252
218.29722222222222
211.15322580645162
218.625
217.64247311827958
234.11827956989248
252
160.9731182795699
110.6361111111111
252
233.55555555555554
205.90591397849462
181.747311827957
186.7888888888889
165.35752688172042
179.51388888888889
123.82795698924731
85.9758064516129
134.92857142857142
195.61827956989248
215.9361111111111
252
252
188.6236559139785
192.19623655913978
209.70555555555555
181.65322580645162
178.8
188.04569892473117
184.11827956989248
201.22916666666666
217.41935483870967
160.79444444444445
252
247.61944444444444
214.95430107526883
193.3521505376344
212.43055555555554
200.41666666666666
196.9111111111111
208.67741935483872
151.61827956989248
201.0
252
252
252
252
252
227.5215053763441
230.5638888888889
216.13440860215053
223.11388888888888
237.48924731182797
252
252
252
252
252
252
252
252
252
252
236.21944444444443
248.03494623655914
252
252
252
232.0861111111111
252
252
247.4731182795699
223.94354838709677
230.5861111111111
217.64247311827958
224.725
248.98924731182797
252
252
252
252
252
252
252
252
252
252
252
252
252
252
252
252
252
252
239.8252688172043
219.81182795698925
233.01666666666668
218.67741935483872
222.44444444444446
225.58333333333334
252
252
189.76075268817203
252
252
252
252
231.8790322580645
236.6027777777778
220.23924731182797
232.175
242.88709677419354
252
252
216.8790322580645
252
252
252
252
231.01344086021504
236.5861111111111
221.2231182795699
231.675
247.2311827956989
252
252
189.20430107526883
149.79722222222222
252
233.64444444444445
182.16397849462365
151.747311827957
174.85833333333332
165.5241935483871
158.1861111111111
56.51075268817204
