422.0967741935484
258.8541666666667
487.0
268.34722222222223
487.0
487.0
487.0
398.1209677419355
239.3972222222222
225.17741935483872
239.3972222222222
271.2956989247312
283.06451612903226
396.2113095238095
357.5483870967742
160.93333333333334
487.0
430.9555555555556
248.23655913978496
225.17741935483872
216.55555555555554
213.6478494623656
215.56944444444446
236.70698924731184
282.4731182795699
388.25892857142856
455.88440860215053
241.3138888888889
380.3333333333333
487.0
352.002688172043
213.6478494623656
227.48333333333332
213.6478494623656
227.48333333333332
225.17741935483872
286.43548387096774
447.3333333333333
369.31451612903226
198.44444444444446
393.494623655914
478.6
375.06182795698925
225.17741935483872
216.55555555555554
213.6478494623656
215.56944444444446
236.70698924731184
282.1505376344086
393.23511904761904
288.75
144.78333333333333
347.8763440860215
192.73333333333332
225.17741935483872
214.63440860215053
216.55555555555554
202.11827956989248
215.56944444444446
225.17741935483872
299.31451612903226
403.45238095238096
353.64516129032256
163.23333333333332
357.26075268817203
192.73333333333332
226.16129032258064
214.63440860215053
216.55555555555554
213.6478494623656
215.56944444444446
236.70698924731184
250.6290322580645
287.7559523809524
219.74193548387098
79.2
145.2311827956989
165.0
213.6478494623656
202.11827956989248
215.56944444444446
143.41935483870967
42.30277777777778
49.37903225806452
99.24193548387096
242.35714285714286
420.51612903225805
301.0
441.9220430107527
288.02222222222224
487.0
225.17741935483872
227.48333333333332
202.11827956989248
227.48333333333332
225.17741935483872
342.9462365591398
452.4107142857143
397.4462365591398
133.8
487.0
359.4888888888889
225.17741935483872
203.10752688172042
215.56944444444446
213.6478494623656
203.65555555555557
225.17741935483872
247.19354838709677
313.6904761904762
283.75
119.53333333333333
316.73118279569894
180.82222222222222
202.11827956989248
202.11827956989248
215.56944444444446
202.11827956989248
191.74166666666667
61.645161290322584
88.28225806451613
139.17857142857142
246.08064516129033
193.61111111111111
355.10752688172045
204.64444444444445
225.17741935483872
213.6478494623656
215.56944444444446
202.11827956989248
203.65555555555557
156.0
137.6290322580645
202.58333333333334
309.3225806451613
190.4
326.76344086021504
192.73333333333332
213.6478494623656
202.11827956989248
215.56944444444446
202.11827956989248
203.65555555555557
156.0
141.252688172043
199.57142857142858
368.494623655914
214.93333333333334
389.77150537634407
216.55555555555554
226.16129032258064
214.63440860215053
216.55555555555554
202.11827956989248
215.56944444444446
236.70698924731184
343.02150537634407
420.5952380952381
427.93548387096774
267.9
420.4139784946237
442.8666666666667
467.2983870967742
225.17741935483872
227.48333333333332
213.6478494623656
215.56944444444446
236.70698924731184
256.11290322580646
322.24107142857144
411.15860215053766
164.0888888888889
350.48387096774195
204.64444444444445
214.63440860215053
213.6478494623656
215.56944444444446
202.11827956989248
215.56944444444446
248.23655913978496
368.59139784946234
487.0
487.0
487.0
487.0
487.0
487.0
480.28225806451616
239.3972222222222
236.70698924731184
227.48333333333332
236.70698924731184
285.9462365591398
378.25892857142856
319.5483870967742
130.2
338.80645161290323
192.73333333333332
225.17741935483872
213.6478494623656
215.56944444444446
213.6478494623656
215.56944444444446
225.17741935483872
282.505376344086
335.7142857142857
337.71505376344084
216.01666666666668
401.1290322580645
216.55555555555554
226.16129032258064
213.6478494623656
227.48333333333332
202.11827956989248
227.48333333333332
225.17741935483872
284.53225806451616
344.73214285714283
353.2903225806452
188.93333333333334
374.9516129032258
216.55555555555554
225.17741935483872
213.6478494623656
227.48333333333332
202.11827956989248
215.56944444444446
236.70698924731184
282.02150537634407
346.4761904761905
278.3440860215054
96.525
316.5241935483871
180.82222222222222
214.63440860215053
203.10752688172042
203.65555555555557
213.6478494623656
203.65555555555557
236.70698924731184
