2065.0
2023.0
1367.0
977.0
916.0
906.0
906.0
906.0
906.0
906.0
906.0
906.0
1934.0
2047.0
1345.0
971.0
910.0
907.0
906.0
906.0
906.0
906.0
906.0
906.0
2260
2260
1392.0
987.0
913.0
907.0
906.0
906.0
906.0
906.0
906.0
906.0
2260
2260
1440.0779569892472
2260
2057.478494623656
1599.286111111111
1408.8467741935483
1334.4623655913979
1309.2527777777777
1314.6478494623657
1454.6972222222223
2260
2260
2260
2260
2260
2178.935483870968
1222.1916666666666
908.5564516129032
906.0
906.0
906.0
906.0
906.0
2260
2260
2260
1002.0
919.0
908.0
906.0
906.0
906.0
906.0
906.0
906.0
2260
2260
2260
1247.0
944.0
907.0
904.0
902.0
899.0
900.0
901.0
904.0
2260
2260
1823.0
981.0
913.0
907.0
906.0
906.0
906.0
906.0
904.0
905.0
2260
2260
1427.0
969.0
915.0
907.0
906.0
906.0
905.0
904.0
900.0
901.0
2260
1327.657738095238
1621.8978494623657
927.4861111111111
934.7123655913979
893.5638888888889
530.1881720430108
298.4623655913978
172.85555555555555
110.18279569892474
39.608333333333334
197.06182795698925
604.7715053763441
1860.5565476190477
2217.3252688172042
1179.0
939.0
910.0
729.5591397849462
252.0752688172043
150.93333333333334
85.75268817204301
167.10833333333332
253.6720430107527
1057.5537634408602
2260
1825.9005376344087
1121.0
925.0
908.0
906.0
905.0
537.1222222222223
242.63709677419354
291.0833333333333
883.5752688172043
2260
2260
1365.0
1009.0
913.0
907.0
906.0
906.0
905.0
902.0
902.0
900.0
2260
2260
1848.0
1014.0
910.0
907.0
906.0
906.0
906.0
906.0
905.0
904.0
2260
2260
2026.0
1053.0
912.0
907.0
906.0
906.0
904.0
903.0
901.0
902.0
2260
2260
993.0
910.0
908.0
906.0
906.0
906.0
906.0
906.0
906.0
906.0
2260
1738.0
1602.0
1002.0
914.0
907.0
906.0
906.0
906.0
906.0
906.0
906.0
2260
2260
2260
1116.0
917.0
907.0
906.0
906.0
906.0
906.0
906.0
906.0
2260
2260
2260
1008.0
911.0
907.0
906.0
906.0
906.0
906.0
906.0
906.0
2260
2260
1867.0
977.0
917.0
907.0
907.0
906.0
906.0
906.0
906.0
906.0
