384.0
2260
2260
1045.0
34.0
0.0
0.0
0.0
0.0
0.0
0.0
0.0
935.236559139785
2260
2260
1367.0
43.0
0.0
0.0
0.0
0.0
0.0
26.522222222222222
538.2688172043011
1146.1532258064517
2260
2260
1348.0
52.0
0.0
0.0
0.0
0.0
321.8333333333333
504.5722222222222
607.0430107526881
1398.978494623656
2260
2260
1215.0
61.0
860.6694444444445
1752.215053763441
1636.0860215053763
1591.3194444444443
1451.9112903225807
1191.5583333333334
1903.465053763441
2260
2260
2260
1677.0
43.0
0.0
0.0
0.0
0.0
0.0
0.0
212.6505376344086
1138.715053763441
2260
2260
1607.0
28.0
0.0
0.0
0.0
0.0
0.0
0.0
0.0
1313.0
2260
2260
1297.0
59.0
0.0
0.0
0.0
0.0
0.0
0.0
0.0
1561.0
2260
2260
1384.0
52.0
0.0
0.0
0.0
0.0
180.6048387096774
548.0138888888889
856.6774193548387
1613.6747311827958
2260
2260
1286.0
9.0
0.0
0.0
0.0
0.0
0.0
0.0
2.7123655913978495
690.0
2260
2260
1672.0
74.0
0.0
0.0
0.0
0.0
0.0
0.0
0.0
1385.0
2260
2260
1360.0
56.0
0.0
0.0
0.0
0.0
0.0
0.0
0.0
464.0
2260
2260
1265.0
64.0
0.0
0.0
0.0
0.0
0.0
0.0
0.0
990.0
2260
2260
1327.0
62.0
0.0
0.0
0.0
0.0
0.0
0.0
0.0
610.0
2260
2260
1442.0
34.0
0.0
0.0
720.513440860215
1230.5777777777778
917.2876344086021
713.8638888888889
697.0295698924731
973.0
2260
2260
1426.0
55.0
0.0
0.0
0.0
0.0
0.0
0.0
0.0
926.0
2260
2260
1026.0
66.0
877.2777777777778
2260
2099.3709677419356
1810.9222222222222
1372.3413978494623
1023.8666666666667
921.260752688172
1383.0456989247311
2260
2260
1483.0
46.0
0.0
0.0
0.0
0.008333333333333333
384.6559139784946
588.0083333333333
728.6532258064516
1239.717741935484
2260
2260
1705.0
71.0
0.0
0.0
0.0
44.06388888888889
807.6021505376344
893.5305555555556
1002.5779569892474
1456.0725806451612
2260
2260
1507.0
34.0
0.0
0.0
0.0
1138.9833333333333
1544.97311827957
1260.8083333333334
1400.0887096774193
1947.483870967742
2260
2260
1640.0
59.0
0.0
0.0
0.0
0.0
0.0
0.0
0.0
