1132.3548387096773
963.2142857142857
919.4193548387096
1022.3
1348.8064516129032
1472.0
1375.3225806451612
1038.3225806451612
726.0333333333333
483.6774193548387
356.26666666666665
395.96774193548384
536.483870967742
686.7857142857143
863.7096774193549
1141.3666666666666
1368.1612903225807
1351.4
1128.741935483871
844.258064516129
599.4333333333333
396.96774193548384
266.1333333333333
262.0967741935484
346.5806451612903
470.0357142857143
661.1290322580645
932.2666666666667
1272.4193548387098
1436.2
1269.9354838709678
964.3548387096774
680.3666666666667
449.61290322580646
304.6666666666667
300.48387096774195
403.51612903225805
573.5
1062.8709677419354
1468.8666666666666
1472.0
1472.0
1472.0
1472.0
1472.0
1473.0
1345.0
961.258064516129
783.0
765.1071428571429
809.9354838709677
846.0333333333333
871.5483870967741
885.8
800.0322580645161
618.3548387096774
435.96666666666664
277.0
177.76666666666668
185.90322580645162
288.48387096774195
451.82142857142856
804.0967741935484
1220.8
1438.225806451613
1397.3333333333333
1135.4516129032259
817.0967741935484
556.4333333333333
347.93548387096774
225.3
247.16129032258064
367.741935483871
502.28571428571433
630.1290322580645
720.6333333333333
757.3870967741935
715.3
591.2903225806451
442.38709677419354
300.5
169.48387096774192
92.66666666666667
121.48387096774194
226.32258064516128
366.7142857142857
568.1935483870968
953.6333333333333
1418.6451612903227
1472.0
1472.0
1304.3870967741937
889.5666666666667
562.7741935483871
352.6333333333333
300.16129032258067
364.06451612903226
498.7142857142857
732.3548387096774
1028.7333333333333
1147.4516129032259
982.2333333333333
724.6774193548387
508.35483870967744
331.3666666666667
181.32258064516128
89.13333333333334
101.06451612903226
186.3548387096774
288.92857142857144
406.03225806451616
588.5
753.6451612903226
712.5
536.6129032258065
372.2903225806452
228.93333333333334
101.54838709677419
25.633333333333333
56.32258064516129
163.29032258064515
282.07142857142856
392.6774193548387
487.03333333333336
572.1935483870968
563.2333333333333
448.5483870967742
319.93548387096774
197.53333333333333
82.74193548387096
13.666666666666666
45.29032258064516
158.83870967741936
321.39285714285717
507.1935483870967
700.0666666666667
910.1935483870968
1010.8999999999999
882.483870967742
642.7741935483871
426.56666666666666
248.7741935483871
138.4
141.83870967741936
259.48387096774195
451.57142857142856
877.5483870967741
1413.2333333333333
1472.0
1472.0
1473.0
1473.0
1417.5333333333333
969.258064516129
617.5666666666667
468.16129032258067
484.4516129032258
602.8214285714286
924.3225806451613
1379.3666666666666
1472.0
1472.0
1472.0
1472.0
1350.5
896.5806451612904
571.6
437.38709677419354
445.1290322580645
521.25
653.8387096774194
1090.7
1467.8709677419354
1472.0
1471.3225806451612
1216.2903225806451
826.4
518.258064516129
310.8666666666667
258.7096774193548
351.7096774193548
532.9642857142857
980.4193548387096
1447.5666666666666
1472.0
1472.0
1472.0
1472.0
1472.0
1406.4193548387098
992.0333333333333
749.1935483870968
694.516129032258
719.6785714285714
817.1290322580645
1029.4333333333334
1301.6451612903227
1458.1333333333334
1349.9032258064517
1045.0645161290322
731.6666666666666
474.258064516129
303.8333333333333
265.741935483871
343.51612903225805
498.2142857142857
737.7741935483871
1119.9333333333334
1461.3548387096773
1472.0
1472.0
1472.0
1453.0666666666666
1070.9354838709678
693.0333333333333
522.6774193548387
523.7096774193549
640.4285714285714
1002.7096774193549
1450.6
1472.0
1472.0
1472.0
1472.0
1472.0
1473.0
1429.9333333333334
1057.3225806451612
865.0322580645161
831.7142857142857
916.9032258064516
1044.9
1144.1290322580646
1158.7
1009.1612903225806
759.3548387096774
530.6
330.4516129032258
194.53333333333333
193.19354838709677
