153.0
156.0
571.4650537634409
612
612
389.0388888888889
239.63978494623655
239.0
239.0
239.0
239.0
239.0
163.0
154.0
359.0806451612903
418.4194444444444
239.98924731182797
239.0
239.0
239.0
239.0
239.0
239.0
239.0
63.0
111.0
315.0
573.6833333333333
339.991935483871
239.33333333333334
239.0
239.0
239.0
239.0
239.0
239.0
128.0
99.0
315.0
305.2944444444444
365.4301075268817
239.48333333333332
239.0
239.0
239.0
239.0
239.0
239.0
150.0
171.0
315.0
233.0
239.0
239.0
239.0
239.0
239.0
239.0
239.0
239.0
40.0
64.0
315.0
232.0
238.0
239.0
239.0
239.0
239.0
239.0
239.0
198.51344086021504
40.0
40.0
127.0
214.0
236.0
70.09722222222223
40.0
40.0
40.0
40.0
40.0
40.0
40.0
49.0
315.0
303.1777777777778
528.5752688172043
240.60833333333332
239.0
239.0
239.0
239.0
239.0
239.0
40.0
40.0
571.4032258064516
345.35
239.33333333333334
239.0
239.0
239.0
239.0
239.0
239.0
239.0
40.0
53.0
315.0
220.0
236.0
238.0
237.0
236.0
49.75
40.0
40.0
40.0
40.0
40.0
315.0
219.0
237.0
239.0
239.0
239.0
238.0
78.12903225806451
40.0
40.0
40.0
40.0
315.0
223.0
238.0
239.0
239.0
239.0
239.0
130.36827956989248
40.0
40.0
40.0
62.0
315.0
232.0
239.0
239.0
239.0
239.0
239.0
239.0
239.0
239.0
40.0
40.0
315.0
452.74444444444447
464.76344086021504
240.1472222222222
239.0
239.0
239.0
239.0
239.0
239.0
86.0
40.0
315.0
229.0
239.0
239.0
239.0
239.0
239.0
239.0
239.0
239.0
40.0
84.0
612
612
612
274.25555555555553
239.08870967741936
239.0
239.0
239.0
239.0
239.0
45.0
177.0
315.0
232.0
239.0
239.0
239.0
239.0
239.0
239.0
239.0
239.0
40.0
114.0
315.0
224.0
239.0
239.0
239.0
239.0
239.0
239.0
239.0
239.0
40.0
40.0
315.0
232.0
239.0
239.0
239.0
239.0
239.0
239.0
239.0
239.0
71.0
117.0
315.0
234.0
239.0
239.0
239.0
123.98655913978494
40.0
40.0
40.0
40.0
