1840.0
1836.0
1820.0
1817.0
1816.0
1813.0
1813.0
1813.0
1818.0
1806.0
1521.0
1563.0
1855.0
2107.0
1843.0
1816.0
1815.0
1816.0
1816.0
1800.0
1621.0
911.0
269.0
0.0
112.0
2260
1819.0
1816.0
1815.0
1816.0
1817.0
1817.0
1702.0
961.0
134.0
140.0
161.0
2260
1816.0
1813.0
1813.0
1813.0
1814.0
1815.0
1816.0
1816.0
1748.0
1539.0
1983.0
1898.0
1831.0
1820.0
1815.0
1821.0
1818.0
1782.0
1292.0
1034.0
342.0
534.0
203.0
2228.0
1936.0
1828.0
1822.0
1834.0
1822.0
1810.0
1591.0
970.0
408.0
799.0
1743.0
2260
2001.0
1950.0
1896.0
1908.0
1298.0
0.0
0.0
0.0
0.0
165.0
1977.0
1951.0
1864.0
1822.0
1813.0
1816.0
1815.0
1819.0
1789.0
1510.0
866.0
563.0
1340.0
2152.0
1828.0
1815.0
1815.0
1823.0
1820.0
1577.0
1002.0
349.0
470.0
189.0
0.0
1974.0
2107.0
1851.0
1839.0
1849.0
380.0
0.0
0.0
0.0
298.0
217.0
0.0
2008.0
2099.0
1890.0
1869.0
1850.0
1681.0
0.0
0.0
0.0
0.0
0.0
0.0
2260
1847.0
1851.0
1832.0
1843.0
1831.0
1371.0
149.0
0.0
0.0
0.0
1947.0
1993.0
1862.0
1823.0
1818.0
1818.0
1821.0
1822.0
1794.0
1336.0
412.0
287.0
1265.0
2125.0
1837.0
1815.0
1813.0
1813.0
1815.0
1818.0
1817.0
1765.0
1530.0
1355.0
1199.0
2260
1921.0
1820.0
1814.0
1817.0
1819.0
1812.0
1595.0
797.0
0.0
461.0
2027.0
2061.0
1819.0
1813.0
1813.0
1812.0
1812.0
1813.0
1817.0
1816.0
1737.0
1622.0
1808.0
1972.0
1827.0
1825.0
1817.0
1823.0
1817.0
1820.0
1794.0
1578.0
817.0
1147.0
1779.0
2225.0
1904.0
1835.0
1816.0
1816.0
1818.0
1820.0
1820.0
1800.0
1284.0
1347.0
2034.0
2260
2085.0
1818.0
1813.0
1814.0
1816.0
1818.0
1819.0
1818.0
1764.0
1450.0
2081.0
2246.0
1892.0
1857.0
1871.0
1903.0
1886.0
1738.0
1215.0
274.0
498.0
884.0
