1132.0
962.4285714285714
918.3870967741935
1020.4666666666667
1326.741935483871
1414.0
1372.0
1057.7096774193549
734.6333333333333
485.5806451612903
355.2
394.5483870967742
534.8709677419355
685.2857142857143
862.1612903225806
1139.5
1365.5806451612902
1348.4333333333334
1124.3548387096773
837.6129032258065
590.8333333333334
387.741935483871
257.9
255.8709677419355
342.06451612903226
466.5
658.2903225806451
929.5666666666667
1268.3548387096773
1414.0
1272.1290322580646
962.5483870967741
674.9666666666667
442.48387096774195
297.8
295.2258064516129
399.5483870967742
570.4285714285714
1059.9354838709678
1412.0
1414.0
1414.0
1414.0
1414.0
1414.0
1414.0
1383.9
1069.1290322580646
852.8709677419355
810.6071428571429
839.3225806451613
864.0333333333333
881.6129032258065
890.6
800.4516129032259
614.7096774193549
429.43333333333334
269.19354838709677
170.3
180.32258064516128
284.3225806451613
448.57142857142856
801.483870967742
1218.2
1409.032258064516
1389.5333333333333
1141.516129032258
817.1935483870968
552.2666666666667
341.4193548387097
218.53333333333333
242.03225806451613
363.93548387096774
499.32142857142856
627.6774193548387
717.7333333333333
753.7096774193549
711.1
585.6774193548387
434.7096774193548
291.0
159.61290322580646
83.96666666666667
114.87096774193549
221.5483870967742
363.0357142857143
565.2903225806451
950.8333333333334
1379.2903225806451
1414.0
1414.0
1325.0
922.8
580.5483870967741
361.76666666666665
305.258064516129
366.741935483871
499.89285714285717
732.6774193548387
1028.0666666666666
1145.5806451612902
979.0333333333333
719.3870967741935
500.54838709677415
322.03333333333336
171.4516129032258
80.3
94.54838709677419
181.6451612903226
285.25
402.8709677419355
585.1333333333333
749.9677419354839
708.0333333333333
530.6451612903226
364.03225806451616
219.16666666666666
91.51612903225806
16.666666666666668
49.67741935483871
158.48387096774192
278.2857142857143
389.5483870967742
483.6666666666667
568.258064516129
558.5
442.3225806451613
311.5806451612903
187.86666666666667
72.61290322580645
6.633333333333334
38.354838709677416
153.41935483870967
317.35714285714283
503.9032258064516
696.9
906.7741935483871
1007.1333333333334
877.3225806451613
635.4193548387096
417.26666666666665
238.96774193548387
129.7
135.38709677419354
254.74193548387098
447.92857142857144
874.8387096774194
1368.4
1413.0
1414.0
1414.0
1414.0
1404.4666666666667
1052.9032258064517
670.2666666666667
501.38709677419354
505.38709677419354
616.1071428571429
932.6774193548387
1349.6
1413.0
1414.0
1414.0
1414.0
1375.2
968.5806451612904
616.3666666666667
465.51612903225805
462.7741935483871
532.3928571428571
660.6451612903226
1094.3333333333333
1413.0
1414.0
1414.0
1262.225806451613
860.1
536.258064516129
320.06666666666666
263.80645161290323
354.4516129032258
534.2142857142857
981.0
1401.4333333333334
1414.0
1414.0
1414.0
1414.0
1414.0
1406.5483870967741
1091.3
813.7741935483871
735.6451612903226
746.2142857142857
834.1935483870968
1039.5666666666666
1306.483870967742
1414.0
1353.516129032258
1055.2903225806451
734.2
472.2903225806452
300.26666666666665
262.5483870967742
341.0
495.9642857142857
735.7741935483871
1117.8666666666666
1409.225806451613
1414.0
1414.0
1414.0
1414.0
1146.8709677419354
741.0333333333333
552.9677419354839
542.6774193548387
652.5714285714286
1010.483870967742
1395.3666666666666
1413.0
1414.0
1414.0
1414.0
1414.0
1414.0
1412.3666666666666
1189.741935483871
952.0967741935484
888.4642857142857
953.9032258064516
1067.6333333333334
1157.3870967741937
1165.8666666666666
1011.1612903225806
756.8387096774194
524.7666666666667
322.9032258064516
187.13333333333333
187.61290322580646
