443.0
40.0
384.5967741935484
612
612
389.0388888888889
216.86827956989248
216.0
216.0
216.0
216.0
216.0
191.0
40.857142857142854
569.4784946236559
418.4222222222222
225.7231182795699
216.0222222222222
216.0
216.0
216.0
216.0
216.0
216.0
203.0
40.0
315.0
612
339.991935483871
216.4611111111111
216.0
216.0
216.0
216.0
216.0
216.0
204.0
40.0
315.0
444.64722222222224
365.4301075268817
216.67222222222222
216.0
216.0
216.0
216.0
216.0
216.0
187.0
40.0
315.0
169.0
213.0
216.0
216.0
216.0
216.0
216.0
216.0
216.0
192.0
40.0
315.0
170.0
213.0
216.0
216.0
216.0
216.0
216.0
216.0
216.0
181.0
40.0
127.0
177.0
213.0
216.0
216.0
144.04569892473117
40.0
40.0
40.0
40.0
102.31720430107526
52.0
315.0
244.96666666666667
528.5779569892474
218.00277777777777
216.0
216.0
216.0
216.0
216.0
216.0
200.0
40.0
568.8790322580645
345.35
213.4731182795699
216.0
216.0
216.0
216.0
216.0
216.0
216.0
197.0
48.0
315.0
170.0
213.0
216.0
216.0
216.0
193.0222222222222
40.0
40.0
40.0
98.0
76.0
315.0
179.0
213.0
216.0
216.0
216.0
216.0
145.61290322580646
40.0
40.0
178.46236559139786
75.0
315.0
180.0
213.0
216.0
216.0
216.0
216.0
129.30913978494624
40.0
40.0
179.51612903225808
50.0
315.0
179.0
213.0
216.0
216.0
216.0
216.0
216.0
216.0
216.0
199.0
40.0
315.0
400.81388888888887
464.76344086021504
217.46666666666667
216.0
216.0
216.0
216.0
216.0
216.0
190.0
40.0
315.0
177.0
213.0
216.0
216.0
216.0
216.0
216.0
216.0
216.0
191.0
221.80059523809524
612
612
612
274.25555555555553
216.1747311827957
235.0
216.0
216.0
216.0
216.0
195.0
40.0
315.0
176.0
213.0
216.0
216.0
216.0
216.0
216.0
216.0
216.0
193.0
40.0
315.0
169.0
213.0
216.0
216.0
216.0
216.0
216.0
216.0
216.0
190.0
40.0
315.0
175.0
213.0
216.0
216.0
216.0
216.0
216.0
216.0
216.0
187.0
40.0
315.0
168.0
212.0
216.0
216.0
216.0
216.0
216.0
136.59444444444443
56.96236559139785
