1125.413629629629
8020.410857142857
6228.304451612903
1848.6027916666671
691.342290322581
637.589833333333
544.278580645161
448.43245161290304
364.7081
280.867
345.3198
497.590580645161
1575.677010752688
7352.691678571429
5975.783225806452
2022.754366666667
610.849483870968
568.4911
468.192129032258
363.93664516129
225.790533333334
176.923903225806
200.8758222222222
876.723494623656
1605.1809999999996
7676.9705
7719.1847419354835
1963.7893333333332
618.019548387097
485.02063333333297
367.927548387097
282.499096774194
190.671966666667
469.8432365591393
731.6043555555552
965.3196236559141
1832.2978817204298
7807.878846153846
7030.334375
1982.175074074074
801.427
1616.8599777777774
2452.869215053764
2266.0728279569894
2149.6997777777774
1808.7817799375648
1708.6963333333333
2523.0558279569887
3640.460884652982
8261.74875
7587.984451612903
2390.735566666667
688.689967741935
609.5341
557.930548387097
367.314451612903
285.930066666667
199.93393548387098
232.25369999999998
530.2725376344086
1714.2653118279568
7620.787607142857
7927.374193548387
2323.0032
669.048129032258
648.755266666666
528.835064516129
432.36583870967695
343.1465
320.012451612903
363.706066666667
477.994935483871
1781.504451612903
7345.5555
6913.743709677419
1734.5477333333329
355.593612903226
259.3681
112.683161290323
44.932548387097
0.1382666666669934
0.2310322580649995
0.1830333333329861
211.233612903226
2176.138896551724
6809.284428571429
7210.089322580645
1672.254333333333
235.615677419355
219.971366666667
162.096580645161
106.39587096774201
32.10980000000001
188.24835483870942
694.1173222222219
1077.8800645161286
2004.4309892473118
7452.1615
6296.245451612903
1609.530066666667
219.447
230.40736666666697
191.24929032258098
172.07306451612902
108.38656666666702
47.18658064516097
131.83139999999997
261.02755913978484
1302.36864516129
6903.6678571428565
7136.244129032258
2006.934066666667
320.469225806452
256.3405
227.51464516129
165.644967741936
89.44869999999997
28.45022580645201
103.50920000000002
349.466129032258
1903.670580645161
5906.634607142857
6406.301645161291
1859.91265
698.979391155047
638.000016666667
292.492
220.34848387096798
146.082533333333
92.30396774193503
139.37136666666697
410.782516129032
1196.712193548387
6392.59515384615
6231.907483870968
1937.6499
500.1559
638.000016666667
563.288903225807
474.246439125911
344.650603950617
133.734741935484
186.72129999999999
478.359483870968
1817.49664516129
7174.461107142857
6871.8210322580635
1882.337633333333
462.318806451613
396.926266666667
374.381419354839
349.856870967742
264.586066666667
222.419709677419
299.3589
547.45135483871
1544.6912258064522
8321.60792857143
8229.191612903225
2378.2186
772.26264516129
715.140466666667
638.011612903226
1363.790344086022
1759.3405111111108
1411.3635698924732
1224.547055555556
1285.443505376344
1635.195677419355
7560.07275
7884.497225806452
2118.169666666667
621.525064516129
531.7102
553.090483870968
480.92716129032306
406.66909999999996
345.98596774193504
525.690133333333
802.169419354839
1745.500096774194
8547.36003571429
6361.419
1938.9255
800.824290322581
1573.0737111111107
2946.4288709677417
2769.4952903225803
2405.187407407407
1874.9982365591404
1554.4336999999996
1597.7785913978491
2340.144795698924
8145.01346428571
7150.255967741936
2307.266333333333
735.259225806452
716.983666666667
663.932935483871
611.778290322581
556.3354000000003
903.1828172043015
1161.4278666666664
1399.1564838709676
2258.764129032254
8294.499892857142
8331.203161290323
2670.460933333333
943.673225806452
894.697433333333
867.206161290323
811.422838709678
702.7625888888889
1427.2065053763445
1568.4660555555556
1759.3061827956994
2294.368935483871
8194.761892857143
7861.543161290323
2305.572866666667
773.830419354839
729.909533333334
674.324774193548
601.932774193548
1730.5460333333333
2081.7025698924726
1846.0155000000004
2246.1362258064514
2909.276161290323
8301.2675
8327.387612903225
2333.2844999999998
636.780612903226
593.195733333333
582.406903225806
508.032709677419
435.67333333333295
398.10683870967705
463.463433333333
741.073516129032
