2583.413629629629
2640.410857142857
2672.304451612903
2621.602791666667
2516.342290322581
2462.589833333333
2375.278580645161
2291.432451612903
2232.7081
2167.867
1926.3198
2080.590580645161
2496.440451612903
2762.691678571429
2505.783225806452
2470.754366666667
2422.849483870968
2398.4911
2305.192129032258
2198.93664516129
1907.790533333334
1155.923903225806
485.3535999999999
336.454677419355
562.027774193548
3365.9705
2538.184741935484
2430.789333333333
2416.019548387097
2317.020633333333
2211.927548387097
2142.499096774194
1961.671966666667
1145.009903225806
343.032133333333
498.276612903226
588.319387096774
3271.878846153846
2610.334375
2579.175074074074
2582.427
2568.190533333333
2504.654161290323
2433.986806451613
2365.380333333333
2175.870489614984
2276.138
2159.590774193548
2695.490454545455
2736.7487499999997
2559.984451612903
2529.735566666667
2498.689967741935
2442.5341
2392.930548387097
2184.314451612903
1621.930066666667
1304.933935483871
618.2537
864.6220000000001
774.550258064516
2824.7876071428573
2708.3741935483868
2541.0032
2508.0481290322577
2493.755266666666
2369.835064516129
2272.365838709677
1981.1464999999998
1342.012451612903
809.7060666666671
1293.994935483871
2212.504451612903
2889.5555
2493.7437096774192
2388.547733333333
2240.593612903226
2197.3681
1453.683161290323
93.932548387097
16.138266666666993
0.2310322580649995
53.183033333332986
397.233612903226
2592.138896551724
2524.284428571429
2367.089322580645
2111.254333333333
2053.615677419355
2066.971366666667
2023.0965806451609
1992.395870967742
1922.1098
1610.643516129032
1035.103433333333
787.20264516129
1730.756258064516
2618.1615
2207.245451612903
2139.530066666667
2075.447
2084.407366666667
2053.249290322581
1800.073064516129
1167.386566666667
418.18658064516103
666.8314
466.315193548387
611.36864516129
2506.667857142857
2504.244129032258
2183.934066666667
2131.469225806452
2134.3405000000002
566.51464516129
202.644967741936
143.44869999999997
97.45022580645201
459.50919999999996
583.466129032258
517.670580645161
2618.634607142857
2889.301645161291
2389.91265
2545.979391155047
2500.000016666667
2004.492
253.34848387096798
194.082533333333
152.30396774193503
182.37136666666697
421.782516129032
732.712193548387
3485.59515384615
2590.907483870968
2522.6499
2305.1558999999997
2493.000016666667
2411.288903225807
1863.246439125911
378.650603950617
190.734741935484
226.72129999999999
488.359483870968
2775.49664516129
2864.461107142857
2600.821032258064
2378.337633333333
2258.318806451613
2234.926266666667
2221.381419354839
2208.856870967742
2119.586066666667
1636.419709677419
753.3589
846.45135483871
2200.691225806452
3099.607928571429
2770.191612903226
2749.2186
2591.26264516129
2537.1404666666667
2467.011612903226
2464.276903225807
2342.762733333333
2272.075935483871
2060.683166666667
1950.413935483871
1862.195677419355
3242.0727500000003
2753.4972258064518
2510.169666666667
2414.525064516129
2363.7102
2390.090483870968
2320.927161290323
2043.6691
1181.985967741935
548.690133333333
1272.169419354839
2847.500096774194
3220.36003571429
2966.419
2725.9255000000003
2575.824290322581
2506.795933333333
2468.517580645161
2468.1243225806447
2399.265185185185
2322.656838709678
2281.567033333333
2303.517838709677
2765.0990967741927
3024.01346428571
2732.255967741936
2647.266333333333
2541.259225806452
2548.983666666667
2493.932935483871
2452.778290322581
2386.3270666666667
2129.526903225807
1402.419533333333
1823.503258064516
2798.04638709677
3208.499892857143
2844.203161290322
2796.460933333333
2711.673225806452
2716.697433333333
2693.206161290323
2645.422838709678
2531.6987
2436.60435483871
1968.9355
2107.728225806452
2872.29635483871
3213.761892857143
3001.543161290323
2614.572866666667
2592.8304193548393
2552.909533333334
2503.324774193548
2440.932774193548
2408.5627
2354.729451612903
2359.207166666667
2298.047516129032
3042.792290322581
3004.2675
2829.387612903226
2547.2844999999998
2483.780612903226
2510.195733333333
2485.4069032258058
2270.032709677419
1677.673333333333
626.106838709677
996.4634333333329
1637.073516129032
