2808.413629629629
2827.410857142857
2219.304451612903
1768.6027916666671
1596.342290322581
1535.589833333333
1441.2785806451611
1349.4324516129032
1279.7081
1229.867
1297.3198
1418.590580645161
2575.440451612903
2702.691678571429
2006.783225806452
1612.754366666667
1497.849483870968
1469.4911
1368.192129032258
1269.93664516129
1154.790533333334
1139.923903225806
1140.3536
1250.454677419355
3734.027774193548
3394.9705
2110.184741935484
1588.7893333333332
1494.019548387097
1388.020633333333
1272.927548387097
1194.499096774194
1124.671966666667
1076.009903225806
1150.032133333333
1269.2766129032261
2839.319387096774
3511.878846153846
2234.4123319892474
3374.4806296296297
2827.905494623656
2350.476644444444
2090.500935483871
1939.449172043011
1840.6331111111108
1656.5183390773498
1977.8352222222225
2910.2251827956984
3920.2995943304013
3850.8439880952383
3836.798967741935
3800.3911222222223
2864.625451612903
1833.7257666666665
1456.487
1273.314451612903
1208.930066666667
1159.933935483871
1194.2537
1236.622
4233.550258064516
3847.7876071428573
3490.3741935483868
1703.0032
1585.048129032258
1548.755266666666
1425.835064516129
1334.365838709677
1260.1465
1265.012451612903
1313.706066666667
1399.994935483871
5302.504451612903
5037.5555
3016.7437096774192
1675.5477333333329
1267.5936129032261
1173.3681000000001
1038.683161290323
986.9325483870971
921.138266666667
902.2310322580649
992.183033333333
1142.233612903226
5109.980294401186
3427.3856190476195
2326.089322580645
1255.254333333333
1130.615677419355
1136.971366666667
1084.0965806451609
1040.395870967742
994.1098
969.6435161290319
1067.103433333333
1129.20264516129
4257.756258064516
4128.1615
1805.245451612903
1278.530066666667
1152.4470000000001
1146.407366666667
1109.249290322581
1096.073064516129
1054.386566666667
1031.186580645161
1101.8314
1183.315193548387
5503.040688172043
1860.325595238095
2017.1419784946238
1243.420177777778
1206.1815913978498
1155.904388888889
734.7028172043008
369.1073333333338
117.30425555555553
63.633021505376746
127.11753333333337
558.5279569892473
1122.442086021505
2471.1911547619047
3007.6269139784954
1667.91265
1595.9793911550469
1541.0000166666669
1015.0511397849461
343.42375268817227
171.01586666666634
123.05665591397803
329.4797000000003
675.4545591397847
1791.2659569892471
3908.160630036626
2569.808021505377
1782.6499
1377.1559
1539.0000166666669
1459.288903225807
1372.246439125911
850.7728261728392
315.37183870967755
512.8046333333333
1377.9347526881725
3849.5369677419353
3485.9105119047617
2102.821032258064
1550.337633333333
1332.318806451613
1303.926266666667
1278.381419354839
1256.856870967742
1188.586066666667
1174.419709677419
1250.3589
1462.45135483871
6667.691225806452
4997.6079285714295
2781.191612903226
1937.2186000000002
1669.26264516129
1612.140466666667
1532.011612903226
1518.276903225807
1392.762733333333
1379.075935483871
1421.6831666666671
1496.413935483871
3625.195677419355
4538.07275
2858.4972258064518
1732.1696666666671
1492.525064516129
1433.7102
1450.090483870968
1379.927161290323
1316.6691
1284.985967741935
1460.690133333333
1714.169419354839
5290.500096774194
4148.36003571429
2139.419
1808.9255
1651.824290322581
1580.7959333333329
1536.5175806451612
1527.124322580645
1449.2651851851851
1376.6568387096781
1435.567033333333
1583.517838709677
4465.099096774193
2789.01346428571
2507.255967741936
1811.266333333333
1619.259225806452
1613.983666666667
1556.932935483871
1504.7782903225811
1459.327066666667
1426.526903225807
1487.419533333333
1579.503258064516
5926.04638709677
3567.499892857143
3242.203161290322
2068.460933333333
1794.6732258064521
1788.697433333333
1756.206161290323
1699.422838709678
1579.6987
1508.6043548387102
1581.9355
1663.728225806452
5203.29635483871
4592.761892857143
3361.543161290323
1791.5728666666669
1671.830419354839
1626.909533333334
1567.324774193548
1495.932774193548
1456.5627
1406.729451612903
1486.207166666667
1751.047516129032
4121.792290322581
3299.2675
2803.387612903226
1654.2845
1507.780612903226
1493.195733333333
1478.406903225806
1406.032709677419
1345.673333333333
1335.106838709677
1407.463433333333
1658.073516129032
