3525.3261381275543 312.5358064514652 22393561032.0 27761470017.213963 1526.0
3250.7478768953324 315.51441368123074 27761470017.213963 29465381713.631836 2531.0
3109.3079516129073 316.3393927150343 29465381713.631836 31081234614.548763 2436.0
2277.287878888889 317.12173652297315 31081234614.548763 32903954259.031715 1447.0
1253.0068913978498 318.004238529598 32903954259.031715 32330946248.030857 1317.0
1373.0599844444446 317.7268065498358 32330946248.030857 32054379064.21549 1313.0
1119.7934096774188 317.59290164821124 32054379064.21549 31024659138.47202 1313.0
809.763870967742 317.0943445039566 31024659138.47202 29288308535.95749 1313.0
755.7013288888888 316.25365959908856 29288308535.95749 27571692618.92809 1313.0
786.2132430107526 315.4225295918118 27571692618.92809 25945654938.99518 1313.0
871.655248888889 314.56882723156775 25945654938.99518 24721950537.31076 1313.0
1401.7832946236563 313.8684469650359 24721950537.31076 25014889943.320206 1313.0
2346.4594817204343 314.0361091708563 25014889943.320206 26475537035.229595 1806.0
3118.8348630952396 314.8721022408594 26475537035.229595 25648342941.710804 3446.0
2341.358283870968 314.3986623979572 25648342941.710804 25414603408.263504 2364.0
1354.354668888889 314.26488290308123 25414603408.263504 24635098184.5937 1542.0
933.5929172043013 313.8187375140761 24635098184.5937 23256089491.603745 1319.0
859.9442788888889 313.02946971817977 23256089491.603745 21716735709.950497 1313.0
797.3374591397853 312.1484293211713 21716735709.950497 19913129630.566185 1313.0
750.4040043010755 311.11614562189 19913129630.566185 18091040335.09685 1313.0
737.9241388888889 310.07328315882376 18091040335.09685 16382340710.63151 1313.0
741.8587494623656 308.91348687835546 16382340710.63151 14682699680.463564 1313.0
802.9957222222222 307.7451881223973 14682699680.463564 13298669744.029785 1313.0
940.0076172043009 306.7938340280656 13298669744.029785 12346979465.068363 1311.0
2084.4243462365594 306.13966144148225 12346979465.068363 12389928351.848747 2072.0
4393.673035714286 306.1691836347599 12389928351.848747 8866026889.947628 5840.0
3507.7493215053746 303.4665434807769 8866026889.947628 6178728269.918044 4470.0
1601.723798888889 301.20602983674127 6178728269.918044 5984115564.705073 1608.0
948.5917494623654 301.0423246674841 5984115564.705073 4779664909.902746 1320.0
863.9679911111111 300.02915958100834 4779664909.902746 3400806455.8208666 1313.0
779.3453849462364 298.5739512580319 3400806455.8208666 1732399549.4586957 1313.0
723.9539623655915 296.80394605289484 1732399549.4586957 162560839.3010133 1246.768817204301
716.2567888888889 295.138511393275 162560839.3010133 154060237.8364168 674.2805555555556
752.9752849462366 295.1294931443204 154060237.8364168 162424548.05129483 714.233870967742
788.0565922222222 295.1383668025157 162424548.05129483 172673008.44812188 770.0888888888888
899.0727870967747 295.14923934696384 172673008.44812188 197113753.08552447 899.4220430107526
2690.531065368934 295.1751684204175 197113753.08552447 944488047.9802082 2413.7634408602153
4563.430166666667 295.96805436874627 944488047.9802082 859766571.3505204 4591.553571428572
4698.935663210441 295.87817374427175 859766571.3505204 2031502835.4098325 4230.0
2312.761206349208 297.12126335180335 2031502835.4098325 3618087277.746995 1641.0
1126.8177752688173 298.8044634815903 3618087277.746995 2904547943.6348906 1322.0
926.6802388888889 298.0474728873699 2904547943.6348906 1706121640.6913419 1313.0
822.9560992519873 296.7760679404746 1706121640.6913419 207090506.83011764 1300.6532258064517
736.6548021505375 295.1857527125293 207090506.83011764 154792241.9184113 695.3575268817204
718.7052311111111 295.1302697240806 154792241.9184113 154431992.1155838 673.5888888888888
701.9278333717358 295.1298875367235 154431992.1155838 153154462.61546478 666.8037634408602
758.17333 295.12853221155893 153154462.61546478 167324414.05854142 738.6972222222222
2102.447516052226 295.1435650478024 167324414.05854142 2335545807.287447 1302.975806451613
3665.1016508387074 297.4438211407675 2335545807.287447 6842910867.120193 1985.0
6005.274693 301.76472986803515 6842910867.120193 6292066926.000656 6224.0
5331.64865066129 301.30136854475154 6292066926.000656 7913038404.908824 4686.0
3154.5350986666667 302.6649044455828 7913038404.908824 11087851330.001362 1852.0
1717.9666462365603 305.2741623109715 11087851330.001362 11886969478.955296 1323.0
758.6235388888889 305.8234599112973 11886969478.955296 10175991956.588373 1312.0
752.6280408602152 304.5684656431598 10175991956.588373 8362139385.382968 1313.0
691.5735440860215 303.04268117882145 8362139385.382968 6470298615.925285 1313.0
826.388246683267 301.45129425969486 6470298615.925285 5054961567.606522 1313.0
696.9025491612904 300.2607348314321 5054961567.606522 3287593041.8150396 1313.0
777.28471 298.45384366838005 3287593041.8150396 1857719505.8322887 1313.0
843.4295591397849 296.93689741760267 1857719505.8322887 626913475.6919917 1313.0
2355.488049929874 295.63114096720983 626913475.6919917 460323431.9954407 2419.9327956989246
2446.9067231601693 295.4544063568804 460323431.9954407 475393493.3329817 2433.9285714285716
1893.8928749231945 295.4703941155665 475393493.3329817 370769055.029537 1903.279569892473
1474.572511111111 295.35939853069124 370769055.029537 290484084.1696224 1453.361111111111
950.5777053763445 295.2742245747609 290484084.1696224 193765226.82473364 926.0349462365591
1068.8558551555557 295.171615984325 193765226.82473364 213832596.7861322 993.1694444444445
987.3803740170767 295.1929053647211 213832596.7861322 197119276.9133192 914.9704301075269
851.9856013647643 295.175174280621 197119276.9133192 175857852.39378735 799.0349462365591
837.7354689054893 295.1526181332419 175857852.39378735 176043522.33120888 792.3527777777778
766.0170951612904 295.1528151096236 176043522.33120888 164786100.8067309 734.5940860215054
857.8728622222222 295.1408721629607 164786100.8067309 185311963.86571157 835.9305555555555
1027.945746236559 295.162647956573 185311963.86571157 220547632.0369899 1024.27688172043
2229.7220451612893 295.2000293147008 220547632.0369899 437437707.4900113 2150.983870967742
1829.9848416666666 295.430126997125 437437707.4900113 363318761.22110766 1853.9136904761904
1402.582951612903 295.35149454829315 363318761.22110766 281577133.789484 1403.5779569892472
2103.312784354702 295.26477523211275 281577133.789484 669350468.2445987 1900.9083333333333
854.6350182795693 295.67616217721684 669350468.2445987 176407718.27609608 977.8037634408602
684.2303188888889 295.15320148342465 176407718.27609608 144079175.73092043 629.0138888888889
768.2115387096774 295.11890428148837 144079175.73092043 157338353.9443064 684.7983870967741
731.2550344086022 295.1329708826059 157338353.9443064 153883482.12515378 671.736559139785
731.6216333333333 295.12930562500014 153883482.12515378 156791520.11603922 685.2388888888889
490.7800193548388 295.13239074911525 156791520.11603922 114826123.27493016 470.9193548387097
440.95102999999995 295.0878698528272 114826123.27493016 109715516.53864034 428.9583333333333
1685.3431344086057 295.08244803367137 109715516.53864034 1212430168.6864426 1283.3817204301076
3045.594901075269 296.25231293092133 1212430168.6864426 3363369138.96369 2245.0
2894.687773809519 298.53423418095025 3363369138.96369 556820776.738619 4047.7559523809523
3675.958209677414 295.55677994561705 556820776.738619 694283506.2542673 3594.44623655914
4097.740769111111 295.70261352244245 694283506.2542673 6740322849.924496 1703.0
1003.8584998516872 301.67843442961345 6740322849.924496 5674501285.148701 1321.0
986.726648888889 300.78188196933775 5674501285.148701 4603809827.068437 1313.0
971.6456849462363 299.85021199561686 4603809827.068437 3433050341.8534007 1313.0
844.0327279569894 298.6081586482637 3433050341.8534007 1990317019.9017026 1313.0
800.9959288888889 297.07756950976204 1990317019.9017026 538461683.624363 1313.0
833.8374067482393 295.53730286826266 538461683.624363 177132996.6194337 932.989247311828
824.5887104053586 295.15397092787975 177132996.6194337 179313738.34015527 809.7277777777778
1251.135411034841 295.1562844667305 179313738.34015527 261054606.48327142 1230.1236559139784
2635.7683551285872 295.2430029773852 261054606.48327142 1607414055.83093 2135.4032258064517
3558.04024460126 296.6713495181741 1607414055.83093 677203164.3799746 3935.690476190476
3351.915390158719 295.6844930663908 677203164.3799746 1178922182.3690069 3134.0
1871.8870587734532 296.2167644625175 1178922182.3690069 1754977646.4534626 1594.0
1057.0664970687374 296.8278990520406 1754977646.4534626 867293294.9951051 1324.0
981.942139084967 295.88615881073105 867293294.9951051 198280069.1842618 1171.3138888888889
863.4309218551163 295.1764057597966 198280069.1842618 174593336.45883617 793.7231182795699
788.9768439157303 295.15127661410867 174593336.45883617 164416163.36956912 731.9301075268817
778.4960303111869 295.14047969803687 164416163.36956912 165327847.89322156 732.8611111111111
694.1813451612903 295.1414468999504 165327847.89322156 151707804.79528204 663.6666666666666
768.34914 295.1269974589383 151707804.79528204 169145304.77494782 747.6111111111111
825.0737666666666 295.1454968223795 169145304.77494782 183677420.69953036 829.1155913978495
946.5765881720433 295.1609138772539 183677420.69953036 204386207.661581 941.0564516129032
1521.2251607142857 295.18288373399275 204386207.661581 307196934.9634375 1472.044642857143
1845.4473709677402 295.2919551612173 307196934.9634375 361868878.44382447 1795.3924731182797
1077.6737266666667 295.3499563743304 361868878.44382447 218371122.05169374 1081.05
935.2356139784952 295.1977202652787 218371122.05169374 190942266.02968475 884.8494623655914
769.4483133333333 295.16862111821524 190942266.02968475 159514155.11935297 713.825
717.6386838709677 295.1352791800545 159514155.11935297 148252457.04380503 643.4139784946236
665.2611913978494 295.12333169641823 148252457.04380503 141899664.17591092 606.8655913978495
521.1329322222223 295.11659204771473 141899664.17591092 118591612.55254914 484.9583333333333
336.86525913978494 295.09186464306447 118591612.55254914 86860094.24628007 313.241935483871
316.70645 295.05820082139434 86860094.24628007 87038436.52487145 302.69166666666666
261.1183505376337 295.05839002389655 87038436.52487145 81225524.71687584 272.7016129032258
675.8205860215054 295.05222313252375 81225524.71687584 155202033.70376387 650.4059139784946
2000.5262333333349 295.13070447029895 155202033.70376387 394203626.44157666 1895.0208333333333
2462.1677234408594 295.3842601596028 394203626.44157666 473941143.46619177 2402.569892473118
1510.4320255555554 295.46885332427985 473941143.46619177 297020260.89721084 1526.4611111111112
1078.6939913978501 295.2811587745568 297020260.89721084 217066649.85719225 1047.8145161290322
773.4790822222221 295.1963363567337 217066649.85719225 160241116.1970652 727.6444444444444
648.6096333333332 295.1360504097147 160241116.1970652 135721136.45168853 579.3870967741935
478.71389462365596 295.11003727609983 135721136.45168853 108108254.90366304 428.3682795698925
345.94989666666663 295.08074289720315 108108254.90366304 86678283.72940575 309.1333333333333
258.7465387096774 295.05800793945406 86678283.72940575 72690874.42487714 228.52956989247312
241.76208666666668 295.0431687613249 72690874.42487714 73416109.40962905 227.54722222222222
422.46174408602167 295.0439381597811 73416109.40962905 110472243.16665429 418.0537634408602
1150.484691397849 295.08325084146685 110472243.16665429 241443264.96365553 1103.8010752688172
3053.5953452380922 295.22219739546324 241443264.96365553 585477828.9323618 2904.6041666666665
1811.1234752688179 295.5871820803441 585477828.9323618 355694846.163039 1867.25
1343.3768622222224 295.3434063719107 355694846.163039 266685633.085377 1325.6
933.0318268817202 295.2489769075805 266685633.085377 190573593.38298216 900.8118279569892
684.3498622222222 295.16822999510185 190573593.38298216 144080040.134506 634.5944444444444
702.5064 295.1189051985301 144080040.134506 145525151.38147816 623.5537634408602
649.1914806451612 295.12043831039836 145525151.38147816 138990995.864818 590.8736559139785
661.4100222222222 295.11350625489587 138990995.864818 144072065.0905876 614.2222222222222
664.4448430107527 295.11889673784276 144072065.0905876 146255598.22115132 628.0430107526881
633.1634688888889 295.12121323808736 146255598.22115132 144619056.8723382 619.8027777777778
1399.4179107526877 295.11947703890553 144619056.8723382 528717452.4029268 1265.5833333333333
3209.5335913978465 295.52696525822506 528717452.4029268 3600786149.824584 2065.0
2712.128594047612 298.78610879463673 3600786149.824584 523682286.4384847 3977.0208333333335
3319.723198924729 295.5216234738367 523682286.4384847 629619704.8764755 3250.0860215053763
1883.7424977777787 295.6340119932914 629619704.8764755 365155821.2495674 1933.0722222222223
1050.0641172043013 295.353443476819 365155821.2495674 211829541.76616937 1046.5645161290322
810.8476633333333 295.1907803328731 211829541.76616937 167138544.58056986 760.3083333333333
771.653072043011 295.14336785972904 167138544.58056986 158060338.35765904 696.5698924731183
676.7604419354839 295.13373683254576 158060338.35765904 144048850.4688345 621.2150537634409
681.4348822222222 295.11887210955746 144048850.4688345 147707740.02844757 634.7861111111112
694.7260193548387 295.12275380864463 147707740.02844757 151882033.54766077 657.5698924731183
769.9399 295.12718229741955 151882033.54766077 169331110.22521788 749.1972222222222
903.7130419354837 295.14569394252624 169331110.22521788 198021950.05870447 902.4758064516129
2937.0701107526843 295.17613192240475 198021950.05870447 1416723231.5019512 2484.3575268817203
4821.864407142859 296.4690465006386 1416723231.5019512 1408886381.4870985 4818.0
4081.9406566666685 296.46073242254096 1408886381.4870985 768035489.1681471 4290.620967741936
2271.707768888889 295.78085666154055 768035489.1681471 2364120955.689933 1600.0
1195.7545849462363 297.47413638413957 2364120955.689933 1853914275.2959318 1319.0
1058.1728144444446 296.93286046604703 1853914275.2959318 1005092962.0248301 1313.0
908.2180677419356 296.03234984301383 1005092962.0248301 182930297.74928373 1135.4166666666667
776.9618827956986 295.16012125795595 182930297.74928373 162236327.7137492 723.8467741935484
755.8161088888886 295.1381671204262 162236327.7137492 161153311.82164398 710.9611111111111
780.0048397849463 295.1370181538528 161153311.82164398 167322877.10722646 742.0725806451613
823.7677244444444 295.14356341725784 167322877.10722646 179134971.31729084 805.1916666666667
884.9252225806451 295.156094813619 179134971.31729084 194573670.2897072 888.6344086021505
1860.0669129032258 295.17247365827467 194573670.2897072 370404155.3713335 1796.6505376344087
4913.792585714286 295.35901141032394 370404155.3713335 923341833.2438262 4678.327380952381
2813.571220430108 295.94562044689565 923341833.2438262 537705813.2677639 2927.564516129032
1599.849868888889 295.53650096888157 537705813.2677639 313191833.7807219 1634.1333333333334
946.0320172043012 295.2983151217703 313191833.7807219 192938149.002953 930.2715053763441
856.712708888889 295.170738541272 192938149.002953 175344542.53963244 795.6944444444445
765.6265053763441 295.152073565181 175344542.53963244 156970360.95362058 694.016129032258
666.8195376344086 295.13258048053643 156970360.95362058 142255063.90436447 611.5430107526881
656.3230103448276 295.1169690896503 142255063.90436447 143162094.0328801 610.7472222222223
684.9231903225807 295.1179313537374 143162094.0328801 150071181.01609764 646.75
773.48155 295.12526117230647 150071181.01609764 170053548.7161738 751.7611111111111
1272.4797967741938 295.146460374195 170053548.7161738 264874690.09920567 1246.5860215053763
2719.747594422547 295.24705568650455 264874690.09920567 1678410790.9310687 2194.3064516129034
4483.599067371522 296.7466696275526 1678410790.9310687 845231674.1402607 4821.068452380952
3457.8047204952245 295.8627537387442 845231674.1402607 4047726956.2962594 2229.0
1985.1850065769245 299.26026623837924 4047726956.2962594 5509174887.411032 1356.0
1987.5116630075509 300.64281198469973 5509174887.411032 7093291015.936766 1315.0
1763.3419662666665 301.9753457401891 7093291015.936766 8014293917.976731 1313.0
1198.4099439095498 302.7500790023357 8014293917.976731 7410860642.191946 1313.0
907.7302250206783 302.2424803517765 7410860642.191946 6103370122.136262 1313.0
871.7771355721559 301.14263973934743 6103370122.136262 4807492030.060038 1313.0
791.0173188172043 300.05256732003704 4807492030.060038 3292843863.672677 1313.0
830.968648888889 298.45941424111254 3292843863.672677 2001964638.384111 1313.0
874.6847903225807 297.08992641458104 2001964638.384111 855141542.351286 1313.0
2172.077946236559 295.8732670723014 855141542.351286 751662041.5109228 2213.0
5585.421522619044 295.76348614630905 751662041.5109228 3695119467.084536 4361.303571428572
2618.115825873656 298.88618657658026 3695119467.084536 1759995435.8001268 3307.0
1947.9350065769245 296.8332224016551 1759995435.8001268 2463430202.837099 1619.0
946.4919881720434 297.5794931071898 2463430202.837099 1274423251.1619184 1324.0
1138.939188488889 296.31808110668567 1274423251.1619184 639682695.1039604 1313.0
998.3292987482596 295.64468777329085 639682695.1039604 199118154.1650225 1083.739247311828
852.9856013647643 295.1772948802939 199118154.1650225 176039504.74351647 800.7123655913979
837.7354689054893 295.1528108473833 176039504.74351647 176045074.54057336 792.4222222222222
698.6464334823293 295.1528167563554 176045074.54057336 152610373.2778815 671.7930107526881
900.3803197339951 295.12795498968586 152610373.2778815 193122380.50005227 870.7222222222222
1052.3287491691099 295.170933991619 193122380.50005227 224912162.2758194 1049.9489247311828
2385.8405402457765 295.20465962473565 224912162.2758194 475235151.61314595 2294.6236559139784
5342.5186230769195 295.47022613156497 475235151.61314595 1058233859.5939333 5094.586309523809
4251.178934987596 296.088726776569 1058233859.5939333 798730332.0881209 4317.655913978495
2296.3655621324797 295.81342067906655 798730332.0881209 1389250351.3915682 2014.0
1100.4955339752926 296.4399006486225 1389250351.3915682 620718132.3307679 1324.0
1080.2030773777778 295.62456835596305 620718132.3307679 216007657.2686747 1167.9694444444444
1008.2782234794422 295.19521287637247 216007657.2686747 200934900.977681 935.239247311828
907.7302250206783 295.17922225862264 200934900.977681 185855081.36847937 852.4381720430108
836.7354689054893 295.16322414743104 185855081.36847937 175863605.70435348 795.2777777777778
698.6464334823293 295.15262423690257 175863605.70435348 152608962.90638727 671.7258064516129
911.7275419562172 295.12795349342923 152608962.90638727 195118648.71212107 881.2972222222222
1150.0028894662219 295.1730518233738 195118648.71212107 242713390.0648766 1141.731182795699
2610.377888172043 295.2235448653351 242713390.0648766 1004647315.9177535 2328.1774193548385
4714.183414285715 296.0318770591107 1004647315.9177535 887189316.5911406 4755.827380952381
4767.474075333934 295.9072664084353 887189316.5911406 1549808462.053849 4489.0
2055.323895465813 296.6102360089686 1549808462.053849 2299747078.604039 1709.0
1107.4444587064754 297.4058424343349 2299747078.604039 1554690515.7859333 1319.0
1138.939188488889 296.61541535729464 1554690515.7859333 917156151.954548 1313.0
762.0057402457757 295.9390580860965 917156151.954548 156249040.04807067 966.8467741935484
719.9244301075269 295.1318152345089 156249040.04807067 151883647.65433887 660.752688172043
837.7354689054893 295.1271840098179 151883647.65433887 176042188.3758778 783.1083333333333
698.6464334823293 295.15281369443653 176042188.3758778 152607481.7741221 671.7930107526881
766.87864 295.12795192210285 152607481.7741221 168782727.47457698 746.6277777777777
1311.385770485726 295.145112165791 168782727.47457698 285745540.1111321 1277.231182795699
2545.191448387097 295.26919747518684 285745540.1111321 1753839857.7314026 1999.3844086021506
6819.74192451438 296.8266919772241 1753839857.7314026 1935504745.6959448 6737.363095238095
4629.3154731833965 297.01941942042856 1935504745.6959448 3274483486.895027 4096.0
1173.95443 298.43993580192557 3274483486.895027 1371376076.9118493 1850.0
875.9210043010753 296.4209379131252 1371376076.9118493 185312790.3403251 1256.3494623655913
658.5338622222223 295.1626488333761 185312790.3403251 139357786.6969371 608.5888888888888
695.210205376344 295.11389538160086 139357786.6969371 144075105.6636064 615.0430107526881
644.926676344086 295.1188999635727 144075105.6636064 138257432.54471582 586.3440860215054
650.9026122222222 295.1127280209471 138257432.54471582 142078968.3783954 604.2055555555555
681.5257698924731 295.1167822707176 142078968.3783954 149345881.82093117 643.2204301075269
899.3803197339951 295.12449170572984 149345881.82093117 192940311.4442084 868.5333333333333
1151.0028894662219 295.1707408353959 192940311.4442084 242889483.14592248 1141.8521505376343
