2960.7643101705653 312.5358064514652 22393561032.0 13418037092.443811 6316.0
3394.7746626096177 306.8758847212289 13418037092.443811 7446321906.625856 5853.0
2878.6762311827997 302.2723098137835 7446321906.625856 549728607.0470704 5420.938172043011
2451.162878888889 295.54925589544564 549728607.0470704 467772443.67339104 2430.072222222222
980.0875365591401 295.46230897907213 467772443.67339104 199110756.80125234 1019.6827956989247
714.5044288888889 295.17728703246473 199110756.80125234 149526449.52195638 665.9194444444445
828.1294311827951 295.12468326917246 149526449.52195638 168235564.02477854 742.6344086021505
485.35526881720443 295.1445316826064 168235564.02477854 109204476.08531669 446.72849462365593
280.96521777777775 295.0819058732074 109204476.08531669 74912660.52508318 249.13888888888889
208.77507096774195 295.0455258439689 74912660.52508318 63608070.334994584 177.5752688172043
207.48858222222233 295.03353285628583 63608070.334994584 67237610.11643337 192.15833333333333
699.44727311828 295.0373834183285 67237610.11643337 160791756.1894296 673.9704301075269
7381.739051612907 295.1366345811473 160791756.1894296 19940980349.76015 0.0
1512.8527202380967 311.1320858228938 19940980349.76015 8378333618.053823 6281.0
3421.594843010753 303.0563035145136 8378333618.053823 650630041.8849784 6272.545698924731
865.8685577777778 295.6563017630861 650630041.8849784 180040818.1152557 995.4833333333333
533.2353903225809 295.15705582231624 180040818.1152557 117919668.34540224 496.0456989247312
202.3887233333333 295.0911517805489 117919668.34540224 56703586.67306947 158.6472222222222
156.256813978495 295.02620792135906 56703586.67306947 46347500.90873207 82.15053763440861
138.32335913978517 295.01522119765406 46347500.90873207 46173764.7511302 77.95430107526882
114.67413888888889 295.0150368817644 46173764.7511302 44717222.85943054 70.26388888888889
106.67595376344089 295.0134916431778 44717222.85943054 45074708.10743649 71.16129032258064
101.78738888888888 295.0138708976315 45074708.10743649 47984897.30666865 86.75
214.773746236559 295.01695830395363 47984897.30666865 72870655.79481912 214.88978494623655
8898.351765591398 295.0433594905525 72870655.79481912 23915675826.967674 0.0
2804.64625 313.40698021232123 23915675826.967674 15159819165.883402 6411.0
3671.1767408602136 308.0731503752292 15159819165.883402 2260856753.5479107 8444.478494623656
949.7654655555556 297.364583867545 2260856753.5479107 195200798.31534863 1694.2611111111112
582.0809967741933 295.17313897550963 195200798.31534863 126820250.26960443 547.1962365591398
206.41243555555553 295.1005943669315 126820250.26960443 57430215.35396524 165.81944444444446
138.2647397849462 295.02697879838104 57430215.35396524 43077725.16434155 65.66397849462365
166.61794086021507 295.01175230762186 43077725.16434155 51433354.04825507 103.04838709677419
150.7429 295.0206167558331 51433354.04825507 51256665.752974 105.82222222222222
107.84356451612908 295.0204293080341 51256665.752974 45262901.37406078 74.6989247311828
99.19548111111112 295.01407055100157 45262901.37406078 47618811.18755804 84.37222222222222
160.88999139784997 295.0165699248754 47618811.18755804 63061105.378311686 164.5268817204301
8944.039129885063 295.03295258368166 63061105.378311686 24028248731.703884 0.0
3050.2426666666665 313.4714106751968 24028248731.703884 15859000613.63545 6414.0
4821.900716973882 308.55375351500925 15859000613.63545 6325915638.222646 8335.0
1770.622317460319 301.32984155301364 6325915638.222646 344393110.2345528 4021.713888888889
759.3070225806453 295.3314164123006 344393110.2345528 158973455.9062751 767.9811827956989
280.47190555555557 295.13470555474885 158973455.9062751 70869779.11683497 247.04166666666666
192.82437882187978 295.0412367696975 70869779.11683497 52890956.39886954 121.53225806451613
135.52308172043007 295.0221631194556 52890956.39886954 45799806.5492592 77.73655913978494
84.10800888888889 295.01464015122986 45799806.5492592 39259798.514036156 41.672222222222224
45.84718821044547 295.00770188681736 39259798.514036156 33999692.69298057 12.451612903225806
68.31221888888888 295.0021214647708 33999692.69298057 41991443.25243609 51.31944444444444
1376.213645084484 295.01059987614303 41991443.25243609 283762993.50815123 1295.4596774193549
8119.918855139782 295.26709420062394 283762993.50815123 20809165572.85761 460.0
1918.212193 311.62898670607694 20809165572.85761 10023032254.50468 6365.0
4679.20241410215 304.43979832983234 10023032254.50468 905436278.5912217 8047.9220430107525
2506.4378764444446 295.926624526407 905436278.5912217 477761898.3924914 2618.625
1303.660194623657 295.47290674558934 477761898.3924914 257785471.42472577 1324.8870967741937
207.1929833333333 295.2395347670536 257785471.42472577 57435346.51876169 217.0888888888889
154.343094623656 295.02698424201014 57435346.51876169 45988940.87644116 80.64516129032258
112.33967311827958 295.0148408029667 45988940.87644116 41464513.752544776 53.61021505376344
248.52713557215588 295.01004085906277 41464513.752544776 69055312.09880836 192.8527777777778
73.66867819354839 295.0393118099924 69055312.09880836 39081171.53995559 49.486559139784944
87.42359888888888 295.007512382283 39081171.53995559 45439021.87851107 71.05833333333334
105.24676344086029 295.01425739643383 45439021.87851107 52887822.290059224 111.86290322580645
9653.75149079009 295.02215979449403 52887822.290059224 25919216261.673336 0.0
1266.4870803030267 314.5536952047123 25919216261.673336 13386549522.111837 6434.0
2064.304165245775 306.85424080431113 13386549522.111837 405499254.0873778 6874.489247311828
661.9197333333334 295.39624363896394 405499254.0873778 142985084.42085725 711.4111111111112
556.1691032258068 295.11774356505504 142985084.42085725 122095424.92217082 503.5806451612903
481.38363293333333 295.0955818214748 122095424.92217082 107206253.43992129 419.5861111111111
367.197578318152 295.0797859680033 107206253.43992129 84673371.89939548 297.4623655913978
295.649579859388 295.0558809377248 84673371.89939548 74862749.16005155 238.7768817204301
237.17991334993366 295.04547289323153 74862749.16005155 67055275.31204014 195.1611111111111
153.73214892473118 295.03718998017405 67055275.31204014 53615719.605939835 123.34946236559139
156.66452888888887 295.02293201740497 53615719.605939835 57979783.405322604 141.05833333333334
302.711875268817 295.02756183259635 57979783.405322604 88849508.82895696 300.60215053763443
8908.036561290322 295.06031138216525 88849508.82895696 23957602398.576588 0.0
512.9401988095236 313.43097664753697 23957602398.576588 9790180535.43472 6357.0
2278.1447795698923 304.2439270991207 9790180535.43472 445531472.28979146 5731.836021505376
1241.587784354702 295.4387136349351 445531472.28979146 248158923.0352501 1265.65
458.2264161290317 295.2293220061906 248158923.0352501 104339489.9458171 451.56720430107526
215.2303188888889 295.07674463181183 104339489.9458171 58886615.89437462 165.40277777777777
170.9265924731182 295.0285238870087 58886615.89437462 48968074.67646362 96.64516129032258
119.17438924731186 295.01800135229837 48968074.67646362 42721383.076127455 61.083333333333336
159.97996666666666 295.01137426594113 42721383.076127455 52894577.967701316 111.06388888888888
57.90098709677429 295.0221669615613 52894577.967701316 36177657.616006985 28.776881720430108
77.14269666666667 295.0044320577297 36177657.616006985 43625788.456218675 60.358333333333334
1362.5178655914012 295.0123337454448 43625788.456218675 281269750.78031427 1283.3037634408602
10036.981997849463 295.26444913089364 281269750.78031427 27174240329.369366 0.0
2488.60146428571 315.2300960246777 27174240329.369366 17497093587.91849 6475.0
3403.6356290322524 309.6797453862514 17497093587.91849 5612708370.659957 7794.0
3374.5879913333333 300.7299027344044 5612708370.659957 635514885.3720094 5238.591666666666
682.1434460882465 295.640266163136 635514885.3720094 144984975.33054703 804.7096774193549
528.0738711111111 295.11986524011303 144984975.33054703 115741038.35864617 471.77777777777777
756.6241795698922 295.088840482027 115741038.35864617 155337179.77695015 663.3951612903226
386.2370290322583 295.13084784614574 155337179.77695015 91221412.91904594 349.5698924731183
246.82926222222227 295.06282772429347 91221412.91904594 68691601.10908264 210.48333333333332
199.65461104931455 295.038925950678 68691601.10908264 61970993.40226501 166.747311827957
123.38037707202518 295.0317960889054 61970993.40226501 51979301.95859066 113.31666666666666
524.901540067099 295.0211959494575 51979301.95859066 129181219.3475061 505.51344086021504
7396.330183085576 295.1030991081556 129181219.3475061 19734145461.866997 80.0
2097.1235779345934 311.01370504914547 19734145461.866997 9528968286.53639 6304.0
4472.399261126461 304.0241994334929 9528968286.53639 843651781.1337798 7680.69623655914
1442.17872544012 295.8610776375279 843651781.1337798 284666620.41959393 1605.5694444444443
630.8111207246513 295.26805285425377 284666620.41959393 135719538.14625973 625.9569892473119
312.0393613071891 295.11003558046497 135719538.14625973 76503634.03825007 267.45
211.40135196264316 295.0472137004437 76503634.03825007 56341215.581299715 140.90860215053763
176.89619875443998 295.02582348353627 56341215.581299715 53249731.93686634 117.59139784946237
144.89880808896467 295.022543742772 53249731.93686634 50170663.567853376 101.1
70.94747419354839 295.0192771733162 50170663.567853376 38542463.52482278 39.91935483870968
79.48802888888889 295.00694086943014 38542463.52482278 43990185.96029798 63.475
98.83989569892478 295.012720333079 43990185.96029798 51794769.11440646 105.3225806451613
9375.762072043011 295.0210001794127 51794769.11440646 25173458407.93531 0.0
815.823375 314.12686493128166 25173458407.93531 11549028294.045126 6435.0
2848.941994623654 305.59116599810636 11549028294.045126 626197254.0583342 6889.239247311828
489.00150444444444 295.6303811309764 626197254.0583342 111561145.49812417 635.8027777777778
488.0313129032265 295.0844060529367 111561145.49812417 109746394.43454589 428.3682795698925
170.6288688888889 295.082480791889 109746394.43454589 50890091.89878983 126.0
122.35373763440859 295.02004041152003 50890091.89878983 40176108.61851029 48.40860215053763
103.23968602150538 295.00867399598826 40176108.61851029 39815789.283328295 42.96236559139785
80.20237666666667 295.00829173486454 39815789.283328295 38538849.969860114 35.73888888888889
77.74160322580649 295.0069370358263 38538849.969860114 39806759.635933615 41.89784946236559
85.49811666666666 295.0082821553532 39806759.635933615 45076746.2585241 69.55277777777778
177.73125376344018 295.0138730598966 45076746.2585241 66145738.05231815 179.2688172043011
8025.627037634409 295.03622505628294 66145738.05231815 21571130856.51155 0.0
1711.8476619047633 312.06509320999976 21571130856.51155 10391804301.423525 6321.0
2875.4150352688166 304.7500036182903 10391804301.423525 568699137.6650407 6506.634408602151
1129.9542477777777 295.5693816440325 568699137.6650407 227958517.7338636 1209.3583333333333
674.8848516129038 295.2078914892148 227958517.7338636 143709113.0352702 645.8629032258065
190.84019333333333 295.11851168367843 143709113.0352702 54526648.48656711 157.88888888888889
132.24673010752687 295.0238984176603 54526648.48656711 41990856.443810925 58.973118279569896
98.43432473118278 295.0105992536005 41990856.443810925 39083080.46307794 39.11021505376344
78.97489666666667 295.00751440745074 39083080.46307794 38355615.557888605 34.3
71.86750645161288 295.0067426432823 38355615.557888605 38720699.46952131 36.36290322580645
67.98708666666667 295.0071299591232 38720699.46952131 41966781.60859872 52.825
215.789701075269 295.01057371271867 41966781.60859872 73050932.86629108 213.59139784946237
4822.987379569892 295.04355074566763 73050932.86629108 12998881674.338789 0.0
3776.40189285714 306.58776579209433 12998881674.338789 9239288233.475052 5320.0
2775.185303225807 303.7805250954534 9239288233.475052 549292651.5731672 5983.959677419355
1168.0379733333334 295.54879339229063 549292651.5731672 234894985.14073947 1237.263888888889
501.7764505376342 295.21525035554924 234894985.14073947 112288966.14332414 487.1747311827957
154.61375111111113 295.0851781945081 112288966.14332414 47982746.41159101 112.09722222222223
105.22145376344088 295.01695602207894 47982746.41159101 37088200.0638689 31.357526881720432
69.95760967741928 295.00539804802025 37088200.0638689 33816085.87185383 10.78763440860215
73.2016888888889 295.0019266771397 33816085.87185383 37264170.420336686 26.919444444444444
58.45021935483868 295.0055847341612 37264170.420336686 36358457.73724173 23.4247311827957
69.74124666666665 295.00462386774586 36358457.73724173 42171100.847598016 53.58888888888889
914.474362365591 295.0107904740586 42171100.847598016 199841565.87270778 865.0779569892474
7472.7674623655885 295.1780623444438 199841565.87270778 20223885346.632694 0.0
2167.59883214285 311.2940048916167 20223885346.632694 10019502854.388428 6374.0
3589.2769623655886 304.43682945355687 10019502854.388428 686686905.1649165 7038.263440860215
995.7841644444454 295.6945543233237 686686905.1649165 203509340.48075855 1130.1833333333334
680.5533645161292 295.18195346963796 203509340.48075855 144802230.12582406 641.997311827957
234.72266333333334 295.11967136656676 144802230.12582406 62512061.98218814 199.08333333333334
173.36812580645176 295.03237010607063 62512061.98218814 49434014.27538379 100.26344086021506
109.47549569892479 295.01849566547355 49434014.27538379 41077732.316489674 52.17741935483871
92.22654888888889 295.00963052441807 41077732.316489674 40720455.28459273 47.40277777777778
71.49214838709679 295.00925149086 40720455.28459273 38718600.417515695 36.87096774193548
80.07878888888888 295.0071277322486 38718600.417515695 44170892.07861714 64.06388888888888
165.53024623655898 295.0129120433679 44170892.07861714 63791155.650593415 167.60752688172042
9815.580863440857 295.03372709065417 63791155.650593415 26363623094.958115 0.0
2201.6888119047635 314.80804893255385 26363623094.958115 16027012639.92274 6461.0
4132.029366344088 308.6692415726717 16027012639.92274 3030787032.450573 8940.397849462366
1768.9161022222222 298.1813993554536 3030787032.450573 343890381.1297782 2752.225
864.0906064516126 295.3308830693081 343890381.1297782 178045751.93639323 865.3951612903226
341.88114777777776 295.1549392657929 178045751.93639323 81950699.81598958 311.4888888888889
400.52451935483873 295.0529924674475 81950699.81598958 90673931.5452536 319.10215053763443
308.2172591397845 295.0622469038248 90673931.5452536 77047162.87996605 252.76075268817203
201.64944222222192 295.0477903276893 77047162.87996605 60516972.12332649 163.01111111111112
156.77096881720436 295.03025352442535 60516972.12332649 54157827.82213849 123.74462365591398
110.21216888888888 295.02350713751554 54157827.82213849 49618245.32106303 98.04722222222222
146.74242688172038 295.01869111534165 49618245.32106303 60514834.2835452 152.0752688172043
7423.781966666666 295.03025125640096 60514834.2835452 19953297407.801003 0.0
916.283657142858 311.1391354211315 19953297407.801003 6839146925.514778 6326.0
3708.982510752689 301.76156369912076 6839146925.514778 715031288.040283 5961.10752688172
982.7943133333333 295.72462474861055 715031288.040283 201166411.66654813 1129.0333333333333
703.95943655914 295.1794678672465 201166411.66654813 148976863.7185782 662.9569892473119
199.15715333333333 295.12410021612413 148976863.7185782 55983063.735651106 167.66944444444445
123.54586021505378 295.02544352189227 55983063.735651106 40355681.18772236 51.43279569892473
98.53459139784948 295.0088645037001 40355681.18772236 39078215.24050212 38.60215053763441
67.11467701149427 295.00750924595854 39078215.24050212 36177842.515225545 23.283333333333335
61.68931935483869 295.0044322538884 36177842.515225545 36903745.92865807 26.053763440860216
83.62043888888888 295.0052023614775 36903745.92865807 44716689.51587037 66.69444444444444
546.2459258064519 295.0134910773561 44716689.51587037 132997485.52558933 522.7231182795699
9774.156196573085 295.1071477673728 132997485.52558933 26321882476.375755 0.0
2235.887757847713 314.7841589264971 26321882476.375755 16292914806.974274 6368.0
3957.0654731833965 308.8520173267626 16292914806.974274 810740483.365645 9698.255376344086
1539.2683399102577 295.8261621932587 810740483.365645 302286930.0981797 1683.1222222222223
914.1675769860451 295.2867461596628 302286930.0981797 187125795.47398853 896.5295698924731
1605.9336329333335 295.1645722421748 187125795.47398853 311373220.26277196 1489.7055555555555
1823.1841374579371 295.2963857630626 311373220.26277196 348792818.6191189 1729.9005376344087
943.7624830851944 295.3360840426683 348792818.6191189 192392652.9512445 941.1774193548387
482.1326911277115 295.1701598270223 192392652.9512445 111540352.01163046 468.1666666666667
193.10065215053763 295.0843839932226 111540352.01163046 60702456.11842455 176.66129032258064
118.41309333333334 295.0304503035417 60702456.11842455 51071092.59660887 108.21111111111111
395.19285483870976 295.020232434327 51071092.59660887 105571013.20405512 384.26881720430106
6629.741924731183 295.0780511491662 105571013.20405512 16989996999.697803 329.0
3133.7340226190436 309.33117748123306 16989996999.697803 9540339478.103746 6202.0
2771.2502344758063 304.03376470230796 9540339478.103746 530752798.32788765 6101.110215053764
1635.0461176880353 295.52912454734553 530752798.32788765 319549022.1894118 1664.2305555555556
532.18553655914 295.3050594336828 319549022.1894118 117737376.46625265 547.1182795698925
1397.0697440444444 295.09095838793365 117737376.46625265 273411671.78080595 1268.8722222222223
1237.5846750923456 295.2561125310639 273411671.78080595 242526968.07068413 1170.258064516129
622.3458164185278 295.2233470910998 242526968.07068413 134082594.3726973 602.0698924731183
305.2271355721559 295.10829895435256 134082594.3726973 79406475.48959194 281.25
86.36148724577009 295.05029331157397 79406475.48959194 41422712.428491026 65.16397849462365
199.17198640066167 295.00999651223054 41422712.428491026 65787322.21395102 175.84444444444443
411.96584594330346 295.0358448145703 65787322.21395102 108654389.75812487 405.38709677419354
7942.606669278034 295.08132228915565 108654389.75812487 21391259983.871967 0.0
1324.5394564102533 311.9621451372893 21391259983.871967 9193207168.879242 6355.0
2880.7945263854454 303.7417624233506 9193207168.879242 550710813.8242391 6073.653225806452
1372.4072287991467 295.55029791409316 550710813.8242391 271954180.2093471 1427.7805555555556
1149.8181146204538 295.2545662849664 271954180.2093471 229990842.7544167 1104.720430107527
2580.264188488889 295.2100475734717 229990842.7544167 488294695.0144398 2411.6694444444443
1692.952954662238 295.48408094102956 488294695.0144398 325177684.81068957 1674.5860215053763
793.1845260959471 295.31103085594174 325177684.81068957 165148366.98513436 792.0483870967741
367.8271355721559 295.14125648948135 165148366.98513436 90673577.70130414 351.4555555555556
88.20019692318945 295.0622465284334 90673577.70130414 41632249.19252765 71.12903225806451
210.5192086228839 295.0102188088187 41632249.19252765 67785699.09101495 186.5
530.8200937672972 295.03796488339805 67785699.09101495 130271671.1625127 516.9274193548387
7989.092941935484 295.10425596346545 130271671.1625127 21537409118.955772 0.0
304.41853333333336 312.0457927649701 21537409118.955772 6814260355.076852 6379.0
4465.164935548988 301.74062950460706 6814260355.076852 843296776.0842798 6660.701612903225
1453.6822287991465 295.8607010143054 843296776.0842798 286667849.87132376 1616.1583333333333
3363.4444587064754 295.2701759493649 286667849.87132376 631795347.5137289 3172.52688172043
3048.897521822222 295.636320122548 631795347.5137289 573304904.5999984 3002.108333333333
1464.3767079877111 295.5742678809675 573304904.5999984 283759009.0787574 1493.3602150537633
615.456688172043 295.26708997356116 283759009.0787574 132814109.88133241 611.0430107526881
370.4604689054892 295.1069532249961 132814109.88133241 91219367.13122761 341.40833333333336
77.18675606297438 295.06282555392664 91219367.13122761 39631979.372905225 61.06989247311828
77.01752888888889 295.0080967317769 39631979.372905225 43623241.27116968 61.56666666666667
745.7648027437905 295.01233104314787 43623241.27116968 169320943.67733783 708.2903225806451
6899.008652688172 295.1456831568824 169320943.67733783 17180382976.713745 551.0
2262.762757847713 309.46204493862643 17180382976.713745 7696878399.860266 6172.0
4042.0332151188804 302.48307402410853 7696878399.860266 776136487.0943118 6591.201612903225
597.9405411111111 295.78945097294115 776136487.0943118 131355445.73455347 794.8666666666667
432.7167032258065 295.1054057349189 131355445.73455347 99755953.39532384 384.2016129032258
135.0644177777779 295.0718819789893 99755953.39532384 44356779.40329689 89.12777777777778
372.91181827956984 295.01310925037484 44356779.40329689 85589179.1657132 279.38440860215053
241.5180741935484 295.056852513437 85589179.1657132 65056463.04371317 188.68010752688173
86.22761222222222 295.03506944944166 65056463.04371317 39627168.35186318 51.075
47.342974193548386 295.0080916277868 39627168.35186318 34325202.785525344 13.96236559139785
199.17198640066167 295.00246679692924 34325202.785525344 65782842.29666384 173.10833333333332
453.6077281758993 295.03584006184667 65782842.29666384 116168061.19064884 444.2258064516129
