4083.7643101705653 312.5358064514652 22393561032.0 28678764087.21533 1742.0
3059.024662609618 315.95853785572547 28678764087.21533 31812099965.689533 1748.0
3187.39934946237 317.47559793051687 31812099965.689533 35499238997.72391 1737.0
2807.921212222222 319.26079161311316 35499238997.72391 37999281055.35643 1707.0
2385.6413000000002 320.3978529998732 37999281055.35643 39333422223.13886 1724.0
2566.6822066666664 320.94321660572507 39333422223.13886 41033869127.78173 1724.0
2088.4788935483866 321.638316852888 41033869127.78173 41433950400.40275 1720.0
1394.3821505376345 321.80186009009515 41433950400.40275 40152296080.33353 1704.0
918.2068844444445 321.2779517973839 40152296080.33353 37890272877.049164 1668.0
679.7589419354839 320.35329317770095 37890272877.049164 35121515696.663414 1620.0
661.0080266666669 319.07791018527325 35121515696.663414 32772125199.68216 1532.0
1221.9956602150542 317.9404111550703 32772125199.68216 31948067771.944828 1553.0
1968.4272236559182 317.54142915267977 31948067771.944828 32547662026.201756 1750.0
2227.7902202380965 317.8317333331082 32547662026.201756 33678004380.81056 1744.0
2016.4846279569897 318.3790086088944 33678004380.81056 34193301281.465942 1750.0
1838.5102244444445 318.62849873219034 34193301281.465942 34113416096.26866 1738.0
1902.6843150537636 318.5898209045554 34113416096.26866 34194335532.325943 1719.0
1819.7720566666667 318.6289994830667 34194335532.325943 34015729205.613117 1717.0
1356.310577419355 318.5425240658532 34015729205.613117 32622319993.310753 1680.0
1008.8206709677422 317.86788031050196 32622319993.310753 30684017171.15235 1584.0
786.5158055555555 316.92941666076905 30684017171.15235 28818473274.161407 1399.0
595.4770290322581 316.02618053363096 28818473274.161407 27159167928.828835 1133.0
523.7957222222223 315.22279845493796 27159167928.828835 26172305769.653408 873.0
668.6474021505375 314.69854954764963 26172305769.653408 25675860075.36208 875.0
1381.2711204301077 314.4144116731697 25675860075.36208 24703880550.686115 1749.0
3490.006369047619 313.85810471078645 24703880550.686115 28807004896.024506 1779.0
3025.034267741934 316.0206279151857 28807004896.024506 32047460046.363304 1745.0
1911.6960211111111 317.5895516831429 32047460046.363304 32206480606.906555 1723.0
1789.6750827956987 317.6665443046899 32206480606.906555 32005352941.40487 1716.0
1871.0541022222221 317.56916478232057 32005352941.40487 31981524101.59931 1714.0
1576.729793548387 317.5576276273842 31981524101.59931 31216322718.60887 1671.0
1106.9001989247313 317.18714182173375 31216322718.60887 29588630498.314842 1569.0
828.7345666666668 316.39906579757667 29588630498.314842 27844903005.873585 1396.0
635.6957150537635 315.5548092407638 27844903005.873585 26427657995.156075 1084.0
546.4899255555556 314.84469894411404 26427657995.156075 25311584876.87015 946.0
652.3442924731188 314.20592083154196 25311584876.87015 24706232952.68656 899.0
1737.5256890248484 313.85945109471527 24706232952.68656 24666895150.002773 1757.0
3812.573023809524 313.8369363266957 24666895150.002773 29629964026.61839 1746.0
4160.642652457753 316.41907815755707 29629964026.61839 35915764298.63751 1741.0
3599.994539682541 319.4624597165864 35915764298.63751 40379245690.71397 1739.0
3506.5785279569895 321.3707231328712 40379245690.71397 44677824520.93115 1730.0
3169.3330166666665 323.1278748552655 44677824520.93115 47879709197.97731 1733.0
2372.539432585321 324.436725384103 47879709197.97731 48958502620.58188 1731.0
1570.3241569892473 324.8777092058517 48958502620.58188 48050721357.807526 1724.0
1148.3691199999998 324.50663088614556 48050721357.807526 46248347801.32478 1708.0
820.2934247695853 323.7698655680575 46248347801.32478 43680362266.75375 1675.0
667.7927744444444 322.72013718493815 43680362266.75375 41088700345.4221 1628.0
1926.3829999231937 321.6607304859335 41088700345.4221 42052634898.651085 1593.0
3038.314016430105 322.05476286904934 42052634898.651085 45541707396.16257 1742.0
2613.1705263333333 323.4810086099588 45541707396.16257 47603898383.01846 1741.0
3211.834134532258 324.3239808078833 47603898383.01846 51309732946.74209 1738.0
3137.435098666667 325.83883347053086 51309732946.74209 53968371437.62019 1946.361111111111
2068.396753763442 326.803467200433 53968371437.62019 53362377182.7592 2100.021505376344
1143.7207611111112 326.5884421831843 53362377182.7592 51259930976.754814 1739.675
980.840406451613 325.8184756683832 51259930976.754814 48613448065.927315 1726.0
765.1407483870968 324.73665951734324 48613448065.927315 45645252521.88224 1691.0
744.5549133499337 323.5233352726048 45645252521.88224 43097858117.96356 1596.0
441.824592172043 322.4820240296894 43097858117.96356 40113919352.26414 1456.0
405.58471000000003 321.2622643489293 40113919352.26414 37736048765.76151 1285.0
467.8489139784947 320.29025021083044 37736048765.76151 35761419277.158844 1230.0
1444.8375122954653 319.3877308401079 35761419277.158844 34978080507.831566 1743.0
1918.9751755411216 319.008463497546 34978080507.831566 35345573829.61713 1750.0
1601.000401804915 319.1863918996887 35345573829.61713 34768796718.04265 1741.0
1950.2391777777777 318.90713504311157 34768796718.04265 35003292572.02917 1727.0
1925.3115763440865 319.02067036507657 35003292572.02917 35272681642.06611 1669.0
1953.3447440444443 319.15109985575003 35272681642.06611 35617987111.90639 1645.0
1562.495965414926 319.31828561630016 35617987111.90639 35212749040.28711 1511.0
1140.630762655087 319.12208242485093 35212749040.28711 34574350377.04054 1223.0
879.202135572156 318.812990402363 34574350377.04054 34534698087.3144 779.0
607.1595682795698 318.79379204382417 34534698087.3144 34500796100.46336 529.0
574.3811955555556 318.7773777962929 34500796100.46336 34585443292.6151 506.0
765.3866064516127 318.81836123395715 34585443292.6151 34476974043.60315 830.0
1336.1306473118273 318.7658439254397 34476974043.60315 33410190114.02463 1740.0
1085.1366273809522 318.2493415871137 33410190114.02463 31788631155.222336 1739.0
1090.2254247311823 317.46423509016284 31788631155.222336 29880482521.408802 1732.0
1984.1711176880353 316.54037112491955 29880482521.408802 30336143577.196716 1685.0
1063.2156634408598 316.7609874974323 30336143577.196716 28772782392.536266 1504.0
982.7692077777779 316.00405848384634 28772782392.536266 27780253674.449703 1209.0
737.3163774193547 315.523508121647 27780253674.449703 28063766246.821815 451.0
483.73621720430117 315.6607757561837 28063766246.821815 28981044415.80843 0.0
382.9466333333333 316.1048922319204 28981044415.80843 29697504348.963104 0.0
175.51389032258075 316.45177900114413 29697504348.963104 29941373864.167873 0.0
159.45658555555556 316.5698527472489 29941373864.167873 30268205939.804813 0.0
1474.3565752688205 316.72809428672645 30268205939.804813 33143351357.070644 424.0
2993.5303849462366 318.12014687569996 33143351357.070644 36507908229.00522 1743.0
2846.637178571424 319.7491566907162 36507908229.00522 39142215749.423546 1740.0
3770.6920806451553 320.86505617226743 39142215749.423546 44371333115.87012 1736.0
4427.9352135555555 323.0025888196771 44371333115.87012 50944060224.4358 1736.0
2146.9633385613647 325.689355589768 50944060224.4358 51533059096.36456 1737.0
2228.0266488888888 325.9301236257111 51533059096.36456 52253006756.819466 1736.0
2079.581168817204 326.1948041361907 52253006756.819466 52507732916.68423 1735.0
1395.9924053763443 326.28518865135607 52507732916.68423 51095631064.435165 1731.0
997.1737066666667 325.7513139655683 51095631064.435165 48856098547.26544 1721.0
738.5443959955512 324.8358489769446 48856098547.26544 45996685552.71211 1699.0
567.9748215164697 323.6669923229508 45996685552.71211 43050275936.260284 1664.0
948.2510024326905 322.4625736215807 43050275936.260284 41244904209.87534 1649.0
1862.8731938382646 321.7245827264785 41244904209.87534 41582507444.2166 1743.0
2742.510482696498 321.8625865012467 41582507444.2166 43959723827.119545 1741.0
2863.6304439221603 322.83433321724465 43959723827.119545 46744162494.559235 1738.0
2216.689836551231 323.97254223786314 46744162494.559235 47592788215.850464 1734.0
1817.687464810673 324.3194392488829 47592788215.850464 47323890424.7024 1736.0
1498.9726946405226 324.20952054423043 47323890424.7024 46190656497.548645 1734.0
1013.8610293819979 323.7462828031947 46190656497.548645 43679982985.90738 1722.0
722.3478116576657 322.719982144396 43679982985.90738 40638793542.87817 1686.0
565.207141422298 321.47681981586516 40638793542.87817 37725518085.64107 1566.0
355.03887204301077 320.2859455316696 37725518085.64107 34736183076.97093 1378.0
315.3158066666667 318.89134457101335 34736183076.97093 32564255442.555515 1118.0
380.31301397849467 317.83976732959985 32564255442.555515 30792240076.86016 1065.0
626.3131473118282 316.9818146978116 30792240076.86016 27799133127.01358 1749.0
1307.5971845238096 315.53264894306847 27799133127.01358 26658541809.520885 1764.0
1873.3452204301059 314.97684398438696 26658541809.520885 26860056856.545906 1732.0
1151.50706 315.0779785303311 26860056856.545906 25132065899.86447 1703.0
1204.896904301076 314.10317416429973 25132065899.86447 24057537177.25099 1475.0
970.176091111111 313.488173750716 24057537177.25099 23109572277.05701 1192.0
771.0983612903226 312.9456114223083 23109572277.05701 24338783881.553123 145.0
555.5058150537634 313.6491437051014 24338783881.553123 25471657491.538853 0.0
451.96626555555554 314.2975374837104 25471657491.538853 26382526402.00741 0.0
133.25773225806455 314.8188681330171 26382526402.00741 26525485028.683678 0.0
91.16478333333333 314.90068969132534 26525485028.683678 26680142840.72239 0.0
224.4086731182789 314.9892072119519 26680142840.72239 27338556522.640804 0.0
664.2856397849463 315.3096526206259 27338556522.640804 24465125076.84605 1742.0
1971.904209523811 313.72145437090546 24465125076.84605 24940531147.15032 1761.0
2486.9042825806446 313.9935503360521 24940531147.15032 26780275288.45964 1735.0
1682.7459144444445 315.0393508707561 26780275288.45964 26464666691.70865 1688.0
1217.0407655913984 314.8658806614633 26464666691.70865 25392296844.257095 1483.0
847.8540822222222 314.25211586782115 25392296844.257095 23966385081.56848 1251.0
697.7010311827958 313.4360033662823 23966385081.56848 24389740761.86788 371.0
502.24884086021507 313.6783085862339 24389740761.86788 25380106905.168602 0.0
432.78600777777774 314.2451390253941 25380106905.168602 26241823904.01787 0.0
309.56105483870965 314.73833785715306 26241823904.01787 26856626069.29574 0.0
66.62042000000001 315.0763174539052 26856626069.29574 26947240667.82179 0.0
251.1445397849464 315.1201901170823 26947240667.82179 27677555020.08425 0.0
1134.3422182795696 315.47378474875774 27677555020.08425 26041925156.616962 1750.0
3037.7590357142826 314.62392694403445 26041925156.616962 29125440012.508785 1748.0
1950.7874537634416 316.1748039181315 29125440012.508785 29524050338.54328 1733.0
1522.2574177777778 316.3677981691407 29524050338.54328 28738157088.955917 1704.0
1358.4995688172041 315.98729402970656 28738157088.955917 27884949572.1837 1537.0
1254.6081955555555 315.57419849529566 27884949572.1837 27249247049.209427 1345.0
1070.726830107527 315.2664118568846 27249247049.209427 27287305446.859806 878.0
785.5597602150536 315.28483850433804 27287305446.859806 29015287634.197342 0.0
594.0239111111111 316.1214716927459 29015287634.197342 30277494075.857597 0.0
463.44753118279573 316.7325913023422 30277494075.857597 31289077031.09118 0.0
196.75513555555554 317.2223671110154 31289077031.09118 31710664369.963272 0.0
1034.9125344086017 317.42648608984376 31710664369.963272 32651275240.887653 707.0
3000.522838709675 317.8818995065787 32651275240.887653 36042488479.35628 1740.0
2609.5631178571357 319.5238154736885 36042488479.35628 38089184579.293335 1746.0
3413.1291129032234 320.43460331623925 38089184579.293335 42354090659.09405 1740.0
2620.3563866666673 322.17799045882026 42354090659.09405 44267078657.519356 1734.0
3306.6635795698926 322.95997219955825 44267078657.519356 48036511975.75176 1720.0
2378.650441111111 324.5008224454633 48036511975.75176 49195364695.22252 1725.0
1770.446082795699 324.9745325092884 49195364695.22252 48713824963.00277 1710.0
1307.9862483870968 324.77769108720645 48713824963.00277 47240311674.0296 1674.0
962.5876600000001 324.17535563729234 47240311674.0296 45240047913.95543 1600.0
700.0163419354839 323.35769774381606 45240047913.95543 42875216534.609245 1480.0
557.4399 322.39101370811113 42875216534.609245 40677394353.30987 1366.0
618.0221817204299 321.4925988635958 40677394353.30987 38668344943.98133 1394.0
1869.0862397849423 320.67134961601636 38668344943.98133 39032774727.01288 1739.0
2915.2691690476204 320.8203194142306 39032774727.01288 41829237860.97944 1741.0
3321.373452365593 321.9634437366042 41829237860.97944 45846521798.165695 1737.0
3057.5077688888887 323.6056091285593 45846521798.165695 48863317240.719795 1738.0
3122.9104989247307 324.83879979863184 48863317240.719795 52073344905.1022 1736.0
2618.4089255555555 326.1310546988742 52073344905.1022 53582655112.10068 1819.6055555555556
1898.067530107527 326.6666034284044 53582655112.10068 53109306544.388855 1823.0591397849462
1386.4054311827954 326.49864509691787 53109306544.388855 51665698432.78471 1732.0
1004.1938866666665 325.98434327542634 51665698432.78471 49431650868.82924 1725.0
725.5182806451613 325.07112039875835 49431650868.82924 46519451749.20781 1705.0
573.2927244444445 323.880686094512 46519451749.20781 43560252613.455284 1674.0
597.137588172043 322.67103935691046 43560252613.455284 40830572500.35924 1643.0
766.634117204301 321.55521426639564 40830572500.35924 38226264605.079094 1745.0
1560.614014285715 320.4906382089164 38226264605.079094 37742073226.00621 1743.0
1992.5981021505386 320.2927128597927 37742073226.00621 38208366243.105446 1740.0
1903.5637577777777 320.4833218053299 38208366243.105446 38276767707.30442 1738.0
2060.042769892473 320.51128261642094 38276767707.30442 38827853543.32511 1691.0
1971.6043755555556 320.73655274969 38827853543.32511 39003979313.56116 1720.0
1632.7797311827958 320.8085485680179 39003979313.56116 38298858243.65707 1684.0
1186.644806451613 320.52031267624625 38298858243.65707 36763250265.71898 1598.0
852.3424547892721 319.8727850613532 36763250265.71898 34909027588.289825 1450.0
619.278029032258 318.9750303032293 34909027588.289825 33248559377.25235 1149.0
498.6482166666667 318.1710852025043 33248559377.25235 32151892548.61693 887.0
971.3131301075271 317.6401145292035 32151892548.61693 32300814698.382374 939.0
1972.8040460354503 317.7122178262721 32300814698.382374 32928284495.773476 1744.0
2985.6199007048563 318.0160184447436 32928284495.773476 35893598689.529076 1743.0
3593.0332151188804 319.45172784425733 35893598689.529076 40643062695.41833 1741.0
3207.871117688035 321.47856493885473 40643062695.41833 44072985623.75799 1738.0
4257.07349096454 322.88063181240955 44072985623.75799 50344538774.11459 1734.0
4103.441966266667 325.44428618644827 50344538774.11459 54645176304.51247 2227.7833333333333
2532.5658578880443 327.0436179560055 54645176304.51247 53729535191.235565 2620.8655913978496
1684.421085235732 326.7187209052552 53729535191.235565 52820074858.950294 1829.029569892473
1240.9688022388227 326.3960169817973 52820074858.950294 51186131642.79742 1728.0
827.0791467741935 325.7883083428794 51186131642.79742 48504915624.45408 1718.0
645.17976 324.69229416451316 48504915624.45408 45664659874.02954 1699.0
675.2197365591398 323.53126851370604 45664659874.02954 43036203243.29068 1684.0
1439.3037526881722 322.45682105598473 43036203243.29068 42250285314.27792 1739.0
3529.103070238091 322.1355574251034 42250285314.27792 46529522784.799225 1741.0
1517.8496968413979 323.8848028824632 46529522784.799225 45712662814.76208 1736.0
2301.5683399102577 323.5508909176027 45712662814.76208 46772667079.68159 1739.0
1725.3280096774197 323.9841942007146 46772667079.68159 46275065215.591675 1731.0
1976.0641884888892 323.7807869800756 46275065215.591675 46388838887.699165 1731.0
1738.1599439095498 323.82729481715455 46388838887.699165 45820282821.18143 1718.0
1343.2759239454094 323.59488328975937 45820282821.18143 44420020413.79647 1688.0
1012.5410244610448 323.0224909717113 44420020413.79647 42485471505.310936 1629.0
644.0980463855551 322.23169566915556 42485471505.310936 39913413577.0936 1505.0
653.4136530673284 321.18030259317084 39913413577.0936 37983486640.72876 1360.0
757.5868136852389 320.3913966374419 37983486640.72876 36469284809.100624 1348.0
1440.3378520737333 319.7304564777286 36469284809.100624 35660658139.78926 1748.0
2010.6198135531104 319.33894555039666 35660658139.78926 36244538390.61444 1752.0
2461.2757091811445 319.6216415176791 36244538390.61444 37963213003.576 1742.0
2539.46556213248 320.3831092806551 37963213003.576 39697864228.31692 1730.0
2685.7804802118517 321.0921914000478 39697864228.31692 41861457756.34536 1710.0
3080.8447440444443 321.9766144255397 41861457756.34536 44888045730.93502 1719.0
2146.399191221378 323.213808038262 44888045730.93502 45462588189.476234 1702.0
1640.888827171216 323.4486666532809 45462588189.476234 44928666140.40489 1662.0
1257.002135572156 323.23041264766516 44928666140.40489 43709754775.96091 1596.0
785.2781539124368 322.7321521089907 43709754775.96091 41457662998.81581 1525.0
757.680319733995 321.81155320839997 41457662998.81581 39762196928.34416 1373.0
928.3899862404154 321.11848900191205 39762196928.34416 38640265501.12715 1373.0
1563.29455483871 320.65987144071147 38640265501.12715 38182894225.8687 1740.0
1067.9066285714284 320.4729094805295 38182894225.8687 36514361050.964775 1740.0
3335.7966559790952 319.75228093878417 36514361050.964775 40579409722.459175 1739.0
3428.2711176880357 321.4525451924482 40579409722.459175 44592505526.54503 1733.0
3475.9337060183034 323.0929985801383 44592505526.54503 48801519549.12389 1724.0
3379.5919662666665 324.8135384449341 48801519549.12389 52537110941.290215 1727.0
2415.50036390169 326.29561285950155 52537110941.290215 53486023567.62969 1809.9327956989248
1545.2765806451612 326.6323156453933 53486023567.62969 52433904294.50266 1743.6505376344087
1308.7215800166005 326.25899203211304 52433904294.50266 51098319978.239746 1681.0
841.4851431597486 325.75241312640946 51098319978.239746 48656463842.64886 1643.0
645.9647511111111 324.7542432930844 48656463842.64886 46071905608.76652 1601.0
1119.8373833889518 323.69774040418304 46071905608.76652 44956746654.5151 1564.0
1908.0489752688175 323.24189126087276 44956746654.5151 45424161961.047134 1740.0
2724.7716864191416 323.4329589703149 45424161961.047134 47756328938.05396 1741.0
3029.8638602801702 324.3862906137296 47756328938.05396 50972347548.29091 1739.0
1331.4877633333333 325.7009187416368 50972347548.29091 49506962612.18238 1736.0
1437.601111827957 325.10190595946955 49506962612.18238 48249510549.32252 1722.0
1310.3783066666667 324.587890945356 48249510549.32252 46721475818.328476 1696.0
1117.2612806451612 323.9632684909368 46721475818.328476 44773745276.73759 1613.0
847.5583967741936 323.1670848658145 44773745276.73759 42712458283.55279 1442.0
541.5970566666667 322.3244821979368 42712458283.55279 40655689759.843704 1208.0
317.8402860215054 321.48372656758835 40655689759.843704 38736117022.5947 937.0
362.905319733995 320.699053149991 38736117022.5947 37080941022.84315 964.0
603.4786959178348 320.0224585186714 37080941022.84315 35988995187.561 1036.0
