4064.718611245834 312.5358064514652 22393561032.0 17433353597.876827 5921.0
3053.5960911810466 309.6359318104735 17433353597.876827 10648069436.057686 5847.0
2800.8294569892514 304.9655698486353 10648069436.057686 665497607.7537185 6490.298387096775
1859.9406566666667 295.67207469526176 665497607.7537185 360417428.0713508 1925.2027777777778
1463.350977419355 295.34841653731314 360417428.0713508 286849111.69443387 1429.8494623655913
1138.9210955555554 295.27036824919844 286849111.69443387 226606798.86341152 1094.1472222222221
835.1294311827951 295.2064574568888 226606798.86341152 169509404.12598193 777.9086021505376
401.4063440860217 295.14588309370464 169509404.12598193 93941562.32206064 369.002688172043
196.61799555555552 295.0657135182708 93941562.32206064 59608402.85744285 164.84722222222223
266.57076989247315 295.0292896274745 59608402.85744285 74140240.70528822 225.70698924731184
444.2663600000001 295.0447063873385 74140240.70528822 110286987.09717691 416.35833333333335
1033.8343698924737 295.0830543041557 110286987.09717691 221639238.0073296 1001.744623655914
5466.077761290327 295.2011873944487 221639238.0073296 13126327271.509106 651.0
3155.468791666668 306.6753693095334 13126327271.509106 8254400347.556877 5159.0
1844.7158107526884 302.9520527822652 8254400347.556877 362744890.4699954 4757.497311827957
880.6602244444445 295.35088573145555 362744890.4699954 182587979.9271553 898.2777777777778
842.2138849462368 295.1597580945546 182587979.9271553 174046587.0501745 784.8387096774194
565.7637233333332 295.1506965701784 174046587.0501745 122638288.20238374 517.9861111111111
252.6439107526885 295.0961577426293 122638288.20238374 63786160.313891284 196.55107526881721
151.81260645161314 295.03372179112444 63786160.313891284 48711890.09154217 96.99462365591398
165.49358333333333 295.0177295672518 48711890.09154217 53978989.92615549 118.46666666666667
243.11412580645163 295.0233174092151 53978989.92615549 69781186.83167362 201.78494623655914
386.95405555555556 295.0400818871543 69781186.83167362 99760841.3171376 361.43333333333334
573.0586924731181 295.07188716456307 99760841.3171376 137900924.0527188 568.260752688172
5009.461980645161 295.1123498027294 137900924.0527188 13563277836.854239 0.0
4677.976607142857 306.9757202617915 13563277836.854239 12310018669.711662 5185.0
2936.510074193547 306.11425534074215 12310018669.711662 1931516937.4459836 6771.0
1028.33491 297.0151887730172 1931516937.4459836 209464801.3672035 1640.35
723.77454516129 295.1882715906718 209464801.3672035 152610892.11447632 684.5
857.7735466666666 295.1279555401172 152610892.11447632 175507621.8870027 781.1444444444444
349.19215913978496 295.1522465753098 175507621.8870027 81402138.24606127 306.1720430107527
125.36256451612905 295.0524105010037 81402138.24606127 43884082.70375632 78.93548387096774
143.82623333333333 295.01260776862273 43884082.70375632 49982805.667796366 96.4888888888889
221.38388709677423 295.019077875735 49982805.667796366 65787590.587541535 180.06182795698925
384.36214777777775 295.0358450992866 65787590.587541535 99389601.97576444 357.44444444444446
519.1749376344092 295.0714933184551 99389601.97576444 128093402.13353656 517.8951612903226
5889.5068718205475 295.10194504788194 128093402.13353656 15522494730.351784 145.0
4908.203976190476 308.322446199032 15522494730.351784 14340902565.196676 5385.0
3481.0216847158176 307.51024372092155 14340902565.196676 4966233405.317781 6937.0
1697.7195396825412 300.1860980865728 4966233405.317781 330988673.65444636 3431.366666666667
826.3070225806453 295.3171957072506 330988673.65444636 171140587.22934014 825.3978494623656
794.0135722222221 295.14761360834854 171140587.22934014 164052755.1337252 728.9888888888889
417.7007229079013 295.14009415991273 164052755.1337252 93759328.0795926 365.741935483871
159.96125376344082 295.065520186802 93759328.0795926 50165222.379309386 115.77956989247312
134.92745333333335 295.01927140078436 50165222.379309386 48411415.98229831 90.62222222222222
182.28536025345625 295.0174107956528 48411415.98229831 58704055.95699181 143.03494623655914
353.4788855555555 295.0283302100117 58704055.95699181 93758100.20799786 326.00555555555553
1734.498591321043 295.06551888415873 93758100.20799786 348870381.588246 1648.7983870967741
10645.203801376341 295.3361663288651 348870381.588246 24617279001.611824 1588.0
3515.6496930000003 313.80853880586756 24617279001.611824 17817421004.079906 6313.0
3000.0061775430104 309.8999319522133 17817421004.079906 7237422060.60342 6902.0
2469.1878764444446 302.0965865247337 7237422060.60342 471588735.9720836 5021.238888888889
1346.7623451612915 295.46635766600053 471588735.9720836 265617382.3829587 1362.736559139785
355.66520555555553 295.24784360532885 265617382.3829587 84493688.10808268 358.0444444444444
226.8323419354839 295.05569031201793 84493688.10808268 59068933.41147413 158.29032258064515
136.77784516129032 295.0287173068231 59068933.41147413 45987376.85439449 81.2258064516129
287.99935779437806 295.01483914370294 45987376.85439449 76145315.59089473 231.31666666666666
209.10685023655913 295.0468335620527 76145315.59089473 63604762.46225912 178.36827956989248
372.59026555555556 295.03352934697887 63604762.46225912 97212125.86182286 345.6722222222222
463.5317096774194 295.06918324407155 97212125.86182286 117922423.04629855 465.23118279569894
5901.383211220197 295.09115470299844 117922423.04629855 15932558126.23101 0.0
3236.6835088744556 308.60431545657895 15932558126.23101 10164277951.147734 5610.0
1654.4116921274958 304.55861200466666 10164277951.147734 332979003.27117586 5289.604838709677
816.5308444444445 295.31930723877696 332979003.27117586 170960038.42047048 827.1888888888889
613.2201784946241 295.1474220649485 170960038.42047048 132453150.60459976 567.1693548387096
605.1614107111111 295.1065702849614 132453150.60459976 129724152.32529028 538.5888888888888
451.63575036116276 295.10367510325193 129724152.32529028 99938845.72822295 384.5376344086022
309.1388271712159 295.0720760086232 99938845.72822295 77231460.78125706 257.0698924731183
287.99935779437806 295.04798584848425 77231460.78125706 76198308.95914046 243.34444444444443
290.17032096774193 295.0468897824731 76198308.95914046 78318714.84904806 253.93010752688173
441.8311955555555 295.04913931131875 78318714.84904806 109745057.42360091 415.74444444444447
660.9968215053761 295.0824793734602 109745057.42360091 153883527.09222814 653.9677419354839
5187.886023655913 295.1293056727055 153883527.09222814 13706304294.317118 131.0
2321.2378178571425 307.0740337464374 13706304294.317118 7355822028.70532 4936.0
1661.7442419354834 302.19618272939545 7355822028.70532 328823518.0315681 4252.669354838709
1519.1988954658132 295.31489870361935 328823518.0315681 298655063.66977334 1478.638888888889
421.788244086021 295.2828931292911 298655063.66977334 97757910.57079159 436.4489247311828
350.6608744444445 295.06976226455635 97757910.57079159 83587543.03227894 288.6777777777778
244.41583978494612 295.0547289868791 83587543.03227894 62332780.183016025 174.30376344086022
115.71471182795705 295.0321799068354 62332780.183016025 42172343.826021284 62.81720430107527
209.7994111111111 295.01079179272864 42172343.826021284 61973310.766276084 157.1472222222222
181.39023440860228 295.03179854738624 61973310.766276084 58660590.63353673 147.21774193548387
348.9621411111111 295.02828409785013 58660590.63353673 92873699.88628271 321.81388888888887
1553.5178655914012 295.06458062792944 92873699.88628271 315996437.1823344 1479.744623655914
3958.7104924731184 295.30129051260593 315996437.1823344 6592757565.40934 1617.8521505376343
3493.3157499999957 301.55430481612495 6592757565.40934 3159725464.941202 4904.0
4094.1598225806392 298.3181895448135 3159725464.941202 770329673.2199268 4955.137096774193
3516.8935468888885 295.78329055083805 770329673.2199268 661223987.6179464 3505.7
727.2455966258808 295.6675408313367 661223987.6179464 153161799.87333733 856.3252688172043
654.5044266666666 295.128539995622 153161799.87333733 138631200.29681438 592.4472222222222
738.6752548387094 295.11312454943436 138631200.29681438 152065880.27675155 655.2204301075269
269.33917956989274 295.12737733956794 152065880.27675155 69963287.63954496 239.45698924731184
228.56537333333335 295.040275077063 69963287.63954496 65420839.52091999 185.29166666666666
290.2970841675941 295.03545601476867 65420839.52091999 78324675.00115702 250.03225806451613
420.8942659609141 295.0491456344167 78324675.00115702 105933031.77379008 396.28333333333336
871.2375615724753 295.078435213 105933031.77379008 192030542.04664308 848.5618279569892
5951.123193838264 295.1697756652309 192030542.04664308 16139930929.134556 0.0
4020.947982696498 308.7468593134002 16139930929.134556 11694957055.74467 5847.0
2640.055175104956 305.6914744677926 11694957055.74467 787336563.2595586 6673.771505376344
1263.1092809956754 295.8013330821765 787336563.2595586 252149940.29052964 1417.4194444444445
1022.4320884665867 295.23355605802095 252149940.29052964 206744123.92293873 978.6989247311828
600.3310279738557 295.18538523649795 206744123.92293873 128818088.19676235 562.7527777777777
305.7884487368367 295.1027138639898 128818088.19676235 73415511.0393232 248.36559139784947
176.4365213350851 295.04393752497276 73415511.0393232 53213672.7806539 123.51612903225806
194.7182525334091 295.0225054877792 53213672.7806539 59251307.89059771 147.38055555555556
206.38564623655913 295.0289107870683 59251307.89059771 63061644.280816264 169.54569892473117
364.6546955555556 295.03295315540083 63061644.280816264 95758876.11818579 338.0888888888889
457.1248419354839 295.0676414981097 95758876.11818579 116832164.7762298 458.68817204301075
2482.7970182795702 295.08999805301954 116832164.7762298 6773757049.026776 0.0
2433.3799226190476 301.7065587559108 6773757049.026776 3004604487.8487124 3983.0
2338.9823172042998 298.15362241443745 3004604487.8487124 451600177.9473954 3261.8225806451615
762.9598377777777 295.44515189682517 451600177.9473954 161328990.71581477 823.1
587.1334634408609 295.13720453078275 161328990.71581477 127727104.15921976 539.2688172043011
306.05942444444446 295.10155644404756 127727104.15921976 75411739.06015529 258.81388888888887
193.84298494623653 295.04605531408885 75411739.06015529 53070556.07242347 124.1774193548387
99.78000860215053 295.02235365592236 53070556.07242347 39264767.67609581 44.52150537634409
130.02182111111108 295.0077071585785 39264767.67609581 47522584.01989793 81.85833333333333
201.23085053763447 295.0164678379163 47522584.01989793 62152061.106115 160.3548387096774
382.01200555555556 295.0319881827988 62152061.106115 98937513.60754049 353.8666666666667
428.47587741935416 295.0710136999868 98937513.60754049 111562667.88466974 433.19086021505376
1430.6592956989248 295.0844076680296 111562667.88466974 1372462125.216555 962.1747311827957
2484.511352380954 296.4220900967712 1372462125.216555 482191593.3919673 2845.6964285714284
2744.573637419354 295.47760618861867 482191593.3919673 525169946.69827986 2698.6102150537636
1284.2181366666666 295.52320172575673 525169946.69827986 255965247.09310684 1335.9555555555555
767.9359268817211 295.237603699441 255965247.09310684 160608657.50461826 743.0
337.61797111111105 295.1364403325956 160608657.50461826 81224273.11039974 300.7861111111111
207.7359774193548 295.0522218047002 81224273.11039974 55618804.82900045 139.2768817204301
108.92357204301072 295.02505708129536 55618804.82900045 40900109.66078709 54.0
128.79434111111112 295.0094420853605 40900109.66078709 47258533.93351698 81.3638888888889
207.30567849462363 295.0161877083954 47258533.93351698 63249378.88035499 165.91935483870967
364.50097555555556 295.03315232217307 63249378.88035499 95756970.54383534 338.0083333333333
550.1767978494626 295.0676394764946 95756970.54383534 133724980.06136298 545.4408602150538
1496.683616129032 295.1079195629762 133724980.06136298 648530866.1150677 1306.717741935484
3284.5804642857115 295.65407475717706 648530866.1150677 627440343.4518824 3286.4910714285716
1941.1234752688179 295.63169991879045 627440343.4518824 379308425.7058853 2004.0591397849462
937.1490844444445 295.36845790972404 379308425.7058853 192934988.2995507 957.1333333333333
565.8786010752688 295.1707351880963 192934988.2995507 123916631.92054684 531.241935483871
291.3915288888889 295.09751393159405 123916631.92054684 72849073.37794046 243.675
182.71070107526884 295.04333659386583 72849073.37794046 51071105.47183204 112.84408602150538
92.39578172043002 295.02023244798625 51071105.47183204 37976731.61331543 36.876344086021504
112.67391111111112 295.00634068705 37976731.61331543 44352105.69547765 65.24444444444444
181.93946666666665 295.0131042920597 44352105.69547765 58702332.06572088 141.1747311827957
366.2551355555555 295.02832838114335 58702332.06572088 96116716.95034173 337.86944444444447
1260.8103838709674 295.0680211298009 96116716.95034173 262870072.98676097 1208.0564516129032
4106.42068817204 295.2449289974398 262870072.98676097 7269515172.947079 1493.0913978494623
3326.027403571421 302.12358274978726 7269515172.947079 3250019860.80937 4979.0
3496.90330645161 298.4139824536488 3250019860.80937 661826352.1404417 4432.325268817204
1110.0480533333343 295.66817987708515 661826352.1404417 224363870.9872713 1226.7583333333334
725.6555150537637 295.2040779450321 224363870.9872713 152973183.93218377 691.8037634408602
382.1948855555555 295.12833989383853 152973183.93218377 89220090.30869272 339.30555555555554
248.85737311827972 295.06070453035085 89220090.30869272 63065028.9792451 180.56989247311827
134.9136677419355 295.0329567462118 63065028.9792451 45624618.164572254 80.98924731182795
144.04599333333334 295.0144542946792 45624618.164572254 50103002.298573226 97.33333333333333
206.93032043010754 295.0192053917872 50103002.298573226 63244363.806922816 166.60752688172042
365.2454555555555 295.0331470017048 63244363.806922816 95938948.89717895 338.68055555555554
523.8151924731181 295.06783253649184 95938948.89717895 129000836.68420012 520.9086021505376
8178.312046236555 295.10290774101867 129000836.68420012 20883106858.695183 433.0
4019.1888119047635 311.6713065812129 20883106858.695183 15569544550.72457 6203.0
2951.9971082795714 308.35478729084724 15569544550.72457 5067409118.905784 6828.0
1718.0133244444446 300.27120551724914 5067409118.905784 334709243.9522549 3489.141666666667
910.1927569892471 295.321142843149 334709243.9522549 186402273.37677044 904.9247311827957
956.2005922222222 295.1638046609132 186402273.37677044 193482328.46467507 885.6
581.6562397849463 295.17131585875734 193482328.46467507 123548166.34916222 529.4301075268817
189.3194096774189 295.09712302816587 123548166.34916222 55432430.14680303 154.2688172043011
196.73277555555524 295.02485935725315 55432430.14680303 59610810.44344222 150.11111111111111
236.46451720430116 295.0292921816714 59610810.44344222 68579649.07177208 197.68817204301075
407.7260577777778 295.0388071812771 68579649.07177208 103569999.22215497 380.26944444444445
493.0784483870967 295.07592828264603 103569999.22215497 123369395.95358612 495.1209677419355
8069.306160215054 295.0969333714763 123369395.95358612 21745376886.39319 0.0
2958.72710952381 312.16482193589354 21745376886.39319 14386600382.76204 5988.0
2164.8481021505386 307.54165547344104 14386600382.76204 1829258607.6463804 6811.416666666667
927.5026466666666 296.90670338175937 1829258607.6463804 191123690.25406596 1507.2277777777779
574.8277161290325 295.16881359033954 191123690.25406596 125548901.69667238 538.9005376344086
385.67104222222224 295.0992455990841 125548901.69667238 89942210.89109944 331.9277777777778
217.93295698924732 295.06147062475185 89942210.89109944 57463444.60097368 152.02956989247312
98.07491397849464 295.0270140511362 57463444.60097368 38903692.48187107 44.59139784946237
130.28134367816097 295.00732409556747 38903692.48187107 47617760.59641354 81.94166666666666
185.17856666666665 295.0165688103081 47617760.59641354 59249120.56143976 145.42741935483872
368.7871055555555 295.0289084665409 59249120.56143976 96486295.53327256 340.46944444444443
904.530872043011 295.0684132140179 96486295.53327256 198035793.89146692 876.0887096774194
6918.502970766633 295.1761466092632 198035793.89146692 18595357656.55522 53.0
4077.2210911810466 310.3619263144203 18595357656.55522 13406828072.29424 6210.0
2997.0896667317834 306.86817986822535 13406828072.29424 2718127020.3490515 6946.0
1872.8238954658132 297.84969978819123 2718127020.3490515 362781165.1617121 2728.4
1349.635318921529 295.350924215109 362781165.1617121 266146258.80657104 1324.8118279569892
1378.689188488889 295.24840468789154 266146258.80657104 270136893.8132121 1308.9833333333333
1222.4180084256789 295.2526383341961 270136893.8132121 239803972.5539487 1154.8978494623657
384.8323755583127 295.2204582776936 239803972.5539487 91033129.00201198 379.752688172043
312.6938022388225 295.06262797475284 91033129.00201198 80685025.68109001 271.61944444444447
259.42592096774194 295.05164971958527 80685025.68109001 72845895.98270848 226.91397849462365
391.2325377777778 295.04333322298186 72845895.98270848 100658110.98295678 366.5472222222222
494.78694086021505 295.07283907382026 100658110.98295678 123730493.09252752 495.60752688172045
9636.803752688173 295.09731645776844 123730493.09252752 24937469549.264565 376.0
4350.942355952377 313.9917980478849 24937469549.264565 19867263037.161003 6433.0
1099.422277486559 311.0898941375693 19867263037.161003 3904760111.6240444 7012.0
1424.24056213248 299.10859337112674 3904760111.6240444 281396887.3953291 2768.5555555555557
575.2876870967744 295.2645840095431 281396887.3953291 125578342.7677092 573.0322580645161
654.5502996 295.0992768329808 125578342.7677092 138632599.85086387 581.8583333333333
450.63575036116276 295.1131260342148 138632599.85086387 99755700.952806 386.9301075268817
295.18990244003317 295.0718817111742 99755700.952806 74687190.76516744 244.01075268817203
300.34658001660034 295.04528664413874 74687190.76516744 78501310.52831312 253.81666666666666
210.850734557598 295.04933302623414 78501310.52831312 63968985.28298143 180.8548387096774
495.6858752895505 295.03391574929236 63968985.28298143 119553869.25297041 460.27222222222224
684.3798244379271 295.09288549676745 119553869.25297041 158064810.52690208 679.4543010752689
7653.19269078341 295.13374157704953 158064810.52690208 18480416736.979786 815.6720430107526
3290.0930278388246 310.2961405316963 18480416736.979786 12142959159.127596 5898.0
2526.8805478908216 305.9994220230462 12142959159.127596 966467744.6891687 6660.3494623655915
1521.6711176880353 295.991372527784 966467744.6891687 299020811.8577233 1726.8416666666667
797.9847812871205 295.28328114985965 299020811.8577233 166057870.55750778 787.0618279569892
627.8558551555556 295.1422213776337 166057870.55750778 133905030.37418365 572.6111111111111
462.5846750923456 295.1081105775241 133905030.37418365 101934098.57838438 396.2930107526882
309.1388271712159 295.07419276318524 101934098.57838438 77231062.86919923 257.81451612903226
300.34658001660034 295.0479854263412 77231062.86919923 78502373.29802175 254.79722222222222
210.850734557598 295.04933415372165 78502373.29802175 63970050.68017354 180.8548387096774
495.6858752895505 295.03391687956736 63970050.68017354 119554938.27779834 460.27222222222224
771.1050400038563 295.0928866308909 119554938.27779834 173867948.57808533 760.2876344086021
8627.961221505377 295.1505070534459 173867948.57808533 22336075329.894886 357.0
2278.4602 312.50290483624934 22336075329.894886 13043989196.656965 6107.0
3212.162247376945 306.6187717876388 13043989196.656965 3099988991.462319 6883.0
1445.976673243591 298.25481539514357 3099988991.462319 285276809.7751182 2478.811111111111
772.0869318247549 295.26870020133157 285276809.7751182 161334287.80789757 757.8145161290323
641.2030773777778 295.13721015044337 161334287.80789757 136268883.66760978 583.2166666666667
281.0568155145929 295.1106183785992 136268883.66760978 69028627.31683469 228.06989247311827
107.38410752688162 295.03928350023006 69028627.31683469 40661840.897756934 57.553763440860216
299.34658001660034 295.00918930712686 40661840.897756934 78318687.43780494 239.76666666666668
222.79965928878084 295.0491392822383 78318687.43780494 66151394.82042255 191.91666666666666
362.18419555555556 295.0362310575222 66151394.82042255 95390242.5117648 336.9527777777778
943.4368457545431 295.0672504164139 95390242.5117648 205114121.67482257 911.9462365591398
9640.34467419355 295.1836559746179 205114121.67482257 21421403013.154007 1722.505376344086
4217.42942451438 311.9793973289572 21421403013.154007 16981078963.63304 6040.0
2875.468698989848 309.325047404202 16981078963.63304 6239670268.497293 6839.0
493.60720777777783 301.2572932944964 6239670268.497293 112462413.06375746 2802.536111111111
516.818853763441 295.0853622035474 112462413.06375746 115015180.57766286 455.508064516129
293.9227511111112 295.0880704228492 115015180.57766286 73232543.67992122 242.625
172.46558172043 295.0437434157436 73232543.67992122 49255958.81854184 103.4274193548387
67.23312795698928 295.0183067672592 49255958.81854184 33276024.102975603 12.806451612903226
102.16650111111107 295.0013537280957 33276024.102975603 42533232.73934029 53.63055555555555
170.8322215053763 295.0111746581152 42533232.73934029 56700644.70064177 130.13978494623655
495.6858752895505 295.0262048002341 56700644.70064177 119558589.38412285 457.46666666666664
783.0539647350391 295.09289050433284 119558589.38412285 176048930.52062628 771.4247311827957
