4085.1191488802424 312.5358064514652 22393561032.0 30964653300.078102 890.0
3061.8103768953324 317.065291614253 30964653300.078102 29191430821.893673 3779.0
3335.9477365591442 316.2067545375684 29191430821.893673 26033309605.4103 4448.0
4070.165656666667 314.6189958822174 26033309605.4103 33957134624.283382 890.0
2861.9531279569896 318.51415446125856 33957134624.283382 40331145194.58236 322.0
2256.9738733333334 321.3510608507626 40331145194.58236 44915285019.316605 296.0
1675.8391086021497 323.22494277939086 44915285019.316605 47999320184.005165 291.0
1256.1482795698926 324.4856193693985 47999320184.005165 50087829180.6087 290.0
939.7263288888889 325.3393497127437 50087829180.6087 51405407142.70277 290.0
708.307329032258 325.8779426935697 51405407142.70277 52125615744.05798 326.8682795698925
654.0135822222223 326.1496019671988 52125615744.05798 52228926853.25988 569.7194444444444
1218.4983483870974 326.1862598609988 52228926853.25988 52764518453.50565 1048.6612903225807
1964.0589440860258 326.3763038955045 52764518453.50565 53388435757.281784 1738.1881720430108
2206.0818869047635 326.5976885504415 53388435757.281784 49351354422.59012 3854.0
2389.7077462365596 325.0382972159382 49351354422.59012 45803508481.385315 3626.0
2355.926891111111 323.58802635838066 45803508481.385315 49144833749.263306 911.0
2090.8859279569897 324.9538767199605 49144833749.263306 52862861152.01449 512.7956989247311
1835.40539 326.4111988475169 52862861152.01449 53099065493.80658 1527.4972222222223
1367.587459139785 326.49501126365885 53099065493.80658 52694876338.061455 1267.9301075268818
995.508843010753 326.3515927749708 52694876338.061455 52414963204.512924 906.4247311827957
717.5908055555556 326.2522711627829 52414963204.512924 52213949907.73398 651.3944444444444
512.8264913978495 326.18094558954454 52213949907.73398 52059469851.08375 457.60752688172045
370.66794444444446 326.12613141172136 52059469851.08375 51991698087.84585 352.4638888888889
486.10976774193534 326.1020839484949 51991698087.84585 52145775054.22881 458.55645161290323
1174.9646688172045 326.1567550977482 52145775054.22881 52191208535.41214 1165.0
3311.5123214285713 326.1728762655592 52191208535.41214 49926186812.62418 4227.0
3022.9885688172035 325.27327434771394 49926186812.62418 49712930956.341095 3012.0
2165.573798888889 325.1861006770709 49712930956.341095 52743654691.81078 833.6666666666666
2313.492287096774 326.3689008043327 52743654691.81078 53510262325.72666 1833.1021505376343
1921.495768888889 326.6409162869606 53510262325.72666 53202298817.30664 1822.963888888889
1483.0469978494623 326.5316415567486 53202298817.30664 52795165671.26453 1384.231182795699
1115.324930107527 326.38717845161517 52795165671.26453 52518780645.729294 1024.720430107527
863.7679 326.28910871843493 52518780645.729294 52339716416.47273 788.9277777777778
631.4941021505377 326.2255713355709 52339716416.47273 52163578635.19495 584.233870967742
550.8760366666667 326.1630723446092 52163578635.19495 52145645368.55715 513.3805555555556
470.8066580645166 326.1567090813651 52145645368.55715 52140247010.29311 502.80645161290323
1553.988054616246 326.15479358122707 52140247010.29311 53015230041.15222 1234.3467741935483
3618.921238095238 326.46526391950755 53015230041.15222 53715910878.465416 3308.0
4169.2232976190435 326.7138865886509 53715910878.465416 55173012173.77627 3529.7688172043013
3752.047317460319 327.2309100235168 55173012173.77627 54837261269.691765 3712.675
2542.234441935484 327.1117754882256 54837261269.691765 53794223642.00469 2735.94623655914
2077.4580166666665 326.7416743163327 53794223642.00469 53345030767.4463 2033.0111111111112
1848.109325058439 326.5822871524692 53345030767.4463 53104015981.65819 1686.6021505376343
1751.8591032258064 326.49676784588246 53104015981.65819 53060199546.198044 1573.481182795699
1716.6218977777778 326.48122045460764 53060199546.198044 53070186629.21399 1567.85
1607.3122419738866 326.48476417252334 53070186629.21399 53005780966.31231 1517.3978494623657
1243.1261077777776 326.46191110310025 53005780966.31231 52759290904.83696 1293.5
2137.0657956221185 326.3744490037566 52759290904.83696 53551122005.28074 1871.779569892473
3118.0613282580625 326.65541453216736 53551122005.28074 54381915717.66053 2815.0188172043013
2616.56338347619 326.9502051690448 54381915717.66053 52036037295.27861 3565.0
3321.9631667903222 326.11781683501414 52036037295.27861 52627512630.89077 3008.0
3469.726765333334 326.3276901023297 52627512630.89077 54477423030.81192 2588.7638888888887
2162.920947311829 326.98409404091615 54477423030.81192 53463681625.239845 2346.3602150537636
1343.03465 326.62438805118063 53463681625.239845 52723061178.39081 1412.2083333333333
1034.7893311827956 326.36159360539017 52723061178.39081 52402250757.02846 904.8064516129032
743.1891354838709 326.24776040345193 52402250757.02846 52192657941.43188 628.3279569892474
661.7021355721558 326.17339055847845 52192657941.43188 52156776789.30739 531.95
342.3407212043011 326.1606588447822 52156776789.30739 51866037298.04857 338.14516129032256
244.37637666666666 326.0574957147338 51866037298.04857 51627951875.69344 292.0
300.2602043010753 325.968913425137 51627951875.69344 51735362669.95144 290.0
1263.8160069191213 326.0111284201016 51735362669.95144 52705262505.29373 908.7043010752689
1701.6864850649313 326.3552780999889 52705262505.29373 49930070642.9309 2828.0
1646.4278211597539 325.27486196059306 49930070642.9309 44018091993.25744 3766.0
2263.0864 322.85819266654477 44018091993.25744 46879418714.67125 1007.0
2146.553511827957 324.0278316043076 46879418714.67125 51277516379.43394 319.0
2183.3947440444445 325.82566414202233 51277516379.43394 53297540781.01891 1188.0555555555557
1573.0631697160015 326.5654362746452 53297540781.01891 52874005824.06263 1480.1586021505377
1128.8350637303556 326.41515331289366 52874005824.06263 52533532905.14537 1062.0940860215053
787.9160244610448 326.2943432644887 52533532905.14537 52277872168.05909 742.6861111111111
479.81010591397853 326.203627133171 52277872168.05909 52034997021.29377 457.5940860215054
385.44508444444443 326.117447714466 52034997021.29377 52002704080.17841 353.5527777777778
547.9699397849461 326.1059892061309 52002704080.17841 52197638269.61186 505.1747311827957
1117.843012903225 326.17515772894944 52197638269.61186 52561515926.35666 989.0
1038.7556749999999 326.30427248340516 52561515926.35666 46083804116.96612 3696.0
1099.4189731182792 323.7026042173182 46083804116.96612 38079963694.387436 4005.0
1999.6044510213687 320.4308340486663 38079963694.387436 40259214357.95039 1018.0
1068.2022225806445 321.3216573203231 40259214357.95039 41819826065.42832 317.0
1012.71643 321.9595964295251 41819826065.42832 43195093966.26487 290.0
751.5287430107526 322.5217716172223 43195093966.26487 43827710558.70454 290.0
517.0910559139785 322.7803694885016 43827710558.70454 43965954276.690285 290.0
418.7133 322.8368800695014 43965954276.690285 43958224432.88976 291.0
205.64292258064526 322.8337203023122 43958224432.88976 43449706896.130905 293.0
176.3232522222222 322.6258510271689 43449706896.130905 43051159677.97227 290.0
1483.0985107526915 322.4629348731321 43051159677.97227 46320503916.570915 290.0
3001.33683655914 323.799361186771 46320503916.570915 51602550606.84929 1036.0
2852.35146428571 325.95853002051336 51602550606.84929 50336318020.80607 3355.0
3780.627564516123 325.4409257477065 50336318020.80607 51763270729.61021 3156.0
4825.879658 326.021031040401 51763270729.61021 55550902455.80276 3196.472222222222
2807.189145012978 327.36499687955387 55550902455.80276 54045960829.01352 3172.6102150537636
2185.8933155555555 326.83099825388575 54045960829.01352 53446961089.94386 2198.925
1949.9145021505374 326.6184551015502 53446961089.94386 53192920265.70129 1793.034946236559
1482.882190322581 326.5283137641094 53192920265.70129 52841338473.02637 1419.6747311827958
1063.959817777778 326.4035619526395 52841338473.02637 52520945888.18189 1043.3194444444443
786.9825680385619 326.28987701168523 52520945888.18189 52300704255.94601 756.016129032258
592.8275992942474 326.21172864577164 52300704255.94601 52187171890.92465 592.1833333333333
958.173045443443 326.1714439424908 52187171890.92465 52546548316.83895 854.0752688172043
1879.260290612458 326.2989615246479 52546548316.83895 53307046447.2721 1602.3870967741937
2727.337863648879 326.5688091713908 53307046447.2721 53099199904.40536 2792.0
3112.318615965171 326.4950589565884 53099199904.40536 52324670234.73011 3308.0
2664.5231698845646 326.22023249702124 52324670234.73011 53797979964.371765 1929.8194444444443
2053.68477663863 326.74300717266806 53797979964.371765 53342502564.75951 2029.233870967742
1519.4060279738558 326.58139006999363 53342502564.75951 52862432737.50925 1487.9138888888888
972.7481261561916 326.4110468331444 52862432737.50925 52357158525.19872 911.6209677419355
656.388134238311 326.23176032119176 52357158525.19872 52118682940.64645 552.4408602150538
465.24047475563134 326.1471419996971 52118682940.64645 51990993120.04884 371.1138888888889
253.26467849462364 326.10183380468334 51990993120.04884 51582244425.23864 293.3467741935484
151.30747333333335 325.9502293603646 51582244425.23864 51106021058.91895 291.0
198.9689279569893 325.7555611359527 51106021058.91895 50941553044.630455 290.0
444.0980935483873 325.68833071724913 50941553044.630455 49187032653.6829 1106.0
1088.522779761905 324.9711265786958 49187032653.6829 43876371252.66697 3264.0
1719.2860806451595 322.8002607654995 43876371252.66697 37825425457.79908 3897.0
1190.7015044444443 320.3267851714671 37825425457.79908 38301966923.10038 868.0
1210.6253989247318 320.5215834268022 38301966923.10038 40251330206.46764 318.0
1059.7260911111111 321.3184344760053 40251330206.46764 41755064657.178535 291.0
674.6601892473118 321.9331235824411 41755064657.178535 42193061887.02949 290.0
435.4789333333333 322.11216591648565 42193061887.02949 42122592800.06661 290.0
274.23571 322.0833599128219 42122592800.06661 41748665762.85352 291.0
163.612570967742 321.93050787417366 41748665762.85352 41135096985.26251 293.0
108.43145 321.6796962741228 41135096985.26251 40561022296.68917 291.0
246.09953333333266 321.4450288717901 40561022296.68917 40513529641.66354 290.0
660.2076827956989 321.4256150599524 40513529641.66354 40040239587.759384 843.0
1977.761352380954 321.232145900433 40040239587.759384 36150111074.71051 3568.0
2497.033314838709 319.57592285983856 36150111074.71051 32789627712.70112 3677.0
1782.5431366666667 317.9488853068176 32789627712.70112 34847352913.616806 858.0
1408.2101204301082 318.9451694168765 34847352913.616806 37355063962.556984 314.0
1079.8374155555557 320.1345131336246 37355063962.556984 38928444566.47923 291.0
693.0800634408602 320.7776718489491 38928444566.47923 39436237152.87325 290.0
482.8590559139784 320.98524478247987 39436237152.87325 39507927628.25468 290.0
289.1971188888889 321.0145500592402 39507927628.25468 39183376424.807945 291.0
151.94546344086018 320.88188162889 39183376424.807945 38539105834.55344 296.0
79.75375333333334 320.61851989421723 38539105834.55344 37894028772.11473 291.0
249.1956150537636 320.35482849384715 37894028772.11473 37852476444.63517 290.0
1154.7750139784944 320.33784293962464 37852476444.63517 37720349541.40634 1210.0
3043.7947499999973 320.2838327598064 37720349541.40634 37829416909.840996 2981.0
2007.0670236559145 320.3284167774251 37829416909.840996 35822671473.593445 2679.0
1813.6768622222226 319.417387176137 35822671473.593445 37811094735.70583 910.0
1490.5694612903226 320.32092713000645 37811094735.70583 40513588250.37158 317.0
1472.6109733333333 321.4256390177292 40513588250.37158 43080075549.48762 292.0
1026.6784430107527 322.47475495959435 43080075549.48762 44447806314.91046 290.0
674.1592225806451 323.0338491544803 44447806314.91046 45002039633.79417 290.0
445.96835555555555 323.26040590017476 45002039633.79417 45055407533.36035 293.0
279.4179612903225 323.28222136531963 45055407533.36035 44727148943.231155 298.0
201.44124666666664 323.1480374478394 44727148943.231155 44386870100.875435 292.0
1054.4098462365587 323.00893995130485 44386870100.875435 46508688821.62891 290.0
2997.3481075268787 323.8762864783876 46508688821.62891 51737230972.92318 1052.0
2616.2774035714215 326.01179135027877 51737230972.92318 51022167873.0636 2891.0
3504.54577956989 325.7212840467626 51022167873.0636 52342740624.83604 2919.0
2870.2286088888895 326.22664441580275 52342740624.83604 53968776243.77424 2076.386111111111
2522.225407526882 326.80361083785124 53968776243.77424 53738487674.192154 2413.043010752688
2080.0976633333335 326.72189751590247 53738487674.192154 53344418576.45235 2014.4194444444445
1816.7041473118281 326.58206992866224 53344418576.45235 53077961138.02358 1664.744623655914
1712.747001075269 326.4875228024567 53077961138.02358 53026652661.89381 1537.228494623656
1364.473771111111 326.469317009454 53026652661.89381 52778113739.933205 1315.763888888889
970.8416107526882 326.3811279126881 52778113739.933205 52464775309.2717 974.4139784946236
633.9815666666667 326.26994599814486 52464775309.2717 52229338919.887596 680.3333333333334
571.4146548387096 326.18640607465187 52229338919.887596 52227353571.582306 602.1666666666666
1758.0647344085983 326.18570161326437 52227353571.582306 53187911562.13769 1406.483870967742
2770.260240476192 326.52653652519746 53187911562.13769 50619421751.69158 3811.0
3549.9433448387113 325.5566514859074 50619421751.69158 51040739947.971855 3301.0
3424.696657777778 325.72887584737913 51040739947.971855 54338849401.50188 1986.1055555555556
2844.1497462365587 326.9349239426956 54338849401.50188 54021960207.94599 2766.69623655914
2175.9089255555555 326.8224821105104 54021960207.94599 53437535805.45284 2183.347222222222
1888.575594623656 326.61511072667537 53437535805.45284 53141688365.667305 1747.4059139784947
1761.359732258064 326.51013514261234 53141688365.667305 53069788180.95636 1593.4327956989248
1349.1133311111107 326.48462279107827 53069788180.95636 52767579025.344894 1321.1027777777779
958.0532268817205 326.3773898785931 52767579025.344894 52453710862.69148 961.8360215053764
732.7260577777778 326.26601999918086 52453710862.69148 52310319412.20254 743.5416666666666
675.9816741935483 326.2151403928688 52310319412.20254 52317772984.737274 703.236559139785
834.8599236559139 326.2177851449436 52317772984.737274 51302209889.608574 1221.0
1475.5009190476198 325.8357582325692 51302209889.608574 45267173939.802444 3950.0
1945.6330483870977 323.3687861860481 45267173939.802444 40556077819.984665 3621.0
1969.3054244444445 321.4430076931399 40556077819.984665 43046240016.555115 863.0
2473.798146236559 322.46092383835196 43046240016.555115 48347977111.05953 316.0
2091.9210422222222 324.62814161781967 48347977111.05953 52386729336.448715 322.9888888888889
1692.9732795698926 326.24225293584624 52386729336.448715 52932360956.777054 1238.758064516129
1178.0345913978495 326.43585947193367 52932360956.777054 52576935713.466415 1116.782258064516
796.2368992337165 326.309743888394 52576935713.466415 52286906511.32042 764.2388888888889
507.025340860215 326.2068327903204 52286906511.32042 52057969434.72649 479.5833333333333
357.35377222222223 326.12559901879763 52057969434.72649 51980637989.06751 342.84166666666664
785.4072161290325 326.098159492262 51980637989.06751 52393733321.37378 661.2016129032259
1782.478777218246 326.24473816069326 52393733321.37378 53216388932.02785 1482.3897849462367
2783.774662609618 326.53664115391746 53216388932.02785 51940637187.85988 3290.0
3886.742892538235 326.08396600296635 51940637187.85988 54565425964.2075 2812.6747311827958
3924.0350065769244 327.01532013278006 54565425964.2075 54948796604.238754 3607.3777777777777
3230.7455339752923 327.1513515849335 54948796604.238754 54369844190.85737 3250.309139784946
2350.453077377778 326.94592182767934 54369844190.85737 53598756129.69725 2429.436111111111
2044.380374017077 326.67231655449206 53598756129.69725 53278022659.09833 1912.1370967741937
1911.985601364764 326.55851065700284 53278022659.09833 53200783638.7242 1745.7903225806451
1872.9882466832669 326.5311039257426 53200783638.7242 53206250736.23464 1725.7583333333334
1389.5495768817204 326.5330438166361 53206250736.23464 52831311591.75621 1415.6774193548388
1028.2130933333333 326.4000041131043 52831311591.75621 52573130517.66747 1083.1805555555557
913.8514569892475 326.30839369029275 52573130517.66747 52527233286.04321 961.0940860215054
1590.8709569892476 326.2921079698548 52527233286.04321 53061707206.139465 1398.3709677419354
3637.1744988095197 326.48175541777323 53061707206.139465 51542727577.78557 4244.0
1958.3953957661292 325.93407585956624 51542727577.78557 50726997732.68088 2171.0
2813.6961176880354 325.6006258615673 50726997732.68088 53753325088.57885 1481.1305555555555
1871.0618806451616 326.72716227750516 53753325088.57885 53189137636.72338 1887.4408602150538
2114.022521822222 326.52697157339605 53189137636.72338 53345021991.13892 1836.5111111111112
1747.1008041246037 326.582284038371 53345021991.13892 53020315896.07521 1616.994623655914
1278.8001174937965 326.467068534046 53020315896.07521 52664396790.71399 1217.5591397849462
946.5160244610447 326.3407777133732 52664396790.71399 52415246931.856606 898.575
528.7620248801786 326.25237183779177 52415246931.856606 52081789958.34279 540.2822580645161
503.38587528955054 326.13405125817184 52081789958.34279 52102343656.72101 451.06666666666666
589.2239104594325 326.1413443295382 52102343656.72101 52236386229.68036 569.1801075268817
1258.735701536099 326.18890667246706 52236386229.68036 52764705695.42134 1068.510752688172
1806.1317183150154 326.3763703345769 52764705695.42134 47170553345.40595 4098.0
2483.643988751037 324.1468401738953 47170553345.40595 43203213062.1745 3879.0
2636.8294510213686 322.525090500957 43203213062.1745 47407207789.238266 863.0
2436.000910319379 324.24357860304053 47407207789.238266 52493172460.03705 349.7043010752688
2397.8419662666665 326.2800221627028 52493172460.03705 53544415033.161156 1775.0166666666667
2021.4825245547113 326.6530346964113 53544415033.161156 53256592345.03134 1877.029569892473
1911.985601364764 326.550906535982 53256592345.03134 53199822016.54359 1738.1612903225807
1666.4743577943782 326.530762713224 53199822016.54359 53035871933.52241 1584.786111111111
1073.1356807941572 326.4725882847591 53035871933.52241 52561251168.91645 1136.760752688172
918.8386530673283 326.30417853948956 52561251168.91645 52469346068.7652 909.725
878.5109539823509 326.2715678413076 52469346068.7652 52493189743.34758 899.6989247311828
1469.286490322581 326.280028295342 52493189743.34758 52945038310.668365 1307.6263440860216
912.7756761904762 326.4403577790006 52945038310.668365 45139391474.03604 4119.0
3389.0681613554398 323.31655190381633 45139391474.03604 42155020636.41483 4419.0
3154.862784354702 322.09661560284025 42155020636.41483 47781102152.854935 833.0
2524.861125373142 324.3964172855382 47781102152.854935 52862582788.981026 439.26075268817203
2386.4947440444444 326.4111000759269 52862582788.981026 53553445752.33589 1902.4611111111112
1775.2100413210446 326.6562390676256 53553445752.33589 53052984534.59206 1710.516129032258
1713.23088172043 326.4786603511371 53052984534.59206 53025950626.21542 1528.6639784946237
1880.0410244610448 326.46906790604646 53025950626.21542 53203362599.57366 1666.55
1651.4690141274905 326.5320190187434 53203362599.57366 53048404022.94548 1595.284946236559
1170.4508622222222 326.4770350476166 53048404022.94548 52701436061.75304 1259.6027777777779
1390.926093066371 326.35392036254876 52701436061.75304 52929102845.42821 1336.1317204301076
2022.3312333333338 326.4347033958762 52929102845.42821 53444261139.232025 1837.0725806451612
2732.5633530858086 326.6174970777014 53444261139.232025 49069719233.7945 4520.0
3172.0708495274826 324.9231717810851 49069719233.7945 48559452820.05095 3273.0
1531.1460966666668 324.7145876086868 48559452820.05095 49566284796.23143 984.0
1503.2785311827956 325.12615538747707 49566284796.23143 52200939721.5033 330.28225806451616
1382.2060844444445 326.17632918353706 52200939721.5033 52692451241.13033 976.8527777777778
1070.444076344086 326.3507322775234 52692451241.13033 52430409223.194595 918.489247311828
759.1713 326.2577518755237 52430409223.194595 52207179018.20753 649.3655913978495
527.5609455555556 326.17854307396703 52207179018.20753 52046829606.48987 445.93888888888887
341.85910322580645 326.1216462721511 52046829606.48987 51836865989.241486 307.55645161290323
395.88587528955054 326.0471448555811 51836865989.241486 51983821623.02198 294.8833333333333
614.5754701113832 326.0992891414963 51983821623.02198 52252081726.23658 544.4139784946236
