4105.9121596329305 312.5358064514652 22393561032.0 16225761057.035946 6413.0
3066.7151388000943 308.80585720170194 16225761057.035946 4133571899.873094 8055.0
4002.2541881720476 299.3513387437652 4133571899.873094 753669073.5808517 5232.655913978495
3113.8989899999997 295.7656153973911 753669073.5808517 588025845.9832885 3124.722222222222
971.829472043011 295.5898852599016 588025845.9832885 197657561.85991904 1056.8413978494623
1129.2099844444444 295.1757453446424 197657561.85991904 224909506.35897622 1050.7111111111112
571.5487860215048 295.2046568070857 224909506.35897622 121728026.2203303 531.733870967742
351.30150537634427 295.0951920498837 121728026.2203303 84861137.67926738 304.48924731182797
384.30132888888886 295.05608013757615 84861137.67926738 93757501.16830641 335.77222222222224
269.0815225806452 295.0655182486403 93757501.16830641 74506536.18433052 240.8252688172043
299.5691377777779 295.0450949885257 74506536.18433052 83948696.37343717 281.98333333333335
817.7671655913982 295.05511213279595 83948696.37343717 182400697.30293763 790.4731182795699
1630.9326000000042 295.1595594072809 182400697.30293763 328806078.0896221 1578.497311827957
4905.8735535714295 295.31488020166523 328806078.0896221 921889317.178788 4653.815476190476
3297.34215483871 295.94407947929005 921889317.178788 625618882.6332477 3377.8333333333335
813.91578 295.6297675393945 625618882.6332477 170590244.39316085 937.5583333333333
551.1654978494626 295.1470297521676 170590244.39316085 121191026.95349343 509.21774193548384
357.8387233333333 295.09462234983397 121191026.95349343 84859662.39270163 304.39444444444445
303.09283548387134 295.05607857245144 84859662.39270163 73051964.31502926 229.40860215053763
275.52497204301096 295.0435518399268 73051964.31502926 71233571.95412688 215.68279569892474
262.7296944444445 295.0416227158436 71233571.95412688 71599557.62525915 217.54722222222222
239.0791795698925 295.04201098835694 71599557.62525915 69053360.37649724 204.5994623655914
241.77072222222222 295.03930973941914 69053360.37649724 73415889.0671447 226.15277777777777
359.60976774193534 295.04393792602076 73415889.0671447 99088312.88376014 359.4462365591398
1233.6420881720433 295.0711736822446 99088312.88376014 256520590.5318632 1177.0806451612902
6773.673035714286 295.23819286073825 256520590.5318632 1888579705.376013 6091.880952380952
5011.73588064516 296.96963686120944 1888579705.376013 936963260.6434953 5336.14247311828
1087.4793544444444 295.960071356507 936963260.6434953 220182919.96326816 1311.9055555555556
601.1535774193545 295.19964239334104 220182919.96326816 130272072.26074313 574.2903225806451
635.48188 295.1042563889887 130272072.26074313 135178720.05289882 565.9444444444445
431.971729032258 295.1094618290398 135178720.05289882 96306608.58266117 368.2795698924731
248.9674032258065 295.06822258495936 96306608.58266117 66332102.98112316 199.6478494623656
236.9179 295.03642276997783 66332102.98112316 66879184.101958096 191.67777777777778
217.2467903225807 295.03700316582 66879184.101958096 65063012.02566156 182.502688172043
226.7260366666667 295.0350763972265 65063012.02566156 70690746.45133342 210.62222222222223
310.5969806451618 295.041046834767 70690746.45133342 90153442.4721196 312.747311827957
1559.221925583988 295.0616947193636 90153442.4721196 315728349.4548137 1477.225806451613
7153.653380952381 295.30100609957015 315728349.4548137 2110358882.9008234 6404.5952380952385
5243.922222350226 297.20492136951077 2110358882.9008234 1001073739.0563653 5626.9731182795695
1793.0389841269857 296.0280858678722 1001073739.0563653 348250521.3016468 1992.425
783.2532591397851 295.3355087219411 348250521.3016468 163330987.31755272 791.7258064516129
699.4746833333332 295.13932843975977 163330987.31755272 146804131.3551447 638.1555555555556
497.93728204768627 295.1217951743636 146804131.3551447 108294083.23360114 434.05645161290323
277.48813548387096 295.08094004162274 108294083.23360114 71540032.50667158 230.68010752688173
228.01912000000002 295.0419478384327 71540032.50667158 65408386.00573981 185.35833333333332
178.14826347926268 295.03544280289174 65408386.00573981 57979253.360745706 145.51344086021504
203.1566633333333 295.02756127027453 57979253.360745706 66510748.231495544 185.9361111111111
1521.0496665898602 295.03661229390144 66510748.231495544 310098553.0684975 1439.6317204301076
3024.8731562150515 295.2950334745051 310098553.0684975 582024017.3249015 2925.6048387096776
7018.890764428572 295.5835179475121 582024017.3249015 2034075617.767922 6411.449404761905
5924.971231306452 297.1239928047612 2034075617.767922 1399885292.0208542 6130.14247311828
2506.957320888889 296.4511832081698 1399885292.0208542 477942653.72633135 2809.7083333333335
1332.7435279569904 295.47309850809074 477942653.72633135 263061300.23284274 1352.0510752688172
353.5763166666667 295.2451318695447 263061300.23284274 84131655.64615984 355.1111111111111
296.3081483870968 295.05530623344595 84131655.64615984 71777702.64074425 222.83333333333334
250.64074838709678 295.0421999815836 71777702.64074425 66695154.70287794 192.03225806451613
387.4049133499337 295.03680792987785 66695154.70287794 94304250.39785692 331.65833333333336
216.91867819354837 295.0660982923805 94304250.39785692 65060129.54365722 192.41129032258064
217.03471 295.0350733392146 65060129.54365722 69050466.80601567 201.5638888888889
256.7198817204302 295.03930666964357 69050466.80601567 80498679.88393565 261.85752688172045
1544.5633187470783 295.05145202618706 80498679.88393565 313006108.9748423 1459.978494623656
6629.57041363636 295.2981180871789 313006108.9748423 1805043977.037991 6005.678571428572
4371.863305030722 296.88101419163803 1805043977.037991 820710325.0158767 4708.7553763440865
892.4336222222223 295.8367391523614 820710325.0158767 184765995.93537843 1085.7944444444445
578.1798559139789 295.1620687417095 184765995.93537843 126094878.4960895 539.6747311827957
636.9614107111111 295.09982482335676 126094878.4960895 135534780.89726546 565.675
514.1465030493348 295.10983957235015 135534780.89726546 111198026.89652307 444.96505376344084
423.1038809346568 295.08402082208414 111198026.89652307 97937765.3993472 367.43817204301075
392.43824668326704 295.0699530717158 97937765.3993472 95214483.55757186 348.3861111111111
285.93107365591396 295.06706395454864 95214483.55757186 77596428.78484765 257.05913978494624
296.22564 295.04837304135884 77596428.78484765 83405702.93164778 280.0416666666667
446.87047741935464 295.0545360735536 83405702.93164778 115011611.18906088 444.5
1342.074195698924 295.0880666361013 115011611.18906088 276315011.29453003 1284.0698924731182
5889.859841666666 295.2591926705862 276315011.29453003 1374621001.7791789 5428.8422619047615
4271.1152096774185 296.4243804389764 1374621001.7791789 802363129.3052082 4454.295698924731
1447.8988954658132 295.8172746969077 802363129.3052082 285579652.28595865 1595.013888888889
536.1941580645156 295.26902148555695 285579652.28595865 118466890.29295745 538.1774193548387
370.32198555555556 295.0917323257935 118466890.29295745 87041071.80874382 314.97777777777776
315.0986354838709 295.05839281965706 87041071.80874382 75229951.39384358 241.40591397849462
249.7335290322581 295.0458624563907 75229951.39384358 66514473.73794238 192.4811827956989
220.36052222222222 295.0366162462741 66514473.73794238 63971780.59628624 176.31944444444446
61.763890322580735 295.0339187148274 63971780.59628624 36900758.527253054 36.50268817204301
80.07880777777777 295.0051991921571 36900758.527253054 44167762.660350494 63.36388888888889
1367.977543010756 295.0129087233825 44167762.660350494 282309956.44811875 1288.5779569892472
3105.3906 295.26555268029716 282309956.44811875 596557301.8770753 2990.3225806451615
7054.458607142853 295.5989362421781 596557301.8770753 2054948588.0941334 6444.389880952381
6653.627564516124 297.1461368428752 2054948588.0941334 1827668847.4511151 6706.30376344086
3610.1435468888885 296.90501681248793 1827668847.4511151 678155085.2551299 3999.9416666666666
702.4095751205045 295.6855029548643 678155085.2551299 148715317.8937662 839.4811827956989
523.8877600000001 295.1238227433628 148715317.8937662 115011683.9611866 469.31388888888887
614.5300935483868 295.0880667133049 115011683.9611866 129545508.74372245 530.766129032258
402.34993225806477 295.1034855810988 129545508.74372245 94127120.82959184 354.96505376344084
321.65704000000005 295.0659103764371 94127120.82959184 82318527.6345252 281.14166666666665
298.1089121245834 295.0533826942866 82318527.6345252 79772028.13478479 263.60752688172045
263.25815484980296 295.0506811246921 79772028.13478479 77411192.4868259 250.23055555555555
669.7375615724753 295.04817652502317 77411192.4868259 155515035.69192708 650.0268817204301
1843.4296454511677 295.131036532667 155515035.69192708 367321614.0998884 1766.5806451612902
6321.754530315546 295.35574115648194 367321614.0998884 1626201794.9099836 5794.288690476191
4221.025605212482 296.69128134405895 1626201794.9099836 793284654.4274768 4501.481182795699
1286.164836551231 295.8076433847098 793284654.4274768 256329858.57258466 1441.1444444444444
890.7009056708879 295.2379905140808 256329858.57258466 182946349.08812234 857.489247311828
605.703250196078 295.16013828674744 182946349.08812234 129903440.14896636 558.5277777777778
364.31533045726684 295.1038653088786 129903440.14896636 84129496.07637171 303.252688172043
304.2483492920744 295.0553039423683 84129496.07637171 76320375.17509572 246.6236559139785
295.12380808896467 295.0470192819596 76320375.17509572 77560832.02250911 249.5888888888889
209.3265064516129 295.04833527691756 77560832.02250911 63613382.203583926 179.11290322580646
209.29914 295.0335384916227 63613382.203583926 67600815.98833011 193.83055555555555
245.77537956989252 295.03776874176566 67600815.98833011 78496463.94554591 251.11827956989248
768.3077709677422 295.0493278845168 78496463.94554591 172049477.55719984 735.5860215053764
5685.373970238095 295.1485778459126 172049477.55719984 1255622732.629339 5230.482142857143
4820.084467741934 296.2981357231374 1255622732.629339 902086731.4871962 4921.462365591397
711.5653933333333 295.9230710073066 902086731.4871962 151891707.0499691 949.0777777777778
512.6952913978502 295.1271925599936 151891707.0499691 114286411.4145364 466.3709677419355
344.98998 295.0872972749995 114286411.4145364 82499427.14742954 289.8027777777778
271.61180215053764 295.05357460974693 82499427.14742954 67237827.52806862 199.24193548387098
237.7692559139785 295.03738364897947 67237827.52806862 64329927.58328326 178.35752688172042
230.3218211111111 295.0342986713169 64329927.58328326 65787872.71290464 184.73333333333332
210.95934516129034 295.0358453985921 65787872.71290464 63971099.19307973 176.21774193548387
231.17589444444442 295.03391799192985 63971099.19307973 71598564.85509862 214.3
256.3710387096768 295.04200993513166 71598564.85509862 80319744.37113874 262.5268817204301
761.1351021505377 295.05126219432543 80319744.37113874 170774716.85473996 729.5698924731183
5556.410161904763 295.1472254581527 170774716.85473996 1180993064.2077625 5131.860119047619
4757.234927741934 296.21896145152533 1180993064.2077625 890643464.4733057 4835.059139784947
1328.7598033333334 295.9109308980196 890643464.4733057 263964553.15367207 1518.3138888888889
702.1913032258071 295.24609012640957 263964553.15367207 148617973.90325546 684.755376344086
370.88186 295.12371947157146 148617973.90325546 87221933.84694459 327.09166666666664
279.30855806451615 295.05858469536065 87221933.84694459 68687499.8716501 208.15322580645162
236.8375505376344 295.0389215996941 68687499.8716501 64148764.21672647 178.03494623655914
234.23323000000002 295.0341064759354 64148764.21672647 66510332.92760692 188.29444444444445
205.27879677419352 295.0366118533075 66510332.92760692 62883003.79122272 171.21505376344086
209.04541999999998 295.03276363652793 62883003.79122272 67602603.99825986 193.29444444444445
233.9375505376346 295.0377706386572 67602603.99825986 76323309.8540858 240.09139784946237
1179.656734408602 295.047022395347 76323309.8540858 246708012.43499273 1118.258064516129
6253.6310595238065 295.2277827418152 246708012.43499273 1585889421.719875 5692.988095238095
4225.1933677419365 296.6485141329513 1585889421.719875 794009530.0623385 4490.336021505376
921.32964 295.8084124019333 794009530.0623385 190028581.31922543 1102.35
598.5076333333332 295.1676517943128 190028581.31922543 129903048.5956912 560.5322580645161
313.83319555555556 295.10386489348156 129903048.5956912 76864060.96038981 266.8611111111111
258.3558623655914 295.04759607570594 76864060.96038981 64879306.2774523 184.7741935483871
219.3097602150537 295.03488150464403 64879306.2774523 60886832.2873473 160.31451612903226
208.04613333333333 295.0306459073704 60886832.2873473 61679018.81602353 162.725
196.7297892473118 295.0314863344112 61679018.81602353 61421866.15226212 161.41129032258064
186.64680222222222 295.03121352233427 61421866.15226212 63424362.064301796 171.94722222222222
913.1490935483866 295.03333796102726 63424362.064301796 199662221.18707862 871.755376344086
2965.2728387096745 295.17787207849256 199662221.18707862 571126667.2140119 2828.8387096774195
5959.375617857136 295.57195699895397 571126667.2140119 1416572572.5228307 5602.857142857143
5077.26889784946 296.46888666722134 1416572572.5228307 948768367.192861 5221.169354838709
1219.9508311111122 295.9725953396911 948768367.192861 244257114.3739543 1439.575
701.6582032258067 295.2251825953469 244257114.3739543 148613146.11492482 676.8709677419355
433.9309966666667 295.12371434979303 148613146.11492482 98664284.50207344 385.68333333333334
323.11006129032273 295.0707238324868 98664284.50207344 76684523.59978777 253.20430107526883
257.6260333333334 295.0474056053467 76684523.59978777 67962892.65729824 200.3709677419355
236.13766 295.0381528672367 67962892.65729824 66875810.340038046 191.52777777777777
209.67225591397852 295.03699958661156 66875810.340038046 63786704.94098473 175.40591397849462
218.9010111111111 295.0337223689168 63786704.94098473 69237338.92878538 202.86666666666667
323.01142903225787 295.0395049214182 69237338.92878538 92484265.41605958 323.75
1861.2824763440822 295.06416747869304 92484265.41605958 370589847.54561794 1759.6801075268818
7359.7096452380965 295.3592084102967 370589847.54561794 2230894816.7862825 6583.4672619047615
6108.249796451615 297.3327973867879 2230894816.7862825 1509533987.1408942 6345.752688172043
1809.2938800000002 296.5675090039687 1509533987.1408942 351279954.9024671 2203.5333333333333
896.3056602150534 295.3387226340998 351279954.9024671 183861147.47583833 898.1774193548387
503.8367033333334 295.16110879214494 183861147.47583833 111377600.5716823 464.22777777777776
461.5971 295.0842113309693 111377600.5716823 101751402.02422062 386.9704301075269
331.4081193548383 295.0739989412521 101751402.02422062 81226714.25964311 278.51075268817203
280.51055333333306 295.0522243945042 81226714.25964311 74865310.58966568 237.9138888888889
244.27634516129038 295.04547561064044 74865310.58966568 69968413.53947829 210.6720430107527
250.08994666666666 295.0402805151066 69968413.53947829 75047223.99391635 234.19444444444446
286.70748064516124 295.04566860173344 75047223.99391635 85944545.44000068 292.0537634408602
761.5830419354838 295.05722951988116 85944545.44000068 170781023.7640379 732.1155913978495
5607.292585714286 295.14723214912374 170781023.7640379 1210417762.0239408 5170.574404761905
4783.133048387098 296.2501779779588 1210417762.0239408 895369465.2496753 4870.163978494624
950.1415355555555 295.9159446904834 895369465.2496753 195301272.87042537 1168.1972222222223
561.6045978494626 295.17324556850247 195301272.87042537 123185225.35329132 528.1263440860215
349.57382 295.0967379857345 123185225.35329132 83400383.45399144 297.46666666666664
276.45983870967746 295.05453043014427 83400383.45399144 68145790.38356397 204.08333333333334
225.88674193548388 295.03834690259237 68145790.38356397 62150823.37149811 167.63440860215053
217.33967701149427 295.0319868696918 62150823.37149811 63425955.84001379 171.82777777777778
195.1973838709677 295.0333396518566 63425955.84001379 61067034.300170645 160.66397849462365
218.36210555555556 295.0308370828561 61067034.300170645 69239688.00197165 201.27777777777777
688.7566784946239 295.0395074135391 69239688.00197165 158968993.80094162 664.7069892473119
2020.1346911967407 295.13470082092186 158968993.80094162 399472539.7938272 1932.5752688172042
7080.235972133427 295.3898499255186 399472539.7938272 2068228543.8440547 6383.2172619047615
4701.296655979095 297.1602254867855 2068228543.8440547 880509040.500872 5113.927419354839
1815.11556213248 295.9001793342891 880509040.500872 352243208.45697784 1966.4611111111112
1590.5143511795936 295.3397445453607 352243208.45697784 309921875.838438 1545.274193548387
3283.6864107111114 295.2948460384452 309921875.838438 615990500.7269952 3096.1833333333334
2470.420696597722 295.619552833362 615990500.7269952 466319196.83594173 2446.4059139784945
1015.0339884615385 295.4607672361935 466319196.83594173 205469334.659467 1051.3763440860216
689.9049133499336 295.1840328184378 205469334.659467 149165954.44987842 666.375
263.4501145161291 295.1243008216103 149165954.44987842 73596290.18852296 256.21505376344084
238.62976 295.0441293127398 73596290.18852296 72870652.30890808 224.975
544.2089838709678 295.04335948685434 72870652.30890808 132636363.29492714 531.3333333333334
1575.5967634408603 295.106764654461 132636363.29492714 318637933.52221704 1508.3763440860216
7687.332236904758 295.3040928639107 318637933.52221704 2421415511.8101187 6810.809523809524
4230.578191465054 297.53491991492695 2421415511.8101187 795098149.8340918 4807.032258064516
1442.576673243591 295.8095673136369 795098149.8340918 284668558.7978115 1587.2444444444445
546.443601075269 295.2680549106703 284668558.7978115 120461715.42519225 547.3360215053764
622.7336329333334 295.0938486265915 120461715.42519225 132989808.53245282 550.2666666666667
526.1303740170767 295.1071396228861 132989808.53245282 113382883.78346238 455.1747311827957
623.2275368486353 295.08633872669583 113382883.78346238 134265637.40632185 554.6962365591398
439.8715800166003 295.1084931438641 134265637.40632185 103751905.41138025 406.5138888888889
213.6921324070604 295.07612126608467 103751905.41138025 64511586.444812745 192.91666666666666
349.8692086228839 295.03449139236665 64511586.444812745 93039440.40958537 324.9138888888889
560.8825126099701 295.0647564612875 93039440.40958537 135722421.6830284 554.3870967741935
1578.7007552995397 295.1100386395958 135722421.6830284 319187568.1709017 1512.4274193548388
6917.0186230769195 295.3046759687788 319187568.1709017 1972502482.8259876 6226.413690476191
5374.259580148886 297.0586701494016 1972502482.8259876 1076083436.79807 5677.784946236559
1614.4488954658132 296.1076633108403 1076083436.79807 315912444.9707846 1855.3222222222223
776.0949963408839 295.30120140565543 315912444.9707846 162057256.57584605 772.9811827956989
1555.3336329333333 295.1379771446805 162057256.57584605 302168812.01591325 1433.025
1749.3561804686897 295.2866208487332 302168812.01591325 335504649.20029855 1657.6559139784947
941.679149751861 295.3219866849144 335504649.20029855 192032982.408655 934.2715053763441
518.5382466832671 295.16977825419974 192032982.408655 118102286.2429335 501.8861111111111
221.0442829446948 295.0913455190356 118102286.2429335 65789234.75974893 205.1451612903226
345.055319733995 295.03584684358134 65789234.75974893 92302518.22126468 320.8777777777778
691.766330326437 295.0639746639309 92302518.22126468 159510270.51283607 676.1263440860215
1690.1897161290326 295.13527505889334 159510270.51283607 339525571.6462785 1625.2069892473119
5832.808414285714 295.3262524630239 339525571.6462785 1341761714.3878174 5411.508928571428
6454.2213871618915 296.3895201722765 1341761714.3878174 1703078748.1730986 6287.556451612903
1587.7711176880355 296.7728397498123 1703078748.1730986 311006196.3295778 2072.266666666667
1769.643383437658 295.2959963890617 311006196.3295778 342431955.3816417 1696.774193548387
3024.2002995999997 295.32933583214685 342431955.3816417 568766480.5414457 2867.6194444444445
1614.115955299539 295.56945308778 568766480.5414457 310952991.9574408 1631.1397849462367
759.228193548387 295.2959399447883 310952991.9574408 158972617.61264417 755.1102150537635
523.638246683267 295.134704665407 158972617.61264417 119006909.65510418 493.8861111111111
217.2405195038346 295.0923052298484 119006909.65510418 65062641.10227562 201.9516129032258
216.36752888888887 295.0350760037156 65062641.10227562 68871865.37677772 200.96666666666667
895.9879210233603 295.03911719220963 68871865.37677772 196574387.1509306 857.7795698924731
2010.401125806452 295.1745962095809 196574387.1509306 397651850.65374196 1937.5618279569892
7679.05442451438 295.3879183647929 397651850.65374196 2417281512.6007767 6836.898809523809
6642.47945167802 297.53053417419983 2417281512.6007767 1824974219.302593 6831.317204301075
604.6627633333333 296.902158093892 1824974219.302593 132594695.32533523 1205.475
451.93444516129034 295.1067204491039 132594695.32533523 103203716.46588057 402.5833333333333
283.73386222222234 295.0755396949564 103203716.46588057 71418432.4930311 228.5888888888889
236.12687204301068 295.0418188335381 71418432.4930311 60878410.5750195 162.0241935483871
201.1229129032258 295.0306369728146 60878410.5750195 57611786.16026324 141.86827956989248
201.30539 295.0271714260134 57611786.16026324 60517491.65618137 155.17222222222222
240.60910322580645 295.03025407559534 60517491.65618137 69415537.90310961 201.85752688172042
609.1303197339951 295.03969397188956 69415537.90310961 140259911.05456734 567.8138888888889
562.8684808640713 295.1148524411782 140259911.05456734 136081637.9884904 573.8709677419355
