2805.4282886651886 312.5358064514652 22393561032.0 24930331885.819996 1863.0
3548.7240673715232 313.9877128467376 24930331885.819996 23975719302.829514 3929.0
2939.5230053763485 313.44134575482457 23975719302.829514 23132806658.38119 3192.0
1657.246212222222 312.95890948854236 23132806658.38119 22745624044.22645 1698.0
722.2111924731184 312.73730771762047 22745624044.22645 20022130606.471817 1616.0
882.7127622222222 311.1785317115796 20022130606.471817 17785028081.35628 1615.0
668.7934096774188 309.87766571443245 17785028081.35628 14868722073.359016 1615.0
352.91709677419374 307.8730561406097 14868722073.359016 11216672467.70581 1615.0
282.31244 305.36271134706203 11216672467.70581 7586870839.331016 1615.0
278.4175440860215 302.39053738167144 7586870839.331016 3881931727.8897557 1615.0
312.61358222222236 299.0843748439314 3881931727.8897557 465667688.73428166 1615.0
804.9875956989251 295.46007605424813 465667688.73428166 180040858.30540612 921.1075268817204
1701.408406451617 295.15705586495375 180040858.30540612 341527004.8546251 1643.3440860215053
6113.9152202380965 295.3283757742994 341527004.8546251 1505149073.8395782 5625.860119047619
3120.1539827956994 296.5628570696367 1505149073.8395782 593466489.6468323 3430.3306451612902
669.3130022222222 295.59565721371405 593466489.6468323 144256532.36202767 790.7583333333333
412.7461430107529 295.1190924383217 144256532.36202767 96119888.55239002 370.4139784946237
336.55539 295.0680244945389 96119888.55239002 81038596.69870856 274.93333333333334
305.5417602150541 295.05202482144995 81038596.69870856 73412782.22083811 230.29569892473117
283.60830537634433 295.0439346299818 73412782.22083811 72683102.45390625 223.3548387096774
275.88247222222225 295.04316051607674 72683102.45390625 73962451.63657661 230.34166666666667
266.9098247311828 295.0445177717341 73962451.63657661 74140035.93952233 231.40322580645162
279.99572222222224 295.04470617010344 74140035.93952233 80425230.82292013 263.63055555555553
380.0586924731181 295.0513741044164 80425230.82292013 102841794.7063587 381.11290322580646
1350.4754215053765 295.07515573382807 102841794.7063587 277769632.1938588 1287.3844086021506
8325.625416666666 295.2607358712008 277769632.1938588 2793174795.2923346 7278.434523809524
4455.948246236558 297.92931762708713 2793174795.2923346 1307929194.064989 4978.0
884.0293544444445 296.3536274072406 1307929194.064989 183306706.78179842 1265.2333333333333
415.79605053763413 295.1605205885655 183306706.78179842 96668151.65867601 387.8279569892473
399.3152133333333 295.068606144344 96668151.65867601 92306353.57701713 333.51666666666665
298.49861075268814 295.06397873284214 92306353.57701713 72142888.61249626 227.93548387096774
268.10718817204304 295.04258740569963 72142888.61249626 69780039.5414178 208.4731182795699
242.86790000000002 295.0400806699994 69780039.5414178 67971362.27903806 198.53333333333333
245.17958602150543 295.0381618526194 67971362.27903806 70146690.41611047 208.93548387096774
265.0565922222222 295.0404696482242 70146690.41611047 77768998.55381073 248.17777777777778
326.1749376344091 295.0485561198322 77768998.55381073 93031454.67832632 329.89516129032256
1737.479990100117 295.06474798926195 93031454.67832632 348064597.756144 1644.489247311828
8843.763500000001 295.3353114765077 348064597.756144 3096042626.103796 7700.3452380952385
5176.510932027646 298.2506287143049 3096042626.103796 3398800345.226496 5029.0
1586.4139841269857 298.57182298453904 3398800345.226496 2833473268.7136993 1744.0
603.9710010752689 297.97207009199417 2833473268.7136993 158292289.23977414 1537.9596774193549
403.29134999999997 295.13398290816866 158292289.23977414 93036170.57755393 360.96666666666664
331.1604003272561 295.06475299233773 93036170.57755393 78134715.99464357 258.60752688172045
280.80802795698924 295.04894410778127 78134715.99464357 72145710.37577455 222.5188172043011
245.3163422222222 295.0425903992953 72145710.37577455 68507221.91003047 201.6861111111111
206.08105917818742 295.03873034363465 68507221.91003047 63059992.83417989 172.69623655913978
246.52055222222222 295.0329514033887 63059992.83417989 74326031.26626918 228.23888888888888
1541.498591321043 295.04490349168924 74326031.26626918 313786775.05085033 1461.6236559139784
3156.1527261075244 295.29894629222457 313786775.05085033 1354575914.8852172 2769.8655913978496
7730.420526333333 296.4031146985839 1354575914.8852172 2460455361.2031193 7265.889880952381
6187.495424854838 297.5763371113973 2460455361.2031193 1558842591.3499134 6492.139784946236
2298.5350986666667 296.6198202751431 1558842591.3499134 2479678064.7030354 1886.0
1194.1198720430118 297.59673038903355 2479678064.7030354 1172221642.5388956 1616.0
341.35965 296.20965589066293 1172221642.5388956 81898741.68947151 693.875
303.62804086021515 295.0529373453103 81898741.68947151 73052916.62656674 228.83870967741936
268.5735440860215 295.0435528502298 73052916.62656674 69964450.35639654 209.20967741935485
409.73546890548926 295.0402763105839 69964450.35639654 98302915.41910316 353.6972222222222
222.95362443010754 295.0703404576905 98302915.41910316 66150159.320948794 199.52956989247312
229.59026555555553 295.0362297467865 66150159.320948794 71237585.53357671 213.69444444444446
270.5317096774194 295.0416269738315 71237585.53357671 82862110.90920815 275.60483870967744
1471.036437026648 295.0539593792799 82862110.90920815 299748605.23254937 1392.282258064516
7739.466246969693 295.28405326250004 299748605.23254937 2451654952.530408 6842.627976190476
3625.7987889016895 297.56700079835605 2451654952.530408 685203377.5651267 4254.704301075269
633.2252888888889 295.69298045572367 685203377.5651267 137716946.38039884 792.575
424.7309311827961 295.11215462166393 137716946.38039884 98301719.6271562 379.13709677419354
626.8975218222222 295.07033918908036 98301719.6271562 133719750.91067953 545.6027777777778
516.4825245547112 295.10791401539433 133719750.91067953 111740950.10882123 446.4193548387097
440.93452609594715 295.0845968068203 111740950.10882123 101202528.27611864 384.241935483871
409.73546890548926 295.0734166436199 101202528.27611864 98299972.84606223 365.74444444444447
292.0681704301075 295.07033733592834 98299972.84606223 78680790.79546387 263.94086021505376
311.1784177777778 295.0495234360232 78680790.79546387 86126277.58595634 294.3611111111111
467.99682150537615 295.0574223186781 86126277.58595634 118824814.69197904 465.2204301075269
1366.3725827956982 295.09211204614047 118824814.69197904 280676884.4759523 1308.1639784946237
6259.148532142857 295.26382016176103 280676884.4759523 1589287801.546529 5711.139880952381
3997.8141344086016 296.65211945846227 1589287801.546529 752773969.5610044 4279.690860215053
1202.5461176880356 295.76466578565777 752773969.5610044 241076953.71243784 1347.7166666666667
361.63501827956935 295.22180877754346 241076953.71243784 86857938.0889433 358.9166666666667
349.39698555555555 295.05819853393695 86857938.0889433 83310117.0592116 283.31944444444446
309.2626139784945 295.0544346669417 83310117.0592116 74142096.26301336 234.58870967741936
254.51041075268824 295.04470835589115 74142096.26301336 67413931.64350462 196.51344086021504
309.84107777777774 295.0375704770247 67413931.64350462 80134767.38443404 259.8722222222222
196.23700860215064 295.0510659530919 80134767.38443404 61250005.99409945 167.8709677419355
218.30936333333335 295.0310311966837 61250005.99409945 69235527.74084193 201.29722222222222
1374.466790322584 295.03950299993727 69235527.74084193 283405714.09191513 1304.018817204301
2939.9819978494625 295.2667151645363 283405714.09191513 1826089657.7734222 2366.3333333333335
5734.60146428571 296.9033414574299 1826089657.7734222 1303297212.1855578 5943.5952380952385
5395.299607526877 296.3487133589917 1303297212.1855578 1926176416.7553182 5131.0
3320.199102444444 297.0095230392057 1926176416.7553182 5787095405.4527645 1768.0
470.06280092695613 300.8765943854751 5787095405.4527645 2532309580.404772 1611.0
463.33776 297.652566921711 2532309580.404772 106616586.65080427 1328.0222222222221
479.8499860215052 295.07916039322174 106616586.65080427 105022069.45560518 402.2123655913978
399.1348784946239 295.07746877727095 105022069.45560518 93578487.45791043 342.80645161290323
327.60704 295.06532833381914 93578487.45791043 83404999.9108966 286.4583333333333
326.0417078235081 295.05453532772214 83404999.9108966 84857130.57849398 290.0376344086022
301.58871040535854 295.0560758864614 84857130.57849398 84318224.9653129 287.85277777777776
690.1864863036582 295.0555041639776 84318224.9653129 159151726.2085555 671.6989247311828
1998.6662045909527 295.13489468089176 159151726.2085555 395476045.61233485 1912.6666666666667
8582.561077934593 295.38561006324244 395476045.61233485 2944171082.4302897 7521.559523809524
4511.544422416784 298.0895088928817 2944171082.4302897 847956329.4745766 5262.387096774193
1103.4565032178978 295.8656443130433 847956329.4745766 223089309.53508314 1292.2694444444444
522.2707981440061 295.2027257686559 223089309.53508314 115966600.9241827 501.8790322580645
458.553250196078 295.08907978031425 115966600.9241827 103201038.08585168 395.9527777777778
371.6352229303851 295.07553685347534 103201038.08585168 85406290.00987025 300.1290322580645
333.13006972218193 295.05665848717365 85406290.00987025 81590054.33448114 273.997311827957
306.107141422298 295.05260986031664 81590054.33448114 79589552.55917482 261.81666666666666
242.1302698924731 295.0504875371941 79589552.55917482 69600033.11962625 210.42741935483872
245.34914 295.03988970201533 69600033.11962625 74142792.07725179 229.6611111111111
264.1248419354839 295.0447090940773 74142792.07725179 81774740.58014955 270.68817204301075
789.0470182795701 295.05280579310437 81774740.58014955 175861817.00204316 756.1263440860215
6714.802541666667 295.15262233927655 175861817.00204316 1853763128.6309698 6014.074404761905
4401.794145161289 296.9327001152461 1853763128.6309698 826159055.2088652 4754.811827956989
472.6542822222222 295.84251968513564 826159055.2088652 108649329.06672616 697.5944444444444
390.43991505376414 295.08131692029144 108649329.06672616 92120638.64142899 336.3279569892473
339.83720222222223 295.0637817087221 92120638.64142899 81590539.91503173 276.4583333333333
282.5876086021505 295.0526103754668 81590539.91503173 69237759.26897071 209.1236559139785
248.5246322580645 295.03950536735516 69237759.26897071 66325784.44914561 189.10752688172042
230.06348777777777 295.0364160666764 66325784.44914561 65781188.592258625 185.24722222222223
216.07762473118282 295.0358383074393 65781188.592258625 64881372.48668997 180.99193548387098
226.66478333333333 295.0348836966759 64881372.48668997 70695971.85162042 210.48888888888888
272.3226516129025 295.04105237837007 70695971.85162042 83222573.92483264 277.05913978494624
575.8017688172043 295.0543417928335 83222573.92483264 137004614.96861345 557.9247311827957
5152.618495238097 295.1113989125489 137004614.96861345 966750848.2515653 4802.723214285715
4377.151594408601 295.99167287104984 966750848.2515653 821616483.5711057 4400.903225806452
1088.9125811111112 295.83770049180043 821616483.5711057 220525204.44123447 1268.4583333333333
554.3956043010759 295.20000552136776 220525204.44123447 121910261.45365681 530.8091397849462
325.00686 295.0953853824036 121910261.45365681 78862654.74869269 274.175
281.531676344086 295.0497163746538 78862654.74869269 69057166.2983511 207.11827956989248
265.6171204301075 295.03931377710416 69057166.2983511 69419329.68870954 204.96774193548387
240.18322999999998 295.03969799457747 69419329.68870954 67602763.47728622 195.8527777777778
210.20352795698923 295.0377708078478 67602763.47728622 63790527.37713112 176.20698924731184
209.15375333333333 295.0337264241217 63790527.37713112 67602725.45591737 193.75277777777777
334.27894838709693 295.03777076751106 67602725.45591737 94484737.79429163 333.66129032258067
1112.7696376344084 295.0662897706284 94484737.79429163 234539633.2195116 1062.6935483870968
5465.6310595238065 295.21487336433216 234539633.2195116 1128702097.7911875 5089.065476190476
3614.935303225807 296.16348620601656 1128702097.7911875 683201352.0175394 3750.951612903226
722.1907511111111 295.69085651603814 683201352.0175394 153884447.47201 874.4388888888889
404.18505268817194 295.1293066491322 153884447.47201 94503530.90679628 366.0537634408602
301.12764 295.0663097081549 94503530.90679628 74508709.89721714 241.425
276.4042494623656 295.04509729460773 74508709.89721714 68148504.48982559 200.70967741935485
226.19148064516122 295.0383497819752 68148504.48982559 62155948.36477885 167.93817204301075
211.71557777777778 295.0319923067736 62155948.36477885 62338489.11099527 166.62777777777777
207.73516559139782 295.03218596341077 62338489.11099527 63424590.74964699 171.91129032258064
210.90791333333334 295.0333382036385 63424590.74964699 67787168.95313233 195.29444444444445
1032.9636096774188 295.03796644276804 67787168.95313233 221457187.34360665 985.0725806451613
2856.6787526881694 295.20099425773776 221457187.34360665 1884148086.569008 2238.2258064516127
5154.59883214285 296.96493537722154 1884148086.569008 969671462.4278501 5525.583333333333
4857.290403225804 295.9947713371821 969671462.4278501 908809217.4324924 4849.438172043011
965.089720000001 295.9302028616937 908809217.4324924 198020051.5665948 1187.0111111111112
514.2684182795701 295.1761299083032 198020051.5665948 114513601.67499633 485.0698924731183
368.88933 295.0875383001008 114513601.67499633 86860220.73427998 312.09166666666664
322.6530720430109 295.0582009555849 86860220.73427998 76505215.95197561 248.41129032258064
265.7093666666667 295.0472153786887 76505215.95197561 69419845.69848101 207.83870967741936
242.08766000000003 295.03969854200983 69419845.69848101 67965318.44345348 197.61666666666667
231.72601935483874 295.03815544074206 67965318.44345348 67785886.97287355 196.36559139784947
234.59267777777777 295.0379650827211 67785886.97287355 72143176.29668391 218.9777777777778
330.81519247311815 295.04258771090247 72143176.29668391 93937912.09666124 332.0967741935484
1817.96796021505 295.0657096457635 93937912.09666124 362774657.43222535 1719.8252688172042
8240.126311904763 295.3509173110887 362774657.43222535 2744119429.8390145 7248.360119047619
5221.435280322583 297.87727501574267 2744119429.8390145 1032628194.1828166 5828.602150537635
1560.0133244444446 296.06156184403017 1032628194.1828166 320443224.2318621 1781.5027777777777
663.9588860215051 295.3060080885125 320443224.2318621 141714459.20924488 670.1962365591398
464.7005922222222 295.11639556461836 141714459.20924488 104289720.09930214 411.60277777777776
371.62666989247316 295.0766918312108 104289720.09930214 85405615.81345679 300.5268817204301
321.11510860215014 295.0566577719218 85405615.81345679 79408208.30409618 262.8037634408602
293.7744422222219 295.0502951499089 79408208.30409618 77230414.85242654 249.55833333333334
272.20914086021514 295.0479847388632 77230414.85242654 75050144.34634073 237.58064516129033
276.07328 295.04567169992185 75050144.34634073 79773534.3392155 260.31111111111113
312.0273731182795 295.05068272261747 79773534.3392155 90490309.54377888 317.44354838709677
844.9647623655912 295.06205210008886 90490309.54377888 186030860.41424733 811.502688172043
7829.491990476192 295.16341063061134 186030860.41424733 2503138394.2437053 6864.357142857143
5385.337349462367 297.6216193446252 2503138394.2437053 1088257464.624559 5882.231182795699
751.197091111111 296.12057868090875 1088257464.624559 159151115.1867525 1057.4138888888888
412.2363182795701 295.1348940326615 159151115.1867525 96032238.65493989 375.494623655914
344.67104222222224 295.0679315071663 96032238.65493989 82497153.44761771 282.4472222222222
283.77973118279573 295.05357219758923 82497153.44761771 69417556.14568318 210.58602150537635
243.81953763440862 295.0396961130338 69417556.14568318 65423893.899285324 184.80913978494624
228.3230103448276 295.0354592551446 65423893.899285324 65424983.64995745 183.29722222222222
221.92319032258064 295.03546041125605 65424983.64995745 65970986.33534992 186.29569892473117
225.78710555555554 295.036039662991 65970986.33534992 70511626.4689165 210.1027777777778
711.530872043011 295.0408568072023 70511626.4689165 162968153.39348322 686.4650537634409
2069.6454438849128 295.1389435109203 162968153.39348322 408377807.234493 1980.255376344086
8975.783591181047 295.399297482744 408377807.234493 3173722537.962877 7825.160714285715
4210.089666731783 298.33303897513565 3173722537.962877 2074655896.3099835 4587.0
1354.0600065769245 297.1670442354233 2074655896.3099835 811013742.3300664 1786.0
1408.9202651580881 295.8264520924359 811013742.3300664 277314596.4781556 1546.5725806451612
1284.3419662666665 295.26025312590514 277314596.4781556 253059889.7910821 1225.5916666666667
751.6680084256789 295.2345214192564 253059889.7910821 154424497.52054414 710.010752688172
720.3995798593879 295.1298795857422 154424497.52054414 151887033.03148606 660.5456989247311
409.9354689054892 295.1271876013489 151887033.03148606 98301251.75354558 385.4888888888889
283.38291021505376 295.07033869271544 98301251.75354558 77113711.64569655 255.84408602150538
259.57976 295.0478609289685 77113711.64569655 76682627.9537599 245.80833333333334
559.6068333333334 295.04740359426455 76682627.9537599 135437261.5681938 547.1102150537635
1632.1827849462368 295.10973611454295 135437261.5681938 328994934.4864759 1562.1424731182797
9305.567355952377 295.3150805585471 328994934.4864759 3365234648.802862 8042.916666666667
3732.9115247983873 298.5362132917493 3365234648.802862 704703370.5453509 4695.129032258064
1248.9350065769245 295.7136679084928 704703370.5453509 249505894.9483971 1372.3277777777778
411.6962892473121 295.2307510024914 249505894.9483971 95936193.32832031 408.7043010752688
615.5502996 295.0678296131215 95936193.32832031 131548386.817643 534.1888888888889
527.4314492858939 295.1056104252256 131548386.817643 113739482.35943863 455.8037634408602
440.93452609594715 295.08671704048317 113739482.35943863 101205412.74727803 384.98655913978496
398.38824668326697 295.0734197037421 101205412.74727803 96299429.58332278 355.175
224.69750875114642 295.068214968792 96299429.58332278 66512506.37257671 200.38978494623655
365.0330975117728 295.0366141591052 66512506.37257671 95891519.37350464 339.7472222222222
491.37982443792714 295.06778221872855 95891519.37350464 123005715.06153764 490.69086021505376
1587.8916155145935 295.09654754409246 123005715.06153764 320979102.6244024 1516.2016129032259
7904.5186230769195 295.30657659943176 320979102.6244024 2548067481.606917 6976.574404761905
5934.36979520265 297.66928440654243 2548067481.606917 1410874327.0242789 6327.145161290323
1330.36556213248 296.4628414248083 1410874327.0242789 264672831.6954972 1719.3194444444443
575.6487597817442 295.2468415358535 264672831.6954972 125728841.99584828 567.0967741935484
626.8975218222222 295.099436496919 125728841.99584828 133717182.6472331 556.1777777777778
728.9341374579369 295.10791129073544 133717182.6472331 150252411.1440102 644.3306451612904
792.2248486765923 295.12545343851474 150252411.1440102 164963601.5857395 725.8897849462365
409.9354689054892 295.14106047271986 164963601.5857395 98303678.69844803 390.53055555555557
236.1303044500712 295.0703412674501 98303678.69844803 68512873.43768734 211.81989247311827
365.0330975117728 295.0387363393143 68512873.43768734 95889998.355792 340.51944444444445
700.6991260253617 295.0677806050878 95889998.355792 161149082.16090202 685.7876344086021
1690.4934795698928 295.1370136666252 161149082.16090202 339530031.0520478 1626.1209677419354
7002.3976999999995 295.3262571939869 339530031.0520478 2022395812.1824412 6299.5625
6122.549344151139 297.11160175279275 2022395812.1824412 1515701077.7935443 6279.970430107527
1295.3238954658132 296.57405164204704 1515701077.7935443 258873052.04981726 1726.75
1068.10037268497 295.24068857633125 258873052.04981726 215102103.16927516 1023.7284946236559
2821.5308551555554 295.1942521781978 215102103.16927516 3175088910.0164523 1605.8472222222222
1574.4035897081412 298.33448855295615 3175088910.0164523 2822113582.570312 1615.0
695.3867956989246 297.96001865326787 2822113582.570312 226347575.36131358 1599.0376344086021
409.9021355721559 295.206182447869 226347575.36131358 98300509.37806748 414.1694444444444
247.30503563286686 295.0703379051327 98300509.37806748 70508167.66877691 222.24462365591398
231.53141777777776 295.0408531377772 70508167.66877691 71596937.05252524 217.17777777777778
906.1787812384141 295.0420082082034 71596937.05252524 198387807.32497677 868.3118279569892
2008.5194053763446 295.176520058694 198387807.32497677 397290801.9034719 1936.491935483871
8376.74192451438 295.38753532983606 397290801.9034719 2824150067.1827664 7366.136904761905
5781.906871032859 297.96217915041666 2824150067.1827664 1329126199.9226038 6308.180107526881
319.95443 296.37611521315785 1329126199.9226038 80860514.14063634 749.425
335.1253053763441 295.05183589448404 80860514.14063634 81953930.90607816 274.4731182795699
276.3116400000001 295.0529958952961 81953930.90607816 69996127.25373974 213.52777777777777
258.15913010752683 295.04030991645845 69996127.25373974 64877334.10186847 182.01612903225808
211.97775161290323 295.03487941237205 64877334.10186847 59610964.005148835 153.46236559139786
189.86094555555553 295.0292923445843 59610964.005148835 58338538.04823239 145.34444444444443
196.6279204301075 295.02794243374524 58338538.04823239 61424284.89847386 160.06182795698925
365.0330975117728 295.03121608837097 61424284.89847386 95887237.18421023 337.7861111111111
590.0539647350391 295.06777767577364 95887237.18421023 140988036.09105894 582.6586021505376
