4102.94710586949 312.5358064514652 22393561032.0 30538278065.06767 1067.0
3064.1258530858086 316.8588544906883 30538278065.06767 32674318721.81185 2165.0
3171.340209677424 317.89305641609945 32674318721.81185 35254196689.38359 2134.0
2694.2156566666667 319.142150038435 35254196689.38359 37174448935.341675 1818.0
2534.869794623656 320.0606822191068 37174448935.341675 38577949123.57513 1849.0
2565.626651111111 320.6343980611426 38577949123.57513 39985691262.35297 1838.0
2121.2100763440853 321.20984790667103 39985691262.35297 40171211978.61794 1836.0
1443.1187096774195 321.2856841444139 40171211978.61794 38674327863.9433 1836.0
971.3207733333334 320.673795284348 38674327863.9433 36144496580.61681 1827.0
716.8395870967743 319.5732045030584 36144496580.61681 33090807514.38821 1766.0
640.2163600000001 318.09470684341443 33090807514.38821 30550487041.666393 1586.0
1202.1515741935489 316.8647656829991 30550487041.666393 29976600516.223053 1439.0
1943.8304494623699 316.5869083549061 29976600516.223053 30767020194.308586 1654.0
2183.2574821428584 316.9696040448865 30767020194.308586 30547654330.511406 2258.0
1986.352907526882 316.86339417570997 30547654330.511406 29777495525.13964 2204.0
1841.0824466666668 316.4905081461894 29777495525.13964 29633632310.972725 1774.0
2070.3886161290325 316.4208542224134 29633632310.972725 30141775805.595505 1737.0
1845.20539 316.6668808974511 30141775805.595505 30399394578.61971 1584.0
1398.3992870967745 316.79161159030684 30399394578.61971 29837967572.689262 1421.0
1068.0787354838712 316.519786759315 29837967572.689262 28494278305.520184 1427.0
822.8519166666667 315.86921579622356 28494278305.520184 27210899169.779495 1214.0
609.2834806451613 315.2478450516992 27210899169.779495 25792255621.144676 1059.0
494.36516666666665 314.4810300029445 25792255621.144676 24692352924.134518 888.0
615.021058064516 313.85150693917956 24692352924.134518 24275751636.287724 791.0
1312.7442387096776 313.6130675573991 24275751636.287724 24802105327.63618 1121.0
3416.536130952381 313.91432310418736 24802105327.63618 27706899381.615467 2201.0
2974.12835376344 315.4879923412489 27706899381.615467 28985179799.245625 2429.0
1784.0571322222222 316.1068944510727 28985179799.245625 28563467440.476135 1826.0
1972.451964516129 315.90271494164625 28563467440.476135 28819336518.42653 1736.0
2175.015213333333 316.02659848863493 28819336518.42653 29896439671.40285 1600.0
1620.4125892473116 316.54809706178116 29896439671.40285 29861928954.778336 1447.0
1154.152887096774 316.53138808694604 29861928954.778336 28718551530.23687 1438.0
880.1290111111111 315.9778016511266 28718551530.23687 27512479578.42301 1241.0
637.838188172043 315.393860549251 27512479578.42301 26353488098.05033 990.0
520.7482588888889 314.80224822461673 26353488098.05033 25561952935.947865 795.0
599.2152602150543 314.34921756865145 25561952935.947865 25235216736.769794 742.0
1682.7273019280742 314.16221196014754 25235216736.769794 26790390472.103527 1107.0
3734.2367142857147 315.0442483161148 26790390472.103527 30762177970.579388 2077.0
4102.760932027646 316.96725959648467 30762177970.579388 35509805997.65721 2257.0
3173.886206349208 319.2659078133326 35509805997.65721 38534622575.99162 1870.0
2493.8312161290323 320.6166872500306 38534622575.99162 39796811792.292885 1858.0
2509.39135 321.13263869421974 39796811792.292885 41036292506.3663 1844.0
2284.1872820476865 321.6393074695597 41036292506.3663 41649068740.58857 1836.0
2029.453189247312 321.8897950976653 41649068740.58857 41704470294.235 1838.0
1827.9718977777777 321.91244186983306 41704470294.235 41318634312.32812 1850.0
1361.4063279953916 321.7547217518714 41318634312.32812 39759358986.13604 1845.0
1002.5733299999999 321.11732892197955 39759358986.13604 37537329262.31488 1822.0
2119.5012794930863 320.2090186383628 37537329262.31488 38594908542.73194 1750.0
3157.9887476129006 320.64133064834385 38594908542.73194 42160078888.00147 1833.0
2682.917550142857 322.0986832898221 42160078888.00147 43926069875.28089 1934.0
3252.4954248548383 322.82057632182074 43926069875.28089 47312057594.04505 1902.0
3158.935098666667 324.2046835784351 47312057594.04505 50271396640.597855 1859.0
2114.2166462365603 325.41438750807924 50271396640.597855 50456219915.4418 1857.0
1163.5429833333333 325.48993864917907 50456219915.4418 48119238718.542 1857.0
1023.824277419355 324.53463907284726 48119238718.542 45260805531.8596 1857.0
803.2966623655914 323.36618293985265 45260805531.8596 41970150774.09865 1857.0
778.9549133499337 322.02104541794466 41970150774.09865 38880063843.52108 1846.0
464.2493233548387 320.75789501710904 38880063843.52108 35071788459.61946 1792.0
388.8180433333333 319.05383386250577 35071788459.61946 32144355384.839966 1483.0
433.2252580645162 317.63646527783476 32144355384.839966 30695942753.918446 997.0
1402.455791865358 316.93519064293525 30695942753.918446 31806964210.721375 993.0
1869.0346993506455 317.47311136376555 31806964210.721375 31958870154.575874 1790.0
1570.2719071812592 317.54665931760235 31958870154.575874 30652084251.316944 1987.0
1818.700288888889 316.9139557719168 30652084251.316944 30647570962.704742 1696.0
1944.5078129032263 316.9117705832791 30647570962.704742 30864100968.55107 1718.0
1943.3447440444443 317.0166074215896 30864100968.55107 31187032004.002014 1655.0
1572.396503049335 317.1729602033514 31187032004.002014 30635343060.41608 1589.0
1175.8350637303556 316.90585022776025 30635343060.41608 29713310537.62658 1375.0
900.5493577943781 316.4594318474032 29713310537.62658 28731493724.016224 1173.0
607.7912887096775 315.9840678435248 28731493724.016224 27720346595.967648 903.0
514.1145288888889 315.4945030483043 27720346595.967648 27399206541.295612 606.0
684.3220903225804 315.339017401615 27399206541.295612 27674885079.36888 603.0
1255.6172064516122 315.47249204966056 27674885079.36888 28365105176.940163 1003.0
1169.4342464285714 315.8066743376296 28365105176.940163 27364046210.191517 1568.0
1134.2764999999995 315.32199390442116 27364046210.191517 26429331538.320274 1417.0
1898.0377843547021 314.8456567870423 26429331538.320274 29045514726.800854 770.0
1083.6484591397843 316.13610667512387 29045514726.800854 28505902406.83684 1144.0
1013.4997633333332 315.8748438108051 28505902406.83684 29255664454.202988 566.0
869.5583129032257 316.2378543885944 29255664454.202988 30664563572.04152 157.0
652.453959139785 316.91999785612546 30664563572.04152 31727928465.236572 108.0
576.9327444444443 317.4348448074158 31727928465.236572 32243345374.20547 267.0
343.1456107526883 317.68439303486275 32243345374.20547 31543950823.661716 517.0
305.48436333333336 317.34576877295524 31543950823.661716 31866057424.84197 147.0
1621.2490483871002 317.5017223902595 31866057424.84197 34897873576.89384 513.0
3005.53307311828 318.96962989101087 34897873576.89384 38736954237.69433 1578.0
2854.7859880952337 320.69939538262474 38736954237.69433 40985827350.3031 1907.0
3812.7646612903172 321.618678573499 40985827350.3031 45822261080.153435 1923.0
4394.087991333333 323.5956919526448 45822261080.153435 52000717196.44327 1852.0
2165.4176396366333 326.10528419992664 52000717196.44327 52320736048.19726 1854.0
2231.18776 326.2188365291217 52320736048.19726 52749717791.17459 1850.0
2160.3822440860213 326.37105217463835 52749717791.17459 52891092800.88723 1857.0
1463.7316526881723 326.42121628701756 52891092800.88723 51331985221.69262 1853.0
1033.3792622222222 325.8479296450576 51331985221.69262 48830760746.45035 1858.0
767.4852562106049 324.82549151646697 48830760746.45035 45623658557.716965 1858.0
556.5053770720251 323.514508199094 45623658557.716965 42145479863.21607 1858.0
930.8343357660237 322.0927155729184 42145479863.21607 39759403202.43768 1848.0
1847.6393228705224 321.1173469964999 39759403202.43768 39782668897.80522 1845.0
2714.980720791736 321.1268574319956 39782668897.80522 41535630597.80552 1972.0
2850.2702288683968 321.8434244165985 41535630597.80552 43780083354.394516 1929.0
2169.2981698845642 322.7609006762752 43780083354.394516 44194163479.04958 1860.0
2010.278862660135 322.93016629474704 44194163479.04958 44135628066.173386 1857.0
1544.2365835294113 322.9062384791552 44135628066.173386 42839063153.62728 1850.0
1033.4766207798475 322.37623510844554 42839063153.62728 40052949261.701065 1854.0
780.9230804748702 321.23734129787476 40052949261.701065 36790799618.56702 1835.0
591.4404747556314 319.8861235685906 36790799618.56702 33511683912.575775 1740.0
374.15446344086024 318.2984816077156 33511683912.575775 30497764433.328068 1412.0
295.66580666666664 316.8392390981544 30497764433.328068 28985316222.580585 846.0
340.4151645161291 316.1069605028472 28985316222.580585 28539255177.06488 529.0
571.6948677419357 315.89099214537856 28539255177.06488 27885170020.218636 821.0
1248.9930178571428 315.57430522911716 27885170020.218636 27763657661.210777 1284.0
1825.7376935483853 315.51547286782744 27763657661.210777 28332002327.041866 1546.0
1035.4903933333335 315.7906470064113 28332002327.041866 27844923978.026024 1104.0
1218.7651838709685 315.55481939480296 27844923978.026024 27999229862.891533 1022.0
976.43998 315.62952932259685 27999229862.891533 28447362608.982376 647.0
761.3967483870967 315.84650073060055 28447362608.982376 29547459378.42048 167.0
571.0891483870969 316.37913207050474 29547459378.42048 30688833504.90827 0.0
426.36071 316.93174857408167 30688833504.90827 31406531405.99987 40.0
297.55611935483876 317.2792347274135 31406531405.99987 31379651848.373886 221.0
242.3786722222222 317.2662205133988 31379651848.373886 31427147696.714523 190.0
371.59146881720363 317.28921646979495 31427147696.714523 31680626190.59446 300.0
766.1377903225807 317.41194257315505 31680626190.59446 31234692253.121704 938.0
1980.856590476192 317.19603575729724 31234692253.121704 33243897512.641777 1134.0
2594.8612718279564 318.1688280781649 33243897512.641777 35465101078.97789 1691.0
1591.1098033333335 319.24426313497526 35465101078.97789 34723603210.92585 1744.0
1238.7396903225813 318.8852538060065 34723603210.92585 33342999099.9259 1601.0
872.05686 318.2168098673022 33342999099.9259 31731830012.539455 1326.0
697.3892032258065 317.4367338106611 31731830012.539455 31034399113.64611 767.0
531.4343247311828 317.0990602854876 31034399113.64611 31398520391.465733 248.0
408.67489666666665 317.2753560528061 31398520391.465733 31601798450.22933 220.0
279.2089043010752 317.37377672616896 31601798450.22933 31287212811.149048 310.0
216.78986444444445 317.2214645159045 31287212811.149048 31157175901.067505 233.0
387.1149698924733 317.158504842194 31157175901.067505 31553820782.200706 262.0
1155.6943688172041 317.35054748823507 31553820782.200706 32140648675.246166 942.0
3044.422726190473 317.634670608718 32140648675.246166 35795228250.51896 1517.0
1950.9836903225814 319.4041000535097 35795228250.51896 35521952285.9388 1977.0
1427.3240844444445 319.2717886539841 35521952285.9388 34418759972.238266 1720.0
1382.8436548387094 318.73765855148554 34418759972.238266 33288632084.83818 1652.0
1257.6470844444443 318.1904871137979 33288632084.83818 32433702666.637947 1419.0
1081.9230666666667 317.776557890306 32433702666.637947 31716110020.844646 1157.0
810.371588172043 317.42912269819146 31716110020.844646 31645964753.914894 688.0
608.1378 317.39516062453515 31645964753.914894 31833822520.85281 425.0
427.041617204301 317.4861152904294 31833822520.85281 31667670617.00122 402.0
343.7106911111111 317.40566990268286 31667670617.00122 31619791658.496754 328.0
1190.45554516129 317.3824884567138 31619791658.496754 33569331639.89597 486.0
3002.86692473118 318.3263927761673 33569331639.89597 37875107659.706024 1401.0
2616.298236904755 320.3470940154133 37875107659.706024 39496884784.78028 1928.0
3427.621048387094 321.0100360204852 39496884784.78028 43275129515.03552 1935.0
2514.564720000001 322.55448815167006 43275129515.03552 44558553496.62939 1870.0
2336.3571279569896 323.0791198378373 44558553496.62939 45358192877.59083 1861.0
2037.9893299999999 323.40599245575316 45358192877.59083 45309402159.33982 1858.0
1937.9326419354838 323.38604802807185 45309402159.33982 44910908122.26067 1857.0
1720.0991516129031 323.22315361313287 44910908122.26067 44073527508.06823 1856.0
1270.1459933333333 322.8808533211888 44073527508.06823 42224733144.35561 1854.0
892.8926860215054 322.1251123358859 42224733144.35561 39415009111.81799 1843.0
663.2343444444444 320.9765672892021 39415009111.81799 36433566392.57198 1776.0
675.4791709677418 319.7131627735896 36433566392.57198 34140500428.721756 1556.0
1883.5190354838671 318.60293426393036 34140500428.721756 35340861304.55452 1441.0
2913.5548833333346 319.18411024719404 35340861304.55452 37620127491.61446 1954.0
3310.787430860217 320.24286448764724 37620127491.61446 40911793676.04124 2002.0
2989.985546666667 321.5884154555285 40911793676.04124 43448601197.34434 1865.0
2505.348670967742 322.625399045106 43448601197.34434 44713861670.293365 1858.0
2480.342258888889 323.1426059423464 44713861670.293365 45837930514.89891 1848.0
2354.253013978495 323.60209722642 45837930514.89891 46578608333.589775 1845.0
1704.0371516129028 323.9048678295094 46578608333.589775 45702236706.06236 1851.0
1242.521664444444 323.5466289846283 45702236706.06236 43767576270.8315 1857.0
872.8811838709678 322.75578809272304 43767576270.8315 40867131989.47939 1855.0
646.1566133333333 321.5701588729307 40867131989.47939 37671234840.20383 1841.0
616.2854376344085 320.26375589598194 37671234840.20383 34649960671.70793 1769.0
784.8384182795699 318.84959846601527 34649960671.70793 32302014316.54249 1667.0
1555.0872285714295 317.71279864265637 32302014316.54249 31600027517.42368 1829.0
1978.8696075268826 317.37291929767775 31600027517.42368 31403119190.98781 1981.0
1779.8693133333334 317.27758264306567 31403119190.98781 31090145031.54407 1775.0
2077.1341677419355 317.1260506592157 31090145031.54407 31449822949.344845 1796.0
2007.496042222222 317.3001950950638 31449822949.344845 31663333395.310135 1760.0
1670.4033870967742 317.4035699599642 31663333395.310135 31147893112.38698 1672.0
1217.8060967741935 317.15401041560324 31147893112.38698 29971627802.143764 1511.0
895.117454789272 316.58450072728954 29971627802.143764 28682368105.258 1286.0
625.9151258064516 315.9602828049085 28682368105.258 27337533614.49117 1046.0
478.47321666666664 315.3091573615238 27337533614.49117 26551612033.029396 750.0
918.1115172043013 314.9156433339225 26551612033.029396 27423479492.6901 614.0
1908.5217879709342 315.35076958104486 27423479492.6901 29278621941.948765 1221.0
2890.450257847713 316.24896966299445 29278621941.948765 30845456133.016834 2227.0
3544.6783764092024 317.0075801941594 30845456133.016834 35333196496.606186 1796.0
3395.257228799147 319.1803991946384 35333196496.606186 38990776593.443146 1847.0
3499.909512469916 320.8031516256069 38990776593.443146 42964205133.60743 1848.0
3498.239188488889 322.4273900260011 42964205133.60743 46799074964.94979 1821.0
2726.469083694496 323.99498908500465 46799074964.94979 48539386993.03005 1840.0
2199.918397063689 324.7063851994945 48539386993.03005 48984334772.83625 1848.0
1663.3715800166005 324.88826874485744 48984334772.83625 48122308702.09618 1858.0
1103.5307596774194 324.53589400548964 48122308702.09618 45816132005.888115 1858.0
797.9075377777777 323.59318654008234 45816132005.888115 42963029600.95686 1858.0
757.6122096774195 322.4269094975978 42963029600.95686 40100114740.29697 1853.0
1482.518806451613 321.25662136815515 40100114740.29697 39137375345.620384 1848.0
3553.4453321428527 320.8630775360214 39137375345.620384 42925801604.84983 1969.0
1525.2260409274195 322.4116916220942 42925801604.84983 41654392685.3953 1917.0
2274.7488954658133 321.89197139340314 41654392685.3953 42351088641.776276 1860.0
1754.2957516129036 322.1767633090787 42351088641.776276 41619242193.589355 1857.0
1985.7836329333331 321.87760274979803 41619242193.589355 41468702370.019325 1854.0
1758.18682562998 321.8160658277773 41468702370.019325 40626582156.54496 1854.0
1374.5877519023986 321.4718281059592 40626582156.54496 38917376048.265175 1846.0
1056.9715800166005 320.77314731500144 38917376048.265175 36639103999.38578 1815.0
655.9905195038345 319.8126774471704 36639103999.38578 33541253196.4271 1721.0
641.6636530673284 318.31279810033266 33541253196.4271 31524695275.340813 1385.0
725.1782115347014 317.3364458581102 31524695275.340813 30614177067.895588 1088.0
1403.9507552995397 316.8956023375112 30614177067.895588 31099690310.244625 1228.0
1966.5900516483487 317.1306721749998 31099690310.244625 31183234438.250248 1916.0
2430.5176446650153 317.1711215446162 31183234438.250248 32200813281.055504 1979.0
2412.1155621324797 317.6638003684785 32200813281.055504 33580459454.850452 1751.0
2317.8772544054 318.33178050491455 33580459454.850452 34487584661.99535 1826.0
2268.5002996000003 318.77098124430876 34487584661.99535 35145933653.59413 1841.0
2144.528223479442 319.08973257170237 35145933653.59413 35464831691.27041 1823.0
1990.8081820099255 319.2441327061443 35464831691.27041 35581006007.33897 1790.0
1559.3854689054892 319.3003805593778 35581006007.33897 34779581526.452545 1752.0
999.2754657403939 318.91235669916364 34779581526.452545 32713192049.74274 1681.0
870.9358752895505 317.9118776264853 32713192049.74274 31110324634.574657 1455.0
981.4276206490176 317.1358209715187 31110324634.574657 30502880499.938175 1231.0
1581.789178494624 316.84171613243836 30502880499.938175 31009365550.34543 1398.0
1053.7221047619048 317.08693984232855 31009365550.34543 28604682817.617607 2032.0
3322.89880651673 315.9226700966484 28604682817.617607 32013866511.49604 1980.0
2838.3183399102572 317.57328677810403 32013866511.49604 34230079446.23388 1854.0
2359.702523222604 318.64630553221355 34230079446.23388 35159454565.697 1858.0
2330.4669662666665 319.0962789608294 35159454565.697 35965673848.847206 1844.0
2011.8310090629802 319.4866243095029 35965673848.847206 35905375696.446014 1830.0
1861.4002365591398 319.45742989079406 35905375696.446014 35691985016.751465 1783.0
2011.4938022388224 319.35411301285535 35691985016.751465 36074850137.720566 1746.0
1604.0604119769528 319.53948394389494 36074850137.720566 35476339085.34492 1735.0
1155.0258622222223 319.249704214847 35476339085.34492 34100428657.986576 1650.0
1427.7191038190595 318.5835328062296 34100428657.986576 33933430741.491642 1514.0
2103.33660967742 318.50267780647414 33933430741.491642 35197545281.700615 1637.0
2837.0276388000943 319.1147212557861 35197545281.700615 37105594608.24744 2031.0
3103.820849527482 320.0325362889688 37105594608.24744 39831710131.95543 2007.0
1291.8960966666666 321.146904264323 39831710131.95543 37987538478.79498 1863.0
1499.797348387097 320.3930529276993 37987538478.79498 36702062653.30115 1819.0
1342.0310844444446 319.84315999482 36702062653.30115 35143425746.14731 1767.0
1156.4387 319.0885183238827 35143425746.14731 33333225367.84529 1633.0
886.1040956989248 318.21207774176685 33333225367.84529 31847891681.89989 1290.0
680.7720566666667 317.4929271239953 31847891681.89989 31095096953.996056 861.0
490.8591032258064 317.1284482201976 31095096953.996056 30754672307.295593 532.0
529.1303197339951 316.96362559663777 30754672307.295593 30926716183.34551 429.0
751.6050400038564 317.0469236871044 30926716183.34551 31506671148.609364 558.0
