1.4477543772197947
0.009644030400615122
1.463398468946794
2.9424451528154805
3.1567479461399266
3.685046271802486
3.4590415440025346
3.666031072822504
4.2661974471572925
4.232138303616178
4.893565971179788
9.049725347357313
4.812036377849555
2.444913565623933
0.9754681256365672
9.964449045006209
12.313245212986445
12.928704538905356
13.13949216105925
13.180457751969355
13.183079035446289
13.133084938093683
12.99347211477679
12.251881473194695
6.916149505827467
2.4537413923973084
0.7780206486414158
7.186735441905969
12.209654246589462
12.594967711397157
13.153208871837338
13.268053576552177
13.364266746526406
13.265391746547747
13.081542906484
12.5533780451021
4.8149943563360775
2.44400837246366
0.7315926246814008
4.181957706229088
5.15617482177033
12.437135372849724
12.972653968374264
13.185306409383003
13.346280818090385
13.478637489930787
13.195198621535798
5.893243192324238
1.158097615222891
2.3046471161531876
0.8290247642533846
3.5700447018468804
4.721083230665812
10.493155368980117
13.148053841722565
13.263706127953895
12.480626759219154
13.320330903506232
13.277977348153193
12.873010877388703
6.300510559164014
2.450698190355805
0.8303738199904043
9.949268262000109
12.262036540897626
11.386735424609569
11.865912802476064
12.23264967266686
12.411269477101058
12.941166343970181
12.818369552309557
11.756694746574627
6.792403526946713
2.453338855114769
0.9625701071990296
6.75941355705486
12.378604217767615
12.881104609474923
13.114189732674523
13.338407750097955
13.014991086827342
13.506899850297843
13.348639513711039
6.821196494134966
1.1627548699149912
2.23936146416073
1.0064109400125112
4.210940710814734
4.413494567385166
6.717325497337859
12.126988051167169
12.47675850474546
12.86309920640247
12.787837658646385
12.85532066110044
10.541487794498845
3.227854297033323
2.4374437975559626
0.7548737227419853
7.069589265261259
11.536267341278178
12.238791386746882
12.728040659738475
12.882207494907998
13.003674430236458
13.256446534275735
13.18700130787658
12.901891044549462
10.04470642708877
2.4678515180474534
0.9220274494007086
10.487551105397628
12.514815127002363
12.920089824621819
13.26409125222493
13.382054302355685
13.439971213987631
13.429854117834235
13.296249286068806
12.86446281187804
11.211166464223442
2.4732316746338103
1.0580017035694027
7.208599501214792
11.365814320677552
12.932560292073353
13.275932185230973
13.288725065728489
13.379536756578023
13.457988938064833
13.391567488734253
12.53144361437793
8.23949016646969
2.459727005141886
1.0331754403316253
9.479873196916781
12.338686667090103
13.119613158367462
13.313707997385002
13.506640864583327
13.546047619716022
13.483328513059869
13.382793219240648
8.698178841808422
1.3006094825818888
2.23132271145257
1.057553988985152
7.669655292894471
11.636183419196541
12.716652190092777
13.032775730168417
13.271725473132921
13.369491701812276
13.339360111844124
13.247867282643016
12.540547786079163
4.371441227670893
2.4419716219950107
0.7855405746650224
4.236890871180043
10.539598095041667
12.14892381257205
12.725676347718709
12.948089850066243
13.073529094456136
13.096678370584817
13.012361265326424
12.62661541990231
9.718309429250382
2.4664435153342428
0.8224816828195358
8.402374606210628
12.28294220389927
12.885902671747656
13.255471573428617
13.407346533945468
13.45108658875035
13.398649093385895
13.298432980993013
10.45522212237148
2.8291938498996796
2.4356574234957
0.7196847082832125
4.0888328337911535
5.316038612143366
7.4986233305507595
10.30787052549628
10.60399091078676
12.297504498595998
12.988828930735647
13.09492418948323
11.275059018036858
5.29521556178951
2.446648752343597
0.6903269225887474
6.622483763486248
12.08480764376732
11.451840172481512
11.810714968701884
12.228213490930619
12.471482654400175
13.315294378796963
12.560147126039865
11.60645609083512
5.567046037673386
2.4477586220287826
0.8155942932311042
4.552257700516348
11.150203893957888
11.325491226080048
10.70040945712035
10.219291962004924
12.268430552191406
13.24798246772207
12.555704886211284
10.458028037454502
4.915601515529509
2.4451900660201105
0.8961769579457695
4.497405916552356
8.457437473663582
5.334501084268366
4.650952843310085
4.786532858006629
12.131994007204902
13.186616112631212
13.25807897590502
9.385038637982511
3.0823520142776246
2.4371925269419883
0.7732723045810914
10.165067640933012
12.879491651078684
13.27870494080764
13.423775303836443
13.591858838737142
13.667266726747464
13.553096283497997
12.57142776699073
11.065092407245393
