2.295152562225919
3.0923116951841365
1.7815706823996162
2.21561912623854
1.5546113240817458
1.9138654976820124
1.4482212661502558
1.551768020993432
2.2879832893405787
2.3398464370668837
3.4918130820607765
3.082136499208355
1.6790563663008715
2.929747955944684
1.5853411494619127
2.060615808432191
1.7908549355159167
2.210804068912873
2.08415928339857
2.861668001334488
4.633016816180106
6.307315397279755
8.43309425735759
8.246013009695936
2.036055972304279
3.1058800979161276
1.8853464882635933
2.278691481497379
1.9143226861063862
2.3446641867452236
2.2558688927572454
3.0401198134703034
4.69997386544094
6.69408072494535
7.948340204536512
8.102930955133147
2.0414106478613494
3.3192776527589007
1.8698982919670382
1.9637287140594424
1.4019669580850351
1.6139329616302067
1.055074009350129
1.060815531862529
1.6540444969642731
1.5612845728781775
2.435443020214615
2.4092676823992303
1.2349629658686716
2.381660999875331
1.0132529674135462
0.29840288644969526
2.1278543846513234
1.1918238648757136
0.9414137183868121
1.3332139126165181
2.5931675854646414
3.372190965097147
5.0921342764010955
5.271017237230549
1.5245667160413472
2.771038977090088
1.56186105446419
2.109539819950493
2.1143973178433892
2.6727793874089603
3.257674875854825
5.41485431178231
8.912750008148201
10.578485508762977
10.870120274947437
8.348757727034616
1.6160750110686504
2.920966564570417
1.8194245812793302
2.6574986988865064
3.5556428923199253
6.041591531274586
11.25025006547917
14.494885109999993
14.494885109999993
14.494885109999993
14.494885109999993
11.411841502732434
1.665827031804648
2.7636054735958577
1.412683509610435
1.6050920198424325
0.8693755452529839
1.290637821102468
0.8289951423747386
0.8504983584521568
1.4237702805182781
1.2601722937944206
2.071286260978285
1.89987352217965
1.2641465429958867
2.544378011741294
1.1787839754249099
1.5158767980409724
1.029271009919201
1.4904516614670271
1.200968016432137
1.5895209819867109
3.0151793693863382
4.16153271980847
6.47813373212321
6.675223480259623
1.7489581441934163
3.0313250840150694
2.094871560468224
2.6851393770909926
4.017219449542694
6.346010023219391
13.475608753876351
14.494885109999993
14.494885109999993
14.494885109999993
14.494885109999993
14.494885109999993
1.9862108335919757
3.2350112748295707
2.182469366136912
2.7931938277802733
3.8880737256150013
5.883535941989907
11.875311298575088
14.494885109999993
14.494885109999993
14.494885109999993
14.494885109999993
14.494885109999993
1.9104012759947349
3.2270336842400535
1.954976755885161
2.542215578536654
3.3916503006738434
5.126456366621573
8.192710852712807
14.494885109999993
14.494885109999993
14.494885109999993
14.494885109999993
9.322486047330319
1.714412758391198
2.7458737757676364
1.4304275474803614
1.7084122447263947
1.302878737000798
1.5268574819383005
1.159323144015957
1.461139559247501
2.498790130526471
3.1059888704565033
4.404030497177928
3.9340065740474497
1.4116132535894899
2.6491680940397035
1.2831640711495371
1.5253954112927097
0.9716256005353117
0.6321008803599941
0.08039650237027196
0.8189783951784975
1.368518314165172
1.1877868702045031
1.9744915658273943
1.9238026407462776
1.2678611527256525
2.668744547505023
1.4462126891202676
1.8611548636732635
1.790044432489914
1.9650495130133887
1.8106307728026856
2.487850503692446
4.009436754133155
5.975062108191333
8.174075794882821
7.612352898869091
1.7039526389871842
2.9178299352088253
1.5323257870563953
1.7541300274220681
1.204298026753504
2.3829633920994535
3.4288663435085116
0.027095083048353175
1.3016746706443545
1.0075476250555244
1.7021894693959467
1.5174799556518508
1.2130958717697808
2.516933371176174
1.0775126241263155
1.5238206877421696
1.1051571584358495
1.5588694423769471
1.2229496579602817
1.4797891969285857
2.3975606133237086
3.0219570761379337
4.550232518874033
4.377408457618037
1.4490567230766196
2.7242035219250305
1.505955901463187
1.9300347095006174
1.5837822451928574
1.8404403822341813
1.4133123999131119
1.6957959231552948
2.6220937874378247
2.8206971462999757
4.401547023864305
4.125942540223935
1.4053667411315676
2.6908807824238217
1.5137997705129216
1.7935735425153165
1.257536711468715
1.4784065810287785
0.22711437281127367
0.7120836308300529
1.6747696854940042
1.600113601333499
2.433948142428399
2.425589137689002
1.1181201595150494
2.386491935971666
0.9985680802128769
1.3152573193985422
1.0517166984515054
1.73573393366458
2.020075399448281
3.4159801903588978
5.576173877072318
7.396748635246305
7.474586053097644
6.743576602740557
