3.8078633718236183
0.1896089236141787
1.8821533736434457
4.277435312192534
4.811088243880123
5.174470303583346
4.87503086962335
4.916883785373324
5.294148877969603
5.057229439776016
5.431024792298741
5.18769169469806
1.6737041393413215
0.1057794994074559
1.6017264688597113
3.8791982594882146
5.1493528094770955
5.556082318012384
5.332083875948946
5.418742112008699
5.796243147089264
5.603651087602513
5.9853777713396905
5.794864220790371
0.8313995656476454
1.0300568096041847
0.02208387570967041
4.724092199518317
6.2205409561478024
6.612228538188634
6.471635265942304
7.017442491147424
10.65084918853018
10.287762463795108
10.104658101709305
9.195794681350725
1.1759829675390492
2.361427759705782
1.0744018229151795
4.938317449900499
6.39715594493339
6.773220921368439
6.696591363782447
10.396450453957032
10.655135832973263
10.5671279187625
10.284069464128738
6.818665127687159
2.5087240178215104
1.6048913836174208
0.2907742789150145
3.0742870519428944
5.843775306003481
6.147861183591903
5.968407284127149
6.096493962604198
6.4966942048051735
6.330033021145452
6.740207327090654
6.609062795065561
1.110096961205148
2.4284650478081904
3.2423249484583057
6.1894910831828
9.031600451255851
8.830847069857409
9.101634398335797
9.785916555162483
9.97703442729267
10.166737304246041
9.729169430971304
8.459314100048612
1.8150308433911402
4.599209553250288
6.207328341273039
3.643061832331263
8.70105449279902
10.908340206859005
10.461612831094628
10.537939234196587
10.58876664823918
11.72089485990975
12.050761612258164
6.939114666022613
1.1097731924424963
2.02651020640233
1.1208417983101953
4.726736997122508
6.160546956539266
6.551077312034184
6.364495625600764
6.4687636211611625
6.852015948209205
8.974879427005288
9.877897577660104
7.246858551344383
1.9010101642416135
2.2696392226841855
1.1023878200094934
5.30123541974832
6.552224123469201
7.763105232977495
9.817158362051714
10.182505170012814
10.31679544914923
10.585116260519214
10.233328377211402
9.610214904338857
8.94979640268603
6.658538128881995
3.900657587467281
8.31773598822819
9.27890864668183
10.424078656944033
10.704681881844113
10.920443563435906
11.730822355872823
12.650518656708162
12.770760871250259
12.889803454935258
10.666947840482546
4.412558374165274
1.1457701405843537
5.761415234431974
8.312678727424931
10.344021232066638
11.08182089350959
11.972157785337142
12.733638130571396
13.149799197432271
13.198993405220401
12.034668317555859
7.9963195472534645
2.4587711303527993
3.44139610415076
6.920907861720178
9.181862215320104
10.875930608433233
10.822326615533036
11.014745454878485
10.994188703708987
10.795886535347464
10.96208734250808
7.040904480842444
2.27873323691046
1.9936375179983639
1.1259217522212204
3.4152830089048276
8.31521704401845
10.157950725412167
10.391192425512333
10.835511882310806
10.87677618108633
10.621819257448742
10.224278607708513
9.178007512728103
1.1758437457844053
2.296042217258716
0.9902246832248096
5.309783379246538
6.52772077526973
6.863772122326002
7.741285579022726
10.229721159048662
10.44175052716705
10.123424323937638
9.904280537178934
9.258962275272062
3.9069589537627323
2.4409152439893997
1.0646560741688162
5.138541288864152
9.005173367674082
9.957088741792148
10.405851081717813
10.892531914292842
11.013863251360082
10.68574749334438
10.209753176635417
7.1506434449313465
1.55305058900964
2.259809035949951
1.2606856576139123
6.418586685498331
6.28547257863857
6.454120221226182
6.121057353946279
6.1636692868038825
6.521769322365114
6.3475082843458726
6.739754773322816
6.596216304364049
1.3541946169119239
2.388126390961661
0.6397573384695239
5.095291231220498
6.488600650708385
6.913716845934967
8.075530418525155
9.775922423426978
9.976629018983878
10.5367542827898
9.531514903002194
8.307484859831877
1.1717216195956919
2.426400375564267
1.0439778456008728
2.9290803903838754
6.585068723133061
7.801230667125694
8.982022817651764
9.470973640314703
9.959834724815813
10.537158511402678
9.47123440532145
7.766452937042956
1.1689927862689817
2.353098125437583
1.0701980622527607
4.596348062123198
6.533480120017262
6.889561387980801
8.749727222851796
10.6026898830653
10.030976938297655
10.536754414304776
10.238889512357158
6.970208062186903
2.6998539239872947
2.2493651498925065
0.9094968952462654
3.5702364980628527
6.990748519642284
11.02444481434794
10.872649588526684
11.04148147798108
11.051306759347739
10.706582716056626
9.544178321534687
7.765908766823136
