1.332552064494502
0.5776041749885277
0.23868652308874339
3.455853536505593
6.052487179612459
8.248286129543882
9.908864945764662
12.320925277052517
13.555842786578621
13.166826852576985
12.123665990523651
8.597183644180745
10.657251122684418
0.9639934468943121
0.05225774344994605
9.362049786922146
9.870353095425733
11.54148458700427
13.337539723070945
13.924141975041765
13.820398562669938
13.307661026555861
12.436574989572984
11.149695369533601
14.494885109999993
0.9247940090434419
0.404666471094421
4.952868782796996
10.460334439869555
10.042134293342606
12.6909641340072
14.030312618979615
13.945558983839158
13.435520206693194
12.45938483247539
11.44619635005862
13.641032612152525
0.7490299594137646
0.6063805872305341
0.9049245871345963
9.623056677474182
10.338549467738545
12.340271198213818
13.813370779575088
13.978921458177444
13.65337717599168
12.638568061902568
4.7895483745771585
5.119947494103613
0.03302841332589246
0.9516799151188824
0.6377725667821679
6.438472380034652
12.451271566204126
13.563238834062902
14.016956037067615
13.177931713795799
13.445167396617915
12.526472364388471
11.756281629051644
14.494885109999993
0.7122426066179326
0.17988292345545354
9.769873945132481
11.15338102782295
11.425484248434804
12.230439680970038
12.981584522881374
13.10895498241114
13.000476489356672
12.127048143022222
10.644719770340098
13.723244380582457
0.9119629082851262
0.16147760644678932
6.049109639137416
11.919746096782509
12.850377130170928
13.46899954963889
14.125257535737001
13.60023939391281
13.628633388681436
12.662436862575147
5.78473982626279
4.947319471142327
1.6323544020716856
0.7218303849629653
1.520588573840909
9.421329245455205
11.117741987732794
10.636060907556203
13.084420236891901
13.439673877164843
13.023598574162868
12.23788708378611
9.499287251715586
14.494885109999993
0.6936389064649013
0.3435765141025726
6.35612568947332
8.72344606238584
11.285030716267249
13.032337862984038
13.768001442727204
13.655734619353483
13.497283576632464
12.569667320460093
11.794842559225422
14.494885109999993
1.6124834184596288
0.7456096038448585
9.786821173251607
11.31811060353011
13.01999332073489
13.76409298202292
14.232940644704795
14.028877814087682
13.551489878476126
12.479843264471869
11.944837676542207
8.83006536499769
2.3021705968135713
1.132282054290016
6.846878172364234
10.113182740203872
12.780158774161775
13.675176759920294
14.177164121972202
14.031683878538532
13.51875584000927
12.570121871734262
11.284177729832603
6.799598319743173
2.4024059027002167
2.625828081877822
9.024703508800382
11.364257212448955
13.106325617328785
13.830809995251217
14.277926328180975
14.123463724617107
13.66436012600886
12.571013609649391
7.383698313345828
5.6889608983533435
1.5580567352499362
0.7079887354104528
7.4610001712363685
10.41658577486632
12.560736562299708
13.432050513641244
14.01832598825082
13.940740310918907
13.514675072196134
12.566294063931068
11.428579076834287
11.9450782407799
0.3119631099977802
0.7284133793115899
0.8930236399223404
9.153428824020441
9.444742844421341
11.37491472446437
13.586499464966336
13.640165610671325
13.331689333747232
12.32933607604077
11.580120595497633
14.494885109999993
0.24755337755375173
0.6109194458526552
5.737365988944699
11.319191002606463
12.603389745952143
13.600031438854034
14.23251614211944
14.028405351976918
13.639309527717211
12.556196659521397
9.337794157775155
14.18253586009766
0.48285309721241454
0.5136052143202559
1.2316334607886414
6.672458595090005
7.023543546946477
7.682982705009436
12.255781542205956
12.94767307658581
13.159400536730367
12.407378399159256
11.577354122641424
12.280868524673231
0.009110862161005429
1.123624161835055
1.055596821481009
11.114546952768357
11.179155644256792
12.216117203753193
13.058463160661333
13.049354472574299
13.43050481017721
11.873877536093289
10.494218312208869
9.690029573430866
0.4914389388152891
0.3880735670911406
4.559132100680571
9.85103785510077
11.230329590096806
12.16110284232104
12.977166233958886
13.043727488997273
13.430504797139902
11.873877503904511
10.01826684679365
12.391532937264058
0.20342946337501466
0.4775668552285772
1.1749843595892653
10.024310247152862
11.170046307406803
13.15173762003201
14.15620241598922
13.129907210547481
13.365405297815437
12.5760684671096
9.126786838538528
4.342675795021194
0.2717535350727385
0.8686116531412971
0.7551346390393867
11.813045999018177
13.112450712201014
13.886223359331623
14.419541036015938
14.18959543012789
13.729294304656017
11.890071954799907
9.952690775565406
