1.332552064494502
0.6859389673156198
0.572544917789882
1.5230601684651237
8.238558515290041
8.50241891275427
11.360204986194788
12.701989649565228
12.582378904027673
13.077313179782886
12.888943687013098
9.842442058145972
5.193871378400582
2.4466749013438864
1.0648787371386295
9.121419392157723
11.494818366962397
12.760375928491934
13.14465366306384
13.225612458685323
13.255964667188369
13.290856973029786
13.206988828177039
12.379569468204842
7.565799181766372
2.456683528358436
0.9166902537830932
6.949096586908734
11.1095101025658
11.269666837539006
12.32604307818015
13.319661670965292
13.403351517020637
13.420950635470547
13.295487503799244
12.65444714225756
5.79983877986437
2.448485639744165
0.8826926881110762
3.0265155992399357
9.820875548858321
10.856763541982577
11.938332953120266
13.136803280591772
13.439275034869826
13.638627852456901
13.43615011886957
6.023428691046735
1.158662999991913
2.411614421117166
0.8943865060112817
1.4271941992816455
6.501061576732307
12.468073761943524
13.18336476178764
13.364810211469683
12.606206456634395
13.362285677981644
13.347070623729524
12.953949649404747
5.902313676560208
2.4488625603478464
0.9294958356317888
8.257923040619378
11.31486147611599
11.271357460661399
11.874422429143937
12.331595844179148
12.510233116582157
12.981730195923987
12.89994499830227
11.878732899885714
6.934601849597039
2.4539427987725126
0.9954773832749151
5.334813019864267
11.3200042266263
12.700125997139228
13.074005300770732
13.362123298885786
13.490809397527096
14.280092758898057
14.13417376351228
6.914251497371967
1.162922843720608
2.4096021468793705
0.8911867909282147
1.36373264574609
9.520163000985061
11.819779279472627
11.369866520749323
12.404589472967404
12.893375027992885
12.94341430375126
13.069694486220222
10.669346796971304
4.088845508520118
2.4413420517330504
0.9569113887945502
6.219335112107672
9.43798278999487
11.310001947389473
12.709102600706382
13.043343142767617
13.073405654848516
13.440768003984457
13.391126840092774
13.017170871444074
10.165759984194983
2.4683793734281867
1.0137191835892168
9.038173910682442
11.747842517682743
12.843653930348701
13.322237673114223
13.445338439332861
13.442921821791035
13.457947356452417
13.274559594670906
12.949965367636926
10.201076323136794
2.4685558764142623
1.0251595139284255
5.766498263218763
10.456297882561426
12.630453086053864
13.269723193504532
13.447219162127432
13.422645326812294
13.487376843337948
13.394188964764712
13.082058910821127
7.913795078523247
2.4580421749905774
0.9630910607106475
8.164757574137056
11.191758787839282
12.97409683862259
13.407458852499145
13.551538365262294
13.568284972569357
13.545119600065528
13.515765107451973
9.365257274832022
1.175592300964249
2.413123264958326
0.9890464311119622
6.213654848472332
10.503703777645672
12.296479002261286
13.004362099032258
13.315671733332092
13.404185208632743
13.462711542481815
13.339668855525346
12.589731052041149
4.1370163516732905
2.440889533106418
0.8642151719896685
1.7378338032217666
9.192246325310968
11.847699309116003
12.21659511936236
12.855333764832105
13.139821466156203
13.25507434732514
13.161179026547938
12.776137082433516
10.185814550980309
2.468555003161484
1.0206488646080132
7.778864410726336
11.382532738656469
12.799813052149876
13.29373093493607
13.508428413247634
13.516437038675024
13.549497844604215
13.348752653549715
10.583319852217286
3.110601760274614
2.436890444165403
0.8891510445034747
3.19152602393355
5.371830601691876
1.5888899232285123
1.1117713950399697
8.279590159620142
10.694041425013205
12.985761211110747
13.213628956021818
11.36804572919724
5.612138177014387
2.448082779603327
0.8350093650548551
5.38018941904334
11.266008525426576
11.359366100431505
11.814374756471484
11.229033299273299
12.178127086912994
13.35918723122051
12.64466028862428
11.231618393834285
5.587965023185154
2.448006677354055
0.9038253393687814
3.806542072785776
9.933231281984277
6.3253367071081374
4.713976957011994
8.980154606281443
11.632689376052653
13.28699856021809
12.66761704569435
10.515063300961511
4.921166310866516
2.4451906834680983
1.0005145368683728
2.4714567709669453
4.482144579226757
1.584067063333162
4.840937722741813
10.038948627465109
11.679384204809683
13.30578965431213
13.35047149897452
9.447177483402973
3.076285030269961
2.4371425362398718
0.8356430850964607
7.490993901344098
12.124094711976815
13.19260322418095
13.541406159579928
13.660120979899036
13.611325889619906
13.307144465810595
11.261281453576693
11.115093184363895
