7.022373842218742
0.259569593440764
1.1810785127181216
1.4304886781785484
0.6562260109454439
1.117061925547306
0.618626519867485
0.6097243576190969
1.1926714823116296
1.3324730270927603
3.2004596373055847
4.018867982358078
2.4830369627485815
0.3663656966415605
1.5501903864252622
2.0377330425951943
1.8987073354860797
3.3546404193690282
4.156555479158758
4.137703563758057
6.016760326722787
6.894772603313825
8.369695341859757
8.888742593540229
6.566986301718497
0.39712675296615707
1.7591298038813452
1.7159265614665262
1.9634688780408283
3.305499252243907
3.989924203601328
4.056798816787637
5.819864577898272
7.380721766882595
8.995384235079033
9.212414079279053
6.62712970535288
1.0558387999549588
1.9510174856414952
1.0424903408683086
0.5228167500906817
1.016544367035566
0.5682136984809532
0.5236070973684459
0.8834274733204257
0.48633119263079827
1.1790747942893471
1.3805847105872342
0.7079274377637912
1.1932259154792213
0.07606817583890191
0.5535488655485228
0.03929095218557066
0.42087266107473376
0.06516097465391013
0.20389096794627193
0.9004530932341641
1.0029548314279388
3.8459482246494243
7.187466382251532
7.2613069084034425
2.6617750306399124
0.05723745753268439
2.541018886253422
1.982566029310009
2.819486346290896
2.895547007760772
4.4811804727621265
6.26025252292612
7.971830621509233
10.276856358917996
10.163827285023494
7.28226098778165
4.2802409768678515
4.31880063233212
9.16625641319338
6.219784114306648
10.5419543838279
13.358207427015445
13.708256436833352
12.604391750017154
10.703997467644976
13.4548618713812
10.739318805949768
2.7945764417024126
1.533025552325432
0.08917396954959145
0.6758288134435482
0.09770803111829096
0.39049075828858193
0.15287509028636492
0.12726676266607662
0.3721386862560916
0.022839218848735854
0.6403916350545291
0.4236177722155947
0.5615172441365779
1.0425416307327762
0.16239656808145675
0.7122071826357281
0.2556589244341474
0.7696713327975377
0.3443241411714606
0.6229587955185636
1.9109110576742605
4.085997151214075
8.535959589697136
10.66936003484889
8.569064555149716
6.1475723585325515
3.3732718643263286
6.790326357548072
7.1402515299711
9.986072771883194
13.289986185351554
14.494885109999993
14.212910266624423
12.880133797418022
13.151572555165384
12.30272354435966
7.633366478874956
7.016523365743482
2.0433010648764203
1.951244009737847
2.6326765006773485
5.041986923031013
8.883024607506535
12.685713360610201
12.939346218042328
12.227975492095812
12.848204941163749
12.582586926432034
7.607803961982408
4.452336217185145
0.2187843669091709
2.120933585367565
2.270394138271792
4.381311954206154
6.004398052281623
9.461373720450649
11.486716379798057
11.552327858158673
12.173073373606753
10.940685138996882
4.164586093954936
1.429513838003711
0.10488311730597744
0.6619894548102288
0.20726421675367313
0.6528667360237872
0.20153239968034953
0.22855933950384077
0.7429072206447831
0.4578719360967334
1.530726762682212
2.8837285812256273
3.8441670726100714
1.38455332924657
0.5122068171587504
0.8104551122264247
0.28419535059074086
0.7574825617193408
0.2684109402056958
0.1863143858272931
0.6441576485000109
0.2916761612946104
0.9886346112588544
1.2320099330879497
2.1474662251402528
2.3786423166051662
0.008709990077583996
1.9442699676057185
1.3898807383526393
2.0478690624412685
2.2650134661071792
3.466759933341006
5.457024229809392
6.940423742362506
9.283153505387233
10.101439889590512
5.724114258019938
0.06965792570497342
1.4034846084025183
1.2177195788391497
0.5759847659859041
1.0387760898543466
0.26074432996510843
0.11480254475794816
0.4824624628591412
0.05724144794428554
0.6313466779109334
0.3459530147593437
0.5224055529643863
1.0930003391882792
0.14086590812496347
0.8122078705050804
0.3451099429164106
0.8579938194887546
0.4107252096233118
0.5121272903161582
1.268885046742902
1.6415184114126085
4.613157146147852
6.541360439414268
5.552541130036932
1.8667195679413613
0.04886847559772178
2.07212531570104
1.0302118507907672
1.3074871336979612
0.9639899677042116
1.191256217174331
1.8876210967695428
2.037023606935069
4.149812952255772
5.511788527795982
4.319410979602134
1.1073068871105551
0.19961459820033767
1.3517578896605222
0.7568847951966582
1.2488827848112969
0.8655961663770011
1.2189661201345778
1.9249918683542777
1.5672638874322278
2.6267792691478107
3.306487577766669
2.4059852097906003
0.876061531694285
0.5226978100277737
0.8760233536855146
0.8421034403385566
1.7203397327208982
2.374358147093078
4.992475039700745
8.395480830813824
10.61292030451241
11.469858777864122
10.426108716685786
