8.261956311194638
0.392017281878843
1.8629877465412985
8.348302428871
12.116746716861327
12.327333354176645
12.258051822267339
12.242363743655774
12.299706938058765
11.926898483041468
10.153786365609813
6.235579129358337
0.7837126032113932
1.6361105616259213
3.139106409690063
7.6977144493141685
10.496487001119027
2.831070442266025
4.483578149695237
7.34625942489523
9.527308300186107
10.890902041851149
11.809723230912683
10.885740677790842
5.3214876211056374
1.5806674120892428
3.1730595608203362
8.192283553383694
0.035879997933497165
0.5490061772433972
3.562047682828119
6.410974972364148
8.476671886428644
9.89196305041634
10.582644655544595
10.53570767031859
4.7755947623198995
1.6188275430398615
3.381221626494641
2.876870688193632
3.4387148039720667
1.0705530449959877
1.1684212050695315
2.0708350086862115
2.516148006414383
2.514827955561362
4.6137909398555355
0.2698608147407473
3.3727726742256277
1.6821182508922607
3.29509219646682
2.7505694649316066
3.4202654023461765
3.6927766213901467
7.358443631956826
9.54367371618741
10.440795728180746
11.832191292964108
12.271592962229048
12.214861298753526
7.348061965168371
1.6044730611769413
3.1732889638248505
7.0269109728284604
12.026448468455799
5.466055013498702
2.801202300581215
6.114238523722637
8.829178729018803
10.890344309316841
11.801617752257117
10.51869765875248
6.706176295904063
1.5978162103086948
2.9461047081922285
7.098227198814897
12.096772595380784
12.360351045218797
12.278776358128052
12.273981574734172
12.33719489192249
12.250007275199547
12.34839620359885
12.27986727756261
6.493402933917313
1.5526926304277548
3.19728444295305
2.7076879764508366
3.47530416951677
2.353000331400489
0.3233102608901568
3.282411998932849
6.528696092722198
8.535457765103786
9.980341621317768
7.768956890571913
1.8628621307450466
1.6323414528025335
3.3496020062926686
0.2182191279174841
1.5596900540613863
3.1176565290920824
7.301813383493462
10.142227617287839
11.667160215725927
12.186055473607665
12.281138331484184
12.218817162768055
5.819186955411139
1.423824519438714
2.8157200900828503
8.193696112043977
12.105474414434608
12.364534849386915
12.289690755095231
12.286371047915
12.35076219332627
12.266927400477552
12.35803024873717
12.298740746116787
8.111966999515797
0.9358422452982413
2.3498175940456125
8.392527395732113
12.167177873976975
12.385851621802438
12.311114523035668
12.307265816742035
12.37000635726579
12.263960884029485
12.377136970251026
12.318954658328453
5.417316928345253
0.8120758921714071
2.45854962050006
7.940003528990576
12.117055134076628
12.35527718287923
12.279648115842512
12.269281690365021
12.314687317040448
12.203153509716087
12.324158437265602
12.269743543485273
6.364653865814999
1.5596438791928993
3.237794971048034
1.33647936855745
3.3941863817034896
0.9257438275625471
1.3411486846235174
2.357991253221126
4.44311334921505
6.808214151431343
9.305874416337497
9.752186299222132
3.417401740419404
1.626824360365207
3.2140062977527304
0.5869675069578282
3.413160541701421
2.232494907220138
0.6843211821180706
1.9119372364388862
4.401075817361766
6.90766532058411
8.82395500850485
8.954862137256239
4.8757702394495706
1.5366694247905688
2.8978694864067283
8.17039041174554
12.081320102446943
12.064208042775139
4.733933207305299
5.681233078758185
8.664031487607106
10.71703324541188
11.883039124244132
9.290954308064144
2.813970498960778
1.6281431368250043
3.290200901693927
2.8467238033826856
3.444433374041056
2.8370195324505207
0.6246198595609975
0.7034075976744898
1.304365265259003
3.313554305092591
6.224577952972847
6.917757624916729
3.4717856550653927
1.620979883348662
2.5690092332808607
3.259404911566266
0.43596219635636047
0.45831612399841504
1.7184161977859276
4.883471846528378
7.637372355446478
10.237312719823649
11.058320503896393
10.013630158073614
6.079063003200268
1.6072258533111192
3.0102948294060727
8.112610496203024
11.784033349774925
0.9554436447496464
0.34470627976737944
0.7645208452719245
2.3818942561088807
5.520893232437475
7.55434075729257
7.403906584267785
4.188118638854535
1.6155769899799513
2.8903218647918205
8.356557951509082
11.085513658020306
0.03210435362779229
0.9713804101055814
2.426476941435048
1.7633102642920626
1.895079184154822
4.871554366900563
3.9571256698053787
0.0031665203047115398
1.6386958144023946
3.122471296055954
7.084456284912051
11.915952583825145
7.049931719402203
7.251161726081017
9.377482764323783
11.096160153941431
12.07382649189989
12.249828077902345
10.2100820859651
