1.332552064494502
0.9378237565377265
0.1504775811175083
1.5533146714040793
8.466848580601836
10.696917750628115
10.120700337022033
11.863046395805442
13.075430751110446
13.449849202676429
13.400649291744184
10.5288993081008
14.494885109999993
0.38233795131163006
0.03719397600703367
8.787797160558448
11.572103748776941
13.590911011048856
14.011528139712528
14.036272696686797
14.094851393059127
14.076244480678362
14.000997200443743
13.230644625443642
14.494885109999993
0.08543667443796288
0.6877180968065169
4.602637431824087
11.270153842534066
13.549946708627267
14.108528447149238
13.888664706363278
13.892370437983168
14.05539950519001
14.014533399623225
13.52694395448304
14.494885109999993
0.07702771849424117
0.7571631143506607
0.7449898962349799
9.961254561391844
13.08657249058096
13.779697368470103
14.03751919023119
14.257633481361351
14.421637097818117
14.202748895029586
6.873957946652498
11.781254532923498
0.31748636638427286
0.16271487553731312
1.500545552175069
6.661681258204572
13.255916482259051
14.020381463578332
14.179492525830772
13.39697513161033
14.203674851626863
14.090361461398434
13.836792125418434
14.494885109999993
0.06422352386987029
0.5115910815401108
10.427825205598262
11.528972364571539
12.103962549998098
12.743658379561563
13.089517746656337
13.383405947151862
13.769035478640713
13.691728154673136
12.726177483850233
14.494885109999993
0.08230484893912937
0.1344123532953887
7.255975950930776
11.83209179286263
13.552565204451554
13.92623042648726
14.13551531345249
13.862589737440786
14.325575255392245
14.151286342042997
6.9453264660305605
14.494885109999993
0.15250202508709698
0.9198639350085447
0.828881985963406
9.728544577393247
11.80585054723361
10.58894703853301
12.435748605501457
13.295916996996915
13.51364242448954
13.849621314227601
11.520709350363497
14.02378817381705
0.39778807640162483
0.10266268224364161
5.26984158779352
10.802203208805361
12.970638765081375
13.665618455280208
13.803004253333992
13.919245063367606
14.260025475674972
14.133534401439157
13.875279399703873
14.494885109999993
0.008517002380845184
0.3290823860775838
10.850858984549149
11.972859778181249
13.777002941199278
14.21007787938946
14.242151496180186
14.291427647482914
14.248418351041385
14.09892903401982
13.440245414627892
14.494885109999993
0.26056918443975974
0.20753816093887245
7.568159658757565
10.687257382736433
13.594964721781833
14.147908045292805
14.264807629823464
14.299620729292524
14.280978475556212
14.194162141752825
13.238370491102401
14.494885109999993
0.9754267671869599
0.06745282346503778
7.409903804441902
11.622560277245771
13.856194996381966
14.310402380836024
14.431427227307832
14.34164635139283
14.357089667238254
14.189821772943697
9.405795984054137
14.494885109999993
0.36120555128574416
0.16228588611137695
8.01288955025315
10.71111130814429
13.36015417787307
13.904916017369022
14.187909568826209
14.225022517268954
14.277983845784304
14.130181231952943
13.508859164916995
14.494885109999993
0.09741976670412988
0.7738506253689561
1.185250448060506
9.386219214637421
12.718787676195966
12.616806824736443
13.007110101175716
13.566482858404045
13.766765032407207
13.936621030394145
13.60017840203385
14.494885109999993
0.3814178933397283
0.22427812455463148
8.017384559790734
10.587685496234762
13.539160444661306
14.192267567622487
14.267800752036516
14.362336847344253
14.341626365182501
14.115213910687993
11.419714144720196
14.494885109999993
0.09430183149987315
0.8002609094451199
4.827886429080145
9.204954182609097
5.999754524915529
4.286621472771358
8.938542711499014
11.824976232598981
13.454789090149426
13.878703101614729
12.234072751138537
12.558025843074295
0.6173783068800027
0.1040448210723195
4.966977118854334
11.265998600876765
7.264848561437724
7.592124023192621
10.944840263625672
12.892020268036607
14.111373233632893
13.493803977681345
12.109420524188497
14.494885109999993
0.2740051550858933
0.061851789636026666
6.318809591162948
7.978806631440229
1.6007476664045246
4.592940426198034
9.82021074183534
12.491196852942355
14.076212531134667
13.433139412890748
11.453001273132427
14.494885109999993
0.26308812633006085
0.22730302261489754
5.2090391770503786
1.1622548018895333
1.541140096721385
5.655930326277831
10.890222236256008
12.549201842297606
14.135419370444623
14.144393765222667
10.32807805887927
11.248704777802287
0.6002985183052552
0.12002308951682039
9.931380433375192
12.232375915277897
13.98714004763999
12.851278339571998
13.384360247117339
14.204036274269958
14.412749577434257
13.509461287751932
11.88087770052862
