0 4 1 0 4 0 0 1
0 3 0 0 2 0 0 3
1 5 12 2 35 0 0 3
2 10 9 0 52 0 0 10
5 0 15 1 18 0 0 5
4 0 32 4 35 0 0 4
3 0 9 3 21 0 0 3
2 0 8 2 14 0 0 3
1 0 11 1 19 0 0 5
1 0 7 0 9 0 0 5
0 0 3 0 3 0 0 3
0 0 3 0 1 0 0 2
0 1 2 0 1 0 0 0
0 4 0 0 6 0 0 2
1 8 3 0 40 0 0 2
3 0 7 0 12 0 0 4
4 0 11 0 13 0 0 3
3 0 6 1 9 0 0 2
2 0 7 2 10 0 0 2
2 0 7 2 12 0 0 3
1 0 7 1 12 0 0 3
1 0 6 0 8 0 0 4
0 0 3 0 3 0 0 2
0 0 2 0 0 0 0 1
0 2 2 0 1 0 0 0
0 4 0 0 6 0 0 2
1 8 3 0 50 0 0 3
3 0 8 0 14 0 0 5
5 0 12 1 15 0 0 3
4 0 15 2 20 0 0 2
3 0 12 3 18 0 0 2
2 0 7 2 12 0 0 2
1 0 7 0 12 0 0 3
1 0 6 0 8 0 0 3
0 0 3 0 3 0 0 2
0 0 2 0 0 0 0 1
0 2 2 0 1 0 0 0
0 4 1 0 6 0 0 2
2 8 2 0 41 0 0 3
5 0 7 0 12 0 0 7
7 0 12 1 15 0 0 4
6 0 15 2 20 0 0 3
4 0 13 3 20 0 0 3
3 0 7 2 12 0 0 4
2 0 7 0 12 0 0 5
1 0 6 0 8 0 0 4
0 0 3 0 3 0 0 3
0 0 2 0 0 0 0 3
0 2 2 0 2 0 0 1
0 4 0 0 6 0 0 2
1 8 2 0 54 0 0 4
2 0 7 0 11 0 0 9
2 0 11 0 13 0 0 6
3 0 6 1 8 0 0 2
2 0 7 2 10 0 0 2
2 0 6 2 12 0 0 3
1 0 6 0 12 0 0 4
1 0 6 0 8 0 0 4
0 0 3 0 3 0 0 2
0 0 2 0 0 0 0 1
0 2 2 0 2 0 0 0
0 4 1 0 6 0 0 2
1 8 2 0 54 0 0 3
3 2 7 0 13 0 0 4
4 0 11 0 14 0 0 3
3 0 6 1 9 0 0 3
2 0 7 2 10 0 0 3
2 0 7 2 12 0 0 4
1 0 7 0 12 0 0 5
0 0 6 0 8 0 0 5
0 0 3 0 3 0 0 3
0 0 2 0 0 0 0 1
0 2 2 0 2 0 0 0
0 4 0 0 6 0 0 2
1 8 1 0 54 0 0 2
1 1 6 0 10 0 0 5
2 0 9 0 12 0 0 2
2 0 6 1 8 0 0 1
2 0 6 1 10 0 0 1
1 0 6 1 11 0 0 1
1 0 3 0 6 0 0 2
0 0 1 0 1 0 0 1
0 0 0 0 0 0 0 1
0 0 0 0 0 0 0 2
0 2 0 0 1 0 0 1
0 4 0 0 6 0 0 2
1 8 3 0 54 0 0 4
3 0 10 0 17 0 1 10
6 0 13 1 17 0 0 3
4 0 7 1 10 0 0 1
3 0 12 3 18 0 0 2
2 0 8 2 14 0 0 2
1 0 7 0 12 0 0 3
0 0 6 0 8 0 0 3
0 0 3 0 3 0 0 2
0 0 2 0 0 0 0 1
0 2 2 0 1 0 0 0
0 4 1 0 6 0 0 2
1 8 3 0 40 0 0 2
3 0 6 0 10 0 0 4
2 0 17 1 22 0 0 3
1 0 10 1 14 0 0 2
1 0 6 2 10 0 0 1
1 0 6 2 12 0 0 2
1 0 6 0 12 0 0 3
0 0 6 0 8 0 0 3
0 0 3 0 3 0 0 2
0 0 2 0 0 0 0 1
0 2 1 0 1 0 0 0
0 4 0 0 6 0 0 2
0 8 2 0 54 0 0 3
2 2 6 0 11 0 0 3
2 0 10 0 12 0 0 2
1 0 6 1 9 0 0 1
1 0 6 1 10 0 0 1
1 0 6 2 11 0 0 2
1 0 6 0 12 0 0 2
0 0 6 0 8 0 0 3
0 0 3 0 3 0 0 2
0 0 1 0 0 0 0 1
0 2 0 0 1 0 0 0
0 4 0 0 6 0 0 2
0 8 2 0 46 0 0 3
1 1 7 0 13 0 0 5
2 0 11 0 14 0 0 4
1 0 7 1 10 0 0 2
1 0 7 2 10 0 0 1
1 0 6 2 12 0 0 2
1 0 6 0 12 0 0 3
0 0 6 0 8 0 0 3
0 0 3 0 3 0 0 2
0 0 1 0 0 0 0 1
0 1 1 0 1 0 0 0
0 4 0 0 6 0 0 2
1 8 2 0 50 0 0 3
2 0 7 0 11 0 0 4
3 0 12 1 16 0 0 3
3 0 6 1 8 0 0 2
2 0 7 2 10 0 0 2
1 0 6 2 12 0 0 3
1 0 6 0 11 0 0 3
0 0 6 0 8 0 0 3
0 0 2 0 2 0 0 2
0 0 0 0 0 0 0 2
0 1 1 0 1 0 0 1
0 4 0 0 6 0 0 2
2 8 2 0 47 0 0 3
5 1 8 0 15 0 0 5
6 0 12 1 15 0 0 3
4 0 8 1 11 0 0 2
3 0 7 2 11 0 0 2
2 0 7 2 12 0 0 2
1 0 7 0 12 0 0 3
1 0 6 0 8 0 0 4
0 0 3 0 3 0 0 3
0 0 2 0 1 0 0 1
0 2 3 0 2 0 0 0
0 4 1 0 6 0 0 3
2 8 3 0 54 0 0 4
4 0 9 0 15 0 0 8
6 0 13 1 17 0 0 5
5 0 7 1 10 0 0 3
3 0 10 2 15 0 0 3
2 0 8 2 13 0 0 4
1 0 7 1 12 0 0 5
0 0 6 0 8 0 0 6
0 0 3 0 3 0 0 4
0 0 2 0 0 0 0 1
0 2 1 0 1 0 0 0
0 4 0 0 6 0 0 2
1 8 3 0 54 0 0 3
4 0 7 0 11 0 0 4
5 0 11 0 13 0 0 3
4 0 6 1 9 0 0 2
2 0 7 2 10 0 0 2
2 0 6 2 12 0 0 3
1 0 6 0 12 0 0 4
0 0 6 0 8 0 0 5
0 0 3 0 3 0 0 4
0 0 2 0 0 0 0 2
0 2 3 0 2 0 0 0
0 4 1 0 6 0 0 3
2 8 4 1 43 0 0 3
5 0 13 0 22 0 0 7
7 8 45 2 45 0 0 7
5 21 31 4 112 0 1 9
4 24 22 8 113 0 1 9
2 21 10 3 51 0 1 7
2 11 13 1 31 0 0 7
1 1 6 0 9 0 0 6
0 0 3 0 3 0 0 4
0 0 2 0 2 0 0 2
0 3 2 0 2 0 0 0
0 4 0 0 6 0 0 3
1 8 2 0 54 0 0 3
3 0 6 0 10 0 0 6
4 0 10 0 13 0 0 4
4 0 6 1 8 0 0 3
3 3 7 2 11 0 0 3
2 14 6 2 25 0 0 5
1 8 6 0 15 0 0 6
1 0 6 0 8 0 0 6
0 0 3 0 3 0 0 4
0 0 2 0 1 0 0 2
0 2 2 0 2 0 0 0
0 4 0 0 6 0 0 2
1 8 2 0 54 0 0 3
3 3 8 0 16 0 0 7
7 0 12 1 15 0 0 5
5 15 7 1 45 0 0 5
4 24 7 2 76 0 1 8
3 21 7 2 46 0 1 7
2 11 7 0 20 0 0 7
1 1 6 0 8 0 0 7
0 0 3 0 3 0 0 5
0 0 2 0 1 0 0 2
0 2 2 0 2 0 0 0
0 4 0 0 6 0 0 2
2 8 3 0 54 0 0 4
6 3 7 0 15 0 0 7
7 13 12 1 52 0 0 7
5 22 7 1 102 0 1 8
4 25 7 2 81 0 1 7
3 21 7 2 46 0 0 6
2 11 7 0 20 0 0 7
1 1 6 0 8 0 0 6
0 0 3 0 3 0 0 4
0 0 2 0 1 0 0 3
0 2 2 0 2 0 0 0
0 4 0 0 6 0 0 3
1 8 2 0 54 0 0 4
2 3 6 0 12 0 0 5
3 0 10 0 12 0 0 3
3 0 6 1 8 0 0 2
2 0 6 1 10 0 0 2
2 0 6 2 11 0 0 3
1 0 6 0 11 0 0 4
0 5 6 0 11 0 0 5
0 3 3 0 7 0 0 5
0 0 2 0 0 0 0 2
