2 5 1 0 5 0 0 2
1 4 0 0 3 0 0 3
3 8 3 2 29 0 0 4
6 14 9 0 56 0 1 21
7 19 20 2 83 0 1 23
8 22 27 5 103 0 1 19
12 32 27 10 119 0 2 25
14 41 16 10 109 0 2 33
13 40 9 4 77 0 2 44
10 27 9 0 45 0 1 55
4 9 4 0 16 0 0 36
1 2 4 0 4 0 0 13
2 5 2 0 3 0 0 2
1 4 1 0 2 0 0 3
3 8 3 2 26 0 0 4
6 14 6 0 56 0 1 20
7 19 14 2 77 0 1 23
8 22 14 5 82 0 1 19
12 32 9 9 88 0 2 24
14 41 9 10 87 0 2 32
13 40 9 4 69 0 2 42
10 27 9 0 42 0 1 49
4 9 4 0 13 0 0 30
1 2 4 0 3 0 0 11
2 5 3 0 3 0 0 2
1 4 1 0 2 0 0 3
3 8 4 2 25 0 0 4
6 14 8 0 52 0 1 20
7 19 13 2 73 0 1 23
8 22 13 5 84 0 1 19
12 32 13 9 99 0 2 24
14 41 9 10 95 0 2 32
13 40 9 4 74 0 2 41
10 27 9 0 45 0 1 48
4 9 4 0 14 0 0 31
1 2 4 0 4 0 0 11
2 5 3 0 3 0 0 2
1 4 1 0 2 0 0 3
3 8 3 2 30 0 0 4
6 14 7 0 78 0 1 21
7 19 13 2 118 0 1 24
8 22 8 4 123 0 1 19
12 32 13 9 133 0 2 25
14 41 9 10 122 0 2 34
13 40 9 4 95 0 2 46
10 27 8 0 56 0 1 55
4 9 4 0 17 0 0 37
1 2 3 0 4 0 0 13
2 5 2 0 3 0 0 2
1 4 1 0 2 0 0 3
3 8 2 1 22 0 0 4
6 14 6 0 44 0 1 21
7 19 12 2 56 0 1 24
8 22 8 4 56 0 1 19
12 32 8 9 68 0 2 25
14 41 8 10 71 0 2 33
13 40 8 4 57 0 2 43
10 27 8 0 34 0 1 52
4 9 4 0 11 0 0 34
1 2 3 0 3 0 0 12
2 5 3 0 2 0 0 2
1 4 1 0 2 0 0 3
3 8 3 2 26 0 0 4
6 14 6 0 58 0 1 20
7 19 12 2 77 0 1 23
8 22 8 4 77 0 1 19
12 32 9 9 87 0 2 24
14 41 9 10 85 0 2 30
13 40 9 4 67 0 2 37
10 27 9 0 40 0 1 43
4 9 5 0 13 0 0 29
1 2 4 0 3 0 0 11
2 5 3 0 3 0 0 2
1 4 0 0 2 0 0 3
3 8 1 1 19 0 0 4
6 14 4 0 40 0 1 19
7 19 5 2 46 0 1 21
8 22 6 4 48 0 1 16
12 32 4 8 52 0 1 16
14 41 2 8 48 0 0 15
13 40 1 3 33 0 0 19
10 27 1 0 17 0 0 23
4 9 0 0 5 0 0 16
1 2 0 0 1 0 0 9
2 5 1 0 1 0 0 2
1 4 0 0 1 0 0 3
3 8 3 2 23 0 0 4
6 14 9 0 55 0 1 19
7 19 14 2 83 0 1 22
8 22 8 5 91 0 1 18
12 32 16 10 114 0 2 23
14 41 9 10 105 0 2 32
13 40 9 4 79 0 2 43
10 27 8 0 46 0 1 53
4 9 4 0 14 0 0 36
1 2 3 0 3 0 0 12
2 5 3 0 3 0 0 2
1 4 1 0 2 0 0 3
3 8 3 2 25 0 0 4
6 14 6 0 52 0 1 19
7 19 14 2 70 0 1 22
8 22 11 5 66 0 1 18
12 32 8 9 66 0 2 23
14 41 8 9 63 0 2 32
13 40 8 4 50 0 2 42
10 27 8 0 29 0 1 51
4 9 4 0 9 0 0 32
1 2 3 0 2 0 0 11
2 5 2 0 2 0 0 2
1 4 1 0 1 0 0 3
3 8 2 1 18 0 0 4
6 14 5 0 37 0 1 19
7 19 11 2 53 0 1 21
8 22 7 4 50 0 1 16
12 32 9 9 57 0 0 14
14 41 9 10 55 0 0 17
13 40 10 4 46 0 0 22
10 27 1 0 11 0 0 27
4 9 0 0 2 0 0 18
1 2 0 0 1 0 0 7
2 5 0 0 1 0 0 2
1 4 0 0 1 0 0 3
3 8 2 1 16 0 0 4
6 14 6 0 36 0 1 20
7 19 12 2 48 0 1 23
8 22 8 4 44 0 1 18
12 32 10 9 53 0 1 17
14 41 9 10 51 0 0 18
13 40 11 4 45 0 0 23
10 27 10 0 25 0 0 29
4 6 0 0 2 0 0 19
1 2 0 0 1 0 0 7
2 5 1 0 1 0 0 2
1 4 0 0 1 0 0 3
3 8 2 1 19 0 0 4
6 14 6 0 43 0 1 20
7 19 11 2 59 0 1 22
8 22 7 4 62 0 1 18
12 32 9 9 75 0 1 21
14 41 9 10 74 0 0 21
13 40 10 4 59 0 0 27
10 27 10 0 36 0 0 30
4 9 0 0 6 0 0 20
1 2 0 0 1 0 0 11
2 5 1 0 2 0 0 2
1 4 0 0 2 0 0 3
3 8 3 2 27 0 0 4
6 14 7 0 70 0 1 20
7 19 13 2 116 0 1 23
8 22 8 4 100 0 1 18
12 32 9 9 107 0 2 24
14 41 9 10 107 0 2 32
13 40 9 4 83 0 2 43
10 27 8 0 49 0 1 53
4 9 4 0 14 0 0 35
1 2 3 0 3 0 0 12
2 5 3 0 3 0 0 2
1 4 1 0 2 0 0 3
3 8 3 2 28 0 0 5
6 14 9 0 66 0 1 21
7 19 14 2 106 0 1 24
8 22 8 5 105 0 1 19
12 32 10 9 111 0 2 25
14 41 9 10 109 0 2 34
13 40 9 4 83 0 2 45
10 27 8 0 48 0 1 56
4 9 4 0 14 0 0 38
1 2 3 0 3 0 0 13
2 5 2 0 2 0 0 2
1 4 0 0 2 0 0 3
3 8 3 2 23 0 0 4
6 14 6 0 54 0 1 20
7 19 12 2 82 0 1 23
8 22 7 4 87 0 1 19
12 32 8 9 102 0 2 25
14 41 8 10 101 0 2 33
13 40 8 4 76 0 2 43
10 27 8 0 45 0 1 51
4 9 4 0 13 0 0 33
1 2 4 0 3 0 0 12
2 5 3 0 3 0 0 2
1 4 1 0 3 0 0 3
3 8 5 2 32 0 0 5
6 14 10 0 76 0 1 21
7 19 38 3 118 0 1 24
8 22 32 6 127 0 1 20
12 32 24 10 132 0 2 28
14 41 11 10 120 0 2 34
13 40 9 4 91 0 2 46
10 27 8 0 53 0 1 57
4 9 4 0 16 0 0 38
1 2 3 0 4 0 0 13
2 5 2 0 3 0 0 2
1 4 1 0 2 0 0 3
3 8 3 2 24 0 0 5
6 14 6 0 50 0 1 21
7 19 11 2 71 0 1 23
8 22 7 4 77 0 1 19
12 32 9 9 96 0 2 25
14 41 8 10 98 0 2 34
13 40 8 4 76 0 2 45
10 27 8 0 45 0 1 55
4 9 4 0 14 0 0 36
1 2 3 0 3 0 0 13
2 5 2 0 3 0 0 2
1 4 1 0 2 0 0 3
3 8 3 2 24 0 0 5
6 14 7 0 57 0 1 21
7 19 13 2 96 0 1 24
8 22 8 4 114 0 1 20
12 32 9 9 115 0 2 26
14 41 9 10 117 0 2 34
13 40 9 4 92 0 2 46
10 27 8 0 53 0 1 56
4 9 4 0 16 0 0 37
1 2 3 0 4 0 0 13
2 5 2 0 3 0 0 2
1 4 1 0 2 0 0 3
3 8 3 2 28 0 0 5
6 14 7 0 81 0 1 21
7 19 13 2 118 0 1 24
8 22 8 4 123 0 1 19
12 32 9 9 138 0 2 25
14 41 9 10 123 0 2 34
13 40 9 4 95 0 2 46
10 27 8 0 56 0 1 56
4 9 4 0 16 0 0 38
1 2 3 0 4 0 0 13
2 5 2 0 3 0 0 2
1 4 1 0 2 0 0 3
3 8 2 1 23 0 0 5
6 14 5 0 48 0 1 20
7 19 11 2 64 0 1 23
8 22 7 4 65 0 1 19
12 32 8 9 78 0 2 24
14 41 8 10 80 0 2 32
13 40 5 4 55 0 2 42
10 27 1 0 28 0 1 49
4 9 0 0 7 0 0 33
1 2 0 0 2 0 0 12
