2 2 2 0 4 0 0 0
1 1 0 0 2 0 0 1
3 3 5 2 22 0 0 1
6 6 7 0 40 0 1 7
7 10 34 3 77 0 2 8
8 14 37 5 93 0 2 6
12 17 36 11 103 0 3 8
14 16 21 11 86 0 4 11
13 11 13 4 55 0 4 14
10 5 11 0 30 0 2 17
4 1 5 0 9 0 0 11
1 0 4 0 2 0 0 3
2 1 3 0 2 0 0 0
1 1 1 0 2 0 0 1
3 3 3 2 19 0 0 1
6 6 8 0 44 0 1 6
7 10 26 2 70 0 2 7
8 12 19 5 68 0 2 5
12 14 12 9 69 0 3 6
14 13 12 10 64 0 4 8
13 9 11 4 47 0 4 10
10 4 10 0 25 0 2 11
4 0 4 0 7 0 0 6
1 0 4 0 2 0 0 2
2 0 3 0 1 0 0 0
1 0 1 0 1 0 0 1
3 2 4 2 17 0 0 2
6 5 6 0 36 0 1 6
7 9 25 2 66 0 2 7
8 13 30 5 82 0 2 5
12 16 18 10 82 0 3 6
14 15 12 10 72 0 4 8
13 11 12 4 52 0 4 10
10 4 10 0 28 0 2 10
4 1 5 0 8 0 0 6
1 0 4 0 2 0 0 2
2 0 3 0 1 0 0 0
1 1 1 0 1 0 0 1
3 3 3 2 22 0 0 1
6 9 5 0 56 0 1 7
7 13 22 2 79 0 2 8
8 16 25 5 92 0 2 6
12 24 19 10 115 0 3 8
14 30 12 10 128 0 4 11
13 27 13 5 113 0 4 15
10 13 12 0 63 0 2 18
4 2 5 0 16 0 0 12
1 0 4 0 3 0 0 4
2 1 3 0 2 0 0 0
1 1 1 0 1 0 0 1
3 2 3 2 16 0 0 1
6 4 7 0 31 0 1 7
7 6 16 2 42 0 2 8
8 7 9 5 41 0 2 6
12 10 10 9 49 0 3 8
14 10 10 10 48 0 4 10
13 6 10 4 36 0 4 14
10 2 10 0 20 0 2 17
4 0 4 0 6 0 0 10
1 0 4 0 1 0 0 2
2 0 3 0 1 0 0 0
1 0 1 0 1 0 0 1
3 2 3 2 18 0 0 1
6 7 4 0 42 0 1 6
7 11 16 2 65 0 2 7
8 12 9 5 61 0 2 6
12 14 11 9 67 0 3 7
14 13 10 10 61 0 4 9
13 9 10 4 44 0 4 10
10 3 10 0 23 0 2 11
4 0 5 0 6 0 0 6
1 0 4 0 1 0 0 2
2 0 2 0 1 0 0 0
1 0 0 0 1 0 0 0
3 2 2 1 13 0 0 1
6 4 2 0 24 0 1 3
7 5 6 2 32 0 2 5
8 6 7 5 34 0 2 2
12 7 10 9 39 0 3 1
14 7 10 10 37 0 4 1
13 4 10 4 28 0 4 3
10 1 9 0 15 0 2 5
4 0 4 0 4 0 0 2
1 0 3 0 1 0 0 1
2 0 1 0 1 0 0 0
1 0 0 0 1 0 0 1
3 2 5 2 17 0 0 1
6 5 11 0 41 0 1 6
7 11 20 2 71 0 2 6
8 16 11 5 79 0 2 5
12 20 25 10 100 0 3 7
14 18 12 10 84 0 4 9
13 12 11 4 57 0 4 13
10 5 11 0 30 0 2 16
4 1 5 0 8 0 0 11
1 0 4 0 2 0 0 3
2 0 4 0 1 0 0 0
1 0 1 0 1 0 0 1
3 2 4 2 18 0 0 1
6 6 6 0 38 0 1 6
7 8 28 2 63 0 2 7
8 8 15 5 51 0 2 5
12 9 10 9 46 0 3 7
14 8 11 10 43 0 4 10
13 5 10 4 30 0 4 12
10 1 10 0 15 0 2 13
4 0 4 0 4 0 0 6
1 0 3 0 1 0 0 1
2 0 2 0 1 0 0 0
1 0 1 0 1 0 0 0
3 1 2 2 10 0 0 1
6 3 3 0 21 0 1 4
7 5 14 2 39 0 2 4
8 6 8 5 34 0 2 2
12 7 10 9 36 0 3 1
14 6 10 10 33 0 0 1
13 3 10 4 24 0 4 2
10 1 9 0 11 0 2 4
4 0 4 0 3 0 0 2
1 0 3 0 1 0 0 1
2 0 2 0 1 0 0 0
1 0 0 0 0 0 0 0
3 1 3 2 11 0 0 1
6 2 5 0 21 0 1 6
7 4 16 2 34 0 2 7
8 5 10 5 30 0 2 5
12 5 11 9 32 0 3 4
14 5 11 10 31 0 4 3
13 3 10 4 22 0 4 3
10 0 9 0 11 0 2 5
4 0 4 0 3 0 0 3
1 0 3 0 1 0 0 1
2 0 1 0 0 0 0 0
1 0 0 0 1 0 0 1
3 1 3 2 13 0 0 1
6 4 5 0 27 0 1 6
7 7 15 2 45 0 2 7
8 9 9 5 46 0 2 5
12 11 11 9 54 0 3 6
14 10 10 10 50 0 4 6
13 6 10 4 36 0 4 6
10 2 10 0 18 0 2 6
4 0 4 0 5 0 0 3
1 0 4 0 1 0 0 2
2 0 1 0 1 0 0 0
1 0 0 0 1 0 0 1
3 3 4 2 20 0 0 1
6 9 8 0 56 0 1 6
7 13 17 2 76 0 2 7
8 15 10 5 75 0 2 6
12 22 11 9 97 0 3 7
14 26 11 10 109 0 4 10
13 18 11 4 77 0 4 14
10 8 10 0 40 0 2 17
4 1 4 0 10 0 0 11
1 0 4 0 2 0 0 4
2 0 4 0 2 0 0 0
1 1 1 0 1 0 0 1
3 3 4 2 21 0 0 1
6 8 9 0 53 0 1 7
7 13 19 2 77 0 2 8
8 16 21 5 89 0 2 6
12 24 24 10 116 0 3 8
14 24 12 10 104 0 4 11
13 16 13 4 73 0 4 15
10 7 11 0 37 0 2 19
4 1 5 0 10 0 0 12
1 0 4 0 2 0 0 4
2 0 2 0 1 0 0 0
1 0 1 0 1 0 0 1
3 2 4 2 17 0 0 1
6 6 4 0 38 0 1 6
7 12 16 2 70 0 2 7
8 15 11 5 75 0 2 6
12 19 12 9 85 0 3 7
14 17 10 10 77 0 4 9
13 11 10 4 54 0 4 11
10 5 10 0 28 0 2 12
4 0 4 0 7 0 0 7
1 0 4 0 1 0 0 2
2 0 4 0 2 0 0 0
1 1 2 0 2 0 0 1
3 3 6 2 25 0 0 1
6 9 21 0 72 0 1 7
7 13 47 3 117 0 2 8
8 19 45 6 124 0 2 6
12 25 32 10 129 0 3 8
14 29 17 11 129 0 4 11
13 21 14 5 92 0 4 15
10 9 12 0 48 0 2 19
4 2 5 0 12 0 0 12
1 0 4 0 3 0 0 4
2 1 3 0 2 0 0 0
1 1 1 0 1 0 0 1
3 2 3 2 17 0 0 1
6 5 6 0 36 0 1 7
7 9 15 2 58 0 2 8
8 13 9 5 63 0 2 6
12 17 10 9 77 0 3 8
14 17 10 10 74 0 4 11
13 11 10 4 54 0 4 15
10 5 10 0 28 0 2 18
4 1 5 0 8 0 0 10
1 0 4 0 2 0 0 3
2 0 3 0 1 0 0 0
1 0 1 0 1 0 0 1
3 2 3 2 17 0 0 1
6 6 6 0 41 0 1 7
7 12 18 2 73 0 2 8
8 15 10 5 74 0 2 7
12 22 11 9 98 0 3 9
14 27 11 10 115 0 4 12
13 20 11 4 85 0 4 15
10 9 10 0 45 0 2 18
4 1 5 0 12 0 0 11
1 0 4 0 2 0 0 3
2 1 3 0 2 0 0 0
1 1 1 0 1 0 0 1
3 3 3 2 21 0 0 1
6 9 5 0 54 0 1 7
7 13 17 2 75 0 2 8
8 15 12 5 77 0 2 6
12 22 17 10 104 0 3 8
14 28 11 10 119 0 4 11
13 28 11 4 114 0 4 15
10 16 10 0 73 0 2 18
4 3 5 0 19 0 0 12
1 0 4 0 4 0 0 4
2 1 3 0 2 0 0 0
1 1 1 0 1 0 0 1
3 2 3 2 17 0 0 1
6 5 3 0 34 0 1 7
7 8 14 2 51 0 2 7
8 10 8 5 51 0 2 6
12 12 10 9 59 0 3 7
14 12 10 10 56 0 4 8
13 8 10 4 41 0 4 9
10 3 10 0 22 0 2 9
4 0 4 0 6 0 0 5
1 0 4 0 1 0 0 2
