0 5 2 0 7 0 0 2
0 4 0 0 5 0 0 4
0 8 4 1 44 0 0 6
2 14 7 0 68 0 1 27
5 19 32 2 77 0 2 31
3 22 32 5 99 0 2 25
2 32 32 10 121 0 3 33
2 41 20 9 128 0 4 45
1 40 13 4 122 0 4 62
0 27 12 0 93 0 2 77
0 9 6 0 35 0 0 52
0 2 5 0 9 0 0 18
0 5 3 0 7 0 0 2
0 4 1 0 6 0 0 4
1 8 2 1 48 0 0 6
3 14 6 0 70 0 1 27
3 19 24 2 75 0 2 31
3 22 18 4 80 0 2 25
2 32 12 9 105 0 3 33
2 41 12 9 127 0 4 45
1 40 12 4 122 0 4 62
0 27 12 0 90 0 2 77
0 9 5 0 34 0 0 52
0 2 5 0 9 0 0 18
0 5 3 0 8 0 0 2
0 4 1 0 6 0 0 4
1 8 3 1 49 0 0 6
2 14 7 0 72 0 1 27
4 19 19 2 75 0 2 31
3 22 27 4 81 0 2 25
2 32 17 9 105 0 3 33
2 41 12 9 127 0 4 45
1 40 12 4 122 0 4 63
0 27 12 0 93 0 2 78
0 9 6 0 34 0 0 52
0 2 4 0 9 0 0 18
0 5 3 0 9 0 0 2
0 4 1 0 6 0 0 4
2 8 2 1 54 0 0 6
5 14 6 0 71 0 1 27
7 19 17 2 75 0 2 31
5 22 23 4 80 0 2 25
4 32 19 9 105 0 3 33
2 41 12 9 126 0 4 46
1 40 12 4 123 0 4 62
1 27 12 0 92 0 2 78
0 9 6 0 33 0 0 52
0 2 4 0 9 0 0 18
0 5 3 0 8 0 0 2
0 4 1 0 6 0 0 4
0 8 1 1 54 0 0 6
1 14 4 0 74 0 1 27
2 19 15 2 76 0 2 31
2 22 4 4 74 0 2 25
2 32 12 8 101 0 3 33
1 41 12 9 123 0 4 45
1 40 12 4 118 0 4 62
0 27 12 0 89 0 2 77
0 9 5 0 33 0 0 52
0 2 4 0 9 0 0 18
0 5 3 0 8 0 0 2
0 4 1 0 5 0 0 4
1 8 2 1 47 0 0 6
3 14 5 0 74 0 1 27
3 19 15 2 75 0 2 31
2 22 5 4 76 0 2 26
1 32 13 8 103 0 3 34
1 41 12 9 122 0 4 46
1 40 12 4 119 0 4 62
0 27 12 0 89 0 2 78
0 9 6 0 34 0 0 52
0 2 4 0 9 0 0 18
0 5 3 0 8 0 0 2
0 4 1 0 5 0 0 4
0 8 1 1 40 0 0 6
1 14 2 0 73 0 1 27
2 19 7 2 70 0 2 31
1 22 2 3 68 0 2 26
1 32 11 8 100 0 3 34
1 41 14 9 126 0 4 46
1 40 12 4 116 0 4 63
0 27 11 0 76 0 2 80
0 9 5 0 25 0 0 54
0 2 3 0 6 0 0 18
0 5 1 0 4 0 0 2
0 4 0 0 3 0 0 4
1 8 4 1 36 0 0 6
3 14 8 0 74 0 1 27
6 19 18 2 75 0 2 31
4 22 17 4 80 0 2 26
2 32 25 9 105 0 3 34
1 41 12 9 126 0 4 45
1 40 12 4 122 0 4 62
0 27 12 0 93 0 2 78
0 9 6 0 34 0 0 53
0 2 4 0 9 0 0 18
0 5 4 0 8 0 0 2
0 4 1 0 6 0 0 4
1 8 2 1 49 0 0 6
3 14 4 0 70 0 1 27
2 19 26 2 76 0 2 31
1 22 15 4 80 0 2 26
1 32 12 9 105 0 3 34
1 41 12 9 127 0 4 46
1 40 12 4 122 0 4 63
0 27 12 0 89 0 2 79
0 9 5 0 33 0 0 53
0 2 4 0 9 0 0 18
0 5 3 0 6 0 0 3
0 4 1 0 4 0 0 4
0 8 1 1 31 0 0 6
2 14 3 0 63 0 1 27
2 19 14 2 76 0 2 32
1 22 6 4 75 0 2 26
1 32 12 8 100 0 3 34
1 41 13 9 121 0 4 46
0 40 14 4 104 0 4 64
0 27 11 0 61 0 2 80
0 9 5 0 20 0 0 54
0 2 1 0 3 0 0 19
0 5 1 0 3 0 0 3
0 4 0 0 3 0 0 4
0 8 2 1 29 0 0 6
1 14 5 0 57 0 1 27
2 19 16 2 76 0 2 31
1 22 6 4 76 0 2 26
1 32 12 8 95 0 3 34
1 41 12 9 102 0 4 47
0 40 12 4 84 0 4 64
0 27 11 0 53 0 2 80
0 9 5 0 18 0 0 54
0 2 4 0 5 0 0 18
0 5 1 0 3 0 0 3
0 4 0 0 3 0 0 4
0 8 2 1 31 0 0 6
2 14 5 0 65 0 1 27
3 19 14 2 76 0 2 31
2 22 3 4 72 0 2 26
1 32 11 8 100 0 3 34
1 41 12 9 122 0 4 46
1 40 12 4 119 0 4 63
0 27 11 0 88 0 2 78
0 9 5 0 30 0 0 53
0 2 5 0 7 0 0 18
0 5 3 0 5 0 0 2
0 4 0 0 3 0 0 4
2 8 2 1 41 0 0 6
5 14 6 0 78 0 1 27
6 19 17 2 76 0 2 31
4 22 4 4 75 0 2 26
2 32 12 8 102 0 3 34
2 41 12 9 122 0 4 46
1 40 12 4 119 0 4 63
0 27 12 0 89 0 2 78
0 9 5 0 33 0 0 52
0 2 4 0 9 0 0 18
0 5 4 0 9 0 0 2
0 4 1 0 6 0 0 4
1 8 3 1 54 0 0 6
4 14 7 0 72 0 1 27
6 19 18 2 75 0 2 31
4 22 31 5 84 0 2 25
2 32 23 9 108 0 3 33
2 41 13 9 126 0 4 46
1 40 12 4 122 0 4 62
0 27 12 0 93 0 2 78
0 9 6 0 34 0 0 52
0 2 4 0 9 0 0 18
0 5 3 0 9 0 0 2
0 4 1 0 6 0 0 4
1 8 3 1 53 0 0 6
4 14 5 0 74 0 1 27
5 19 15 2 76 0 2 31
4 22 11 4 80 0 2 26
2 32 12 8 104 0 3 34
1 41 12 9 123 0 4 46
1 40 12 4 118 0 4 63
0 27 11 0 89 0 2 78
0 9 5 0 33 0 0 52
0 2 5 0 9 0 0 18
0 5 4 0 8 0 0 2
0 4 2 0 6 0 0 4
2 8 5 1 46 0 0 6
5 14 16 0 69 0 1 27
7 19 47 3 111 0 2 31
5 22 38 5 109 0 2 25
3 32 29 9 118 0 3 33
2 41 15 9 127 0 4 45
1 40 13 4 122 0 4 61
0 27 12 0 93 0 2 77
0 9 6 0 35 0 0 51
0 2 5 0 9 0 0 18
0 5 3 0 8 0 0 2
0 4 1 0 6 0 0 4
1 8 2 1 54 0 0 6
3 14 4 0 67 0 1 27
4 19 15 2 76 0 2 31
4 22 11 4 80 0 2 25
3 32 12 8 104 0 3 33
2 41 12 9 122 0 4 46
1 40 12 4 119 0 4 62
0 27 12 0 89 0 2 78
0 9 6 0 33 0 0 52
0 2 4 0 9 0 0 18
0 5 3 0 9 0 0 2
0 4 1 0 6 0 0 4
1 8 2 1 54 0 0 6
3 14 6 0 80 0 1 27
7 19 17 2 75 0 2 31
5 22 4 4 77 0 2 25
4 32 17 9 105 0 3 33
2 41 12 9 127 0 4 45
1 40 12 4 119 0 4 62
0 27 12 0 89 0 2 77
0 9 6 0 34 0 0 52
0 2 4 0 9 0 0 18
0 5 3 0 9 0 0 2
0 4 1 0 6 0 0 4
2 8 2 1 54 0 0 6
6 14 5 0 71 0 1 27
7 19 16 2 75 0 2 31
5 22 8 4 80 0 2 25
4 32 17 9 105 0 3 34
2 41 12 9 127 0 4 46
1 40 12 4 119 0 4 62
0 27 12 0 89 0 2 78
0 9 5 0 33 0 0 52
0 2 4 0 9 0 0 18
0 5 3 0 8 0 0 2
0 4 1 0 6 0 0 4
1 8 1 1 54 0 0 6
2 14 3 0 72 0 1 27
3 19 14 2 76 0 2 31
3 22 3 4 72 0 2 26
2 32 12 8 101 0 3 34
1 41 12 9 123 0 4 46
1 40 13 4 119 0 4 63
0 27 12 0 90 0 2 78
0 9 5 0 33 0 0 52
0 2 4 0 9 0 0 18
