0 4 2 0 5 0 0 2
0 3 1 0 2 0 0 3
0 6 8 2 27 0 0 5
2 11 31 0 83 0 0 20
5 15 47 3 90 0 0 22
3 19 27 6 84 0 0 18
2 26 15 11 87 0 0 23
1 30 14 12 84 0 0 31
1 27 13 5 64 0 0 41
0 16 13 0 37 0 0 52
0 4 6 0 12 0 0 36
0 1 5 0 3 0 0 13
0 3 4 0 2 0 0 2
0 3 1 0 2 0 0 3
1 6 9 2 28 0 0 5
3 11 27 0 63 0 0 20
3 15 30 3 74 0 0 22
2 18 22 6 73 0 0 20
2 25 14 11 75 0 0 25
1 29 10 12 70 0 0 33
1 25 7 5 50 0 0 43
0 15 6 0 27 0 0 52
0 4 2 0 7 0 0 34
0 1 1 0 2 0 0 12
0 3 1 0 1 0 0 2
0 2 1 0 1 0 0 3
1 5 6 2 21 0 0 5
2 10 20 0 52 0 0 20
4 15 46 3 81 0 0 25
3 19 22 6 76 0 0 20
2 26 14 11 82 0 0 25
1 30 13 12 79 0 0 33
1 26 13 5 61 0 0 44
0 16 12 0 34 0 0 52
0 4 6 0 11 0 0 35
0 1 1 0 2 0 0 12
0 3 1 0 2 0 0 2
0 3 1 0 2 0 0 3
2 6 5 2 26 0 0 5
4 12 25 0 76 0 0 23
6 16 32 3 83 0 0 26
5 19 18 6 79 0 0 20
4 28 14 11 97 0 0 26
2 35 13 12 117 0 0 35
1 35 13 5 113 0 0 48
0 23 12 0 81 0 0 59
0 6 6 0 23 0 0 39
0 1 1 0 4 0 0 14
0 3 1 0 2 0 0 2
0 3 0 0 2 0 0 3
0 6 4 2 20 0 0 5
1 10 17 0 46 0 0 22
2 13 20 3 50 0 0 25
2 16 20 6 54 0 0 20
2 22 13 11 58 0 0 25
1 26 9 12 54 0 0 32
1 23 5 5 37 0 0 43
0 13 3 0 19 0 0 51
0 3 1 0 5 0 0 34
0 1 1 0 1 0 0 12
0 2 1 0 1 0 0 2
0 2 0 0 1 0 0 3
1 6 5 2 22 0 0 5
3 11 20 0 60 0 0 20
3 16 29 3 76 0 0 22
2 18 22 6 75 0 0 19
1 25 13 11 75 0 0 26
1 28 10 12 68 0 0 34
1 25 6 5 46 0 0 44
0 14 4 0 23 0 0 53
0 4 1 0 6 0 0 35
0 1 1 0 1 0 0 12
0 3 1 0 1 0 0 2
0 2 0 0 1 0 0 3
0 5 2 2 15 0 0 5
1 9 6 0 33 0 0 20
2 13 7 3 38 0 0 21
1 15 8 6 40 0 0 16
1 20 6 11 41 0 0 21
1 23 3 12 37 0 0 28
1 20 2 5 25 0 0 38
0 11 2 0 13 0 0 48
0 3 1 0 3 0 0 32
0 0 1 0 1 0 0 11
0 2 1 0 1 0 0 2
0 2 1 0 1 0 0 3
1 5 5 2 19 0 0 5
3 10 27 0 59 0 0 22
5 16 47 3 96 0 0 26
3 19 19 6 81 0 0 20
2 27 14 11 95 0 0 26
1 32 13 12 94 0 0 34
1 28 13 5 69 0 0 44
0 16 12 0 38 0 0 53
0 4 6 0 11 0 0 35
0 1 5 0 2 0 0 13
0 3 4 0 2 0 0 2
0 2 1 0 2 0 0 3
1 5 8 2 25 0 0 5
2 11 23 0 57 0 0 21
2 15 34 3 69 0 0 24
1 16 18 6 56 0 0 19
1 21 9 11 51 0 0 24
1 24 6 12 44 0 0 31
0 21 4 5 30 0 0 40
0 11 3 0 14 0 0 49
0 3 1 0 3 0 0 33
0 0 1 0 1 0 0 11
0 2 1 0 1 0 0 2
0 2 0 0 1 0 0 3
0 4 1 2 11 0 0 5
2 9 9 0 31 0 0 19
2 13 17 3 44 0 0 20
1 15 13 6 44 0 0 16
1 19 7 11 39 0 0 22
1 22 3 12 33 0 0 29
0 18 2 5 20 0 0 39
0 9 2 0 9 0 0 49
0 2 1 0 1 0 0 33
0 0 1 0 0 0 0 12
0 2 1 0 1 0 0 2
0 2 0 0 1 0 0 3
0 4 2 2 12 0 0 5
1 8 13 0 32 0 0 20
2 12 28 3 46 0 0 22
1 14 22 6 45 0 0 18
1 18 13 11 40 0 0 22
1 21 11 12 37 0 0 29
0 18 5 5 22 0 0 40
0 9 3 0 8 0 0 50
0 1 1 0 1 0 0 33
0 0 1 0 0 0 0 12
0 2 1 0 1 0 0 2
0 2 0 0 1 0 0 3
0 5 4 2 16 0 0 5
2 9 19 0 44 0 0 20
3 14 23 3 54 0 0 21
2 17 22 6 61 0 0 18
1 23 9 11 60 0 0 23
1 26 4 12 51 0 0 31
1 23 3 5 35 0 0 41
0 13 2 0 17 0 0 50
0 3 1 0 4 0 0 33
0 1 1 0 1 0 0 12
0 2 2 0 1 0 0 2
0 2 0 0 1 0 0 3
2 6 5 2 24 0 0 5
4 12 20 0 69 0 0 22
5 16 35 3 85 0 0 25
4 19 20 6 80 0 0 20
2 28 13 11 97 0 0 26
2 35 13 12 116 0 0 35
1 32 12 5 92 0 0 46
0 19 12 0 51 0 0 56
0 5 3 0 12 0 0 36
0 1 1 0 2 0 0 13
0 3 2 0 2 0 0 2
0 3 1 0 1 0 0 3
1 6 8 2 27 0 0 5
4 12 24 0 69 0 0 22
6 16 44 3 90 0 0 26
4 19 20 6 81 0 0 21
2 28 14 11 97 0 0 26
1 35 13 12 115 0 0 35
1 31 13 5 89 0 0 47
0 18 12 0 49 0 0 57
0 5 6 0 14 0 0 37
0 1 5 0 3 0 0 13
0 3 3 0 2 0 0 2
0 2 0 0 1 0 0 3
1 5 4 2 19 0 0 5
4 11 11 0 48 0 0 20
5 16 40 3 87 0 0 21
3 19 22 6 82 0 0 17
2 27 13 11 92 0 0 25
1 31 8 12 84 0 0 34
1 27 5 5 58 0 0 44
0 16 3 0 29 0 0 53
0 4 1 0 7 0 0 36
0 1 1 0 1 0 0 13
0 3 2 0 2 0 0 2
0 2 1 0 2 0 0 3
2 6 12 2 32 0 0 5
4 12 31 0 88 0 0 23
6 16 47 3 105 0 0 26
4 19 19 6 81 0 0 21
3 28 14 11 98 0 0 27
2 35 13 12 117 0 1 36
1 35 13 5 112 0 1 48
0 21 12 0 68 0 0 59
0 6 6 0 19 0 0 39
0 1 5 0 4 0 0 13
0 3 4 0 3 0 0 2
0 3 1 0 2 0 0 4
1 6 9 2 27 0 0 5
2 11 23 0 57 0 0 21
4 15 23 3 67 0 0 25
3 19 16 6 73 0 0 20
2 26 11 11 84 0 0 26
2 31 7 12 78 0 0 34
1 27 5 5 57 0 0 46
0 16 4 0 29 0 0 55
0 4 1 0 7 0 0 36
0 1 1 0 1 0 0 13
0 3 1 0 1 0 0 2
0 2 0 0 1 0 0 3
1 5 4 2 20 0 0 5
3 11 14 0 52 0 0 21
6 16 30 3 80 0 0 22
5 19 23 6 83 0 0 20
3 28 13 11 97 0 0 27
2 35 13 12 117 0 1 36
1 33 13 5 100 0 0 48
0 20 12 0 55 0 0 58
0 5 5 0 15 0 0 38
0 1 1 0 2 0 0 13
0 3 1 0 2 0 0 2
0 3 0 0 1 0 0 3
1 6 5 2 25 0 0 5
5 12 14 0 67 0 0 20
6 16 32 3 83 0 0 22
5 19 22 6 82 0 0 20
3 28 13 11 97 0 0 26
2 35 13 12 117 0 0 35
1 35 12 5 113 0 1 48
0 23 8 0 81 0 0 60
0 6 1 0 22 0 0 39
0 1 1 0 4 0 0 14
0 3 1 0 2 0 0 2
0 3 0 0 2 0 0 4
1 6 4 2 21 0 0 5
2 11 12 0 46 0 0 20
3 14 16 3 57 0 0 22
2 17 12 6 58 0 0 19
2 24 7 11 63 0 0 25
1 28 4 12 58 0 0 32
1 24 3 5 41 0 0 43
0 14 2 0 21 0 0 52
0 3 1 0 5 0 0 35
0 1 1 0 1 0 0 13
