0 0 1 0 1 0 0 0
0 6 0 0 4 0 0 2
0 16 4 1 25 0 0 2
2 0 7 0 15 0 1 7
5 0 26 2 19 0 2 8
3 0 30 5 41 0 2 6
2 0 30 10 46 0 3 8
1 0 17 9 32 0 3 11
1 0 10 4 28 0 4 14
0 0 9 0 22 0 2 17
0 0 5 0 8 0 0 12
0 0 4 0 2 0 0 3
0 20 2 0 2 0 0 0
0 4 1 0 6 0 0 3
1 9 3 1 43 0 0 2
3 0 5 0 15 0 1 4
3 0 22 2 18 0 2 3
2 0 15 4 18 0 2 2
1 0 10 8 24 0 3 2
1 0 9 9 29 0 3 3
1 0 9 4 29 0 3 4
0 0 9 0 22 0 2 5
0 0 4 0 8 0 0 3
0 0 3 0 2 0 0 1
0 16 2 0 3 0 0 0
0 4 1 0 6 0 0 4
1 9 4 1 47 0 0 4
2 0 5 0 16 0 1 5
4 0 17 2 17 0 2 3
3 0 25 4 22 0 2 2
2 0 15 8 25 0 3 2
1 0 9 9 30 0 3 3
1 0 9 4 28 0 3 3
0 0 9 0 22 0 2 4
0 0 4 0 8 0 0 3
0 0 3 0 2 0 0 1
0 15 2 0 3 0 0 0
0 4 1 0 6 0 0 4
2 9 3 1 45 0 0 4
4 0 4 0 13 0 1 7
7 0 14 2 18 0 2 8
5 0 20 4 18 0 2 3
3 0 16 8 24 0 3 3
2 0 9 9 29 0 3 4
1 0 9 4 29 0 3 5
0 0 9 0 22 0 2 5
0 0 4 0 8 0 0 4
0 0 3 0 2 0 0 4
0 13 2 0 3 0 0 1
0 4 1 0 6 0 0 4
0 8 2 1 54 0 0 5
1 0 3 0 11 0 1 8
2 0 13 2 18 0 2 8
2 0 8 4 18 0 2 3
1 0 9 8 24 0 3 3
1 0 9 9 29 0 3 3
1 0 9 4 29 0 3 5
0 0 8 0 20 0 2 5
0 0 4 0 7 0 0 3
0 0 3 0 2 0 0 1
0 17 3 0 3 0 0 0
0 4 1 0 6 0 0 3
1 8 3 1 54 0 0 3
3 0 3 0 11 0 1 4
3 0 13 2 17 0 2 3
2 0 7 4 19 0 2 3
1 0 9 8 24 0 3 3
1 0 9 9 29 0 3 4
1 0 9 4 29 0 3 5
0 0 8 0 20 0 2 6
0 0 4 0 7 0 0 4
0 0 3 0 2 0 0 2
0 14 2 0 3 0 0 0
0 4 0 0 6 0 0 3
0 8 1 1 54 0 0 3
1 0 2 0 7 0 1 5
1 0 5 2 13 0 2 2
1 0 7 4 17 0 2 1
1 0 8 8 22 0 3 1
1 0 8 8 27 0 3 2
0 0 8 4 27 0 3 2
0 0 8 0 19 0 2 2
0 0 4 0 7 0 0 2
0 0 0 0 0 0 0 3
0 25 1 0 1 0 0 0
0 4 0 0 6 0 0 3
1 9 4 1 47 0 0 4
3 0 6 0 16 0 1 6
6 0 16 2 17 0 2 6
3 0 11 4 18 0 2 4
2 0 22 8 24 0 3 2
1 0 9 9 30 0 3 3
1 0 9 4 28 0 3 3
0 0 9 0 22 0 2 4
0 0 4 0 8 0 0 3
0 0 3 0 2 0 0 1
0 14 3 0 3 0 0 0
0 4 1 0 6 0 0 4
1 8 3 1 49 0 0 4
2 0 3 0 11 0 1 5
2 0 24 2 17 0 2 2
1 0 12 4 18 0 2 2
1 0 9 8 24 0 3 2
1 0 9 9 30 0 3 2
0 0 9 4 28 0 3 3
0 0 8 0 22 0 2 4
0 0 4 0 8 0 0 3
0 0 3 0 2 0 0 1
0 16 2 0 3 0 0 0
0 4 0 0 6 0 0 3
0 8 2 1 54 0 0 3
1 0 2 0 9 0 1 3
2 0 12 2 17 0 2 2
1 0 7 4 19 0 2 1
1 0 8 8 24 0 3 2
0 0 8 9 28 0 3 2
0 0 8 4 27 0 3 3
0 0 8 0 19 0 2 3
0 0 4 0 7 0 0 2
0 0 2 0 1 0 0 1
0 36 0 0 1 0 0 0
0 4 0 0 6 0 0 2
0 8 2 1 46 0 0 3
1 4 3 0 12 0 1 5
1 0 13 2 18 0 2 4
1 0 8 4 18 0 2 2
1 0 9 8 24 0 3 2
0 0 9 9 30 0 3 2
0 0 9 4 28 0 3 3
0 0 8 0 19 0 2 4
0 0 4 0 7 0 0 2
0 0 3 0 1 0 0 1
0 32 1 0 1 0 0 0
0 4 0 0 6 0 0 3
0 9 2 1 45 0 0 3
2 48 3 0 12 0 1 4
3 0 12 2 18 0 2 3
2 0 7 4 18 0 2 2
1 0 9 8 25 0 3 3
1 0 8 9 28 0 3 3
0 0 8 4 27 0 3 4
0 0 8 0 20 0 2 4
0 0 4 0 7 0 0 3
0 0 3 0 1 0 0 3
0 33 1 0 1 0 0 1
0 4 0 0 6 0 0 3
2 8 3 1 48 0 0 4
4 0 4 0 15 0 1 5
5 0 14 2 17 0 2 3
4 0 8 4 18 0 2 2
2 0 9 8 25 0 3 2
1 0 9 9 29 0 3 3
1 0 9 4 28 0 3 4
0 0 8 0 21 0 2 5
0 0 4 0 7 0 0 3
0 0 3 0 2 0 0 1
0 16 3 0 3 0 0 0
0 4 1 0 6 0 0 4
1 8 3 1 54 0 0 4
4 0 6 0 16 0 1 8
6 0 15 2 17 0 2 5
4 0 19 4 19 0 2 3
2 0 20 8 24 0 3 3
1 0 9 9 29 0 3 5
1 0 9 4 29 0 3 6
0 0 9 0 22 0 2 7
0 0 4 0 8 0 0 4
0 0 3 0 2 0 0 1
0 16 2 0 3 0 0 0
0 4 0 0 6 0 0 3
0 8 3 1 54 0 0 4
4 0 3 0 12 0 1 5
5 0 13 2 17 0 2 3
3 0 8 4 19 0 2 2
2 0 9 8 24 0 3 3
1 0 9 9 29 0 3 3
1 0 9 4 28 0 3 5
0 0 8 0 21 0 2 6
0 0 4 0 7 0 0 4
0 0 3 0 2 0 0 3
0 13 3 0 3 0 0 0
0 4 1 0 6 0 0 4
2 10 5 1 42 0 0 4
4 0 14 0 16 0 1 8
6 0 47 3 55 0 2 8
5 0 37 5 52 0 2 5
3 156 26 9 42 0 3 5
2 114 12 9 55 0 3 7
1 139 9 4 29 0 3 7
0 5 9 0 22 0 2 7
0 0 4 0 8 0 0 4
0 9 3 0 3 0 0 2
0 12 2 0 4 0 0 0
0 4 1 0 6 0 0 4
1 8 2 1 54 0 0 4
2 0 3 0 10 0 1 6
4 0 12 2 17 0 2 4
3 0 8 4 18 0 2 3
2 0 9 8 25 0 3 4
1 0 9 9 29 0 3 5
1 0 9 4 28 0 3 7
0 0 8 0 20 0 2 7
0 0 4 0 7 0 0 5
0 0 3 0 2 0 0 2
0 13 2 0 3 0 0 0
0 4 1 0 6 0 0 4
1 8 2 1 54 0 0 5
3 0 5 0 15 0 1 8
7 0 15 2 17 0 2 5
5 0 8 4 19 0 2 4
3 101 9 8 41 0 3 5
2 103 9 9 61 0 3 8
1 140 9 4 29 0 3 8
0 3 8 0 21 0 2 8
0 0 4 0 7 0 0 6
0 14 3 0 2 0 0 3
0 13 2 0 3 0 0 0
0 4 1 0 6 0 0 3
2 8 3 1 54 0 0 5
6 0 4 0 13 0 1 7
7 44 14 2 41 0 2 6
5 22 8 4 108 0 2 6
3 43 13 8 102 0 3 8
2 93 9 9 68 0 3 11
1 151 9 4 29 0 3 7
0 4 8 0 22 0 2 7
0 0 4 0 7 0 0 5
0 12 3 0 3 0 0 3
0 13 2 0 3 0 0 0
0 4 1 0 6 0 0 4
1 8 2 1 54 0 0 5
2 0 2 0 9 0 1 4
2 0 12 2 17 0 2 3
2 0 7 4 18 0 2 2
1 0 8 8 25 0 3 3
1 0 8 9 28 0 3 3
1 0 9 4 26 0 3 4
0 0 8 0 20 0 2 6
0 0 4 0 7 0 0 5
0 0 3 0 2 0 0 2
