3 7 11 0 10 0 0 2
2 6 4 0 6 0 0 4
5 12 13 5 54 0 0 6
7 30 31 2 101 0 1 26
8 43 47 3 118 0 2 30
11 51 47 7 127 0 2 25
18 73 55 16 167 1 3 32
24 94 58 25 203 2 4 44
25 92 56 16 195 5 4 60
18 62 57 0 146 4 2 74
7 20 28 0 54 0 0 50
2 5 22 0 14 0 0 17
3 5 15 0 10 0 0 2
2 5 4 0 6 0 0 4
4 12 13 6 54 0 0 6
7 29 31 2 101 0 1 26
9 43 47 4 118 1 2 30
12 51 47 11 127 1 2 25
19 73 55 32 167 4 3 32
24 93 58 37 203 9 4 44
25 92 56 17 195 8 4 60
18 62 57 0 146 4 2 74
8 20 28 0 54 0 0 50
2 5 22 0 14 0 0 17
3 5 15 0 10 0 0 2
2 5 4 0 6 0 0 4
4 12 13 5 54 0 0 6
7 30 31 2 101 0 1 26
9 43 47 5 118 1 2 30
11 51 47 8 127 1 2 25
18 73 55 25 167 3 3 32
24 93 58 37 203 12 4 44
24 92 56 17 195 9 4 60
18 62 57 0 146 5 2 74
8 20 28 0 54 0 0 50
2 5 22 0 14 0 0 17
3 5 15 0 10 0 0 2
2 5 4 0 6 0 0 4
4 14 13 6 54 0 0 6
6 31 31 2 101 0 1 26
8 43 47 6 118 1 2 30
10 51 47 9 127 1 2 25
16 73 55 24 167 2 3 32
23 94 58 36 203 8 4 44
23 92 56 17 195 10 4 60
18 62 57 0 146 6 2 74
8 20 28 0 54 0 0 50
2 5 22 0 14 0 0 17
3 5 15 0 10 0 0 2
2 5 4 0 6 0 0 4
5 13 9 8 54 0 0 6
8 29 23 3 101 0 1 26
10 43 47 6 118 0 2 30
12 51 47 17 127 2 2 25
19 73 55 34 167 6 3 32
25 93 58 37 203 11 4 44
26 92 56 17 195 4 4 60
19 62 57 0 146 5 2 74
9 20 28 0 54 0 0 50
2 5 22 0 14 0 0 17
3 5 15 0 10 0 0 2
2 5 4 0 6 0 0 4
4 11 13 6 54 0 0 6
7 28 26 3 101 0 1 26
9 43 47 6 118 1 2 30
12 51 47 18 127 1 2 25
20 73 55 33 167 2 3 32
26 93 58 37 203 3 4 44
26 92 56 17 195 3 4 60
19 62 57 0 146 3 2 74
8 20 28 0 54 0 0 50
2 5 22 0 14 0 0 17
3 5 15 0 10 0 0 2
2 5 4 0 6 0 0 4
5 10 5 11 54 0 0 6
8 25 14 4 101 0 1 26
11 41 37 11 118 2 2 30
13 49 41 21 127 3 2 25
20 73 55 36 167 5 3 32
26 93 58 41 203 15 4 44
27 92 56 17 195 6 4 60
20 62 57 0 146 6 2 74
9 20 27 0 54 0 0 50
2 5 6 0 14 0 0 17
3 7 7 0 10 0 0 2
2 6 4 0 6 0 0 4
4 11 13 4 54 0 0 6
6 30 31 2 101 0 1 26
8 43 47 5 118 1 2 30
10 51 47 12 127 1 2 25
18 73 55 19 167 1 3 32
25 93 58 36 203 3 4 44
26 92 56 17 195 5 4 60
20 62 57 0 146 3 2 74
9 20 28 0 54 0 0 50
2 5 22 0 14 0 0 17
3 5 15 0 10 0 0 2
2 5 4 0 6 0 0 4
4 13 13 6 54 0 0 6
7 30 25 3 101 0 1 26
10 43 47 4 118 0 2 30
14 51 47 13 127 1 2 25
21 73 55 33 167 3 3 32
27 93 58 39 203 7 4 44
27 92 56 17 195 6 4 60
21 62 57 0 146 5 2 74
9 20 28 0 54 0 0 50
2 5 22 0 14 0 0 17
3 5 15 0 10 0 0 2
2 5 4 0 6 0 0 4
5 11 9 8 54 0 0 6
7 26 19 3 101 0 1 26
10 40 47 7 118 1 2 30
14 49 42 21 127 3 2 25
22 73 55 36 167 7 3 32
28 93 58 41 203 21 4 44
29 92 56 17 195 11 4 60
22 62 57 0 146 5 2 74
10 20 28 0 54 0 0 50
2 5 13 0 14 0 0 17
3 7 6 0 10 0 0 2
2 6 2 0 6 0 0 4
5 13 12 7 54 0 0 6
8 28 26 2 101 0 1 26
11 41 47 6 118 1 2 30
14 49 47 18 127 3 2 25
22 73 55 34 167 6 3 32
28 93 58 39 203 17 4 44
28 92 56 17 195 11 4 60
22 62 57 0 146 5 2 74
10 20 28 0 54 0 0 50
2 5 22 0 14 0 0 17
3 9 9 0 10 0 0 2
2 7 4 0 6 0 0 4
5 13 11 7 54 0 0 6
7 27 26 3 101 0 1 26
10 42 47 6 118 1 2 30
12 50 47 19 127 3 2 25
20 72 55 36 167 8 3 32
26 93 58 39 203 25 4 44
27 92 56 17 195 14 4 60
20 62 57 0 146 6 2 74
9 20 28 0 54 0 0 50
2 5 22 0 14 0 0 17
3 6 12 0 10 0 0 2
2 6 4 0 6 0 0 4
4 11 13 6 54 0 0 6
6 29 31 2 101 0 1 26
8 43 47 6 118 1 2 30
10 51 47 17 127 2 2 25
18 73 55 33 167 5 3 32
24 93 58 37 203 11 4 44
25 92 56 17 195 9 4 60
19 62 57 0 146 5 2 74
9 20 28 0 54 0 0 50
2 5 22 0 14 0 0 17
3 5 15 0 10 0 0 2
2 5 4 0 6 0 0 4
4 13 13 5 54 0 0 6
6 30 31 2 101 0 1 26
8 43 47 5 118 1 2 30
10 51 47 8 127 1 2 25
18 73 55 20 167 1 3 32
24 93 58 37 203 6 4 44
25 92 56 16 195 6 4 60
19 62 57 0 146 4 2 74
9 20 28 0 54 0 0 50
2 5 22 0 14 0 0 17
3 5 15 0 10 0 0 2
2 5 4 0 6 0 0 4
5 11 13 5 54 0 0 6
6 29 26 2 101 0 1 26
8 43 47 6 118 1 2 30
11 51 47 15 127 2 2 25
18 73 55 33 167 6 3 32
25 93 58 39 203 21 4 44
26 92 56 17 195 11 4 60
20 62 57 0 146 6 2 74
9 20 28 0 54 0 0 50
2 5 22 0 14 0 0 17
3 5 15 0 10 0 0 2
2 5 4 0 6 0 0 4
4 14 13 4 54 0 0 6
6 31 31 1 101 0 1 26
8 43 47 3 118 0 2 30
10 51 47 7 127 0 2 25
16 73 55 13 167 0 3 32
23 94 58 31 203 2 4 44
24 92 56 16 195 3 4 60
19 62 57 0 146 4 2 74
8 20 28 0 54 0 0 50
2 5 22 0 14 0 0 17
3 5 15 0 10 0 0 2
2 5 4 0 6 0 0 4
4 14 11 7 54 0 0 6
7 29 21 3 101 0 1 26
9 43 47 6 118 1 2 30
10 51 47 16 127 1 2 25
17 73 55 33 167 2 3 32
24 93 58 39 203 3 4 44
25 92 56 17 195 3 4 60
19 62 57 0 146 5 2 74
9 20 28 0 54 0 0 50
2 5 22 0 14 0 0 17
3 5 15 0 10 0 0 2
2 5 4 0 6 0 0 4
4 11 12 7 54 0 0 6
6 28 31 2 101 0 1 26
8 43 47 6 118 1 2 30
10 51 47 17 127 1 2 25
16 73 55 32 167 2 3 32
23 93 58 37 203 3 4 44
24 92 56 17 195 3 4 60
19 62 57 0 146 5 2 74
9 20 28 0 54 0 0 50
2 5 22 0 14 0 0 17
3 5 15 0 10 0 0 2
2 5 4 0 6 0 0 4
4 11 13 6 54 0 0 6
6 30 29 2 101 0 1 26
8 43 47 6 118 1 2 30
10 51 47 16 127 1 2 25
16 73 55 27 167 4 3 32
23 93 58 39 203 16 4 44
24 92 56 17 195 3 4 60
19 62 57 0 146 4 2 74
9 20 28 0 54 0 0 50
2 5 22 0 14 0 0 17
3 5 15 0 10 0 0 2
2 5 4 0 6 0 0 4
4 12 9 8 54 0 0 6
7 29 17 3 101 0 1 26
10 41 47 7 118 2 2 30
11 49 47 18 127 3 2 25
19 71 55 36 167 9 3 32
25 93 58 41 203 12 0 44
25 92 56 17 195 17 4 60
20 62 57 0 146 7 2 74
9 20 28 0 54 0 0 50
2 5 22 0 14 0 0 17
