322.045903225806 1024.3303225820105 3644646452.0 4358131567.918026 66.0 56.18329032258064
643.509857142857 1026.7647502162995 4358131567.918026 3726139206.5984516 915.0 59.67067857142857
785.285774193548 1024.6177749791832 3726139206.5984516 4885545393.830293 350.0 66.0
810.8132 1028.2013642046613 4885545393.830293 5896479139.470351 404.7111111111111 854.0
709.144935483871 1030.5520206926385 5896479139.470351 5894654493.72371 692.239247311828 350.0
400.573266666667 1030.5449787493624 5894654493.72371 5889245404.504199 389.0388888888889 404.7111111111111
209.112838709677 1030.524103190625 5889245404.504199 5885785624.727952 192.83602150537635 692.239247311828
155.613161290323 1030.5107506957768 5885785624.727952 5884786674.932691 135.49193548387098 376.4892473118279
113.363733333333 1030.5068954006836 5884786674.932691 5883939615.157152 87.97777777777777 199.26388888888889
89.1516451612903 1030.5036263020645 5883939615.157152 5883474350.210142 61.516129032258064 135.49193548387098
132.6879 1030.5018306826291 5883474350.210142 5884611273.856517 124.68611111111112 87.97777777777777
183.475935483871 1030.5062184668561 5884611273.856517 5885797780.699247 191.81720430107526 61.516129032258064
219.466193548387 1030.5107976099027 5885797780.699247 688578988.8555263 2165.564516129032 120.66397849462366
529.413142857143 1005.9105492605624 688578988.8555263 1655045662.5330029 134.0 212.36904761904762
573.648451612903 1013.8786869090068 1655045662.5330029 2344260769.135859 315.0 2165.564516129032
434.0214 1017.7744631616667 2344260769.135859 3340592490.0325646 40.0 125.06666666666666
242.016225806452 1022.3814806925583 3340592490.0325646 3847669071.0084553 40.0 315.0
141.2042 1025.0464517495889 3847669071.0084553 4082459731.3427634 40.0 40.0
112.736064516129 1025.8746375003273 4082459731.3427634 4239335453.862138 40.0 40.0
95.8503870967742 1026.386418642873 4239335453.862138 4343727756.43042 40.0 38.70967741935484
70.4100666666667 1026.7188782051924 4343727756.43042 4367114144.277313 40.0 41.333333333333336
51.7662903225806 1026.79335714738 4367114144.277313 4336704219.642193 40.0 40.0
33.0551333333333 1026.6965102536376 4336704219.642193 4302489400.232623 40.0 40.0
89.5234193548387 1026.5875458606133 4302489400.232623 4454769010.397752 40.0 40.0
197.699193548387 1027.0725127719672 4454769010.397752 687993578.0084753 1608.3440860215053 38.70967741935484
483.033035714286 1005.9055242747509 687993578.0084753 1769970369.829023 40.0 44.285714285714285
883.652032258065 1014.5789275810688 1769970369.829023 3288877115.8738117 315.0 1608.3440860215053
711.757666666667 1021.9910990183388 3288877115.8738117 4995647273.124852 40.0 37.333333333333336
355.195741935484 1028.3602413753606 4995647273.124852 5796023331.816133 40.0 315.0
161.613233333333 1030.164182748325 5796023331.816133 5885006678.637209 113.70277777777778 40.0
116.846161290323 1030.5077444715844 5885006678.637209 5884153806.68078 99.59946236559139 40.0
91.6212580645161 1030.5044529417353 5884153806.68078 5883651925.439067 71.31720430107526 110.03494623655915
67.8172333333333 1030.5025160072692 5883651925.439067 5883137072.477875 42.30555555555556 102.91944444444444
48.4465161290323 1030.5005290104207 5883137072.477875 5831604178.168728 40.005376344086024 71.31720430107526
51.3012333333333 1030.3015605334701 5831604178.168728 5841458486.746615 40.0 42.30555555555556
84.7457096774193 1030.3396080569369 5841458486.746615 5884045291.878765 77.61827956989248 40.005376344086024
209.807322580645 1030.5040341453296 5884045291.878765 688010762.4282221 2155.064516129032 38.70967741935484
689.364428571429 1005.9056717804997 688010762.4282221 2270429519.5537744 40.0 85.93452380952382
568.289064516129 1017.3848523459302 2270429519.5537744 2944563977.7357807 315.0 2155.064516129032
576.527233333333 1020.5474380617852 2944563977.7357807 4304287772.84828 40.0 37.333333333333336
381.711483870968 1026.593273161937 4304287772.84828 5178360797.203236 40.0 315.0
185.7957 1028.6238972542615 5178360797.203236 5523683872.819637 40.0 40.0
126.033225806452 1029.228875331945 5523683872.819637 5709248843.881876 40.0 40.0
97.3777741935484 1029.829146115374 5709248843.881876 5809254033.225126 40.0 38.70967741935484
66.5694 1030.2152665375488 5809254033.225126 5812335016.733532 40.0 41.333333333333336
46.5674838709677 1030.2271622267704 5812335016.733532 5756745312.664321 40.0 40.0
36.6345333333333 1030.0125301647272 5756745312.664321 5728909003.824194 40.0 40.0
71.4001612903226 1029.9050540688193 5728909003.824194 5836111408.855211 40.0 40.0
217.974064516129 1030.318962968553 5836111408.855211 687958957.1772815 2146.0 38.70967741935484
492.893857142857 1005.9052271002341 687958957.1772815 1658014116.8997064 96.0 44.285714285714285
366.69335483871 1013.8987440331061 1658014116.8997064 1793250272.385211 315.0 2146.0
391.213866666667 1014.7179120739416 1793250272.385211 2682467639.6729693 40.0 89.6
225.662064516129 1019.3839233708336 2682467639.6729693 3152088185.410574 40.0 315.0
133.237333333333 1021.4175605258305 3152088185.410574 3371074642.737213 40.0 40.0
85.2490967741936 1022.6159587902863 3371074642.737213 3460127264.802839 40.0 40.0
63.7061290322581 1023.3009789600219 3460127264.802839 3485169609.569911 40.0 38.70967741935484
44.3738666666667 1023.493612381307 3485169609.569911 3449918474.56342 40.0 41.333333333333336
29.2655161290322 1023.222449804334 3449918474.56342 3370398810.9499664 40.0 40.0
19.9402333333333 1022.6107600842306 3370398810.9499664 3305473738.056318 40.0 40.0
45.8698387096774 1022.1113364465871 3305473738.056318 3336589925.2638774 40.0 40.0
275.221193548387 1022.3506917327991 3336589925.2638774 688877657.6475025 1267.489247311828 38.70967741935484
551.286071428571 1005.9131129411802 688877657.6475025 1936407156.9291418 40.0 44.285714285714285
549.275483870968 1015.572580041368 1936407156.9291418 2560030322.435909 315.0 1267.489247311828
453.0279 1018.8104464751096 2560030322.435909 3603841748.64024 40.0 37.333333333333336
251.113419354839 1024.1863906477608 3603841748.64024 4133194728.1246643 40.0 315.0
131.736766666667 1026.0483908539002 4133194728.1246643 4342168533.685041 40.0 40.0
91.9488709677419 1026.7139125276594 4342168533.685041 4441953112.946668 40.0 40.0
70.1550967741935 1027.031697811932 4441953112.946668 4476327097.02163 40.0 38.70967741935484
52.898 1027.141169098795 4476327097.02163 4453374015.072605 40.0 41.333333333333336
38.8994516129032 1027.0680701116962 4453374015.072605 4387836284.926988 40.0 40.0
44.6923333333333 1026.8593512258822 4387836284.926988 4383616694.571795 40.0 40.0
68.3542258064516 1026.8459130400374 4383616694.571795 4479358618.562478 40.0 40.0
118.701903225806 1027.1508236259951 4479358618.562478 687755431.1687638 1538.6182795698924 38.70967741935484
163.442892857143 1005.9034800958692 687755431.1687638 994446243.9722562 40.0 44.285714285714285
127.196838709677 1008.8928555019755 994446243.9722562 687152221.1376604 241.20967741935485 1538.6182795698924
175.352066666667 1005.8983023273619 687152221.1376604 1024203973.1275247 40.99722222222222 37.333333333333336
101.320064516129 1009.1573686500224 1024203973.1275247 1174199059.9235504 40.0 241.20967741935485
58.3389666666667 1010.4278996893299 1174199059.9235504 1210473375.4604816 40.0 40.99722222222222
41.7728709677419 1010.7090959338022 1210473375.4604816 1200099379.3402398 40.0 40.0
32.6314516129032 1010.6286773592267 1200099379.3402398 1162952548.2775128 40.0 38.70967741935484
21.9208 1010.3407174285079 1162952548.2775128 1095567105.5093715 40.0 41.333333333333336
10.8536774193548 1009.7917076045277 1095567105.5093715 995630975.3681712 40.0 40.0
17.3578 1008.903386447717 995630975.3681712 931460336.4459207 40.0 40.0
37.3014516129032 1008.3329807684081 931460336.4459207 930680832.0130477 40.0 40.0
201.538193548387 1008.326051840116 930680832.0130477 686774312.9047897 295.61290322580646 38.70967741935484
659.617321428572 1005.8950584798694 686774312.9047897 2197036218.0062575 40.0 44.285714285714285
1080.25241935484 1016.9975526016161 2197036218.0062575 4241597043.563423 315.0 295.61290322580646
895.072966666667 1026.3936211578452 4241597043.563423 5897968452.716086 240.60833333333332 37.333333333333336
543.825258064516 1030.557768471031 5897968452.716086 5891725300.292259 528.5752688172043 315.0
224.001266666667 1030.5336739719683 5891725300.292259 5886121013.843394 212.54722222222222 240.60833333333332
134.021806451613 1030.5120450791553 5886121013.843394 5884455276.649772 117.07795698924731 528.5752688172043
96.0624516129032 1030.5056164193172 5884455276.649772 5883730597.157917 75.84139784946237 205.69086021505373
65.9179666666667 1030.5028196288256 5883730597.157917 5883102712.75945 40.45 120.98055555555555
43.6194838709677 1030.500396404303 5883102712.75945 5818740515.776826 40.0 75.84139784946237
40.2008 1030.2518938833082 5818740515.776826 5799916918.0680275 40.0 40.45
70.7292258064516 1030.1792158998767 5799916918.0680275 5883796973.547358 48.14247311827957 40.0
406.292612903226 1030.5030757984246 5883796973.547358 688123158.5387065 2352.0672043010754 38.70967741935484
701.2355 1005.9066365539803 688123158.5387065 2032539843.1557612 150.0 53.300595238095234
673.144322580645 1016.1294978530647 2032539843.1557612 2987635808.954409 315.0 2352.0672043010754
359.758866666667 1020.7280327419472 2987635808.954409 3787244004.448667 40.0 140.0
152.153709677419 1024.8333121850042 3787244004.448667 4051219885.7902875 40.0 315.0
92.4419333333333 1025.7644440415884 4051219885.7902875 4158952743.779241 40.0 40.0
72.9201935483871 1026.1304227508892 4158952743.779241 4209042892.245811 40.0 40.0
58.5487096774193 1026.2899455167064 4209042892.245811 4214096280.487096 40.0 38.70967741935484
40.2354333333333 1026.3060391098315 4214096280.487096 4160724951.373754 40.0 41.333333333333336
26.094 1026.1360667241202 4160724951.373754 4063879404.5185156 40.0 40.0
21.0259 1025.8090984286366 4063879404.5185156 3999227032.661268 40.0 40.0
37.604064516129 1025.581047734255 3999227032.661268 4011291790.819904 40.0 40.0
87.1814838709678 1025.623604200423 4011291790.819904 687302022.2286105 1332.247311827957 38.70967741935484
229.777357142857 1005.8995881736361 687302022.2286105 1154913888.9746583 40.0 44.285714285714285
322.139225806452 1010.2784022401137 1154913888.9746583 1171573884.2611485 315.0 1332.247311827957
279.0302 1010.4075494903965 1171573884.2611485 1775265696.6134348 40.0 37.333333333333336
121.557580645161 1014.610541472319 1775265696.6134348 1973380369.631085 40.0 315.0
60.7111 1015.7933156395886 1973380369.631085 2011213740.2700255 40.0 40.0
41.6522903225807 1016.0169590515568 2011213740.2700255 1994433932.353778 40.0 40.0
34.2437741935484 1015.9190085513659 1994433932.353778 1954502493.1892197 40.0 38.70967741935484
21.3034 1015.6806118996371 1954502493.1892197 1876840678.9148376 40.0 41.333333333333336
9.73222580645161 1015.2169592771036 1876840678.9148376 1764161441.8363657 40.0 40.0
7.27173333333333 1014.5442474139485 1764161441.8363657 1671302626.298366 40.0 40.0
42.6832903225806 1013.9885312587727 1671302626.298366 1687992021.5322034 40.0 40.0
163.609451612903 1014.0895046061624 1687992021.5322034 688175530.9865264 540.013440860215 38.70967741935484
305.377071428571 1005.9070861028886 688175530.9865264 1244579265.9864466 79.0 44.285714285714285
515.583290322581 1010.9734826820655 1244579265.9864466 1778883348.2994637 315.0 540.013440860215
448.1112 1014.6321393928326 1778883348.2994637 2815217652.946979 40.0 73.73333333333333
271.508322580645 1020.0051054630901 2815217652.946979 3406169988.486909 40.0 315.0
125.965266666667 1022.8859229883609 3406169988.486909 3603968114.3753195 40.0 40.0
80.5058064516129 1024.1868363822762 3603968114.3753195 3677808528.9605517 40.0 40.0
56.4302903225807 1024.44729639845 3677808528.9605517 3681103908.7548347 40.0 38.70967741935484
35.7994333333333 1024.4589203130681 3681103908.7548347 3621035596.2254314 40.0 41.333333333333336
17.4331290322581 1024.247039140125 3621035596.2254314 3506611790.395279 40.0 40.0
11.4152333333333 1023.6585522338099 3506611790.395279 3418845840.495534 40.0 40.0
42.3448387096774 1022.9834295422734 3418845840.495534 3441300854.148492 40.0 40.0
282.83335483871 1023.1561604165269 3441300854.148492 688279612.2574954 1314.47311827957 38.70967741935484
526.084607142857 1005.9079795043561 688279612.2574954 687568792.704495 529.3363095238095 44.285714285714285
441.858967741935 1005.9018780489656 687568792.704495 1025311383.8430578 315.0 1314.47311827957
449.691966666667 1009.1672123008271 1025311383.8430578 2070887951.9240732 40.0 494.0472222222222
165.603064516129 1016.3318625431349 2070887951.9240732 2384257333.8444304 40.0 315.0
75.6662 1017.985526827675 2384257333.8444304 2458282866.308149 40.0 40.0
51.8997096774194 1018.3338775939492 2458282866.308149 2465353534.2382536 40.0 40.0
37.5056129032258 1018.3669954765257 2465353534.2382536 2429835172.432753 40.0 38.70967741935484
24.2406666666667 1018.2006331261487 2429835172.432753 2354456718.370884 40.0 41.333333333333336
13.5417096774194 1017.8282676431181 2354456718.370884 2246150496.373077 40.0 40.0
8.4959 1017.2567308515729 2246150496.373077 2154981008.455459 40.0 40.0
67.8139677419355 1016.7756253744351 2154981008.455459 2240879113.3315687 40.0 40.0
315.535870967742 1017.2289135268156 2240879113.3315687 688501328.7806531 898.4005376344086 38.70967741935484
519.093035714286 1005.9098826504777 688501328.7806531 1763349545.2480102 79.0 44.285714285714285
637.365612903226 1014.5394002701374 1763349545.2480102 2622985124.767813 315.0 898.4005376344086
611.278466666667 1019.1053167436431 2622985124.767813 4074841791.8707795 40.0 73.73333333333333
372.049967741935 1025.8477664616253 4074841791.8707795 4924251630.558163 40.0 315.0
150.201533333333 1028.2572173601127 4924251630.558163 5178041383.880992 40.0 40.0
104.528032258065 1028.6234363403767 5178041383.880992 5307804852.775266 40.0 40.0
77.6274193548387 1028.8106852132398 5307804852.775266 5358012110.182947 40.0 38.70967741935484
50.0950666666667 1028.8831343581282 5358012110.182947 5322733859.859696 40.0 41.333333333333336
29.337064516129 1028.8322277920054 5322733859.859696 5225826709.830099 40.0 40.0
19.3250666666667 1028.6923906346753 5225826709.830099 5154360418.878551 40.0 40.0
87.2251290322581 1028.5892646737063 5154360418.878551 5302359594.394161 40.0 40.0
407.438 1028.8028276975385 5302359594.394161 686782367.4352217 2135.5806451612902 38.70967741935484
586.189178571429 1005.8951276174697 686782367.4352217 2018952925.3106158 40.0 44.285714285714285
795.484806451613 1016.0577990781562 2018952925.3106158 3301555505.7551823 315.0 2135.5806451612902
813.061033333333 1022.0811961981168 3301555505.7551823 5270203167.31547 40.0 37.333333333333336
480.128290322581 1028.7564259268622 5270203167.31547 5890591549.840524 231.3951612903226 315.0
215.483233333333 1030.5292984342043 5890591549.840524 5885963598.415147 203.65277777777777 40.0
136.859709677419 1030.511437558206 5885963598.415147 5884504220.137223 119.83870967741936 231.3951612903226
104.647935483871 1030.5058053092773 5884504220.137223 5883885089.847974 84.38709677419355 197.08333333333331
75.7020333333333 1030.5034158699107 5883885089.847974 5883272186.911026 50.227777777777774 123.83333333333333
48.0892258064516 1030.5010504640647 5883272186.911026 5830729983.318957 40.026881720430104 84.38709677419355
36.4143333333333 1030.2981852637797 5830729983.318957 5802067259.189455 40.0 50.227777777777774
69.0377096774194 1030.1875183752488 5802067259.189455 5883765095.715991 47.266129032258064 40.026881720430104
126.959258064516 1030.5029527707736 5883765095.715991 687485501.9907423 2072.4032258064517 38.70967741935484
263.442714285714 1005.9011631072166 687485501.9907423 1031115348.8627088 124.77380952380952 52.330357142857146
781.20964516129 1009.2188031010018 1031115348.8627088 1773483790.5672784 503.0 2072.4032258064517
445.711633333333 1014.5999032272674 1773483790.5672784 2803651606.4341183 40.0 116.45555555555555
237.183193548387 1019.9515297725251 2803651606.4341183 3303162038.778297 40.0 503.0
119.766933333333 1022.0935541444485 3303162038.778297 3486037197.0893116 40.0 40.0
82.0065806451613 1023.5002861314563 3486037197.0893116 3564843138.9202657 40.0 40.0
62.4445161290323 1024.0488294141808 3564843138.9202657 3585021363.618662 40.0 38.70967741935484
43.3131 1024.1200048099424 3585021363.618662 3545206444.495895 40.0 41.333333333333336
21.053935483871 1023.95543418843 3545206444.495895 3441805045.0386286 40.0 40.0
18.0287666666667 1023.1600388079895 3441805045.0386286 3371515720.6015697 40.0 40.0
118.982064516129 1022.6193516969352 3371515720.6015697 3599609752.46485 40.0 40.0
505.424516129032 1024.1714629716573 3599609752.46485 689166663.3345433 1595.970430107527 38.70967741935484
1142.19889285714 1005.9155936766913 689166663.3345433 3369775401.1380925 40.0 44.285714285714285
1384.0545483871 1022.6059646241392 3369775401.1380925 5906889292.434338 434.258064516129 1595.970430107527
1029.1991 1030.592197097731 5906889292.434338 5900347948.877735 1015.0527777777778 37.333333333333336
628.869709677419 1030.5669517752572 5900347948.877735 5893236241.964721 613.9408602150538 434.258064516129
285.549833333333 1030.5395052219908 5893236241.964721 5887206099.599062 274.2583333333333 1015.0527777777778
175.252548387097 1030.5162328029123 5887206099.599062 5885182316.95556 158.44086021505376 613.9408602150538
131.746967741936 1030.508422321012 5885182316.95556 5884364516.055787 111.55913978494624 265.41129032258067
92.7500666666667 1030.5052661425823 5884364516.055787 5883585665.3769655 67.33888888888889 163.72222222222223
57.665 1030.5022602866177 5883585665.3769655 5856284473.728606 40.115591397849464 111.55913978494624
69.6110666666667 1030.3968512499175 5856284473.728606 5883491161.703541 51.56111111111111 67.33888888888889
104.426483870968 1030.501895564036 5883491161.703541 5884397327.571642 112.87096774193549 40.115591397849464
223.112225806452 1030.505392773647 5884397327.571642 687795677.2145568 2169.2150537634407 49.89784946236559
463.748178571429 1005.9038255554897 687795677.2145568 1100521925.7043157 296.5982142857143 124.96428571428571
440.777451612903 1009.835750450705 1100521925.7043157 1434797576.0995927 315.0 2169.2150537634407
328.4019 1012.390524162835 1434797576.0995927 2164194951.4501753 40.0 276.825
189.986838709677 1016.8242477649086 2164194951.4501753 2541915149.1484776 40.0 315.0
115.086433333333 1018.7255978882832 2541915149.1484776 2717196368.2722926 40.0 40.0
88.146 1019.5465872050224 2717196368.2722926 2819540231.3789787 40.0 40.0
67.9768064516129 1020.0232294816728 2819540231.3789787 2862881935.9896336 40.0 38.70967741935484
48.0371333333333 1020.2049557064555 2862881935.9896336 2845220144.566585 40.0 41.333333333333336
31.1604516129032 1020.1309020736544 2845220144.566585 2778985455.207614 40.0 40.0
37.0707333333333 1019.8359974482792 2778985455.207614 2760301814.6408234 40.0 40.0
54.1066451612903 1019.748486251245 2760301814.6408234 2811441811.897553 40.0 40.0
213.558516129032 1019.988017854321 2811441811.897553 687127459.6944647 1010.1666666666666 38.70967741935484
303.007357142857 1005.8980897827851 687127459.6944647 1235640293.6230323 79.88095238095238 44.285714285714285
518.175774193549 1010.9041883226593 1235640293.6230323 1776895457.5961146 315.0 1010.1666666666666
636.139866666666 1014.6202713886336 1776895457.5961146 3299091072.870448 40.0 74.55555555555556
413.18735483871 1022.0622390220805 3299091072.870448 4263364749.6961813 40.0 315.0
183.440366666667 1026.4629450627267 4263364749.6961813 4605452713.044427 40.0 40.0
115.014935483871 1027.5523971753007 4605452713.044427 4765227854.103006 40.0 40.0
85.7002580645161 1028.0277458212165 4765227854.103006 4838987676.295521 40.0 38.70967741935484
59.9293 1028.1341813510758 4838987676.295521 4831430477.617907 40.0 41.333333333333336
36.361064516129 1028.1232763024789 4831430477.617907 4755708844.860034 40.0 40.0
32.9351666666667 1028.0140098771428 4755708844.860034 4720118959.511982 40.0 40.0
61.8636129032258 1027.9175763041783 4720118959.511982 4799453373.837736 40.0 40.0
224.013225806452 1028.0771332955812 4799453373.837736 687955733.5571268 1763.6962365591398 38.70967741935484
331.442714285714 1005.9051994296749 687955733.5571268 1324572316.3549814 72.0 44.285714285714285
585.414741935484 1011.593583847713 1324572316.3549814 1946655013.5885856 352.0 1763.6962365591398
530.715533333333 1015.6337612751557 1946655013.5885856 3195360828.906812 40.0 67.2
342.166096774194 1021.598997186192 3195360828.906812 3971009118.2742505 40.0 352.0
164.600666666667 1025.4815136447064 3971009118.2742505 4265720199.111579 40.0 40.0
106.053258064516 1026.470446493986 4265720199.111579 4403633047.616729 40.0 40.0
79.5767096774194 1026.9096593873144 4403633047.616729 4463424719.866299 40.0 38.70967741935484
53.0012666666667 1027.1000787256887 4463424719.866299 4440849436.788731 40.0 41.333333333333336
36.3235483870968 1027.0281829197093 4440849436.788731 4368566282.427514 40.0 40.0
27.9102 1026.7979817911703 4368566282.427514 4320951648.247762 40.0 40.0
66.388064516129 1026.6463428288146 4320951648.247762 4411227489.359674 40.0 40.0
216.662483870968 1026.933845507515 4411227489.359674 686962690.907508 1611.766129032258 38.70967741935484
338.498142857143 1005.8966754584335 686962690.907508 782157866.4918752 302.2172619047619 44.285714285714285
316.20564516129 1006.8529011947884 782157866.4918752 783458133.5394984 315.0 1611.766129032258
245.134933333333 1006.8662372670717 783458133.5394984 1302530540.7585852 40.0 282.06944444444446
123.089064516129 1011.4227173702217 1302530540.7585852 1508290612.1444569 40.0 315.0
69.729 1012.8870987307058 1508290612.1444569 1571936614.453868 40.0 40.0
52.2432580645161 1013.3171392868504 1571936614.453868 1586529309.2218008 40.0 40.0
40.308935483871 1013.415738575823 1586529309.2218008 1566151004.7488866 40.0 38.70967741935484
26.5055666666667 1013.2780473293843 1566151004.7488866 1505886567.5928776 40.0 41.333333333333336
20.3899032258065 1012.8708551864383 1505886567.5928776 1426000758.799316 40.0 40.0
16.3810333333333 1012.3310862081034 1426000758.799316 1357830046.6584435 40.0 40.0
66.2608064516129 1011.8513957105306 1357830046.6584435 1436527948.1538427 40.0 40.0
