322.045903225806 1024.3303225820105 3644646452.0 3974216493.114958 209.0 56.18329032258064
643.509857142857 1025.492827136208 3974216493.114958 5301558365.978931 106.0 59.67067857142857
785.285774193548 1028.801671523779 5301558365.978931 5896266315.981194 560.3817204301075 209.0
810.8132 1030.551199332689 5896266315.981194 5896477469.821247 794.0694444444445 98.93333333333334
709.144935483871 1030.5520142488813 5896477469.821247 5894652824.423922 692.239247311828 560.3817204301075
400.573266666667 1030.5449723069532 5894652824.423922 5889250935.824797 389.0361111111111 794.0694444444445
209.112838709677 1030.5241245379173 5889250935.824797 5847994051.157939 207.002688172043 692.239247311828
155.613161290323 1030.3648418963628 5847994051.157939 5659414974.046094 206.0 376.4865591397849
113.363733333333 1029.6367373515293 5659414974.046094 5356726615.295927 206.0 213.90277777777777
89.1516451612903 1028.8812793871514 5356726615.295927 4975943847.070967 206.0 206.0
132.6879 1028.3318093031328 4975943847.070967 4768454643.650963 206.0 206.0
183.475935483871 1028.0324020831904 4768454643.650963 4728884935.105411 206.0 206.0
219.466193548387 1027.9454934239025 4728884935.105411 4892663952.346245 170.0 199.3548387096774
529.413142857143 1028.2116362948718 4892663952.346245 5892013136.083285 128.58333333333334 228.07142857142858
573.648451612903 1030.53478483051 5892013136.083285 5892510743.496614 570.5322580645161 170.0
434.0214 1030.5367052707845 5892510743.496614 5889796310.773209 418.4194444444444 120.01111111111112
242.016225806452 1030.5262293297421 5889796310.773209 5886369714.897652 225.7258064516129 570.5322580645161
141.2042 1030.5130049031213 5886369714.897652 5683621768.51287 206.05 418.4194444444444
112.736064516129 1029.730199878428 5683621768.51287 5389484155.338697 206.0 225.7258064516129
95.8503870967742 1028.9285485647022 5389484155.338697 5044305780.073626 206.0 199.40322580645162
70.4100666666667 1028.430455671102 5044305780.073626 4633689027.201828 206.0 212.86666666666667
51.7662903225806 1027.642321742681 4633689027.201828 4158235884.5182796 206.0 206.0
33.0551333333333 1026.1281397596124 4158235884.5182796 3694768141.6825895 206.0 206.0
89.5234193548387 1024.507118665547 3694768141.6825895 3396986926.2810526 207.0 206.0
197.699193548387 1022.8152840483158 3396986926.2810526 3511767251.2514906 164.0 199.3548387096774
483.033035714286 1023.6982096250115 3511767251.2514906 4608398041.14994 40.0 229.17857142857142
883.652032258065 1027.5617772011144 4608398041.14994 5898012399.675433 399.4301075268817 164.0
711.757666666667 1030.5579380776496 5898012399.675433 5894726037.603414 696.3666666666667 37.333333333333336
355.195741935484 1030.5452548621058 5894726037.603414 5888377802.844124 339.991935483871 399.4301075268817
161.613233333333 1030.520754813721 5888377802.844124 5737079337.457111 206.54444444444445 696.3666666666667
116.846161290323 1029.9365997585217 5737079337.457111 5453552418.042515 206.0 339.991935483871
91.6212580645161 1029.0393308595744 5453552418.042515 5096833467.184535 206.0 199.88172043010755
67.8172333333333 1028.5062531994004 5096833467.184535 4676652380.153703 207.0 212.86666666666667
48.4465161290323 1027.779147707496 4676652380.153703 4191936394.3942575 206.0 206.0
51.3012333333333 1026.2354662241855 4191936394.3942575 3775611649.67186 206.0 207.0
84.7457096774193 1024.7922809512233 3775611649.67186 3468066702.757407 206.0 206.0
209.807322580645 1023.3620515596724 3468066702.757407 3624195042.418133 161.0 199.3548387096774
689.364428571429 1024.2581835711399 3624195042.418133 5221336301.376782 40.0 228.07142857142858
568.289064516129 1028.6859109687975 5221336301.376782 5891100445.45162 315.4489247311828 161.0
576.527233333333 1030.5312624395644 5891100445.45162 5892312417.825105 559.4055555555556 37.333333333333336
381.711483870968 1030.5359398629614 5892312417.825105 5888847810.450291 365.4301075268817 315.4489247311828
185.7957 1030.5225687367292 5888847810.450291 5796883150.596756 207.76388888888889 559.4055555555556
126.033225806452 1030.1675025119566 5796883150.596756 5537432098.460831 206.0 365.4301075268817
97.3777741935484 1029.2660326985426 5537432098.460831 5195744291.630039 206.0 201.06182795698925
66.5694 1028.6489816618039 5195744291.630039 4774462496.081731 206.0 212.86666666666667
46.5674838709677 1028.0410714229174 4774462496.081731 4283799581.228439 206.0 206.0
36.6345333333333 1026.5280241440396 4283799581.228439 3829268467.04349 206.0 206.0
71.4001612903226 1024.9815466209645 3829268467.04349 3483428240.1073313 207.0 206.0
217.974064516129 1023.4802172315949 3483428240.1073313 3680411934.3682346 154.0 199.3548387096774
492.893857142857 1024.4564794863077 3680411934.3682346 4801649845.014889 40.0 229.17857142857142
366.69335483871 1028.0803028066593 4801649845.014889 4933122357.740908 315.0 154.0
391.213866666667 1028.270017832238 4933122357.740908 5402445146.831856 195.0 37.333333333333336
225.662064516129 1028.9472512941297 5402445146.831856 5411527833.497674 206.0 315.0
133.237333333333 1028.9603576240947 5411527833.497674 5177544056.543651 211.0 195.0
85.2490967741936 1028.6227186963113 5177544056.543651 4811828475.281226 206.0 206.0
63.7061290322581 1028.0949905848213 4811828475.281226 4383342917.980057 206.0 204.19354838709677
44.3738666666667 1026.8450411400638 4383342917.980057 3910788564.225891 206.0 212.86666666666667
29.2655161290322 1025.2690954646416 3910788564.225891 3382835042.453086 206.0 206.0
19.9402333333333 1022.7064234034854 3382835042.453086 2885775650.570339 207.0 206.0
45.8698387096774 1020.3009461239847 2885775650.570339 2469927624.763432 206.0 206.0
275.221193548387 1018.3884197881191 2469927624.763432 2784474870.5678706 165.0 200.32258064516128
551.286071428571 1019.861708995634 2784474870.5678706 4042740409.945649 40.0 228.07142857142858
549.275483870968 1025.7345340738823 4042740409.945649 4663705127.388567 315.0 165.0
453.0279 1027.737914418435 4663705127.388567 5298982044.147356 193.0 37.333333333333336
251.113419354839 1028.7979538876584 5298982044.147356 5376449779.036551 206.0 315.0
131.736766666667 1028.9097399408897 5376449779.036551 5151607874.142632 206.0 193.0
91.9488709677419 1028.5852927476806 5151607874.142632 4803889820.8614235 206.0 206.0
70.1550967741935 1028.083535095038 4803889820.8614235 4392668871.930474 206.0 199.3548387096774
52.898 1026.8747416303518 4392668871.930474 3942029808.5676284 206.0 212.86666666666667
38.8994516129032 1025.3792938573813 3942029808.5676284 3439257479.295603 206.0 206.0
44.6923333333333 1023.1404421484277 3439257479.295603 3008625412.617673 206.0 206.0
68.3542258064516 1020.8160394659022 3008625412.617673 2653484390.5048885 206.0 206.0
118.701903225806 1019.2481704473297 2653484390.5048885 2567488221.7967677 158.0 199.3548387096774
163.442892857143 1018.845378088041 2567488221.7967677 2883698196.384226 40.0 228.07142857142858
127.196838709677 1020.2922356242525 2883698196.384226 2879663107.9541388 127.0 158.0
175.352066666667 1020.2753170144828 2879663107.9541388 2806492314.974209 194.0 37.333333333333336
101.320064516129 1019.9648351989424 2806492314.974209 2500184202.738406 206.0 127.0
58.3389666666667 1018.5301367809761 2500184202.738406 2097155912.2967556 207.0 194.0
41.7728709677419 1016.4704797482678 2097155912.2967556 1636996030.572634 206.0 206.0
32.6314516129032 1013.7567299363016 1636996030.572634 1150502565.2845154 207.0 200.32258064516128
21.9208 1010.2442059324381 1150502565.2845154 682491799.7223779 195.59722222222223 212.86666666666667
10.8536774193548 1005.8582987100633 682491799.7223779 587996303.1182891 40.0 207.0
17.3578 1005.0471785675389 587996303.1182891 525201607.9506976 40.0 195.59722222222223
37.3014516129032 1004.5081683085897 525201607.9506976 522792653.7866761 40.0 40.0
201.538193548387 1004.4874905904435 522792653.7866761 731242836.6038177 126.68817204301075 38.70967741935484
659.617321428572 1006.3306957600391 731242836.6038177 2241742577.749435 40.0 44.285714285714285
1080.25241935484 1017.2334700672793 2241742577.749435 4286246593.0171227 315.0 126.68817204301075
895.072966666667 1026.5358171752137 4286246593.0171227 5897971849.262462 258.0388888888889 37.333333333333336
543.825258064516 1030.5577815794863 5897971849.262462 5891728697.214086 528.5752688172043 315.0
224.001266666667 1030.5336870818726 5891728697.214086 5886124410.777838 212.54722222222222 258.0388888888889
134.021806451613 1030.5120581891083 5886124410.777838 5647231041.548001 206.01344086021504 528.5752688172043
96.0624516129032 1029.589695141112 5647231041.548001 5301435951.058029 206.0 205.69086021505373
65.9179666666667 1028.8014948788716 5301435951.058029 4875417386.314361 207.0 212.88055555555553
43.6194838709677 1028.1867494752012 4875417386.314361 4375999252.390463 206.0 206.0
40.2008 1026.8216536700334 4375999252.390463 3930460472.0289707 206.0 207.0
70.7292258064516 1025.338484910155 3930460472.0289707 3585850626.9379296 206.0 206.0
406.292612903226 1024.1229299010156 3585850626.9379296 4283612465.2776155 156.0 199.3548387096774
701.2355 1026.5274282333683 4283612465.2776155 5894491202.253663 47.125 228.07142857142858
673.144322580645 1030.5443485507217 5894491202.253663 5894277706.426051 670.2930107526881 156.0
359.758866666667 1030.5435245959839 5894277706.426051 5888477377.45255 345.35 43.983333333333334
152.153709677419 1030.5211391068065 5888477377.45255 5696592374.916456 206.51612903225808 670.2930107526881
92.4419333333333 1029.780279439832 5696592374.916456 5369001988.421964 206.0 345.35
72.9201935483871 1028.8989927682856 5369001988.421964 4969720118.416711 206.0 206.51612903225808
58.5487096774193 1028.3228284537038 4969720118.416711 4526526810.053799 206.0 199.3548387096774
40.2354333333333 1027.3010407963495 4526526810.053799 4034301653.1062756 209.0 212.86666666666667
26.094 1025.7047677358246 4034301653.1062756 3496358440.201727 206.0 206.0
21.0259 1023.579680309244 3496358440.201727 3004251900.590245 206.0 209.0
37.604064516129 1020.7977018892673 3004251900.590245 2566607038.8448544 206.0 206.0
87.1814838709678 1018.8412507674232 2566607038.8448544 2384877279.3993783 162.0 199.3548387096774
229.777357142857 1017.9887983081761 2384877279.3993783 2861153928.161149 40.0 228.07142857142858
322.139225806452 1020.1977103906128 2861153928.161149 2875729455.141623 315.0 162.0
279.0302 1020.2588237112856 2875729455.141623 3060091462.481528 198.0 37.333333333333336
121.557580645161 1021.031830031369 3060091462.481528 2803501430.9925065 207.0 315.0
60.7111 1019.9508263746721 2803501430.9925065 2407673297.2196374 206.0 198.0
41.6522903225807 1018.0968304319421 2407673297.2196374 1942183850.3974254 207.0 207.0
34.2437741935484 1015.6070677635668 1942183850.3974254 1457211878.0064805 207.0 199.3548387096774
21.3034 1012.5419721486925 1457211878.0064805 954442296.525231 207.0 213.9
9.73222580645161 1008.537264858002 954442296.525231 636591225.718139 121.7741935483871 207.0
7.27173333333333 1005.4643023666792 636591225.718139 547555188.2316939 40.0 207.0
42.6832903225806 1004.7000445341776 547555188.2316939 559659206.189183 40.0 121.7741935483871
163.609451612903 1004.8039416840273 559659206.189183 687935030.9996216 118.6747311827957 38.70967741935484
305.377071428571 1005.9050217253186 687935030.9996216 1338947714.1461506 40.0 44.285714285714285
515.583290322581 1011.7050210398927 1338947714.1461506 1873129523.684707 315.0 118.6747311827957
448.1112 1015.1948031264759 1873129523.684707 2492854600.728269 201.0 37.333333333333336
271.508322580645 1018.495806092404 2492854600.728269 2637544350.661292 208.0 315.0
125.965266666667 1019.173509839163 2637544350.661292 2406042649.6820226 208.0 201.0
80.5058064516129 1018.0891927385575 2406042649.6820226 2046879868.7827878 206.0 208.0
56.4302903225807 1016.2051708115187 2046879868.7827878 1622866144.2186925 206.0 201.29032258064515
35.7994333333333 1013.6612577312073 1622866144.2186925 1152954639.4444318 208.0 212.86666666666667
17.4331290322581 1010.2632142592593 1152954639.4444318 677176931.2889417 187.67741935483872 206.0
11.4152333333333 1005.8126775217935 677176931.2889417 598753875.222429 40.0 208.0
42.3448387096774 1005.1395182422526 598753875.222429 610120191.5070188 40.0 187.67741935483872
282.83335483871 1005.2370831889014 610120191.5070188 926820505.1265541 167.8494623655914 38.70967741935484
526.084607142857 1008.2917378233471 926820505.1265541 2114483174.6829593 40.0 44.285714285714285
441.858967741935 1016.5619164890921 2114483174.6829593 2450348583.4951124 315.0 167.8494623655914
449.691966666667 1018.296714676792 2450348583.4951124 3070543400.7580085 201.0 37.333333333333336
165.603064516129 1021.0756536719414 3070543400.7580085 2926083595.8529716 209.0 315.0
75.6662 1020.4699521838699 2926083595.8529716 2565787705.5390353 207.0 201.0
51.8997096774194 1018.837413140698 2565787705.5390353 2129094162.4510322 206.0 209.0
37.5056129032258 1016.6390193269183 2129094162.4510322 1648580991.0176647 208.0 200.32258064516128
24.2406666666667 1013.8350066960653 1648580991.0176647 1151162825.2943583 207.0 212.86666666666667
13.5417096774194 1010.2493242270881 1151162825.2943583 674716476.1501482 184.06451612903226 208.0
8.4959 1005.7915577351944 674716476.1501482 588743739.784144 40.0 207.0
67.8139677419355 1005.0535943329111 588743739.784144 668406364.7158089 40.0 184.06451612903226
315.535870967742 1005.7373936885476 668406364.7158089 1042874300.787534 179.15591397849462 38.70967741935484
519.093035714286 1009.3233271181114 1042874300.787534 2214185095.779034 40.0 44.285714285714285
637.365612903226 1017.0880479988339 2214185095.779034 3073295506.414924 315.0 179.15591397849462
611.278466666667 1021.0871928990143 3073295506.414924 4105936259.8068433 201.0 37.333333333333336
372.049967741935 1025.9574471245392 4105936259.8068433 4509169148.5655985 207.0 315.0
150.201533333333 1027.2457616196357 4509169148.5655985 4334884455.283328 206.0 201.0
104.528032258065 1026.690714825743 4334884455.283328 4025044721.485034 206.0 207.0
77.6274193548387 1025.6721154197003 4025044721.485034 3631360927.7489424 209.0 199.3548387096774
50.0950666666667 1024.2834600626065 3631360927.7489424 3179281650.9438925 207.0 212.86666666666667
29.337064516129 1021.5315792492406 3179281650.9438925 2662262866.7006307 206.0 209.0
19.3250666666667 1019.289287431853 2662262866.7006307 2168227379.2851434 206.0 207.0
87.2251290322581 1016.8455270674677 2168227379.2851434 1860774587.9179316 206.0 206.0
407.438 1015.121042315928 1860774587.9179316 2529869235.4797254 164.0 199.3548387096774
586.189178571429 1018.6691767469777 2529869235.4797254 3871407773.1503806 40.0 228.07142857142858
795.484806451613 1025.1301861486786 3871407773.1503806 5151691657.936893 315.0 164.0
813.061033333333 1028.5854136478165 5151691657.936893 5896518811.499843 509.4861111111111 37.333333333333336
480.128290322581 1030.5521738008142 5896518811.499843 5890589609.426537 464.76344086021504 315.0
215.483233333333 1030.529290945471 5890589609.426537 5875591157.10983 207.6638888888889 509.4861111111111
136.859709677419 1030.4713944289956 5875591157.10983 5644390420.260336 206.0 464.76344086021504
104.647935483871 1029.5787274913528 5644390420.260336 5321549328.883714 206.0 200.96505376344086
75.7020333333333 1028.8305185120978 5321549328.883714 4923332996.402454 206.0 212.86666666666667
48.0892258064516 1028.2558917697004 4923332996.402454 4427441285.445012 209.0 206.0
36.4143333333333 1026.9854818007802 4427441285.445012 3969379338.226147 207.0 206.0
69.0377096774194 1025.475764861468 3969379338.226147 3620355504.5013547 206.0 209.0
126.959258064516 1024.244640227518 3620355504.5013547 3552231009.183144 162.0 200.32258064516128
263.442714285714 1024.0043421840676 3552231009.183144 4116699077.3702593 40.0 228.07142857142858
781.20964516129 1025.9954112076553 4116699077.3702593 5358560229.520443 315.0 162.0
445.711633333333 1028.8839252951232 5358560229.520443 5890006997.50368 224.66666666666666 37.333333333333336
237.183193548387 1030.527042443196 5890006997.50368 5886279282.6859255 221.00537634408602 315.0
119.766933333333 1030.5126558937277 5886279282.6859255 5628175202.54901 206.0361111111111 224.66666666666666
82.0065806451613 1029.5161204731623 5628175202.54901 5241532827.360853 210.0 221.005376344086
62.4445161290323 1028.7150545849363 5241532827.360853 4804905696.3958 207.0 199.38978494623655
43.3131 1028.0850010049 4804905696.3958 4325978168.587634 206.0 217.0
21.053935483871 1026.6623508553746 4325978168.587634 3771665734.2202916 206.0 207.0
18.0287666666667 1024.778362378202 3771665734.2202916 3270580168.398599 206.0 206.0
118.982064516129 1021.9143822574365 3270580168.398599 3052219888.125502 206.0 206.0
505.424516129032 1020.9988255267317 3052219888.125502 4012961495.275241 156.0 199.3548387096774
1142.19889285714 1025.6294938104945 4012961495.275241 5902885876.395053 372.9702380952381 228.07142857142858
1384.0545483871 1030.5767465212502 5902885876.395053 5906891473.502243 1379.6236559139784 156.0
1029.1991 1030.5922055152316 5906891473.502243 5900350129.4331455 1015.0527777777778 348.10555555555555
628.869709677419 1030.5669601907796 5900350129.4331455 5893231222.340308 613.9435483870968 1379.6236559139784
285.549833333333 1030.5394858495124 5893231222.340308 5887208279.972928 274.25555555555553 1015.0527777777778
175.252548387097 1030.5162412177342 5887208279.972928 5757709200.916953 206.2284946236559 613.9435483870968
131.746967741936 1030.0162517409922 5757709200.916953 5506330964.579369 206.0 265.4086021505376
92.7500666666667 1029.1819755799443 5506330964.579369 5151361135.317745 206.0 213.10277777777776
57.665 1028.5849367032001 5151361135.317745 4684809619.612758 207.0 206.0
69.6110666666667 1027.8051261771107 4684809619.612758 4314615878.145769 206.0 206.0
104.426483870968 1026.6261652170247 4314615878.145769 4061616250.795606 206.0 207.0
223.112225806452 1025.8011155230886 4061616250.795606 4259107308.923186 160.0 199.3548387096774
463.748178571429 1026.4493863341502 4259107308.923186 5311770316.905674 40.0 228.07142857142858
440.777451612903 1028.8164073837022 5311770316.905674 5641318488.509649 315.0 160.0
328.4019 1029.5668667510026 5641318488.509649 5887916760.847041 216.90555555555557 37.333333333333336
189.986838709677 1030.5189754921198 5887916760.847041 5797105593.337881 206.45698924731184 315.0
115.086433333333 1030.168361364239 5797105593.337881 5527532572.716254 206.0 216.90555555555557
88.146 1029.2392772235573 5527532572.716254 5168437824.308136 206.0 206.45698924731184
67.9768064516129 1028.609578390055 5168437824.308136 4746866861.8998 207.0 199.3548387096774
48.0371333333333 1028.0012508829723 4746866861.8998 4280616347.546813 206.0 212.86666666666667
31.1604516129032 1026.5178864571553 4280616347.546813 3753686566.6546226 206.0 207.0
37.0707333333333 1024.7149437977234 3753686566.6546226 3301908998.815084 206.0 206.0
54.1066451612903 1022.0839153755007 3301908998.815084 2909585016.508073 206.0 206.0
213.558516129032 1020.400775750558 2909585016.508073 3087596417.489036 155.0 199.3548387096774
303.007357142857 1021.1471547903104 3087596417.489036 3745285719.4822454 40.0 228.07142857142858
518.175774193549 1024.6853111798316 3745285719.4822454 4283303154.33357 315.0 155.0
636.139866666666 1026.5264431666674 4283303154.33357 5393866760.261952 193.0 37.333333333333336
413.18735483871 1028.9348726699307 5393866760.261952 5889399921.290346 211.30645161290323 315.0
183.440366666667 1030.5246995247055 5889399921.290346 5793457481.748439 206.94722222222222 193.0
115.014935483871 1030.1542759913068 5793457481.748439 5501958078.827451 207.0 211.30645161290323
85.7002580645161 1029.1701569698039 5501958078.827451 5129213458.2592325 206.0 200.2715053763441
59.9293 1028.5529775732457 5129213458.2592325 4691065821.992176 206.0 213.9
36.361064516129 1027.8250503885101 4691065821.992176 4171331551.588473 207.0 206.0
32.9351666666667 1026.1698457056957 4171331551.588473 3707518796.280862 206.0 206.0
61.8636129032258 1024.5520945195092 3707518796.280862 3338174233.2072806 206.0 207.0
224.013225806452 1022.3628787169791 3338174233.2072806 3542027528.0716887 157.0 199.3548387096774
331.442714285714 1023.9309809851669 3542027528.0716887 4271302678.630071 40.0 228.07142857142858
585.414741935484 1026.4882250911785 4271302678.630071 4988800984.984876 315.0 157.0
530.715533333333 1028.3503621716952 4988800984.984876 5821317705.38665 194.0 37.333333333333336
342.166096774194 1030.2618444223424 5821317705.38665 5888143207.444006 299.6639784946237 315.0
164.600666666667 1030.519849428386 5888143207.444006 5744737260.021861 206.4777777777778 194.0
106.053258064516 1029.9661670271114 5744737260.021861 5432344753.122391 206.0 299.6639784946237
79.5767096774194 1028.990396469152 5432344753.122391 5043502327.423467 206.0 199.8172043010753
53.0012666666667 1028.4292962877682 5043502327.423467 4587915775.647262 206.0 212.86666666666667
36.3235483870968 1027.4965470562015 4587915775.647262 4069076185.9472265 207.0 206.0
27.9102 1025.827429227327 4069076185.9472265 3592525737.103936 206.0 206.0
66.388064516129 1024.1464752631532 3592525737.103936 3234656416.2007127 206.0 207.0
216.662483870968 1021.7637585584936 3234656416.2007127 3414953491.1950665 158.0 199.3548387096774
338.498142857143 1022.9534883938082 3414953491.1950665 4160729509.778511 40.0 228.07142857142858
316.20564516129 1026.1360812413327 4160729509.778511 4157636735.7483864 315.0 158.0
245.134933333333 1026.1262316425107 4157636735.7483864 4260313090.3733764 192.0 37.333333333333336
123.089064516129 1026.4532264024629 4260313090.3733764 4000493495.656093 206.0 315.0
69.729 1025.5855149758593 4000493495.656093 3617895757.997528 207.0 192.0
52.2432580645161 1024.2359638730072 3617895757.997528 3174142572.6567245 206.0 206.0
40.308935483871 1021.5100317511813 3174142572.6567245 2689927393.953604 209.0 200.32258064516128
26.5055666666667 1019.4188636719138 2689927393.953604 2187272484.7685475 207.0 212.86666666666667
20.3899032258065 1016.9460289433696 2187272484.7685475 1657357220.172422 206.0 209.0
16.3810333333333 1013.8943055417055 1657357220.172422 1158863120.833413 206.0 207.0
66.2608064516129 1010.3090164405692 1158863120.833413 788519800.0872886 207.0 206.0
