1.0704296694962794
0.16082300554351453
0.054672597621581276
0.88298540762629
0.10403252437940319
0.05776391789120516
0.2637685921118669
0.04127590566080641
0.06984703711344648
0.06532533153336217
0.10411308346347753
0.10481212483686458
0.04273457337036568
0.07181630158831365
0.30860468810188235
0.00994945523868962
0.010975063543308461
0.026677941296620045
0.014645814058620199
0.01640591378868672
0.039917841558732126
0.0384037086810457
0.0744501982621264
0.07856423856078915
0.04036764101930357
0.04424435118930925
0.29783079190644246
0.8944091687846507
0.507236744533031
0.005644399674795575
0.005628949433502339
0.005794106860552706
0.0321363812024984
0.018704297111382773
0.05115621764250555
0.050401940241874166
0.0272154014487358
0.0755151580900909
0.37527137027552326
0.8723211357663003
0.5873693611596
0.004608266091101876
0.00904983232880796
0.0018874949000222685
0.030125169829260723
0.01669068874802304
0.047108106428387475
0.04514132265888682
0.02639955019700646
0.12040226617008098
0.34920805006802846
0.023460685135226034
0.01098126166793445
0.03343183848116549
0.015954353395415732
0.022320930724130106
0.05622602909227148
0.0506669984686674
0.08760355068694536
0.09280901207231168
0.1125106185764575
0.05542450402659649
0.2585280529056686
0.018406633336986777
0.019628820211785136
0.03728473135640542
0.024020435305023402
0.03712805244894579
0.06721262213535151
0.06250879853230051
0.10055802110231271
0.09418984976298655
0.11068045154060946
0.010728600677755828
0.05628847149879446
0.2280390127992249
0.24526479549197516
0.284676240769408
0.44247279145226126
0.5178274404125304
0.5202545573805416
0.5203303079752031
0.5242679097179572
0.5245073248798294
0.4542680242767801
0.22666062176741664
0.004516466802056973
0.027811095357538118
0.42165579955982935
0.08259530359471778
0.010822425036608352
0.0008060955343172083
0.026287885589670212
0.015851231942758615
0.045674572854144446
0.0460645639125844
0.026849864902317666
0.0974785309567503
1.2139549692279528
0.4889177115269012
0.01608096859079633
0.015047841777480864
0.006098887705324296
0.01400888041742665
0.03957220773694681
0.041251240987305926
0.07553447061935448
0.08534827569885861
0.08623437287887914
0.004468273044567539
0.1501547620950947
0.08344378091929783
0.11741341426592283
0.15982955520343917
0.17331595746519335
0.20834311271148076
0.25337314377737674
0.39854336136804197
0.5206040575081328
0.5214305302124892
0.42965788874573874
0.23613307512561849
0.1695317804602849
0.20062331397408512
0.2025536113532529
0.20117068553445439
0.20602056503870636
0.23738749500893896
0.2832540714164453
0.48649033526066965
0.5210124907360711
0.5215643661789884
0.3789710123399551
0.22982232895065646
0.1428355841707547
0.19482466746855914
0.15547038077208752
0.1864615894886852
0.2054581236916629
0.24415871010463813
0.3345374899388841
0.517994408719698
0.5218455116229445
0.5226250154028739
0.3564529968536981
0.16523358598693716
0.010735939396914307
0.06318797046754443
0.07223655944017437
0.07499769724211286
0.07313387313405817
0.0996742203574264
0.13314983656917584
0.12834026339403043
0.13742380380198288
0.18462268203827875
0.23538320874668311
0.051340982551547176
0.17869967019649025
0.030909905661459014
0.2668449944246082
0.05533226257811508
0.010746154620344117
0.0012178517200476247
0.02541943312430539
0.014702746454457127
0.042708881864661596
0.04345554721626321
0.021234715332496212
0.07822723741675008
0.2943445926864259
0.010862408490580289
0.0035518421232422215
0.012720994783728679
0.0047524009213860685
0.014123294058791314
0.03650566618670914
0.03394891184157045
0.06568211678330516
0.06759174697934717
0.05395394488463767
0.5921139373248856
1.3684154007344607
1.3066866168707831
1.3679485431900253
0.2714073965173801
0.550708472691114
0.009499950158775694
0.03130492460328527
0.019576409087059155
0.04911661940961043
0.04350771978715684
0.025907156479477833
0.08785351122418728
0.35256096496134115
0.019325147421388134
0.012322651850251387
0.03076480605460985
0.017238540019790305
0.024791769649936568
0.0580963303732448
0.05233734538656365
0.06800477306824726
0.07634228928369163
0.12179264098889453
0.011617708637507995
0.16505382722466788
0.07672204916235303
0.02904787322788316
0.03530259166522176
0.018254030685494915
0.023744264046875574
0.05499888556338417
0.047188102439897905
0.07143472941748985
0.07341825241924216
0.10220184706481916
0.015395159623588284
0.19057612952708858
0.0077064045087170685
0.026523439690739004
0.036718981268727524
0.020723702675129352
0.03026453221107872
0.05924012283691116
0.05629629235143996
0.07519252903081425
0.0868140263483777
0.11843764873500351
0.021652278052394558
0.16749921993485573
0.11364110754443124
0.12084964823567468
0.15275116270157701
0.16554732031568176
0.19055311433228012
0.1844667691960204
0.3227512384685137
0.520290707698689
0.5204765739363562
