322.045903225806 1024.3303225820105 3644646452.0 3974216493.114958 209.0 56.18329032258064
643.509857142857 1025.492827136208 3974216493.114958 5461439820.993381 40.0 59.67067857142857
785.285774193548 1029.060648164847 5461439820.993381 5896266881.712516 620.0456989247311 209.0
810.8132 1030.5512015160432 5896266881.712516 5896478035.5234375 794.0694444444445 37.333333333333336
709.144935483871 1030.552016432123 5896478035.5234375 5894653390.101955 692.239247311828 620.0456989247311
400.573266666667 1030.5449744901018 5894653390.101955 5889244301.396075 389.0388888888889 794.0694444444445
209.112838709677 1030.5240989333467 5889244301.396075 5803200291.593709 223.79301075268816 692.239247311828
155.613161290323 1030.1918930177364 5803200291.593709 5617720171.693182 205.0 376.4892473118279
113.363733333333 1029.4830274910626 5617720171.693182 5354109244.333121 191.0 231.25277777777777
89.1516451612903 1028.8775025170753 5354109244.333121 5018760292.744438 189.0 205.0
132.6879 1028.3935934960236 5018760292.744438 4857841320.596555 188.0 191.0
183.475935483871 1028.161387187008 4857841320.596555 4872026184.915889 186.0 189.0
219.466193548387 1028.1818559666897 4872026184.915889 5060275999.422142 161.0 181.93548387096774
529.413142857143 1028.4535007206669 5060275999.422142 5892010558.239431 198.05357142857142 205.92857142857142
573.648451612903 1030.534774881713 5892010558.239431 5892508165.584494 570.5322580645161 161.0
434.0214 1030.536695321724 5892508165.584494 5889793732.850661 418.4194444444444 184.85
242.016225806452 1030.5262193806414 5889793732.850661 5886367137.102442 225.7258064516129 570.5322580645161
141.2042 1030.512994954512 5886367137.102442 5652697868.516532 218.01666666666668 418.4194444444444
112.736064516129 1029.610802581145 5652697868.516532 5361417860.244011 205.0 225.7258064516129
95.8503870967742 1028.8880488603809 5361417860.244011 5061791694.479922 189.0 210.98387096774192
70.4100666666667 1028.4556878708224 5061791694.479922 4700185014.807356 187.0 211.83333333333334
51.7662903225806 1027.854092403845 4700185014.807356 4280066913.260866 185.0 189.0
33.0551333333333 1026.5161366664358 4280066913.260866 3873229128.8201046 184.0 187.0
89.5234193548387 1025.1366106836688 3873229128.8201046 3643238915.5123587 182.0 185.0
197.699193548387 1024.3253577266748 3643238915.5123587 3816154739.3087363 143.0 178.06451612903226
483.033035714286 1024.935290085745 3816154739.3087363 4914027638.220286 40.0 201.5
883.652032258065 1028.242464124416 4914027638.220286 5898006307.993064 513.4704301075269 143.0
711.757666666667 1030.5579145677261 5898006307.993064 5894719945.879453 696.3666666666667 37.333333333333336
355.195741935484 1030.5452313520218 5894719945.879453 5888378910.985508 339.98924731182797 513.4704301075269
161.613233333333 1030.5207590904242 5888378910.985508 5701170113.111662 220.44166666666666 696.3666666666667
116.846161290323 1029.7979541046782 5701170113.111662 5399201819.373528 213.0 339.989247311828
91.6212580645161 1028.942571167927 5399201819.373528 5085458172.897185 190.0 213.33064516129033
67.8172333333333 1028.4898386333293 5085458172.897185 4717033965.957147 187.0 220.1
48.4465161290323 1027.9077514839398 4717033965.957147 4287904631.9852777 185.0 190.0
51.3012333333333 1026.5410975540933 4287904631.9852777 3930867080.8690114 183.0 187.0
84.7457096774193 1025.3399191565045 3930867080.8690114 3688243238.724775 182.0 185.0
209.807322580645 1024.4841031348317 3688243238.724775 3885827110.571098 146.0 177.09677419354838
689.364428571429 1025.1810480090692 3885827110.571098 5483849456.278173 40.0 201.5
568.289064516129 1029.1212147466977 5483849456.278173 5892417434.805323 412.8790322580645 146.0
576.527233333333 1030.536345160055 5892417434.805323 5892318961.107708 559.9111111111112 37.333333333333336
381.711483870968 1030.5359651157673 5892318961.107708 5888854353.940117 365.4301075268817 412.8790322580645
185.7957 1030.5225939903348 5888854353.940117 5748238522.38315 226.59166666666667 559.9111111111112
126.033225806452 1029.9796854146068 5748238522.38315 5377022965.4192915 248.0 365.4301075268817
97.3777741935484 1028.910567049667 5377022965.4192915 4974481736.114106 229.0 219.28225806451613
66.5694 1028.329699474912 4974481736.114106 4590516040.880697 192.0 256.26666666666665
46.5674838709677 1027.504828155671 4590516040.880697 4141604054.0820403 191.0 229.0
36.6345333333333 1026.075172146758 4141604054.0820403 3731451651.1549835 189.0 192.0
71.4001612903226 1024.6365137606876 3731451651.1549835 3433522467.851932 189.0 191.0
217.974064516129 1023.0963266757841 3433522467.851932 3549437120.547216 184.0 182.90322580645162
492.893857142857 1023.9879778503632 3549437120.547216 4381654874.592773 159.0 209.25
366.69335483871 1026.8396652057095 4381654874.592773 4513494653.001626 315.0 184.0
391.213866666667 1027.25953711147 4513494653.001626 4991935127.989022 192.0 148.4
225.662064516129 1028.354884744573 4991935127.989022 5034386236.444608 194.0 315.0
133.237333333333 1028.4161417553314 5034386236.444608 4845295741.843906 194.0 192.0
85.2490967741936 1028.1432838987646 4845295741.843906 4518290451.12025 192.0 194.0
63.7061290322581 1027.274810353886 4518290451.12025 4131907088.4363866 191.0 187.74193548387098
44.3738666666667 1026.0442900905616 4131907088.4363866 3702866223.0228457 190.0 198.4
29.2655161290322 1024.5356833263593 3702866223.0228457 3220664630.6744385 190.0 191.0
19.9402333333333 1021.7050927910877 3220664630.6744385 2773294897.493386 188.0 190.0
45.8698387096774 1019.8093437821703 2773294897.493386 2413439313.9641943 185.0 190.0
275.221193548387 1018.123837536132 2413439313.9641943 2727735976.8716755 165.0 181.93548387096774
551.286071428571 1019.5959530532631 2727735976.8716755 3985685486.2264977 40.0 204.82142857142858
549.275483870968 1025.533282138365 3985685486.2264977 4606708694.515051 315.0 165.0
453.0279 1027.5563971162899 4606708694.515051 5268057106.432851 183.0 37.333333333333336
251.113419354839 1028.7533291579118 5268057106.432851 5367015012.195002 198.0 315.0
131.736766666667 1028.8961255587228 5367015012.195002 5165495967.217242 197.0 183.0
91.9488709677419 1028.6053332860276 5165495967.217242 4847151348.8672905 195.0 198.0
70.1550967741935 1028.145961542377 4847151348.8672905 4475690126.41912 191.0 190.6451612903226
52.898 1027.1391405299971 4475690126.41912 4068198852.3759017 189.0 201.5
38.8994516129032 1025.824334576282 4068198852.3759017 3617309470.1239886 186.0 191.0
44.6923333333333 1024.2338958381797 3617309470.1239886 3242753907.465931 184.0 189.0
68.3542258064516 1021.7977103038404 3242753907.465931 2950158768.767567 183.0 186.0
118.701903225806 1020.5708963051051 2950158768.767567 2879005803.0822887 153.0 178.06451612903226
163.442892857143 1020.272561019213 2879005803.0822887 3196644549.947597 40.0 202.60714285714286
127.196838709677 1021.6043796643505 3196644549.947597 3192229170.375481 127.0 153.0
175.352066666667 1021.5858665424548 3192229170.375481 3184143262.854806 168.0 37.333333333333336
101.320064516129 1021.5519633662675 3184143262.854806 2880650358.5463433 204.0 127.0
58.3389666666667 1020.2794564299637 2880650358.5463433 2504203130.8571134 196.0 168.0
41.7728709677419 1018.5489608002675 2504203130.8571134 2078298417.3694236 192.0 204.0
32.6314516129032 1016.3709679016856 2078298417.3694236 1638557118.2640698 188.0 189.67741935483872
21.9208 1013.7672778261086 1638557118.2640698 1189391577.091106 186.0 198.4
10.8536774193548 1010.5456711402412 1189391577.091106 702419448.300377 185.0 188.0
17.3578 1006.0350712646192 702419448.300377 626240020.2227347 45.05555555555556 186.0
37.3014516129032 1005.3754508173624 626240020.2227347 624167165.4750048 40.0 185.0
201.538193548387 1005.3576580727467 624167165.4750048 744459048.6195008 159.67741935483872 43.60215053763441
659.617321428572 1006.4662466525076 744459048.6195008 1968835995.3194823 158.0 44.285714285714285
1080.25241935484 1015.7661850466835 1968835995.3194823 4013691947.383654 315.0 159.67741935483872
895.072966666667 1025.6320703611416 4013691947.383654 5751289983.485856 210.0 147.46666666666667
543.825258064516 1029.991467117706 5751289983.485856 5891725127.493444 473.8467741935484 315.0
224.001266666667 1030.5336733050776 5891725127.493444 5866956472.135976 219.9611111111111 210.0
134.021806451613 1030.4380558769728 5866956472.135976 5660265436.623356 194.0 473.8467741935484
96.0624516129032 1029.6400209908238 5660265436.623356 5311717506.1956 207.0 212.86559139784944
65.9179666666667 1028.8163311777714 5311717506.1956 4929620770.104853 190.0 200.46666666666667
43.6194838709677 1028.2649650362264 4929620770.104853 4475089904.647519 189.0 207.0
40.2008 1027.1372289956928 4475089904.647519 4073303457.9941425 189.0 190.0
70.7292258064516 1025.8423402398382 4073303457.9941425 3777435401.705342 188.0 189.0
406.292612903226 1024.798713938996 3777435401.705342 4403614958.587365 183.0 182.90322580645162
701.2355 1026.9096017789407 4403614958.587365 5797054540.134061 137.0 208.14285714285714
673.144322580645 1030.168164247622 5797054540.134061 5894278033.854659 633.9166666666666 183.0
359.758866666667 1030.543525859645 5894278033.854659 5888477704.843976 345.35 127.86666666666666
152.153709677419 1030.521140370324 5888477704.843976 5728343155.942325 194.61290322580646 633.9166666666666
92.4419333333333 1029.9028693279627 5728343155.942325 5379908571.016407 214.0 345.35
72.9201935483871 1028.9147309827076 5379908571.016407 5020706380.091036 191.0 194.61290322580646
58.5487096774193 1028.396401702873 5020706380.091036 4619984324.0700655 190.0 207.09677419354838
40.2354333333333 1027.598676191306 4619984324.0700655 4178567486.63114 189.0 197.36666666666667
26.094 1026.1928900848125 4178567486.63114 3687118723.9160314 188.0 190.0
21.0259 1024.4801365922963 3687118723.9160314 3251041470.75599 184.0 189.0
37.604064516129 1021.8324589968804 3251041470.75599 2881331946.137726 181.0 188.0
87.1814838709678 1020.2823142395712 2881331946.137726 2714434304.115984 157.0 178.06451612903226
229.777357142857 1019.5336501363746 2714434304.115984 3192146578.5211744 40.0 200.39285714285714
322.139225806452 1021.5855202453718 3192146578.5211744 3206319884.572801 315.0 157.0
279.0302 1021.644947105127 3206319884.572801 3442417929.5196047 177.0 37.333333333333336
121.557580645161 1023.164753303997 3442417929.5196047 3209392622.3491135 197.0 315.0
60.7111 1021.6578307016734 3209392622.3491135 2837416097.307668 196.0 177.0
41.6522903225807 1020.0981807014997 2837416097.307668 2416979368.58134 189.0 197.0
34.2437741935484 1018.1404185882029 2416979368.58134 1983886893.7125854 186.0 189.67741935483872
21.3034 1015.8560411564931 1983886893.7125854 1531944582.8145542 185.0 195.3
9.73222580645161 1013.0469228568551 1531944582.8145542 1042837229.8454361 183.0 186.0
7.27173333333333 1009.3229975986261 1042837229.8454361 667759452.4256965 150.05833333333334 185.0
42.6832903225806 1005.7318407933536 667759452.4256965 680263324.0836028 40.0 183.0
163.609451612903 1005.8391701638077 680263324.0836028 687837108.4800391 163.78494623655914 145.21774193548387
305.377071428571 1005.9041811886698 687837108.4800391 1239387125.8506267 81.0 44.285714285714285
515.583290322581 1010.9332335337258 1239387125.8506267 1773698061.6050596 315.0 163.78494623655914
448.1112 1014.6011824573437 1773698061.6050596 2388948075.7365046 203.0 75.6
271.508322580645 1018.0091244765175 2388948075.7365046 2542260842.909259 205.0 315.0
125.965266666667 1018.7272170628069 2542260842.909259 2318956807.0912404 205.0 203.0
80.5058064516129 1017.640933018951 2318956807.0912404 1984512555.5333478 197.0 205.0
56.4302903225807 1015.8597764509454 1984512555.5333478 1606352495.2981577 189.0 198.38709677419354
35.7994333333333 1013.5496790222849 1606352495.2981577 1193323552.8349688 186.0 203.56666666666666
17.4331290322581 1010.5761515723641 1193323552.8349688 726459736.7359976 184.0 189.0
11.4152333333333 1006.2816383254974 726459736.7359976 615498797.2574049 52.53333333333333 186.0
42.3448387096774 1005.2832514786043 615498797.2574049 626920814.719351 40.0 184.0
282.83335483871 1005.3812945469472 626920814.719351 965915583.8507581 159.58064516129033 50.83870967741935
526.084607142857 1008.6392496342289 965915583.8507581 2061620739.3219936 78.0 44.285714285714285
441.858967741935 1016.282959046554 2061620739.3219936 2397556397.8950443 315.0 159.58064516129033
449.691966666667 1018.0494444866279 2397556397.8950443 3025813221.8913403 198.0 72.8
165.603064516129 1020.888105752165 3025813221.8913403 2887015925.0868554 207.0 315.0
75.6662 1020.3061464364229 2887015925.0868554 2526903061.082131 207.0 198.0
51.8997096774194 1018.6552836584643 2526903061.082131 2093163202.4200063 205.0 207.0
37.5056129032258 1016.4494100391556 2093163202.4200063 1647627859.5508783 195.0 200.32258064516128
24.2406666666667 1013.828566618587 1647627859.5508783 1194027813.6158974 190.0 211.83333333333334
13.5417096774194 1010.5816109582628 1194027813.6158974 711483519.4490566 186.0 195.0
8.4959 1006.1280360969133 711483519.4490566 605906303.2449143 47.544444444444444 190.0
67.8139677419355 1005.2009124742052 605906303.2449143 685626018.6180398 40.0 186.0
315.535870967742 1005.8852018765497 685626018.6180398 1064828320.0167723 177.4247311827957 46.01075268817204
519.093035714286 1009.5184739557046 1064828320.0167723 1971900675.9425123 149.0 44.285714285714285
637.365612903226 1015.784481647418 1971900675.9425123 2831290344.6776567 315.0 177.4247311827957
611.278466666667 1020.0724962040991 2831290344.6776567 3876171303.863564 197.0 139.06666666666666
372.049967741935 1025.14698872615 3876171303.863564 4302182867.081826 199.0 315.0
150.201533333333 1026.586569640388 4302182867.081826 4144361735.4170947 200.0 197.0
104.528032258065 1026.083954571392 4144361735.4170947 3857069882.256132 198.0 199.0
77.6274193548387 1025.079611577623 3857069882.256132 3507347106.718543 193.0 193.5483870967742
50.0950666666667 1023.6642085132196 3507347106.718543 3098419966.3374486 191.0 204.6
29.337064516129 1021.1925365464882 3098419966.3374486 2624904266.0991235 190.0 193.0
19.3250666666667 1019.1143056960146 2624904266.0991235 2172384111.6768236 190.0 191.0
87.2251290322581 1016.8674623307484 2172384111.6768236 1913246024.9360535 188.0 190.0
407.438 1015.4343046264839 1913246024.9360535 2547720241.4902463 177.0 183.8709677419355
586.189178571429 1018.7527880163477 2547720241.4902463 3760760898.5191956 93.0 208.14285714285714
795.484806451613 1024.739897349274 3760760898.5191956 5041143465.264034 315.0 177.0
813.061033333333 1028.4258924462683 5041143465.264034 5896513380.429274 466.9472222222222 86.8
480.128290322581 1030.5521528404217 5896513380.429274 5890591378.207412 464.76075268817203 315.0
215.483233333333 1030.5292977718125 5890591378.207412 5829904261.108823 225.34444444444443 466.9472222222222
136.859709677419 1030.2949971471382 5829904261.108823 5527037489.515476 233.0 464.760752688172
104.647935483871 1029.2379391608526 5527037489.515476 5180774335.733245 215.0 218.0752688172043
75.7020333333333 1028.627379993843 5180774335.733245 4821972765.194401 191.0 240.76666666666668
48.0892258064516 1028.1096288098042 4821972765.194401 4377583347.772631 190.0 215.0
36.4143333333333 1026.8266985597854 4377583347.772631 3966245425.7793746 189.0 191.0
69.0377096774194 1025.4647104965763 3966245425.7793746 3665499227.751072 188.0 190.0
126.959258064516 1024.4038773465645 3665499227.751072 3562688203.121318 175.0 182.90322580645162
263.442714285714 1024.0412282297048 3562688203.121318 4127200618.437897 40.0 208.14285714285714
781.20964516129 1026.0293013326047 4127200618.437897 5369053674.987328 315.0 175.0
445.711633333333 1028.899067352074 5369053674.987328 5890003061.36992 228.65277777777777 37.333333333333336
237.183193548387 1030.5270272522853 5890003061.36992 5886282547.340535 221.002688172043 315.0
119.766933333333 1030.5126684931668 5886282547.340535 5651362293.6916485 197.0638888888889 228.65277777777777
82.0065806451613 1029.6056459215895 5651362293.6916485 5304696268.966677 195.0 221.002688172043
62.4445161290323 1028.8061995223184 5304696268.966677 4910616654.708583 191.0 190.70698924731184
43.3131 1028.2375420702865 4910616654.708583 4477349323.574956 188.0 201.5
21.053935483871 1027.1444245973723 4477349323.574956 3974856131.2155466 186.0 191.0
18.0287666666667 1025.4950833552575 3974856131.2155466 3532514322.159199 183.0 188.0
118.982064516129 1023.8578024781477 3532514322.159199 3380091751.8956885 182.0 186.0
505.424516129032 1022.6853211684285 3380091751.8956885 4356348710.475741 151.0 177.09677419354838
1142.19889285714 1026.7590723263559 4356348710.475741 5902886277.195745 515.2321428571429 201.5
1384.0545483871 1030.5767480680795 5902886277.195745 5906891874.505193 1379.6236559139784 151.0
1029.1991 1030.5922070628417 5906891874.505193 5900350530.836678 1015.0527777777778 480.8833333333333
628.869709677419 1030.5669617399358 5900350530.836678 5893231626.990427 613.9435483870968 1379.6236559139784
285.549833333333 1030.539487411198 5893231626.990427 5775338492.842004 317.5444444444444 1015.0527777777778
175.252548387097 1030.0843185051815 5775338492.842004 5524643549.602915 252.0 613.9435483870968
131.746967741936 1029.2314690529809 5524643549.602915 5226773368.130044 224.0 307.30107526881716
92.7500666666667 1028.6937566639683 5226773368.130044 4909274186.478495 192.0 260.4
57.665 1028.2356048866934 4909274186.478495 4489687194.171619 190.0 224.0
69.6110666666667 1027.1837171788904 4489687194.171619 4163998019.5963035 189.0 192.0
104.426483870968 1026.1464905082685 4163998019.5963035 3958815487.129154 188.0 190.0
223.112225806452 1025.4385026001028 3958815487.129154 4088705436.2315707 185.0 182.90322580645162
463.748178571429 1025.8966682054024 4088705436.2315707 4910650339.895228 135.0 208.14285714285714
440.777451612903 1028.2375906780594 4910650339.895228 5240441696.411186 315.0 185.0
328.4019 1028.7134800814015 5240441696.411186 5556596888.010603 191.0 126.0
189.986838709677 1029.3178294270556 5556596888.010603 5498913626.378425 195.0 315.0
115.086433333333 1029.1619287199417 5498913626.378425 5256549327.605577 196.0 191.0
88.146 1028.7367234164583 5256549327.605577 4927751552.278758 195.0 195.0
67.9768064516129 1028.262267752206 4927751552.278758 4544668240.769705 193.0 189.67741935483872
48.0371333333333 1027.3588160534066 4544668240.769705 4116293417.4418015 192.0 201.5
31.1604516129032 1025.9939803084367 4116293417.4418015 3630973296.5536256 191.0 193.0
37.0707333333333 1024.282092756803 3630973296.5536256 3226303472.7529516 188.0 192.0
54.1066451612903 1021.7287357348132 3226303472.7529516 2887368164.9626226 186.0 191.0
213.558516129032 1020.3076233331766 2887368164.9626226 3041086178.2712884 164.0 181.93548387096774
303.007357142857 1020.9521433051207 3041086178.2712884 3698469882.296925 40.0 205.92857142857142
518.175774193549 1024.5201759516647 3698469882.296925 4236536351.602884 315.0 164.0
636.139866666666 1026.3775043044677 4236536351.602884 5355052262.898699 190.0 37.333333333333336
413.18735483871 1028.878863294226 5355052262.898699 5881075369.06339 200.0 315.0
183.440366666667 1030.4925689925228 5881075369.06339 5803128187.712784 200.0 190.0
115.014935483871 1030.1916146243736 5803128187.712784 5532905632.9567375 199.0 200.0
85.7002580645161 1029.2537990079911 5532905632.9567375 5186754990.307419 196.0 193.5483870967742
59.9293 1028.6360100870236 5186754990.307419 4781961420.3305435 193.0 205.63333333333333
36.361064516129 1028.0518923814293 4781961420.3305435 4306671655.734579 190.0 196.0
32.9351666666667 1026.6008651456516 4306671655.734579 3889099713.178781 188.0 193.0
61.8636129032258 1025.1925915808774 3889099713.178781 3574227957.9429708 186.0 190.0
224.013225806452 1024.0819328322502 3574227957.9429708 3763766101.28368 163.0 181.93548387096774
331.442714285714 1024.750497711759 3763766101.28368 4493969621.251015 40.0 205.92857142857142
585.414741935484 1027.1973554816911 4493969621.251015 5211295836.98825 315.0 163.0
530.715533333333 1028.6714225641965 5211295836.98825 5891514940.339894 252.33055555555555 37.333333333333336
342.166096774194 1030.532862119665 5891514940.339894 5888141496.255123 325.85215053763443 315.0
164.600666666667 1030.5198428243123 5888141496.255123 5754985431.456026 202.51111111111112 252.33055555555555
106.053258064516 1030.005735256587 5754985431.456026 5455865787.068012 201.0 325.85215053763443
79.5767096774194 1029.0455832082919 5455865787.068012 5088324776.250048 198.0 195.97849462365593
53.0012666666667 1028.493975146104 5088324776.250048 4668663068.066253 192.0 207.7
36.3235483870968 1027.7537040384275 4668663068.066253 4191692819.2651577 191.0 198.0
27.9102 1026.2346905072138 4191692819.2651577 3758824963.2610793 189.0 192.0
66.388064516129 1024.733068653478 3758824963.2610793 3450246375.3754983 188.0 191.0
216.662483870968 1023.2249721182731 3450246375.3754983 3584327528.774632 176.0 182.90322580645162
338.498142857143 1024.1175574207218 3584327528.774632 4253309426.362356 72.0 208.14285714285714
316.20564516129 1026.4309217400075 4253309426.362356 4250122351.3031225 315.0 176.0
245.134933333333 1026.4207718194366 4250122351.3031225 4349696991.892652 193.0 67.2
123.089064516129 1026.7378885092123 4349696991.892652 4116028804.893121 196.0 315.0
69.729 1025.99304693084 4116028804.893121 3756154902.0766582 198.0 193.0
52.2432580645161 1024.723650448242 3756154902.0766582 3332170977.364324 198.0 196.0
40.308935483871 1022.3166998258795 3332170977.364324 2883965248.670445 195.0 191.61290322580646
26.5055666666667 1020.2933553403373 2883965248.670445 2418272285.5887346 192.0 204.6
20.3899032258065 1018.1464744055678 2418272285.5887346 1933516374.5920646 188.0 195.0
16.3810333333333 1015.5553216393556 1933516374.5920646 1491055362.3406549 184.0 192.0
66.2608064516129 1012.7706443401396 1491055362.3406549 1186500417.0518956 183.0 188.0
