322.045903225806 1024.3303225820105 3644646452.0 1048534986.3335035 1298.0 56.18329032258064
643.509857142857 1009.3736443229644 1048534986.3335035 1895902618.211568 298.0 59.67067857142857
785.285774193548 1015.3307618997706 1895902618.211568 3151349085.9777064 315.0 1298.0
810.8132 1021.4144615764264 3151349085.9777064 2568568401.463122 1026.0 278.1333333333333
709.144935483871 1018.850437477579 2568568401.463122 3885668699.1507688 206.0 315.0
400.573266666667 1025.180489238627 3885668699.1507688 4397933115.797748 192.0 1026.0
209.112838709677 1026.8915067382093 4397933115.797748 4145342612.3449006 289.0 206.0
155.613161290323 1026.087078383264 4145342612.3449006 4017586853.0564876 187.0 185.80645161290323
113.363733333333 1025.6458090054903 4017586853.0564876 3780493765.139117 185.0 298.6333333333333
89.1516451612903 1024.809501817069 3780493765.139117 3469204939.8462963 185.0 187.0
132.6879 1023.370807229587 3469204939.8462963 3322926844.3456707 184.0 185.0
183.475935483871 1022.2455911103514 3322926844.3456707 3336981667.6176195 184.0 185.0
219.466193548387 1022.3537051355202 3336981667.6176195 3391245984.658672 208.0 178.06451612903226
529.413142857143 1022.7711229589129 3391245984.658672 4025155797.6280847 277.0 203.71428571428572
573.648451612903 1025.672507222674 4025155797.6280847 4711385888.124411 315.0 208.0
434.0214 1027.8897639749184 4711385888.124411 5292143470.178973 195.0 258.53333333333336
242.016225806452 1028.788085815554 5292143470.178973 5404137706.061937 184.0 315.0
141.2042 1028.949693659541 5404137706.061937 5260699743.107441 184.0 195.0
112.736064516129 1028.7427124720166 5260699743.107441 5029739716.477277 183.0 184.0
95.8503870967742 1028.4094368203134 5029739716.477277 4744685219.4536705 184.0 178.06451612903226
70.4100666666667 1027.995812800808 4744685219.4536705 4392972809.617441 184.0 189.1
51.7662903225806 1026.8757095847689 4392972809.617441 3978488863.6716313 184.0 184.0
33.0551333333333 1025.507897226355 3978488863.6716313 3572444686.7057757 184.0 184.0
89.5234193548387 1024.0756426338828 3572444686.7057757 3335744646.356045 184.0 184.0
197.699193548387 1022.3441895873542 3335744646.356045 3328689024.1700907 209.0 178.06451612903226
483.033035714286 1022.2899155705392 3328689024.1700907 3869151030.3000245 269.0 203.71428571428572
883.652032258065 1025.1222258564374 3869151030.3000245 5382821840.413833 316.0 209.0
711.757666666667 1028.918934834652 5382821840.413833 5894722640.333956 497.8833333333333 251.06666666666666
355.195741935484 1030.54524175086 5894722640.333956 5888374404.775168 339.991935483871 316.0
161.613233333333 1030.5207416993896 5888374404.775168 5795984108.696274 183.74722222222223 497.8833333333333
116.846161290323 1030.1640313077078 5795984108.696274 5573399699.66109 183.0 339.991935483871
91.6212580645161 1029.3632424315165 5573399699.66109 5277618464.808766 183.0 177.8198924731183
67.8172333333333 1028.7671262118452 5277618464.808766 4918688152.896664 183.0 189.1
48.4465161290323 1028.2491892538192 4918688152.896664 4490445951.193301 184.0 183.0
51.3012333333333 1027.1861336025263 4490445951.193301 4130299546.7488747 184.0 183.0
84.7457096774193 1026.0391705310474 4130299546.7488747 3882944499.9155636 184.0 184.0
209.807322580645 1025.1708800702488 3882944499.9155636 3944534452.973348 197.0 178.06451612903226
689.364428571429 1025.3881285819166 3944534452.973348 5014608611.474484 258.0 203.71428571428572
568.289064516129 1028.3876026139603 5014608611.474484 5685758479.029679 315.0 197.0
576.527233333333 1029.7384497259834 5685758479.029679 5892319146.138465 480.2472222222222 240.8
381.711483870968 1030.5359658298653 5892319146.138465 5888854538.803881 365.4301075268817 315.0
185.7957 1030.5225947037886 5888854538.803881 5858095847.340316 184.07777777777778 480.2472222222222
126.033225806452 1030.403844970426 5858095847.340316 5659510736.100911 183.0 365.4301075268817
97.3777741935484 1029.6371070891928 5659510736.100911 5378582594.176273 183.0 178.13978494623657
66.5694 1028.912817596214 5378582594.176273 5015980173.327732 183.0 189.1
46.5674838709677 1028.3895817796936 5015980173.327732 4582024024.861796 184.0 183.0
36.6345333333333 1027.477783518668 4582024024.861796 4183676763.084392 184.0 183.0
71.4001612903226 1026.2091616658738 4183676763.084392 3898006568.667585 185.0 184.0
217.974064516129 1025.2240090605558 3898006568.667585 3981594240.62176 197.0 178.06451612903226
492.893857142857 1025.5188509369373 3981594240.62176 4534406971.593099 275.0 204.82142857142858
366.69335483871 1027.3261368522074 4534406971.593099 4666091158.1578865 315.0 197.0
391.213866666667 1027.745513242541 4666091158.1578865 5146547539.815825 191.0 256.6666666666667
225.662064516129 1028.5779906779449 5146547539.815825 5212585660.194643 185.0 315.0
133.237333333333 1028.6732837809445 5212585660.194643 5051557873.278332 183.0 191.0
85.2490967741936 1028.4409204520612 5051557873.278332 4745067677.975 184.0 185.0
63.7061290322581 1027.9970308215763 4745067677.975 4375754545.282064 184.0 177.09677419354838
44.3738666666667 1026.820874348032 4375754545.282064 3960038943.4866567 184.0 190.13333333333333
29.2655161290322 1025.44281814281 3960038943.4866567 3481953803.870861 187.0 184.0
19.9402333333333 1023.4688754143913 3481953803.870861 3028498147.2760873 190.0 184.0
45.8698387096774 1020.8993633009479 3028498147.2760873 2637249918.067107 197.0 187.0
275.221193548387 1019.1721307637804 2637249918.067107 2858592820.745638 200.0 183.8709677419355
551.286071428571 1020.1869719947406 2858592820.745638 3503298459.824385 293.0 218.10714285714286
549.275483870968 1023.6330650755723 3503298459.824385 4124826880.924736 315.0 200.0
453.0279 1026.021741658996 4124826880.924736 4739194312.6208105 202.0 273.46666666666664
251.113419354839 1027.978325836372 4739194312.6208105 4874563738.693646 185.0 315.0
131.736766666667 1028.1855176604527 4874563738.693646 4707860993.701578 184.0 202.0
91.9488709677419 1027.8785381965017 4707860993.701578 4420900324.025332 184.0 185.0
70.1550967741935 1026.9646507134564 4420900324.025332 4071103976.902595 184.0 178.06451612903226
52.898 1025.8345819291096 4071103976.902595 3677505298.3566995 185.0 190.13333333333333
38.8994516129032 1024.4462268019636 3677505298.3566995 3226612384.0410533 188.0 184.0
44.6923333333333 1021.7300309603398 3226612384.0410533 2825169413.4875236 195.0 185.0
68.3542258064516 1020.0468319223795 2825169413.4875236 2480178283.0360084 202.0 188.0
118.701903225806 1018.4364322390445 2480178283.0360084 2264505489.834113 206.0 188.70967741935485
163.442892857143 1017.3535909753779 2264505489.834113 1975537288.579663 289.0 223.64285714285714
127.196838709677 1015.8061927676398 1975537288.579663 1482700870.406577 310.0 206.0
175.352066666667 1012.7141950703146 1482700870.406577 1408307847.7035623 198.0 269.73333333333335
101.320064516129 1012.2115395115105 1408307847.7035623 1165693817.233427 186.0 310.0
58.3389666666667 1010.3619675754529 1165693817.233427 829910489.6532283 184.0 198.0
41.7728709677419 1007.342671688751 829910489.6532283 683530232.8580469 92.33870967741936 186.0
32.6314516129032 1005.8672122992107 683530232.8580469 651438350.4713529 40.0 178.06451612903226
21.9208 1005.5917454976081 651438350.4713529 590013223.8264759 40.0 95.41666666666667
10.8536774193548 1005.0644911916436 590013223.8264759 496485180.1711024 40.0 40.0
17.3578 1004.2616753662755 496485180.1711024 433943388.80181336 40.0 40.0
37.3014516129032 1003.7248359553803 433943388.80181336 431230868.5632858 40.0 40.0
201.538193548387 1003.7015525198565 431230868.5632858 695244315.1602302 105.83333333333333 38.70967741935484
659.617321428572 1005.9677623618903 695244315.1602302 1567636162.7013776 303.0 44.285714285714285
1080.25241935484 1013.2880821804147 1567636162.7013776 3613020078.280911 315.0 105.83333333333333
895.072966666667 1024.2187657082218 3613020078.280911 5355045740.700622 209.0 282.8
543.825258064516 1028.8788538826848 5355045740.700622 5891724263.299734 326.3252688172043 315.0
224.001266666667 1030.5336699698532 5891724263.299734 5886119976.921149 212.54722222222222 209.0
134.021806451613 1030.5120410773113 5886119976.921149 5708417287.477256 183.07258064516128 326.3252688172043
96.0624516129032 1029.8259354728852 5708417287.477256 5423612339.486376 183.0 205.69086021505373
65.9179666666667 1028.9777955836744 5423612339.486376 5056540418.375655 184.0 189.175
43.6194838709677 1028.4481102718264 5056540418.375655 4614454024.020536 184.0 183.0
40.2008 1027.581063770766 4614454024.020536 4225256273.240426 184.0 184.0
70.7292258064516 1026.3415804880267 4225256273.240426 3940599553.0220103 184.0 184.0
406.292612903226 1025.3742488642752 3940599553.0220103 4532641858.54558 196.0 178.06451612903226
701.2355 1027.3205154730751 4532641858.54558 5645402952.597299 253.0 203.71428571428572
673.144322580645 1029.5826368826151 5645402952.597299 5894281826.087381 577.3091397849462 196.0
359.758866666667 1030.5435404951913 5894281826.087381 5888481496.709731 345.35 236.13333333333333
152.153709677419 1030.5211550044544 5888481496.709731 5754798493.016303 184.69623655913978 577.3091397849462
92.4419333333333 1030.0050134865494 5754798493.016303 5486382894.826781 183.0 345.35
72.9201935483871 1029.12806187791 5486382894.826781 5145557779.201745 184.0 184.69623655913978
58.5487096774193 1028.5765624519506 5145557779.201745 4760355016.236074 184.0 177.09677419354838
40.2354333333333 1028.020714309143 4760355016.236074 4330632739.064786 184.0 190.13333333333333
26.094 1026.6771743282318 4330632739.064786 3848338895.7840223 184.0 184.0
21.0259 1025.04881444721 3848338895.7840223 3406400609.1218305 186.0 184.0
37.604064516129 1022.8876969932448 3406400609.1218305 3018536945.4097047 188.0 184.0
87.1814838709678 1020.8575972553866 3018536945.4097047 2736886097.1680927 200.0 180.0
229.777357142857 1019.6388107595695 2736886097.1680927 2647343771.5270014 274.0 208.14285714285714
322.139225806452 1019.2194087659344 2647343771.5270014 2662142138.5718474 315.0 200.0
279.0302 1019.2887219605238 2662142138.5718474 2793567116.271093 219.0 255.73333333333332
121.557580645161 1019.9042956265624 2793567116.271093 2576096949.1831884 193.0 315.0
60.7111 1018.8856999961741 2576096949.1831884 2230474261.825463 187.0 219.0
41.6522903225807 1017.1740066587096 2230474261.825463 1822399201.0363865 186.0 193.0
34.2437741935484 1014.8919355285755 1822399201.0363865 1397129558.0550075 185.0 180.96774193548387
21.3034 1012.1360105273986 1397129558.0550075 944020453.5567999 188.0 192.2
9.73222580645161 1008.4446262538381 944020453.5567999 637944356.3642998 117.3763440860215 185.0
7.27173333333333 1005.4759172220112 637944356.3642998 548904579.3118976 40.0 188.0
42.6832903225806 1004.7116272902308 548904579.3118976 561013085.95388 40.0 117.3763440860215
163.609451612903 1004.8155629695611 561013085.95388 687923487.0109937 119.18548387096774 38.70967741935484
305.377071428571 1005.9049226352874 687923487.0109937 718472692.1170303 295.73809523809524 44.285714285714285
515.583290322581 1006.199719919149 718472692.1170303 1253498119.1195996 315.0 119.18548387096774
448.1112 1011.0426210784466 1253498119.1195996 1799981448.2012403 231.0 276.0222222222222
271.508322580645 1014.7580981982164 1799981448.2012403 2000466320.5313933 189.0 315.0
125.965266666667 1015.9550228091427 2000466320.5313933 1826815092.572662 187.0 231.0
80.5058064516129 1014.9182990601354 1826815092.572662 1525324024.0460095 186.0 189.0
56.4302903225807 1013.0021893516622 1525324024.0460095 1164641560.452329 184.0 180.96774193548387
35.7994333333333 1010.3538105461421 1164641560.452329 759328816.9867382 185.0 192.2
17.4331290322581 1006.6187570972999 759328816.9867382 622174989.9583184 62.38172043010753 184.0
11.4152333333333 1005.3405578537195 622174989.9583184 543903939.4560323 40.0 185.0
42.3448387096774 1004.6687033429702 543903939.4560323 555087800.0687621 40.0 62.38172043010753
282.83335483871 1004.764702146513 555087800.0687621 882840322.8988136 163.63709677419354 38.70967741935484
526.084607142857 1007.8855417733212 882840322.8988136 1517252302.5476139 268.0 44.285714285714285
441.858967741935 1012.9476506928893 1517252302.5476139 1634374090.1747465 397.0 163.63709677419354
449.691966666667 1013.7390141228024 1634374090.1747465 2241752136.317838 208.0 250.13333333333333
165.603064516129 1017.2335205082735 2241752136.317838 2142935694.8616142 194.0 397.0
75.6662 1016.7120617143092 2142935694.8616142 1833312886.1608915 189.0 208.0
51.8997096774194 1014.957091857677 1833312886.1608915 1455452968.1060102 186.0 194.0
37.5056129032258 1012.5300876223379 1455452968.1060102 1044997983.6290606 184.0 182.90322580645162
24.2406666666667 1009.3422042989249 1044997983.6290606 677291638.0069872 159.52777777777777 192.2
13.5417096774194 1005.8136621288153 677291638.0069872 590012544.0788558 40.0 184.0
8.4959 1005.0644853569 590012544.0788558 504273898.88627535 40.0 159.52777777777777
67.8139677419355 1004.3285313209122 504273898.88627535 583655538.9570186 40.0 40.0
315.535870967742 1005.0099187893306 583655538.9570186 954889177.4688671 180.20967741935485 38.70967741935484
519.093035714286 1008.5412371330566 954889177.4688671 1475702126.2210324 308.0 44.285714285714285
637.365612903226 1012.6669062582503 1475702126.2210324 2335693662.2103834 315.0 180.20967741935485
611.278466666667 1017.7292541541444 2335693662.2103834 3270739387.160035 241.0 287.46666666666664
372.049967741935 1021.9150498413419 3270739387.160035 3701292795.059052 199.0 315.0
150.201533333333 1024.530133315905 3701292795.059052 3574752178.8715987 189.0 241.0
104.528032258065 1024.083781936055 3574752178.8715987 3323920773.743486 186.0 199.0
77.6274193548387 1022.2532367211038 3323920773.743486 2999321208.3048806 186.0 182.90322580645162
50.0950666666667 1020.7770281270645 2999321208.3048806 2606388247.854983 187.0 192.2
29.337064516129 1019.0275796152458 2606388247.854983 2127231475.0119689 194.0 186.0
19.3250666666667 1016.6291898417518 2127231475.0119689 1614165213.626136 214.0 187.0
87.2251290322581 1013.6024676596361 1614165213.626136 1299285910.2062814 208.0 194.0
407.438 1011.3975651953975 1299285910.2062814 1871211985.969729 199.0 207.09677419354838
586.189178571429 1015.1833551401178 1871211985.969729 2600701419.410199 291.0 230.28571428571428
795.484806451613 1019.0009434164411 2600701419.410199 3842380474.156615 330.0 199.0
813.061033333333 1025.0277970869722 3842380474.156615 5386712882.554099 203.0 271.6
480.128290322581 1028.9245496140752 5386712882.554099 5890596138.438587 274.9193548387097 330.0
215.483233333333 1030.529316143202 5890596138.438587 5885968187.309608 203.65277777777777 203.0
136.859709677419 1030.5114552683476 5885968187.309608 5715893396.24097 183.05107526881721 274.9193548387097
104.647935483871 1029.8548007576871 5715893396.24097 5453934696.536184 183.0 197.08333333333331
75.7020333333333 1029.0403640446923 5453934696.536184 5112032079.825788 184.0 189.1527777777778
48.0892258064516 1028.5281848193733 5112032079.825788 4681545132.329454 184.0 183.0
36.4143333333333 1027.7947297207943 4681545132.329454 4282374601.4729056 184.0 184.0
69.0377096774194 1026.523485991952 4282374601.4729056 3993358629.0549946 184.0 184.0
126.959258064516 1025.5603478979012 3993358629.0549946 3833047611.6012697 197.0 178.06451612903226
263.442714285714 1024.994876936865 3833047611.6012697 3860509584.9245205 262.0 203.71428571428572
781.20964516129 1025.091744567635 3860509584.9245205 5102583008.841715 315.0 197.0
445.711633333333 1028.5145497963083 5102583008.841715 5701940543.175334 199.0 244.53333333333333
237.183193548387 1029.8009287381287 5701940543.175334 5798454473.257544 184.0 315.0
119.766933333333 1030.173569394817 5798454473.257544 5600419527.59012 183.0 199.0
82.0065806451613 1029.4362689934867 5600419527.59012 5286084433.292645 183.0 184.0
62.4445161290323 1028.7793426165838 5286084433.292645 4913460768.844088 183.0 177.09677419354838
43.3131 1028.2416461310881 4913460768.844088 4490500183.99001 184.0 189.1
21.053935483871 1027.1863063184394 4490500183.99001 3993209553.390119 184.0 183.0
18.0287666666667 1025.5598220578133 3993209553.390119 3540464080.6298814 187.0 184.0
118.982064516129 1023.9189544663838 3540464080.6298814 3369282743.42265 189.0 184.0
505.424516129032 1022.602174949405 3369282743.42265 4208540635.1675916 202.0 180.96774193548387
1142.19889285714 1026.2883459718712 4208540635.1675916 5902883621.546208 453.79761904761904 209.25
1384.0545483871 1030.5767378190033 5902883621.546208 5906889218.734002 1379.6236559139784 202.0
1029.1991 1030.592196813296 5906889218.734002 5900347875.247174 1015.0527777777778 423.5444444444444
628.869709677419 1030.566951491091 5900347875.247174 5893236168.742228 613.9408602150538 1379.6236559139784
285.549833333333 1030.5395049393996 5893236168.742228 5887206026.431294 274.2583333333333 1015.0527777777778
175.252548387097 1030.5162325205324 5887206026.431294 5363416893.629827 354.0 613.9408602150538
131.746967741936 1028.8909334684413 5363416893.629827 5173122489.1258135 184.0 265.41129032258067
92.7500666666667 1028.616338368147 5173122489.1258135 4876550099.787972 184.0 365.8
57.665 1028.188383982378 4876550099.787972 4473221266.870991 184.0 184.0
69.6110666666667 1027.1312779199714 4473221266.870991 4157928830.6159005 185.0 184.0
104.426483870968 1026.1271618809424 4157928830.6159005 3958092427.654252 186.0 184.0
223.112225806452 1025.4359521257645 3958092427.654252 4058446454.8463306 196.0 179.03225806451613
463.748178571429 1025.7899345849958 4058446454.8463306 4577284370.196153 260.0 205.92857142857142
440.777451612903 1027.4626890770578 4577284370.196153 4907270506.315128 315.0 196.0
328.4019 1028.2327135733262 4907270506.315128 5227031707.893282 190.0 242.66666666666666
189.986838709677 1028.6941294486194 5227031707.893282 5200089433.984596 184.0 315.0
115.086433333333 1028.6552517084915 5200089433.984596 4989509505.99444 184.0 190.0
88.146 1028.3513845685345 4989509505.99444 4690974429.367981 184.0 184.0
67.9768064516129 1027.8247593291974 4690974429.367981 4333443803.449198 184.0 178.06451612903226
48.0371333333333 1026.686126762577 4333443803.449198 3927552292.6179175 184.0 190.13333333333333
31.1604516129032 1025.328226781721 3927552292.6179175 3454902267.224533 187.0 184.0
37.0707333333333 1023.2607866709579 3454902267.224533 3022597756.246248 199.0 184.0
54.1066451612903 1020.8746237159172 3022597756.246248 2634647726.5388203 204.0 187.0
213.558516129032 1019.1599425130623 2634647726.5388203 2701189361.5801144 196.0 192.58064516129033
303.007357142857 1019.4716129348014 2701189361.5801144 2776892498.167922 279.0 225.85714285714286
518.175774193549 1019.82619437081 2776892498.167922 3316315512.29319 315.0 196.0
636.139866666666 1022.1947347099476 3316315512.29319 4408752108.649886 202.0 260.4
413.18735483871 1026.9259621294582 4408752108.649886 4973527664.086874 187.0 315.0
183.440366666667 1028.3283227476002 4973527664.086874 4940443788.75122 184.0 202.0
115.014935483871 1028.2805826677507 4940443788.75122 4713907118.509224 184.0 187.0
85.7002580645161 1027.8977933710485 4713907118.509224 4403515502.070578 184.0 178.06451612903226
59.9293 1026.9092850384413 4403515502.070578 4027700145.7700114 184.0 190.13333333333333
36.361064516129 1025.6814819956614 4027700145.7700114 3567785994.0330396 187.0 184.0
32.9351666666667 1024.0592098554957 3567785994.0330396 3139794764.835531 193.0 184.0
61.8636129032258 1021.3660157854739 3139794764.835531 2778426155.11604 202.0 187.0
224.013225806452 1019.8333777757191 2778426155.11604 2862946839.2355695 200.0 186.7741935483871
331.442714285714 1020.2052278374657 2862946839.2355695 3020451898.6366615 274.0 223.64285714285714
585.414741935484 1020.865626409378 3020451898.6366615 3739433263.178934 315.0 200.0
530.715533333333 1024.6646675949873 3739433263.178934 4525761798.777285 214.0 255.73333333333332
342.166096774194 1027.2986044547047 4525761798.777285 4902810410.569187 186.0 315.0
164.600666666667 1028.226277648729 4902810410.569187 4821116027.68032 184.0 214.0
106.053258064516 1028.1083925363353 4821116027.68032 4571161072.578524 184.0 186.0
79.5767096774194 1027.443188129231 4571161072.578524 4245441052.4737196 184.0 178.06451612903226
53.0012666666667 1026.4058632244385 4245441052.4737196 3850554558.5078516 185.0 190.13333333333333
36.3235483870968 1025.0566298360066 3850554558.5078516 3392656353.995605 187.0 184.0
27.9102 1022.7819719538124 3392656353.995605 2936890288.627687 199.0 185.0
66.388064516129 1020.5152632646863 2936890288.627687 2586970465.8176394 202.0 187.0
216.662483870968 1018.936629816476 2586970465.8176394 2653579686.623292 199.0 192.58064516129033
338.498142857143 1019.2486167991723 2653579686.623292 2798155410.235685 286.0 223.64285714285714
316.20564516129 1019.9257864648041 2798155410.235685 2796920800.7303996 315.0 199.0
245.134933333333 1019.9200037504936 2796920800.7303996 2886491657.8599315 201.0 266.93333333333334
123.089064516129 1020.3039482509851 2886491657.8599315 2683228688.8333054 189.0 315.0
69.729 1019.3874880039031 2683228688.8333054 2360395948.973109 187.0 201.0
52.2432580645161 1017.8596092294096 2360395948.973109 1982232595.8796232 185.0 189.0
40.308935483871 1015.8461647515202 1982232595.8796232 1566429069.5897853 187.0 180.96774193548387
26.5055666666667 1013.279926145877 1566429069.5897853 1047454294.6265227 218.0 191.16666666666666
20.3899032258065 1009.364038174458 1047454294.6265227 650042607.9764587 162.01612903225808 187.0
16.3810333333333 1005.5797648753344 650042607.9764587 584548150.3187327 40.0 218.0
66.2608064516129 1005.0175806894312 584548150.3187327 660029935.0543383 40.0 162.01612903225808
