0.147164266568784
0.46595794585881256
1.3141473909920913
1.3047942569064863
1.3672363102144862
0.6225780876272211
0.14274845956225157
0.13429900223173874
0.09742796878289761
0.10804449948389949
0.07581878052702873
0.0844140525298519
0.34207942215744425
0.2638387522243078
1.2353893251829122
0.7121772588259296
0.1457661582393912
0.11726457757262831
0.12328824556334361
0.11004406874457862
0.07861266623107832
0.07952905109364539
0.029473569941307898
0.013248957342702372
0.4704848573924647
0.4724358496294671
0.6001556341787482
1.305104994643198
0.507237076856567
0.11867782878139788
0.12690534671536013
0.11166509240230349
0.07990001107802247
0.08207230423179279
0.03164560464942645
0.01933011250541594
0.4694845634656562
0.4708655605905258
0.38243956214561314
1.138757826635727
0.5873687662597853
0.11927754060701401
0.13111714975967736
0.11400513404190704
0.08237898378257313
0.09043441761001525
0.03696127374334468
0.026176507605048527
0.4692827455925765
0.4704927558200243
0.3669044814854704
0.4057760409251299
0.12391714206168725
0.10830791006031593
0.11348421711954793
0.10303695432915783
0.06368495440703648
0.05518968761527676
0.006976448812675673
0.03714267953066752
0.47927496155557375
0.4795963714323016
0.33450747083489596
0.33232779738447005
0.17473020825788088
0.11735146821050979
0.12187058062552958
0.1110479155514219
0.07493332011499565
0.06869089070423695
0.015927109177531373
0.011369141559025464
0.47376916376889594
0.48008536258651424
0.24498896208019655
0.4691692424313879
0.0208218587849045
0.12722025240284118
0.04641226927190911
0.09529865337911553
0.1624710515386496
0.29515853424977206
0.5199853110890387
0.5200942030427771
0.5201521202685502
0.512997698998489
0.13900113202439168
0.49789631990719774
1.10377596560291
0.12324502363186318
0.13775033329488395
0.11961929997671861
0.08518154223706842
0.09377506905303501
0.04307815561796746
0.033379358429647565
0.4677898188367057
0.4514045214554191
1.366789064959384
0.4889263303857607
0.13210827713970452
0.1022881278771719
0.10973034228971512
0.09846404485370008
0.05600413107624236
0.045238792365858704
0.028654681478441635
0.05381609387664532
0.4830631548414422
0.48907615898209295
0.17001496311760023
0.2858451984778276
0.004531076126496614
0.00047948988939872095
0.03346783993678959
0.14066247826859746
0.22377221574582978
0.5177744269683042
0.5218977424347787
0.5227636435146544
0.5224440087855683
0.5178744101948729
0.006355480548554282
0.3818870743167935
0.018260494388225412
0.013813123724888854
0.05273096650757125
0.08719444535933496
0.14343809166737437
0.19372918458272564
0.5031132294864391
0.5196924952818058
0.5193869463391044
0.5073426999056428
0.13033057834256678
0.47682943664893074
0.028001649266355177
0.014180788475881556
0.018898578406359112
0.04972995782131573
0.097783842865102
0.13095539022000613
0.3483438459610742
0.4982586727685074
0.5177183720757489
0.5042203443593916
0.14578768707417933
0.46663560648780833
0.08851149662824764
0.08778650806171817
0.1039937685965362
0.09916855091988852
0.048074892531084656
0.038390027435117324
0.03492205204355081
0.05842279539135076
0.48180234555989543
0.47729283388872906
0.36839657680323235
1.304737170708495
0.9018164804672464
0.12165047637982895
0.13627706016600372
0.11895348201753131
0.08539876649028366
0.09567495305579787
0.04554017995422488
0.03558606548933474
0.4672549249149483
0.47146483281711854
0.3171125077430945
0.09936041005087881
0.1350974039829389
0.11702547196374613
0.12023434142766376
0.10649352373583754
0.07085189965235783
0.06297116303352024
0.006799632291589086
0.029777536019200523
0.4749367775258143
0.3580365019692262
1.3684158181559944
1.3066870208138794
1.367948960479107
0.271398507843136
0.14055614936855543
0.1281906021959689
0.09101497741544462
0.1028535123537273
0.061502381210918666
0.059100155825742684
0.4587653345797571
0.46429435567629995
0.38721294277677176
0.12819640843070101
0.13178252058554885
0.10885155993049189
0.11378479218732662
0.10347637608686355
0.06523248398602288
0.05752773365167496
0.0014456569229563954
0.03079472117296289
0.4776819909609593
0.4802572817658008
0.2793885069842269
0.4576377898048683
0.4817076467001693
0.11981509723044559
0.1307158448095913
0.11295679441084028
0.0865457779681722
0.08259978420651037
0.030285617233418605
0.017623502279192294
0.4713161446963804
0.4722904202994296
0.32665039382022365
0.1137243346462602
0.46222512106205227
0.11849294085879125
0.12741993945056085
0.11112974075202442
0.07859863478269802
0.07699832876853796
0.02433445720235783
0.0052121983297885865
0.4725288339353372
0.4747427856241385
0.3190924513209925
0.41212228067568635
0.09967004610896668
0.09363959872910865
0.09116893822602068
0.014500989614828819
0.061552535497500394
0.09929535844648335
0.16854316514658613
0.2713132518159553
