322.045903225806 1024.3303225820105 3644646452.0 4113824535.8621664 157.0 56.18329032258064
643.509857142857 1025.9852717314361 4113824535.8621664 5601490982.169235 40.0 59.67067857142857
785.285774193548 1029.4391648166736 5601490982.169235 5896268213.831012 672.3145161290323 157.0
810.8132 1030.5512066571523 5896268213.831012 5896479367.276559 794.0694444444445 37.333333333333336
709.144935483871 1030.552021571822 5896479367.276559 5894654721.554475 692.239247311828 672.3145161290323
400.573266666667 1030.5449796286407 5894654721.554475 5889245632.38563 389.0388888888889 794.0694444444445
209.112838709677 1030.524104070099 5889245632.38563 5800562876.793031 224.78225806451613 692.239247311828
155.613161290323 1030.1817099490079 5800562876.793031 5564448905.410346 224.0 376.4892473118279
113.363733333333 1029.3390510957036 5564448905.410346 5215905562.617246 224.0 232.275
89.1516451612903 1028.678074404931 5215905562.617246 4787723297.022736 224.0 224.0
132.6879 1028.0602067778107 4787723297.022736 4533962881.077363 224.0 224.0
183.475935483871 1027.3247225512018 4533962881.077363 4445400010.510552 224.0 224.0
219.466193548387 1027.0426751927087 4445400010.510552 4854968259.972445 78.0 216.7741935483871
529.413142857143 1028.1572413563815 4854968259.972445 5892010085.37565 112.95833333333333 248.0
573.648451612903 1030.534773056767 5892010085.37565 5892507692.710526 570.5322580645161 78.0
434.0214 1030.5366934967387 5892507692.710526 5889793260.143607 418.4194444444444 105.42777777777776
242.016225806452 1030.5262175563003 5889793260.143607 5886366664.548039 225.7258064516129 570.5322580645161
141.2042 1030.51299313076 5886366664.548039 5637236730.399296 224.0 418.4194444444444
112.736064516129 1029.5511070671787 5637236730.399296 5295266807.633423 224.0 225.7258064516129
95.8503870967742 1028.7925927960077 5295266807.633423 4902306536.194321 224.0 216.7741935483871
70.4100666666667 1028.225550557279 4902306536.194321 4446114627.962515 224.0 231.46666666666667
51.7662903225806 1027.0449510444666 4446114627.962515 3924502825.67011 224.0 224.0
33.0551333333333 1025.3174702845506 3924502825.67011 3415117477.021861 224.0 224.0
89.5234193548387 1022.9547498232452 3415117477.021861 3064652156.7990828 226.0 224.0
197.699193548387 1021.0509524394091 3064652156.7990828 3510059759.7541866 40.0 216.7741935483871
483.033035714286 1023.6850750750323 3510059759.7541866 4606683073.923731 40.0 250.21428571428572
883.652032258065 1027.55631552205 4606683073.923731 5898012251.481074 398.7903225806452 40.0
711.757666666667 1030.557937505716 5898012251.481074 5894725889.45079 696.3666666666667 37.333333333333336
355.195741935484 1030.545254290333 5894725889.45079 5888377654.762159 339.991935483871 398.7903225806452
161.613233333333 1030.520754242221 5888377654.762159 5690890372.021483 224.41944444444445 696.3666666666667
116.846161290323 1029.758263984639 5690890372.021483 5359603891.728117 224.0 339.991935483871
91.6212580645161 1028.885431301195 5359603891.728117 4955103306.756464 224.0 217.18010752688173
67.8172333333333 1028.301736373386 4955103306.756464 4491850611.53037 224.0 231.46666666666667
48.4465161290323 1027.1906070430903 4491850611.53037 3960944560.9662743 224.0 224.0
51.3012333333333 1025.4460125607275 3960944560.9662743 3498644543.837352 224.0 224.0
84.7457096774193 1023.5972657218258 3498644543.837352 3141166495.3920226 224.0 224.0
209.807322580645 1021.3717672762768 3141166495.3920226 3619793764.659297 40.0 216.7741935483871
689.364428571429 1024.242658781867 3619793764.659297 5216919429.780086 40.0 248.0
568.289064516129 1028.67953741671 5216919429.780086 5887890450.644151 315.0 40.0
576.527233333333 1030.5188739518856 5887890450.644151 5892313734.704623 558.1666666666666 37.333333333333336
381.711483870968 1030.535944945258 5892313734.704623 5888849127.6472 365.4301075268817 315.0
185.7957 1030.5225738202507 5888849127.6472 5753365420.859156 224.60555555555555 558.1666666666666
126.033225806452 1029.9994803894176 5753365420.859156 5446196154.555255 224.0 365.4301075268817
97.3777741935484 1029.0194490663655 5446196154.555255 5056771289.055504 224.0 217.36021505376345
66.5694 1028.4484434185506 5056771289.055504 4589658769.085284 224.0 231.46666666666667
46.5674838709677 1027.5020979907174 4589658769.085284 4050129234.359529 225.0 224.0
36.6345333333333 1025.7605969465944 4050129234.359529 3549618001.8202252 224.0 224.0
71.4001612903226 1023.989369244771 3549618001.8202252 3156603918.9943175 224.0 225.0
217.974064516129 1021.4364944192633 3156603918.9943175 3657322592.480457 40.0 216.7741935483871
492.893857142857 1024.3750355995783 3657322592.480457 4778466478.498233 40.0 248.0
366.69335483871 1028.046849175322 4778466478.498233 4909951031.412336 315.0 40.0
391.213866666667 1028.2365815749095 4909951031.412336 5738935315.538089 56.0 37.333333333333336
225.662064516129 1029.9437656970583 5738935315.538089 5703054679.095121 222.0 315.0
133.237333333333 1029.8052304212167 5703054679.095121 5431803442.521 225.0 56.0
85.2490967741936 1028.989615357173 5431803442.521 5017160249.929336 224.0 222.0
63.7061290322581 1028.3912846319326 5017160249.929336 4539425647.711108 224.0 217.74193548387098
44.3738666666667 1027.3421198971691 4539425647.711108 4019058062.470138 224.0 231.46666666666667
29.2655161290322 1025.6509984566846 4019058062.470138 3441843809.2073026 224.0 224.0
19.9402333333333 1023.1603369939023 3441843809.2073026 2900571329.4839935 224.0 224.0
45.8698387096774 1020.3629825135597 2900571329.4839935 2436486147.6917105 224.0 224.0
275.221193548387 1018.23178523509 2436486147.6917105 3086484348.6259365 40.0 216.7741935483871
551.286071428571 1021.1424920277817 3086484348.6259365 4346414548.423759 40.0 248.0
549.275483870968 1026.7274348675915 4346414548.423759 4967089293.475184 315.0 40.0
453.0279 1028.3190321695167 4967089293.475184 5890126646.911972 81.28888888888889 37.333333333333336
251.113419354839 1030.5275042119245 5890126646.911972 5886527476.615385 234.88709677419354 315.0
131.736766666667 1030.5136137605225 5886527476.615385 5612868634.003906 224.025 81.2888888888889
91.9488709677419 1029.4699152270375 5612868634.003906 5215450393.869825 224.0 234.88709677419354
70.1550967741935 1028.6774175957717 5215450393.869825 4751408668.252685 225.0 216.7983870967742
52.898 1028.0078047160932 4751408668.252685 4251209166.905498 224.0 231.46666666666667
38.8994516129032 1026.4242330156226 4251209166.905498 3697224442.1765904 224.0 225.0
44.6923333333333 1024.5157828648203 3697224442.1765904 3218869367.035815 224.0 224.0
68.3542258064516 1021.6975654802341 3218869367.035815 2813489271.9717965 225.0 224.0
118.701903225806 1019.9976078312496 2813489271.9717965 3045072953.5089355 40.0 216.7741935483871
163.442892857143 1020.968859343853 3045072953.5089355 3363559415.1277795 40.0 249.10714285714286
127.196838709677 1022.5581493471368 3363559415.1277795 3358859192.903734 127.0 40.0
175.352066666667 1022.5219937915672 3358859192.903734 3679060277.2819133 40.0 37.333333333333336
101.320064516129 1024.4517117364442 3679060277.2819133 3330632834.768225 219.0 127.0
58.3389666666667 1022.3048679597556 3330632834.768225 2721788933.747234 285.0 40.0
41.7728709677419 1019.5680980503383 2721788933.747234 2203621021.967964 226.0 219.0
32.6314516129032 1017.0323009074826 2203621021.967964 1666795255.1074975 224.0 275.80645161290323
21.9208 1013.9580760480236 1666795255.1074975 1119381174.239065 224.0 233.53333333333333
10.8536774193548 1010.0029548390626 1119381174.239065 661833791.2282077 174.53763440860214 224.0
17.3578 1005.6809767487399 661833791.2282077 598835035.8262025 40.0 224.0
37.3014516129032 1005.1402148997956 598835035.8262025 596671019.7166486 40.0 174.53763440860214
201.538193548387 1005.1216396542201 596671019.7166486 1038251120.2794235 40.0 38.70967741935484
659.617321428572 1009.2822321802615 1038251120.2794235 2550361943.4379783 40.0 44.285714285714285
1080.25241935484 1018.7651613275783 2550361943.4379783 4594480739.667322 315.0 40.0
895.072966666667 1027.5174545849277 4594480739.667322 5897972738.821109 376.3777777777778 37.333333333333336
543.825258064516 1030.5577850126028 5897972738.821109 5891722386.671061 528.5779569892474 315.0
224.001266666667 1030.5336627272895 5891722386.671061 5851757596.597412 225.84166666666667 376.3777777777778
134.021806451613 1030.3793729598356 5851757596.597412 5565162947.660142 224.0 528.5779569892474
96.0624516129032 1029.3409809396219 5565162947.660142 5171710216.305856 224.0 218.55645161290323
65.9179666666667 1028.6143004564299 5171710216.305856 4702304479.269349 224.0 231.46666666666667
43.6194838709677 1027.8608422906666 4702304479.269349 4156495637.105969 224.0 224.0
40.2008 1026.1225975704012 4156495637.105969 3664935115.461965 224.0 224.0
70.7292258064516 1024.4018875324937 3664935115.461965 3270800656.8047996 224.0 224.0
406.292612903226 1021.915306737127 3270800656.8047996 4278257947.1741567 40.0 216.7741935483871
701.2355 1026.5103756279432 4278257947.1741567 5894050145.528082 45.086309523809526 248.0
673.144322580645 1030.542646359242 5894050145.528082 5894283052.439589 670.1263440860215 40.0
359.758866666667 1030.5435452281115 5894283052.439589 5888475522.92861 345.35277777777776 42.080555555555556
152.153709677419 1030.521131949553 5888475522.92861 5656809636.990567 221.43010752688173 670.1263440860215
92.4419333333333 1029.6266781350987 5656809636.990567 5282815264.922667 224.0 345.35277777777776
72.9201935483871 1028.7746252019085 5282815264.922667 4835665266.7572155 224.0 221.43010752688173
58.5487096774193 1028.1293871093178 4835665266.7572155 4345216547.784112 224.0 216.7741935483871
40.2354333333333 1026.7236195789303 4345216547.784112 3813288382.6309543 225.0 231.46666666666667
26.094 1024.9251794801796 3813288382.6309543 3227971420.1860094 225.0 224.0
21.0259 1021.7357292250986 3227971420.1860094 2687623065.023076 225.0 225.0
37.604064516129 1019.408070562169 2687623065.023076 2200689992.0015535 224.0 225.0
87.1814838709678 1017.0168337308788 2200689992.0015535 2344623254.4391255 40.0 217.74193548387098
229.777357142857 1017.7763760128713 2344623254.4391255 2820736118.1066914 40.0 248.0
322.139225806452 1020.028243681789 2820736118.1066914 2835360760.6463237 315.0 40.0
279.0302 1020.0895629377204 2835360760.6463237 3211161667.2155833 124.0 37.333333333333336
121.557580645161 1021.6652480805685 3211161667.2155833 2897431499.203454 228.0 315.0
60.7111 1020.349817606723 2897431499.203454 2392557149.459482 248.0 124.0
41.6522903225807 1018.0260288030889 2392557149.459482 1745736078.6050367 275.0 228.0
34.2437741935484 1014.4342452454033 1745736078.6050367 1217197144.4198415 224.0 240.0
21.3034 1010.7612181737973 1217197144.4198415 685511024.3375627 219.35 284.1666666666667
9.73222580645161 1005.8842148011807 685511024.3375627 587995943.1924554 40.0 224.0
7.27173333333333 1005.0471754780468 587995943.1924554 499094205.57180244 40.0 219.35
42.6832903225806 1004.2840704340927 499094205.57180244 511037020.40249425 40.0 40.0
163.609451612903 1004.3865838661158 511037020.40249425 850182775.1619797 40.0 38.70967741935484
305.377071428571 1007.5505925657638 850182775.1619797 1502105387.3401177 40.0 44.285714285714285
515.583290322581 1012.845306671217 1502105387.3401177 2036085237.6248715 315.0 40.0
448.1112 1016.1482070587064 2036085237.6248715 2931230792.0646577 94.0 37.333333333333336
271.508322580645 1020.4915337193487 2931230792.0646577 3011699911.593326 231.0 315.0
125.965266666667 1020.8289304469322 3011699911.593326 2700891429.1909738 238.0 94.0
80.5058064516129 1019.4702174669366 2700891429.1909738 2291575626.526146 224.0 231.0
56.4302903225807 1017.4964413009295 2291575626.526146 1817463946.4355116 224.0 230.32258064516128
35.7994333333333 1014.8624713220031 1817463946.4355116 1298959357.3678677 226.0 231.46666666666667
17.4331290322581 1011.3950337780456 1298959357.3678677 724281027.5403037 224.0 224.0
11.4152333333333 1006.259292590157 724281027.5403037 613844423.0071459 52.333333333333336 226.0
42.3448387096774 1005.269050841263 613844423.0071459 625260937.2727596 40.0 224.0
282.83335483871 1005.3670466718692 625260937.2727596 1285439537.7198937 40.0 50.645161290322584
526.084607142857 1011.2902289745729 1285439537.7198937 2474970690.4309325 40.0 44.285714285714285
441.858967741935 1018.4120407045945 2474970690.4309325 2810438653.2985287 315.0 40.0
449.691966666667 1019.9833192191968 2810438653.2985287 3843646294.785842 40.0 37.333333333333336
165.603064516129 1025.0322620627367 3843646294.785842 3667925206.527206 218.0 315.0
75.6662 1024.412434590925 3667925206.527206 3258915127.8110323 224.0 40.0
51.8997096774194 1021.8654722340085 3258915127.8110323 2737586177.895155 236.0 218.0
37.5056129032258 1019.6420898262068 2737586177.895155 2209143368.4281306 224.0 216.7741935483871
24.2406666666667 1017.0614425774571 2209143368.4281306 1646423889.9406383 230.0 243.86666666666667
13.5417096774194 1013.8204316887881 1646423889.9406383 1027598610.7366484 235.0 224.0
8.4959 1009.187543206548 1027598610.7366484 652685653.4497797 151.275 230.0
67.8139677419355 1005.6024519609423 652685653.4497797 687605456.3289074 56.76881720430107 235.0
315.535870967742 1005.902192758188 687605456.3289074 1436041028.4901924 40.0 146.3951612903226
519.093035714286 1012.398925868177 1436041028.4901924 2609371656.9557343 40.0 62.851190476190474
637.365612903226 1019.0415534283641 2609371656.9557343 3468017003.4216743 315.0 40.0
611.278466666667 1023.3616692570898 3468017003.4216743 4913905191.805171 40.0 37.333333333333336
372.049967741935 1028.2422874340623 4913905191.805171 5278545446.425327 220.0 315.0
150.201533333333 1028.7684638476555 5278545446.425327 5055135414.381727 224.0 40.0
104.528032258065 1028.4460828490357 5055135414.381727 4693232294.344402 224.0 220.0
77.6274193548387 1027.8319499819886 4693232294.344402 4249348512.4466257 226.0 216.7741935483871
50.0950666666667 1026.4183073644797 4249348512.4466257 3746290736.4430966 224.0 231.46666666666667
29.337064516129 1024.688856213203 3746290736.4430966 3173300239.447125 224.0 226.0
19.3250666666667 1021.5064999557532 3173300239.447125 2631294752.7421017 224.0 224.0
87.2251290322581 1019.1442377177616 2631294752.7421017 2277317627.479554 224.0 224.0
407.438 1017.4212012004198 2277317627.479554 3281564980.579998 40.0 216.7741935483871
586.189178571429 1021.9604401701467 3281564980.579998 4627162176.435039 40.0 248.0
795.484806451613 1027.621535593742 4627162176.435039 5895947813.484253 319.0698924731183 40.0
813.061033333333 1030.549970120651 5895947813.484253 5896513173.7624035 796.1805555555555 37.333333333333336
480.128290322581 1030.5521520428222 5896513173.7624035 5890591171.398251 464.76075268817203 319.0698924731183
215.483233333333 1030.5292969736638 5890591171.398251 5829904055.558211 225.34444444444443 796.1805555555555
136.859709677419 1030.2949963535066 5829904055.558211 5551053954.74546 224.0 464.760752688172
104.647935483871 1029.302848526339 5551053954.74546 5180619048.37591 224.0 218.0752688172043
75.7020333333333 1028.6271559139623 5180619048.37591 4736470588.111498 224.0 231.46666666666667
48.0892258064516 1027.9696515544952 4736470588.111498 4202246702.8024907 224.0 224.0
36.4143333333333 1026.2683016012818 4202246702.8024907 3700764267.8103204 224.0 224.0
69.0377096774194 1024.5282690222587 3700764267.8103204 3302291568.5736585 224.0 224.0
126.959258064516 1022.0868582197974 3302291568.5736585 3559467325.757934 40.0 216.7741935483871
263.442714285714 1024.0298671102573 3559467325.757934 4123966084.9509535 40.0 248.0
781.20964516129 1026.0190002705444 4123966084.9509535 5365821630.179306 315.0 40.0
445.711633333333 1028.8944035067523 5365821630.179306 5890003934.855768 227.21944444444443 37.333333333333336
237.183193548387 1030.5270306233713 5890003934.855768 5882700264.967952 222.34408602150538 315.0
119.766933333333 1030.498842721884 5882700264.967952 5578195962.69659 224.0 227.21944444444443
82.0065806451613 1029.3762053045853 5578195962.69659 5154348621.94179 224.0 222.34408602150538
62.4445161290323 1028.5892476507097 5154348621.94179 4672606858.771118 224.0 216.7741935483871
43.3131 1027.7662638814365 4672606858.771118 4148349814.5129147 224.0 231.46666666666667
21.053935483871 1026.0966554602321 4148349814.5129147 3547829752.2456937 224.0 224.0
18.0287666666667 1023.9756134788131 3547829752.2456937 3001173739.099884 224.0 224.0
118.982064516129 1020.7847955517815 3001173739.099884 2733538272.794951 224.0 224.0
505.424516129032 1019.6231300833487 2733538272.794951 4003883633.3361044 40.0 216.7741935483871
1142.19889285714 1025.5974731334607 4003883633.3361044 5902885888.779756 369.2083333333333 248.0
1384.0545483871 1030.5767465690471 5902885888.779756 5906891485.893401 1379.6236559139784 40.0
1029.1991 1030.5922055630533 5906891485.893401 5900350141.761355 1015.0527777777778 344.5944444444444
628.869709677419 1030.5669602383584 5900350141.761355 5893231234.600197 613.9435483870968 1379.6236559139784
285.549833333333 1030.5394858968275 5893231234.600197 5887208292.181823 274.25555555555553 1015.0527777777778
175.252548387097 1030.5162412648526 5887208292.181823 5709954985.935038 224.13172043010752 613.9435483870968
131.746967741936 1029.8318725325678 5709954985.935038 5410951892.250857 224.0 265.4086021505376
92.7500666666667 1028.9595265400444 5410951892.250857 5009879590.116987 224.0 231.60277777777776
57.665 1028.3807786293173 5009879590.116987 4498867539.404673 224.0 224.0
69.6110666666667 1027.2129539471487 4498867539.404673 4082550296.5893397 224.0 224.0
104.426483870968 1025.8749569544598 4082550296.5893397 3780534203.952466 224.0 224.0
223.112225806452 1024.8096444583862 3780534203.952466 4298859331.9595 40.0 216.7741935483871
463.748178571429 1026.575985133629 4298859331.9595 5351640508.550692 40.0 248.0
440.777451612903 1028.8739401277787 5351640508.550692 5681151537.25996 315.0 40.0
328.4019 1029.720662306023 5681151537.25996 5887918843.129783 232.11666666666667 37.333333333333336
189.986838709677 1030.5189835283738 5887918843.129783 5757412417.213479 221.33870967741936 315.0
115.086433333333 1030.0151058579672 5757412417.213479 5441527007.948167 224.0 232.11666666666667
88.146 1029.0068297512112 5441527007.948167 5034600534.926975 224.0 221.33870967741936
67.9768064516129 1028.4164509883506 5034600534.926975 4568182929.429591 224.0 216.7741935483871
48.0371333333333 1027.4337035969095 4568182929.429591 4057019697.3268366 224.0 231.46666666666667
31.1604516129032 1025.784901930606 4057019697.3268366 3484394821.337987 224.0 224.0
37.0707333333333 1023.4876524718308 3484394821.337987 2987279742.6917195 224.0 224.0
54.1066451612903 1020.7265398016424 2987279742.6917195 2545562963.5001545 224.0 224.0
213.558516129032 1018.7426836697899 2545562963.5001545 3030513563.220788 40.0 216.7741935483871
303.007357142857 1020.9078136822675 3030513563.220788 3687827509.8054976 40.0 248.0
518.175774193549 1024.4826367188905 3687827509.8054976 4225905148.0288544 315.0 40.0
636.139866666666 1026.3436469682447 4225905148.0288544 5732532551.282061 40.0 37.333333333333336
413.18735483871 1029.9190445995446 5732532551.282061 5889408105.589757 337.1209677419355 315.0
183.440366666667 1030.5247311107667 5889408105.589757 5747412733.591566 224.76944444444445 40.0
115.014935483871 1029.9764970408942 5747412733.591566 5410870472.788022 224.0 337.1209677419355
85.7002580645161 1028.959409051642 5410870472.788022 4990353717.163748 224.0 217.51881720430106
59.9293 1028.35260276647 4990353717.163748 4501336421.296693 226.0 231.46666666666667
36.361064516129 1027.2208166283333 4501336421.296693 3938127107.2510724 224.0 224.0
32.9351666666667 1025.3655277151713 3938127107.2510724 3428384069.644978 224.0 226.0
61.8636129032258 1023.0568005357306 3428384069.644978 3001065448.397522 227.0 224.0
224.013225806452 1020.7843415027149 3001065448.397522 3516772901.716467 40.0 216.7741935483871
331.442714285714 1023.7367146285883 3516772901.716467 4245937490.7790966 40.0 251.32142857142858
585.414741935484 1026.40744423815 4245937490.7790966 4963457588.938472 315.0 40.0
530.715533333333 1028.3137916146297 4963457588.938472 5891513150.347731 156.9361111111111 37.333333333333336
342.166096774194 1030.532855211462 5891513150.347731 5888146906.529623 325.8494623655914 315.0
164.600666666667 1030.5198637044452 5888146906.529623 5698523493.970616 224.36388888888888 156.9361111111111
106.053258064516 1029.7877354979562 5698523493.970616 5338356228.882471 224.0 325.8494623655914
79.5767096774194 1028.8547708930482 5338356228.882471 4901731076.4311695 224.0 217.12634408602148
53.0012666666667 1028.2247201680102 4901731076.4311695 4400603989.269215 224.0 231.46666666666667
36.3235483870968 1026.900012704679 4400603989.269215 3838280360.9047904 224.0 224.0
27.9102 1025.013334606366 3838280360.9047904 3315919703.690756 224.0 224.0
66.388064516129 1022.1916900283904 3315919703.690756 2908304598.260571 224.0 224.0
216.662483870968 1020.3954071205894 2908304598.260571 3403569625.8442826 40.0 216.7741935483871
338.498142857143 1022.8659201988022 3403569625.8442826 4149285794.130092 40.0 248.0
316.20564516129 1026.0996362870385 4149285794.130092 4146204676.5606985 315.0 40.0
245.134933333333 1026.089823810703 4146204676.5606985 4597888801.262742 57.0 37.333333333333336
123.089064516129 1027.5283082842761 4597888801.262742 4277259631.154738 228.0 315.0
69.729 1026.5071962775628 4277259631.154738 3808018619.600932 240.0 57.0
52.2432580645161 1024.906591250797 3808018619.600932 3266370859.370399 242.0 228.0
40.308935483871 1021.8967331629786 3266370859.370399 2714708686.762927 234.0 232.25806451612902
26.5055666666667 1019.5349353009973 2714708686.762927 2160244961.916444 227.0 250.06666666666666
20.3899032258065 1016.8034034929627 2160244961.916444 1582703211.3782446 224.0 234.0
16.3810333333333 1013.3898865633665 1582703211.3782446 1032713675.1158552 226.0 227.0
66.2608064516129 1009.2330104454742 1032713675.1158552 687388181.9440901 197.43010752688173 224.0
