322.045903225806 1024.3303225820105 3644646452.0 4427931930.46875 40.0 56.18329032258064
643.509857142857 1026.9870443645502 4427931930.46875 5893814493.739119 49.43452380952381 59.67067857142857
785.285774193548 1030.5417368969347 5893814493.739119 5896267636.946366 781.4381720430108 40.0
810.8132 1030.5512044307536 5896267636.946366 5896478790.680648 794.0694444444445 46.13888888888889
709.144935483871 1030.5520193465377 5896478790.680648 5894654145.04347 692.239247311828 781.4381720430108
400.573266666667 1030.544977403684 5894654145.04347 5889245055.943108 389.0388888888889 794.0694444444445
209.112838709677 1030.5241018454064 5889245055.943108 5805839775.317521 222.80376344086022 692.239247311828
155.613161290323 1030.2020840745852 5805839775.317521 5575010580.921216 222.0 376.4892473118279
113.363733333333 1029.3675961646518 5575010580.921216 5231572570.228536 222.0 230.23055555555555
89.1516451612903 1028.7006819195217 5231572570.228536 4808656815.891428 222.0 222.0
132.6879 1028.090413875745 4808656815.891428 4560026150.216405 222.0 222.0
183.475935483871 1027.407726593046 4560026150.216405 4476908060.145741 222.0 222.0
219.466193548387 1027.143019299827 4476908060.145741 4988537200.405433 40.0 214.83870967741936
529.413142857143 1028.3499815301666 4988537200.405433 5892014018.164484 168.32142857142858 245.78571428571428
573.648451612903 1030.5347882347685 5892014018.164484 5892511625.531698 570.5322580645161 40.0
434.0214 1030.536708674865 5892511625.531698 5889789993.000427 418.4222222222222 157.1
242.016225806452 1030.5262049472572 5889789993.000427 5886370597.1691265 225.7231182795699 570.5322580645161
141.2042 1030.513008308114 5886370597.1691265 5644963817.265355 221.01111111111112 418.4222222222222
112.736064516129 1029.580941379403 5644963817.265355 5310971470.151145 221.0 225.7231182795699
95.8503870967742 1028.8152546466827 5310971470.151145 4923301292.522438 222.0 213.88172043010755
70.4100666666667 1028.255846020956 4923301292.522438 4472124028.873901 222.0 228.36666666666667
51.7662903225806 1027.1277835314454 4472124028.873901 3955588811.9324546 222.0 222.0
33.0551333333333 1025.427121029744 3955588811.9324546 3451271231.7597547 222.0 222.0
89.5234193548387 1023.2328556289212 3451271231.7597547 3111727143.9465113 222.0 222.0
197.699193548387 1021.2483318404466 3111727143.9465113 3557528025.4796047 40.0 214.83870967741936
483.033035714286 1024.0230265449015 3557528025.4796047 4654353630.958778 40.0 245.78571428571428
883.652032258065 1027.7081325826712 4654353630.958778 5898007282.401717 416.5779569892473 40.0
711.757666666667 1030.5579183283085 5898007282.401717 5894720920.113277 696.3666666666667 37.333333333333336
355.195741935484 1030.5452351119295 5894720920.113277 5888372684.862122 339.991935483871 416.5779569892473
161.613233333333 1030.5207350616463 5888372684.862122 5696031834.480428 222.42777777777778 696.3666666666667
116.846161290323 1029.7781151910442 5696031834.480428 5372728152.178044 221.0 339.991935483871
91.6212580645161 1028.9043696279625 5372728152.178044 4973527027.302899 222.0 215.252688172043
67.8172333333333 1028.32832182872 4973527027.302899 4515316388.200063 222.0 228.36666666666667
48.4465161290323 1027.2653388159238 4515316388.200063 3989512478.41463 222.0 222.0
51.3012333333333 1025.5467812289758 3989512478.41463 3532305732.486355 222.0 222.0
84.7457096774193 1023.8561979422028 3532305732.486355 3180396347.176898 222.0 222.0
209.807322580645 1021.5362530279954 3180396347.176898 3659346487.544642 40.0 214.83870967741936
689.364428571429 1024.3821745592404 3659346487.544642 5256611350.819344 40.0 245.78571428571428
568.289064516129 1028.7368129160452 5256611350.819344 5892420929.608042 328.11290322580646 40.0
576.527233333333 1030.5363586477154 5892420929.608042 5892315255.226238 559.9138888888889 37.333333333333336
381.711483870968 1030.5359508134802 5892315255.226238 5888850647.894959 365.4301075268817 328.11290322580646
185.7957 1030.5225796874163 5888850647.894959 5758491868.589157 222.62222222222223 559.9138888888889
126.033225806452 1030.0192736238964 5758491868.589157 5456623952.104225 222.0 365.4301075268817
97.3777741935484 1029.0476323029843 5456623952.104225 5072506959.01166 222.0 215.44086021505376
66.5694 1028.4711500130038 5072506959.01166 4605304022.57814 224.0 229.4
46.5674838709677 1027.5519236387838 4605304022.57814 4068288533.0827284 224.0 222.0
36.6345333333333 1025.8246509103446 4068288533.0827284 3570317907.3328614 223.0 224.0
71.4001612903226 1024.0681407666061 3570317907.3328614 3177427522.201707 224.0 224.0
217.974064516129 1021.5238051245354 3177427522.201707 3678314244.470229 40.0 215.80645161290323
492.893857142857 1024.449080227408 3678314244.470229 4799543657.67834 40.0 248.0
366.69335483871 1028.0772635752935 4799543657.67834 4931017264.24428 315.0 40.0
391.213866666667 1028.2669801792847 4931017264.24428 5389992815.634668 199.0 37.333333333333336
225.662064516129 1028.9292825622433 5389992815.634668 5361674875.047236 220.0 315.0
133.237333333333 1028.8884197331129 5361674875.047236 5101917690.2959385 221.0 199.0
85.2490967741936 1028.5135897406867 5101917690.2959385 4696332772.077847 221.0 220.0
63.7061290322581 1027.8418241148975 4696332772.077847 4228616966.6244483 221.0 213.8709677419355
44.3738666666667 1026.3522833331988 4228616966.6244483 3716140888.8476105 222.0 228.36666666666667
29.2655161290322 1024.5825075444359 3716140888.8476105 3148755115.4963036 222.0 221.0
19.9402333333333 1021.4035853899215 3148755115.4963036 2613588480.7947655 222.0 222.0
45.8698387096774 1019.0613043596944 2613588480.7947655 2153945740.9150896 222.0 222.0
275.221193548387 1016.7701622211878 2153945740.9150896 2802557165.4503636 40.0 214.83870967741936
551.286071428571 1019.9464035852476 2802557165.4503636 4060923580.5911317 40.0 245.78571428571428
549.275483870968 1025.798672241944 4060923580.5911317 4681869700.24783 315.0 40.0
453.0279 1027.7957633765855 4681869700.24783 5317088995.292911 193.0 37.333333333333336
251.113419354839 1028.82408224429 5317088995.292911 5357061001.106857 220.0 315.0
131.736766666667 1028.881761906359 5357061001.106857 5093429650.6663 221.0 193.0
91.9488709677419 1028.5013414872528 5093429650.6663 4705785131.538845 221.0 220.0
70.1550967741935 1027.8719271705058 4705785131.538845 4255213750.035298 221.0 213.8709677419355
52.898 1026.4369864650805 4255213750.035298 3764497662.215818 222.0 228.36666666666667
38.8994516129032 1024.7530781736007 3764497662.215818 3221913729.8852596 222.0 221.0
44.6923333333333 1021.7103301043408 3221913729.8852596 2750604559.852087 222.0 222.0
68.3542258064516 1019.7030658541081 2750604559.852087 2351744283.1135173 222.0 222.0
118.701903225806 1017.813954000599 2351744283.1135173 2581154544.642035 40.0 214.83870967741936
163.442892857143 1018.9093889678784 2581154544.642035 2897421457.4609337 40.0 245.78571428571428
127.196838709677 1020.3497755029808 2897421457.4609337 2893369692.579542 127.0 40.0
175.352066666667 1020.3327869709834 2893369692.579542 2900192677.3035903 163.0 37.333333333333336
101.320064516129 1020.3613948733903 2900192677.3035903 2577293935.4832573 212.0 127.0
58.3389666666667 1018.8913064893829 2577293935.4832573 2155749935.373779 214.0 163.0
41.7728709677419 1016.7796830362732 2155749935.373779 1657801598.713045 220.0 212.0
32.6314516129032 1013.8973080994125 1657801598.713045 1133792112.1050675 221.0 207.09677419354838
21.9208 1010.1146675356982 1133792112.1050675 676325439.954542 191.66666666666666 227.33333333333334
10.8536774193548 1005.8053685833007 676325439.954542 581894451.9448227 40.0 221.0
17.3578 1004.9948021626165 581894451.9448227 519116620.09710664 40.0 191.66666666666666
37.3014516129032 1004.455936653194 519116620.09710664 516687424.5138102 40.0 40.0
201.538193548387 1004.4350851889598 516687424.5138102 957779970.1497968 40.0 38.70967741935484
659.617321428572 1008.5669330679981 957779970.1497968 2469476037.678767 40.0 44.285714285714285
1080.25241935484 1018.38630462613 2469476037.678767 4513695411.384779 315.0 40.0
895.072966666667 1027.2601764693782 4513695411.384779 5897973846.598282 345.4472222222222 37.333333333333336
543.825258064516 1030.5577892879007 5897973846.598282 5891723494.529709 528.5779569892474 315.0
224.001266666667 1030.533667002902 5891723494.529709 5856826439.242596 223.88055555555556 345.4472222222222
134.021806451613 1030.3989437808596 5856826439.242596 5575527712.459892 222.0 528.5779569892474
96.0624516129032 1029.368993817459 5575527712.459892 5187369605.278049 222.0 216.65860215053763
65.9179666666667 1028.6368969773132 5187369605.278049 4723061355.67875 222.0 229.4
43.6194838709677 1027.9269469926076 4723061355.67875 4182383543.8035297 222.0 222.0
40.2008 1026.2050431331322 4182383543.8035297 3695932065.419619 222.0 222.0
70.7292258064516 1024.5112242166476 3695932065.419619 3307351886.884803 222.0 222.0
406.292612903226 1022.1257837452678 3307351886.884803 4315038742.992738 40.0 214.83870967741936
701.2355 1026.627511920359 4315038742.992738 5895036061.755197 59.93452380952381 245.78571428571428
673.144322580645 1030.5464513532577 5895036061.755197 5894282562.6127615 670.494623655914 40.0
359.758866666667 1030.5435433376992 5894282562.6127615 5888482233.253075 345.35 55.93888888888889
152.153709677419 1030.5211578470316 5888482233.253075 5659462163.065772 220.43817204301075 670.494623655914
92.4419333333333 1029.6369195485165 5659462163.065772 5293220757.58738 221.0 345.35
72.9201935483871 1028.789640342839 5293220757.58738 4854061101.242362 221.0 220.43817204301075
58.5487096774193 1028.155932325025 4854061101.242362 4371501918.399021 221.0 213.8709677419355
40.2354333333333 1026.8073309503154 4371501918.399021 3847083818.0380287 222.0 228.36666666666667
26.094 1025.0443873652134 3847083818.0380287 3269199288.256787 222.0 221.0
21.0259 1021.9085924035924 3269199288.256787 2736495296.813314 222.0 222.0
37.604064516129 1019.6369803129429 2736495296.813314 2255091713.4011283 222.0 222.0
87.1814838709678 1017.3039140548872 2255091713.4011283 2399361001.7924356 40.0 214.83870967741936
229.777357142857 1018.057896963899 2399361001.7924356 2875696282.149541 40.0 245.78571428571428
322.139225806452 1020.258684621172 2875696282.149541 2890254137.3203106 315.0 40.0
279.0302 1020.3197238462068 2890254137.3203106 3154603989.1891227 167.0 37.333333333333336
121.557580645161 1021.4281089693465 3154603989.1891227 2899995895.313489 206.0 315.0
60.7111 1020.3605697916709 2899995895.313489 2483041953.537435 214.0 167.0
41.6522903225807 1018.449845215632 2483041953.537435 1982283983.633671 220.0 206.0
34.2437741935484 1015.8464715440816 1982283983.633671 1459638576.0656075 221.0 207.09677419354838
21.3034 1012.5583687572 1459638576.0656075 918183956.6785802 222.0 227.33333333333334
9.73222580645161 1008.2149685038096 918183956.6785802 627635184.6888286 111.70161290322581 221.0
7.27173333333333 1005.3874264780156 627635184.6888286 538623898.4754648 40.0 222.0
42.6832903225806 1004.6233811027937 538623898.4754648 550698206.927369 40.0 111.70161290322581
163.609451612903 1004.7270232354281 550698206.927369 890080917.0892403 40.0 38.70967741935484
305.377071428571 1007.9598042778383 890080917.0892403 1542222717.300701 40.0 44.285714285714285
515.583290322581 1013.1163697114912 1542222717.300701 2076153773.8899252 315.0 40.0
448.1112 1016.3596505218466 2076153773.8899252 2720358859.8813047 191.0 37.333333333333336
271.508322580645 1019.5613998120904 2720358859.8813047 2853019830.155661 212.0 315.0
125.965266666667 1020.1636051578854 2853019830.155661 2599873002.6685767 216.0 191.0
80.5058064516129 1018.9970632443493 2599873002.6685767 2201907965.990392 220.0 212.0
56.4302903225807 1017.02326103425 2201907965.990392 1736582405.7884789 221.0 209.03225806451613
35.7994333333333 1014.3795964524686 1736582405.7884789 1229286683.2681253 222.0 227.33333333333334
17.4331290322581 1010.8549355292104 1229286683.2681253 683129577.387591 213.68279569892474 221.0
11.4152333333333 1005.86377319646 683129577.387591 604690070.3503139 40.0 222.0
42.3448387096774 1005.1904727068696 604690070.3503139 616076133.1023364 40.0 213.68279569892474
282.83335483871 1005.2882071510929 616076133.1023364 1276197441.358437 40.0 38.70967741935484
526.084607142857 1011.2185848167321 1276197441.358437 2465681328.366313 40.0 44.285714285714285
441.858967741935 1018.3685308120201 2465681328.366313 2801158423.8312464 315.0 40.0
449.691966666667 1019.939852102254 2801158423.8312464 3465505237.773991 183.0 37.333333333333336
165.603064516129 1023.3423479828768 3465505237.773991 3301516512.543616 215.0 315.0
75.6662 1022.0808962503355 3301516512.543616 2910825817.512925 218.0 183.0
51.8997096774194 1020.4059782704944 2910825817.512925 2437194282.66863 219.0 215.0
37.5056129032258 1018.235102026551 2437194282.66863 1919299316.8839304 221.0 210.96774193548387
24.2406666666667 1015.4704436828891 1919299316.8839304 1380215062.4428954 222.0 226.3
13.5417096774194 1012.0217233948845 1380215062.4428954 799428279.5195907 222.0 221.0
8.4959 1007.0300336360983 799428279.5195907 618066985.6389002 76.75555555555556 222.0
67.8139677419355 1005.3052960140677 618066985.6389002 687356192.5691526 43.90860215053763 222.0
315.535870967742 1005.9000531551 687356192.5691526 1435790182.7501106 40.0 74.27956989247313
519.093035714286 1012.3972309645278 1435790182.7501106 2609119577.069666 40.0 48.613095238095234
637.365612903226 1019.0403727263216 2609119577.069666 3467765275.9778724 315.0 40.0
611.278466666667 1023.3597328921376 3467765275.9778724 4497500556.775289 201.0 37.333333333333336
372.049967741935 1027.2086004992843 4497500556.775289 4863689452.483945 220.0 315.0
150.201533333333 1028.1698260497603 4863689452.483945 4649063987.759657 221.0 201.0
104.528032258065 1027.6912865852219 4649063987.759657 4297252007.372524 221.0 220.0
77.6274193548387 1026.5708662655175 4297252007.372524 3869547174.6608706 221.0 213.8709677419355
50.0950666666667 1025.1236231910436 3869547174.6608706 3375396024.5173573 222.0 228.36666666666667
29.337064516129 1022.649200188595 3375396024.5173573 2813494786.2385983 222.0 221.0
19.3250666666667 1019.9976336591972 2813494786.2385983 2277630605.87273 222.0 222.0
87.2251290322581 1017.4228528014391 2277630605.87273 1927668083.1598122 222.0 222.0
407.438 1015.5204064666258 1927668083.1598122 2930086531.0277486 40.0 214.83870967741936
586.189178571429 1020.486735979152 2930086531.0277486 4273812494.584486 40.0 245.78571428571428
795.484806451613 1026.4962181356193 4273812494.584486 5553777705.398701 315.0 40.0
813.061033333333 1029.3102100145911 5553777705.398701 5896514176.318109 664.2805555555556 37.333333333333336
480.128290322581 1030.5521559120339 5896514176.318109 5890592174.403491 464.76075268817203 315.0
215.483233333333 1030.5293008446104 5890592174.403491 5835001383.415448 223.37222222222223 664.2805555555556
136.859709677419 1030.3146771560444 5835001383.415448 5561447943.361765 222.0 464.760752688172
104.647935483871 1029.3309403874641 5561447943.361765 5196308337.447423 222.0 216.16666666666669
75.7020333333333 1028.6497955807322 5196308337.447423 4757262975.093817 222.0 229.4
48.0892258064516 1028.0162524893128 4757262975.093817 4228170410.9677324 222.0 222.0
36.4143333333333 1026.350861181426 4228170410.9677324 3731797158.0782576 222.0 222.0
69.0377096774194 1024.6377324799937 3731797158.0782576 3338869160.16441 222.0 222.0
126.959258064516 1022.368224308957 3338869160.16441 3596416836.7601066 40.0 214.83870967741936
263.442714285714 1024.160200482399 3596416836.7601066 4161072083.645422 40.0 245.78571428571428
781.20964516129 1026.137172240909 4161072083.645422 5402899331.276899 315.0 40.0
445.711633333333 1028.9479066829392 5402899331.276899 5890006320.911575 241.68055555555554 37.333333333333336
237.183193548387 1030.5270398319915 5890006320.911575 5882702637.271548 222.34408602150538 315.0
119.766933333333 1030.4988518813573 5882702637.271548 5583367133.652375 222.0 241.68055555555554
82.0065806451613 1029.3901814423036 5583367133.652375 5167519010.354918 221.0 222.34408602150538
62.4445161290323 1028.6082525401946 5167519010.354918 4693740698.513031 221.0 214.83870967741936
43.3131 1027.8335691035447 4693740698.513031 4174463046.0291786 222.0 228.36666666666667
21.053935483871 1026.1798186179274 4174463046.0291786 3579012476.4959793 222.0 221.0
18.0287666666667 1024.0988094409029 3579012476.4959793 3037393070.787395 222.0 222.0
118.982064516129 1020.9366585777249 3037393070.787395 2775250132.4857187 222.0 222.0
505.424516129032 1019.8185017915022 2775250132.4857187 4045856329.676294 40.0 214.83870967741936
1142.19889285714 1025.745524972403 4045856329.676294 5902886684.1764765 386.6011904761905 245.78571428571428
1384.0545483871 1030.57674963876 5902886684.1764765 5906892281.467541 1379.6236559139784 40.0
1029.1991 1030.592208633451 5906892281.467541 5900350937.7639475 1015.0527777777778 360.8277777777778
628.869709677419 1030.5669633104096 5900350937.7639475 5893232031.662462 613.9435483870968 1379.6236559139784
285.549833333333 1030.5394889729682 5893232031.662462 5887209088.924363 274.25555555555553 1015.0527777777778
175.252548387097 1030.5162443397594 5887209088.924363 5715261800.865265 222.14247311827958 613.9435483870968
131.746967741936 1029.852362165503 5715261800.865265 5421554501.346781 222.0 265.4086021505376
92.7500666666667 1028.9748261202694 5421554501.346781 5025608088.705925 222.0 229.54722222222225
57.665 1028.4034748754775 5025608088.705925 4519818719.126093 222.0 222.0
69.6110666666667 1027.2796774494461 4519818719.126093 4108625451.657208 222.0 222.0
104.426483870968 1025.9669328100783 4108625451.657208 3812057557.401626 222.0 222.0
223.112225806452 1024.9208379449792 3812057557.401626 4330531050.142384 40.0 214.83870967741936
463.748178571429 1026.6768504781603 4330531050.142384 5383404216.966976 40.0 245.78571428571428
440.777451612903 1028.9197752048585 5383404216.966976 5712882653.524209 315.0 40.0
328.4019 1029.8431762684334 5712882653.524209 5887915895.283994 244.375 37.333333333333336
189.986838709677 1030.5189721516106 5887915895.283994 5760062507.245432 220.34408602150538 315.0
115.086433333333 1030.0253378658126 5760062507.245432 5451918819.239009 221.0 244.375
88.146 1029.034915727673 5451918819.239009 5052982009.380729 221.0 220.34408602150538
67.9768064516129 1028.4429754825119 5052982009.380729 4594487421.440062 221.0 213.8709677419355
48.0371333333333 1027.5174758644587 4594487421.440062 4088258076.4812226 222.0 228.36666666666667
31.1604516129032 1025.895090216865 4088258076.4812226 3520612614.35574 222.0 221.0
37.0707333333333 1023.7662508796595 3520612614.35574 3028517192.2213583 222.0 222.0
54.1066451612903 1020.8994431539679 3028517192.2213583 2592300122.3583136 222.0 222.0
213.558516129032 1018.9615930789616 2592300122.3583136 3077482241.3417187 40.0 214.83870967741936
303.007357142857 1021.1047473431519 3077482241.3417187 3735105265.571397 40.0 245.78571428571428
518.175774193549 1024.6494012894934 3735105265.571397 4273133349.8058987 315.0 40.0
636.139866666666 1026.4940552541589 4273133349.8058987 5383737726.032311 193.0 37.333333333333336
413.18735483871 1028.9202564589211 5383737726.032311 5853534600.821629 221.0 315.0
183.440366666667 1030.3862339800064 5853534600.821629 5718912620.127493 222.0 193.0
115.014935483871 1029.8664579927704 5718912620.127493 5387901547.990502 222.0 221.0
85.7002580645161 1028.9262648600152 5387901547.990502 4972815262.704608 222.0 214.83870967741936
59.9293 1028.3272947513774 4972815262.704608 4494241720.837793 222.0 229.4
36.361064516129 1027.1982220408847 4494241720.837793 3936432092.1828394 222.0 222.0
32.9351666666667 1025.3595488260416 3936432092.1828394 3431868447.127828 222.0 222.0
61.8636129032258 1023.0836034394449 3431868447.127828 3017985618.177775 222.0 222.0
224.013225806452 1020.8552856108083 3017985618.177775 3533826390.513241 40.0 214.83870967741936
331.442714285714 1023.8678953116404 3533826390.513241 4263066165.9743896 40.0 245.78571428571428
585.414741935484 1026.461994159154 4263066165.9743896 4980571499.605142 315.0 40.0
530.715533333333 1028.3384870124173 4980571499.605142 5787279024.435559 204.0 37.333333333333336
342.166096774194 1030.1304209437667 5787279024.435559 5888144772.182355 286.98924731182797 315.0
164.600666666667 1030.519855467256 5888144772.182355 5703660619.378725 222.375 204.0
106.053258064516 1029.8075699589913 5703660619.378725 5348806094.585218 222.0 286.989247311828
79.5767096774194 1028.8698500643366 5348806094.585218 4914816560.566308 223.0 215.2016129032258
53.0012666666667 1028.2436025404998 4914816560.566308 4413594491.511477 224.0 229.4
36.3235483870968 1026.9413837309282 4413594491.511477 3848478226.284574 225.0 223.0
27.9102 1025.0493059128203 3848478226.284574 3326075816.5935802 224.0 224.0
66.388064516129 1022.2698139737968 3326075816.5935802 2918500508.8968096 224.0 225.0
216.662483870968 1020.4381572700075 2918500508.8968096 3413834190.673936 40.0 216.7741935483871
338.498142857143 1022.9448783897996 3413834190.673936 4159604370.1278925 40.0 248.0
316.20564516129 1026.1324979940377 4159604370.1278925 4156512742.15439 315.0 40.0
245.134933333333 1026.1226520450775 4156512742.15439 4243686762.8054705 198.0 37.333333333333336
123.089064516129 1026.400276314667 4243686762.8054705 3973290365.7202897 210.0 315.0
69.729 1025.489560372911 3973290365.7202897 3572720871.770995 214.0 198.0
52.2432580645161 1024.0766168316436 3572720871.770995 3100158520.1170983 217.0 210.0
40.308935483871 1021.1998260801555 3100158520.1170983 2584508605.212332 221.0 207.09677419354838
26.5055666666667 1018.9250988534535 2584508605.212332 2046818054.8867283 221.0 224.23333333333332
20.3899032258065 1016.2048446168164 2046818054.8867283 1475917693.79162 222.0 221.0
16.3810333333333 1012.6683627958893 1475917693.79162 936643056.0993382 222.0 221.0
66.2608064516129 1008.3790493875496 936643056.0993382 687659251.4067881 161.3494623655914 222.0
