322.045903225806 1024.3303225820105 3644646452.0 3952738332.692307 217.0 56.18329032258064
643.509857142857 1025.4170664292496 3952738332.692307 5028040500.1710005 210.0 59.67067857142857
785.285774193548 1028.4069848487316 5028040500.1710005 5896267125.490547 458.3198924731183 217.0
810.8132 1030.5512024568675 5896267125.490547 5896478279.181065 794.0694444444445 196.0
709.144935483871 1030.5520173724826 5896478279.181065 5894653633.696746 692.239247311828 458.3198924731183
400.573266666667 1030.544975430219 5894653633.696746 5889244544.975966 389.0388888888889 794.0694444444445
209.112838709677 1030.5240998734064 5889244544.975966 5832198082.67448 212.9220430107527 692.239247311828
155.613161290323 1030.30385360106 5832198082.67448 5625113825.252514 213.0 376.4892473118279
113.363733333333 1029.5043004836004 5625113825.252514 5299434245.300783 215.0 220.01944444444447
89.1516451612903 1028.7986064145755 5299434245.300783 4886871689.997617 218.0 213.0
132.6879 1028.2032780519446 4886871689.997617 4638081997.142107 222.0 215.0
183.475935483871 1027.6563120928092 4638081997.142107 4557885400.848002 221.0 218.0
219.466193548387 1027.400908919898 4557885400.848002 4613644376.04926 210.0 214.83870967741936
529.413142857143 1027.5784852740421 4613644376.04926 5414580707.377211 210.0 244.67857142857142
573.648451612903 1028.9647629255082 5414580707.377211 5892506363.095431 392.36290322580646 210.0
434.0214 1030.5366883652912 5892506363.095431 5889791930.373911 418.4194444444444 196.0
242.016225806452 1030.526212424256 5889791930.373911 5886372534.532549 225.7231182795699 392.36290322580646
141.2042 1030.513015785074 5886372534.532549 5668156746.13391 212.0361111111111 418.4194444444444
112.736064516129 1029.6704893673125 5668156746.13391 5352740975.499049 214.0 225.7231182795699
95.8503870967742 1028.875528103173 5352740975.499049 4972939831.216126 219.0 205.19623655913978
70.4100666666667 1028.3274745039193 4972939831.216126 4503353101.221586 229.0 221.13333333333333
51.7662903225806 1027.227239175865 4503353101.221586 3930543169.301301 243.0 219.0
33.0551333333333 1025.3387766112921 3930543169.301301 3338373389.064276 256.0 229.0
89.5234193548387 1022.3644106851099 3338373389.064276 2907060624.4372993 256.0 243.0
197.699193548387 1020.390191297431 2907060624.4372993 2894749784.7350554 210.0 247.74193548387098
483.033035714286 1020.3385735209017 2894749784.7350554 3587647381.1214137 205.0 283.42857142857144
883.652032258065 1024.1292676582766 3587647381.1214137 5104239197.664822 315.0 210.0
711.757666666667 1028.51693967917 5104239197.664822 5894724484.79083 390.73055555555555 191.33333333333334
355.195741935484 1030.5452488692613 5894724484.79083 5888376249.734994 339.991935483871 315.0
161.613233333333 1030.520748819732 5888376249.734994 5719147675.49744 213.48333333333332 390.73055555555555
116.846161290323 1029.8673655424611 5719147675.49744 5411719366.170121 215.0 339.991935483871
91.6212580645161 1028.9606340060175 5411719366.170121 5017723810.098242 220.0 206.59677419354838
67.8172333333333 1028.3920978500696 5017723810.098242 4541154776.028153 229.0 222.16666666666666
48.4465161290323 1027.3476266752489 4541154776.028153 3953797850.6884847 245.0 220.0
51.3012333333333 1025.4208037061321 3953797850.6884847 3419080187.455047 252.0 229.0
84.7457096774193 1022.9852322111927 3419080187.455047 2977982468.5318027 255.0 245.0
209.807322580645 1020.6875575200495 2977982468.5318027 3001265533.523756 209.0 243.8709677419355
689.364428571429 1020.7851804340619 3001265533.523756 4183312943.2603807 210.0 282.32142857142856
568.289064516129 1026.208003004014 4183312943.2603807 4855038746.526946 315.0 209.0
576.527233333333 1028.1573430685814 4855038746.526946 5762625176.7442875 211.0 196.0
381.711483870968 1030.035232342642 5762625176.7442875 5888849016.823638 317.0698924731183 315.0
185.7957 1030.522573392544 5888849016.823638 5784107780.869466 212.70833333333334 211.0
126.033225806452 1030.1181767601138 5784107780.869466 5508741197.241204 212.0 317.0698924731183
97.3777741935484 1029.1884897222735 5508741197.241204 5151145235.914497 212.0 205.84677419354838
66.5694 1028.5846251600497 5151145235.914497 4711961240.523691 213.0 219.06666666666666
46.5674838709677 1027.8915963074003 4711961240.523691 4197906878.573915 215.0 212.0
36.6345333333333 1026.2544805050125 4197906878.573915 3715125957.551472 217.0 213.0
71.4001612903226 1024.578927539864 3715125957.551472 3336516630.993351 219.0 215.0
217.974064516129 1022.3501279307181 3336516630.993351 3378679601.7141514 211.0 210.0
492.893857142857 1022.6744584747242 3378679601.7141514 4084001544.301252 211.0 242.46428571428572
366.69335483871 1025.880075994008 4084001544.301252 4216144682.1175213 315.0 211.0
391.213866666667 1026.3125626819028 4216144682.1175213 4646963749.122332 211.0 196.93333333333334
225.662064516129 1027.684597927141 4646963749.122332 4642654946.125402 212.0 315.0
133.237333333333 1027.6708756246032 4642654946.125402 4408372180.473273 212.0 211.0
85.2490967741936 1026.9247521671123 4408372180.473273 4030582492.1774383 212.0 212.0
63.7061290322581 1025.6916490023896 4030582492.1774383 3586365780.8172526 214.0 205.16129032258064
44.3738666666667 1024.1247470222831 3586365780.8172526 3089383525.985604 219.0 219.06666666666666
29.2655161290322 1021.1546479076965 3089383525.985604 2519827899.9103494 226.0 214.0
19.9402333333333 1018.6221447302593 2519827899.9103494 1952771439.7618985 235.0 219.0
45.8698387096774 1015.6702772523099 1952771439.7618985 1447713083.816723 238.0 226.0
275.221193548387 1012.4777911068697 1447713083.816723 1633134836.0317645 211.0 227.41935483870967
551.286071428571 1013.7306407839984 1633134836.0317645 2473245960.6716323 210.0 263.5
549.275483870968 1018.4039623450661 2473245960.6716323 3096264177.536042 315.0 211.0
453.0279 1021.1834975997318 3096264177.536042 3691746387.215927 212.0 196.0
251.113419354839 1024.4964599196328 3691746387.215927 3729274399.4029922 224.0 315.0
131.736766666667 1024.6288338603279 3729274399.4029922 3485088218.662424 216.0 212.0
91.9488709677419 1023.4929862974033 3485088218.662424 3103349706.7485433 223.0 224.0
70.1550967741935 1021.213206317604 3103349706.7485433 2621954962.7376823 238.0 209.03225806451613
52.898 1019.1004916287479 2621954962.7376823 2048802640.593048 261.0 230.43333333333334
38.8994516129032 1016.2153173646071 2048802640.593048 1388716552.8467822 274.0 238.0
44.6923333333333 1012.0791658976134 1388716552.8467822 785858093.2462078 275.0 261.0
68.3542258064516 1006.8908522384226 785858093.2462078 687364612.8548596 107.14516129032258 274.0
118.701903225806 1005.9001254322305 687364612.8548596 687287109.3842119 121.73387096774194 266.1290322580645
163.442892857143 1005.899460166388 687287109.3842119 687898730.8572638 166.14583333333334 118.625
127.196838709677 1005.9047101361137 687898730.8572638 686121100.1091834 127.19354838709677 121.73387096774194
175.352066666667 1005.889451503083 686121100.1091834 687936780.5371525 170.85833333333332 155.06944444444446
101.320064516129 1005.9050367428081 687936780.5371525 687588297.2253473 97.44623655913979 127.19354838709677
58.3389666666667 1005.9020454697454 687588297.2253473 687494631.5035908 55.272222222222226 170.85833333333332
41.7728709677419 1005.9012414721337 687494631.5035908 681453423.1771684 40.03225806451613 97.44623655913979
32.6314516129032 1005.8493856066709 681453423.1771684 649377571.7044414 40.0 53.48924731182796
21.9208 1005.5740564094801 649377571.7044414 587971744.9539382 40.0 41.36666666666667
10.8536774193548 1005.0469677678449 587971744.9539382 494465057.97210723 40.0 40.0
17.3578 1004.2443352615632 494465057.97210723 431928849.4932992 40.0 40.0
37.3014516129032 1003.7075437724747 431928849.4932992 429209627.98670536 40.0 40.0
201.538193548387 1003.6842028153364 429209627.98670536 687946402.313813 107.79838709677419 38.70967741935484
659.617321428572 1005.9051193331658 687946402.313813 1783468273.845153 211.0 44.285714285714285
1080.25241935484 1014.6595120826577 1783468273.845153 3828567135.451529 315.0 107.79838709677419
895.072966666667 1024.9790727881887 3828567135.451529 5564431234.310415 211.0 196.93333333333334
543.825258064516 1029.339003335974 5564431234.310415 5891722656.012587 404.241935483871 315.0
224.001266666667 1030.5336637667724 5891722656.012587 5884595015.255271 213.13611111111112 211.0
134.021806451613 1030.5061557192528 5884595015.255271 5629746250.107131 212.0 404.241935483871
96.0624516129032 1029.52218629385 5629746250.107131 5268023603.20167 212.0 206.26075268817206
65.9179666666667 1028.7532808127007 5268023603.20167 4829220740.941607 212.0 219.06666666666666
43.6194838709677 1028.1200876492665 4829220740.941607 4311541554.307448 213.0 212.0
40.2008 1026.6163743767752 4311541554.307448 3842872421.723081 215.0 212.0
70.7292258064516 1025.0295323517569 3842872421.723081 3471123968.355222 216.0 213.0
406.292612903226 1023.3855689873479 3471123968.355222 4020643703.29027 211.0 208.06451612903226
701.2355 1025.6565915459973 4020643703.29027 5233613264.131382 211.0 239.14285714285714
673.144322580645 1028.7036266437683 5233613264.131382 5894278592.848626 423.6532258064516 211.0
359.758866666667 1030.5435280169972 5894278592.848626 5888478263.741042 345.35 196.93333333333334
152.153709677419 1030.5211425273023 5888478263.741042 5680689463.464834 212.4784946236559 423.6532258064516
92.4419333333333 1029.718878237316 5680689463.464834 5337647743.736721 212.0 345.35
72.9201935483871 1028.8537485479605 5337647743.736721 4922418001.174398 212.0 212.4784946236559
58.5487096774193 1028.254571430266 4922418001.174398 4458129820.740669 214.0 205.16129032258064
40.2354333333333 1027.08321598962 4458129820.740669 3938113337.6655097 220.0 219.06666666666666
26.094 1025.3654791452045 3938113337.6655097 3337614063.2336483 230.0 214.0
21.0259 1022.3585697171819 3337614063.2336483 2750348527.1383533 243.0 220.0
37.604064516129 1019.7018666376504 2750348527.1383533 2204595233.4467225 246.0 230.0
87.1814838709678 1017.0374418651542 2204595233.4467225 1891842830.8231199 210.0 235.16129032258064
229.777357142857 1015.3065243631231 1891842830.8231199 1960734479.8994913 207.0 272.35714285714283
322.139225806452 1015.7178177904448 1960734479.8994913 1976360956.2907858 315.0 210.0
279.0302 1015.8111101868108 1976360956.2907858 2130287810.2961688 212.0 193.2
121.557580645161 1016.6453182601381 2130287810.2961688 1781420457.7007582 244.0 315.0
60.7111 1014.6472863146314 1781420457.7007582 1305872881.8161905 239.0 212.0
41.6522903225807 1011.4486269908232 1305872881.8161905 686360051.485606 268.0537634408602 244.0
34.2437741935484 1005.8915025878592 686360051.485606 658548126.7217892 40.0 231.29032258064515
21.3034 1005.6527736199295 658548126.7217892 595463598.4198837 40.0 276.9888888888889
9.73222580645161 1005.1112755229174 595463598.4198837 498890537.0548644 40.0 40.0
7.27173333333333 1004.2823222064795 498890537.0548644 410235054.6973499 40.0 40.0
42.6832903225806 1003.5213309416081 410235054.6973499 421882283.8387046 40.0 40.0
163.609451612903 1003.6213071574138 421882283.8387046 688069194.7349776 67.03494623655914 38.70967741935484
305.377071428571 1005.9061733453646 688069194.7349776 931520763.9032544 208.0 44.285714285714285
515.583290322581 1008.3335179013623 931520763.9032544 1466250767.4729466 315.0 67.03494623655914
448.1112 1012.6030457261686 1466250767.4729466 2055183982.4745142 214.0 194.13333333333333
271.508322580645 1016.2489919919499 2055183982.4745142 2101685891.8080065 246.0 315.0
125.965266666667 1016.4943846533404 2101685891.8080065 1800818375.7100594 236.0 214.0
80.5058064516129 1014.7630947803586 1800818375.7100594 1243420049.9246912 282.0 246.0
56.4302903225807 1010.9644965110441 1243420049.9246912 687443614.9892042 258.5779569892473 228.38709677419354
35.7994333333333 1005.900803562139 687443614.9892042 661486456.4925308 40.0 291.4
17.4331290322581 1005.6779953346997 661486456.4925308 584741016.7883588 40.0 258.5779569892473
11.4152333333333 1005.0192361956082 584741016.7883588 506573420.31106234 40.0 40.0
42.3448387096774 1004.3482697022408 506573420.31106234 517633102.7482619 40.0 40.0
282.83335483871 1004.4432025986974 517633102.7482619 839746517.9552015 165.6720430107527 38.70967741935484
526.084607142857 1007.4435540303098 839746517.9552015 1614618444.213167 210.0 44.285714285714285
441.858967741935 1013.6055300284673 1614618444.213167 1951114470.81433 315.0 165.6720430107527
449.691966666667 1015.6603849003841 1951114470.81433 2543388268.203654 213.0 196.0
165.603064516129 1018.7324977433426 2543388268.203654 2311516954.11658 243.0 315.0
75.6662 1017.60167258109 2311516954.11658 1889777814.6538103 232.0 213.0
51.8997096774194 1015.294195908381 1889777814.6538103 1324740406.7797718 256.0 243.0
37.5056129032258 1011.5948868742619 1324740406.7797718 683698180.2977628 271.1747311827957 224.51612903225808
24.2406666666667 1005.8686539081352 683698180.2977628 627955900.4895548 40.0 264.53333333333336
13.5417096774194 1005.3901794033437 627955900.4895548 541192926.1521043 40.0 271.1747311827957
8.4959 1004.6454328425073 541192926.1521043 455589200.8076007 40.0 40.0
67.8139677419355 1003.9106369168034 455589200.8076007 534808893.57297224 40.0 40.0
315.535870967742 1004.5906342795963 534808893.57297224 918180770.7632507 175.6048387096774 38.70967741935484
519.093035714286 1008.2149401845621 918180770.7632507 1676522233.462384 210.0 44.285714285714285
637.365612903226 1014.021028259477 1676522233.462384 2536262424.308999 315.0 175.6048387096774
611.278466666667 1018.6991214253349 2536262424.308999 3544789506.000559 212.0 196.0
372.049967741935 1023.9522269692351 3544789506.000559 3932840531.1758432 214.0 315.0
150.201533333333 1025.3468801805143 3932840531.1758432 3745725245.961927 212.0 212.0
104.528032258065 1024.6868615377846 3745725245.961927 3421113101.3498945 213.0 214.0
77.6274193548387 1023.0008700103839 3421113101.3498945 3018187580.8136997 215.0 205.16129032258064
50.0950666666667 1020.8561324143132 3018187580.8136997 2542498085.19516 219.0 220.1
29.337064516129 1018.728328267893 2542498085.19516 1981569598.6309772 225.0 215.0
19.3250666666667 1015.8422065589909 1981569598.6309772 1424950403.5409725 231.0 219.0
87.2251290322581 1012.3239892131147 1424950403.5409725 1052925945.5162194 229.0 225.0
407.438 1009.4126750712552 1052925945.5162194 1591126816.1950097 211.0 223.5483870967742
586.189178571429 1013.4468028121285 1591126816.1950097 2513251308.6801333 211.0 253.53571428571428
795.484806451613 1018.5913410242629 2513251308.6801333 3795197027.550537 315.0 211.0
813.061033333333 1024.861365176545 3795197027.550537 5319048188.869619 211.0 196.93333333333334
480.128290322581 1028.8269093634483 5319048188.869619 5890589693.423388 249.8494623655914 315.0
215.483233333333 1030.5292912696443 5890589693.423388 5860409111.023524 213.5388888888889 211.0
136.859709677419 1030.4127764904383 5860409111.023524 5613330308.757567 212.0 249.8494623655914
104.647935483871 1029.471162996642 5613330308.757567 5274642393.942152 212.0 206.6505376344086
75.7020333333333 1028.7628317372903 5274642393.942152 4861114917.7932 212.0 219.06666666666666
48.0892258064516 1028.1661109924867 4861114917.7932 4355072818.50447 213.0 212.0
36.4143333333333 1026.755008976129 4355072818.50447 3876488922.694549 215.0 212.0
69.0377096774194 1025.1481090747602 3876488922.694549 3500329999.6746283 216.0 213.0
126.959258064516 1023.6102307667279 3500329999.6746283 3301869900.371294 210.0 208.06451612903226
263.442714285714 1022.0836146182407 3301869900.371294 3449785218.2075644 211.0 239.14285714285714
781.20964516129 1023.2214247554429 3449785218.2075644 4692263298.444403 315.0 210.0
445.711633333333 1027.8288640077847 4692263298.444403 5261924606.933166 211.0 196.93333333333334
237.183193548387 1028.7444799522846 5261924606.933166 5286209431.43389 212.0 315.0
119.766933333333 1028.7795229890821 5286209431.43389 5015054672.6329155 212.0 211.0
82.0065806451613 1028.3882462808556 5015054672.6329155 4619839503.610797 214.0 212.0
62.4445161290323 1027.598214979652 4619839503.610797 4154638123.4156337 219.0 205.16129032258064
43.3131 1026.1166819217058 4154638123.4156337 3629762102.6972785 226.0 221.13333333333333
21.053935483871 1024.277820468068 3629762102.6972785 2988768452.046558 242.0 219.0
18.0287666666667 1020.7327817695873 2988768452.046558 2363662101.7959423 255.0 226.0
118.982064516129 1017.8768448643585 2363662101.7959423 2018763379.491998 252.0 242.0
505.424516129032 1016.0567988363694 2018763379.491998 2825621482.031828 211.0 246.7741935483871
1142.19889285714 1020.0487273879742 2825621482.031828 5102346129.8651285 211.0 279.0
1384.0545483871 1028.5142079796033 5102346129.8651285 5906890933.704473 1080.784946236559 211.0
1029.1991 1030.592203431964 5906890933.704473 5900349589.837245 1015.0527777777778 196.93333333333334
628.869709677419 1030.5669581082911 5900349589.837245 5893230684.879075 613.9435483870968 1080.784946236559
285.549833333333 1030.5394837752622 5893230684.879075 5887207742.667019 274.25555555555553 1015.0527777777778
175.252548387097 1030.5162391440836 5887207742.667019 5741790590.662787 212.19623655913978 613.9435483870968
131.746967741936 1029.954789925339 5741790590.662787 5474543099.568032 212.0 265.4086021505376
92.7500666666667 1029.096062431265 5474543099.568032 5104217917.254288 212.0 219.26944444444445
57.665 1028.5169089715068 5104217917.254288 4624593012.804138 212.0 212.0
69.6110666666667 1027.6133535439621 4624593012.804138 4236431524.4323063 213.0 212.0
104.426483870968 1026.3771704599756 4236431524.4323063 3961728138.1830015 214.0 212.0
223.112225806452 1025.4487765015274 3961728138.1830015 4021827968.6652684 211.0 206.1290322580645
463.748178571429 1025.6607688489075 4021827968.6652684 4659297714.024606 211.0 236.92857142857142
440.777451612903 1027.723878070142 4659297714.024606 4989225355.437049 315.0 211.0
328.4019 1028.35097453887 4989225355.437049 5254398204.178962 211.0 196.93333333333334
189.986838709677 1028.7336193422495 5254398204.178962 5152492005.633879 212.0 315.0
115.086433333333 1028.5865685506983 5152492005.633879 4869531742.710782 212.0 211.0
88.146 1028.1782564829882 4869531742.710782 4496725313.270476 212.0 212.0
67.9768064516129 1027.206131570925 4496725313.270476 4060509675.0186424 214.0 205.16129032258064
48.0371333333333 1025.7972122575613 4060509675.0186424 3571889720.6714807 217.0 219.06666666666666
31.1604516129032 1024.0736850817336 3571889720.6714807 3009229603.7008085 223.0 214.0
37.0707333333333 1020.8185727618483 3009229603.7008085 2495493357.4760547 231.0 217.0
54.1066451612903 1018.5081656087871 2495493357.4760547 2030682014.7588167 232.0 223.0
213.558516129032 1016.1196940092814 2030682014.7588167 2056362168.1277654 210.0 223.5483870967742
303.007357142857 1016.2552093304895 2056362168.1277654 2298873060.242751 209.0 256.85714285714283
518.175774193549 1017.5349501859776 2298873060.242751 2838823569.0198736 315.0 210.0
636.139866666666 1020.1040820503978 2838823569.0198736 3909104014.049451 212.0 195.06666666666666
413.18735483871 1025.2631534887105 3909104014.049451 4399362033.296983 216.0 315.0
183.440366666667 1026.8960574308821 4399362033.296983 4296021622.795174 212.0 212.0
115.014935483871 1026.5669478432967 4296021622.795174 3995732262.163019 213.0 216.0
85.7002580645161 1025.5687205014567 3995732262.163019 3607796231.886721 215.0 205.16129032258064
59.9293 1024.2003394422811 3607796231.886721 3150515344.778446 219.0 220.1
36.361064516129 1021.4109658061989 3150515344.778446 2609887781.828421 222.0 215.0
32.9351666666667 1019.0439708750746 2609887781.828421 2089118893.151231 230.0 219.0
61.8636129032258 1016.4280680377374 2089118893.151231 1648936930.7383819 230.0 222.0
224.013225806452 1013.8374116941783 1648936930.7383819 1698007707.8947732 211.0 222.58064516129033
331.442714285714 1014.1492997486256 1698007707.8947732 2002825135.1571937 211.0 254.64285714285714
585.414741935484 1015.9691052845207 2002825135.1571937 2723108474.6766315 315.0 211.0
530.715533333333 1019.574278569914 2723108474.6766315 3522297917.80261 212.0 196.93333333333334
342.166096774194 1023.7792147523278 3522297917.80261 3830713594.6139417 214.0 315.0
164.600666666667 1024.9866440727124 3830713594.6139417 3681317552.214605 212.0 212.0
106.053258064516 1024.459673905519 3681317552.214605 3364086517.3508825 212.0 214.0
79.5767096774194 1022.5622039796223 3364086517.3508825 2972292657.7737937 213.0 205.16129032258064
53.0012666666667 1020.6637008711689 2972292657.7737937 2517424917.503461 214.0 219.06666666666666
36.3235483870968 1018.6108895433417 2517424917.503461 1999344638.204639 216.0 213.0
27.9102 1015.9483261982367 1999344638.204639 1498531287.6316967 218.0 214.0
66.388064516129 1012.8211573488628 1498531287.6316967 1095041842.2024758 220.0 216.0
216.662483870968 1009.7870385973553 1095041842.2024758 1120941923.2062495 211.0 210.96774193548387
338.498142857143 1010.0150536682655 1120941923.2062495 1439881787.561175 211.0 243.57142857142858
316.20564516129 1012.4248769429809 1439881787.561175 1440265753.3751974 315.0 211.0
245.134933333333 1012.4274713065892 1440265753.3751974 1510241636.8447077 212.0 196.93333333333334
123.089064516129 1012.9002813300318 1510241636.8447077 1252833904.9278948 213.0 315.0
69.729 1011.037472131224 1252833904.9278948 868425877.1643617 214.0 212.0
52.2432580645161 1007.7377013042499 868425877.1643617 687521268.2623141 115.66129032258064 213.0
40.308935483871 1005.9014701138395 687521268.2623141 675725517.6628075 40.05913978494624 207.09677419354838
26.5055666666667 1005.8002190357322 675725517.6628075 625901068.4230089 40.0 119.51666666666667
20.3899032258065 1005.3725413598542 625901068.4230089 557405939.4868712 40.0 40.05913978494624
16.3810333333333 1004.784600338943 557405939.4868712 492167496.23011166 40.0 40.0
66.2608064516129 1004.224613701546 492167496.23011166 567341981.165399 40.0 40.0
