0.008010673875633811
0.30241691289182016
1.1276126268688098
1.3047939187638125
1.3672359608730207
0.6225693768982707
0.08658610403165479
0.08086108264765657
0.04863816887422001
0.05703864132965497
0.02836010237564146
0.04340771601694726
0.06446975451524661
0.22136978354839104
1.2353898487929331
0.7121776304555623
0.14576636539555154
0.06240782542697598
0.07067026012665245
0.05779767049179829
0.029893027974091435
0.037143965104265764
0.005884052004601292
0.010510034613740338
0.14779987137970457
0.4723988595962022
0.6021986528480927
1.3051050210472062
0.5072370920097979
0.06403964472347312
0.07398454516758857
0.05957656737162742
0.03397560991401605
0.039341060607384515
0.004216241133077947
0.008620826798232506
0.14861181515878796
0.47082183907189434
0.38394981226620495
1.1430673190604053
0.5873686214901335
0.067795527816081
0.07769228734880163
0.0632168529827637
0.03328883556406992
0.04354692473624999
0.0003299933974592051
0.0028548827137253596
0.1653972094080865
0.4702633903614352
0.36772590478244915
0.004355989321532583
0.05809799128819748
0.05282236325362699
0.052886779277037776
0.044412736633217986
0.005256312311714972
0.0009643339339606705
0.05658896452798312
0.08074084850076457
0.20217877527715405
0.4832033626911757
0.31012770065937867
0.017876652267123205
0.055700634464666776
0.03734091623614644
0.05228580866778498
0.04422878905336547
0.0057178462007593245
0.0008051868837192222
0.05231169290916571
0.07246968983037771
0.20708010844208785
0.4860655935357429
0.2674205638447049
0.12424041967524829
0.08613798056526673
0.12180184732357074
0.1422489143149891
0.18397337665936175
0.2686004127798158
0.5178552327963778
0.5218977331125482
0.5220649110462352
0.4242330995458813
0.5213099312819995
0.10139185510314075
0.14387435642546453
1.1037673256079144
0.0825955779601878
0.0832674666037605
0.06841409239605278
0.03858582055807436
0.045886163447327544
0.004892880264182553
0.0001498934636514626
0.1523622166979423
0.44610738979794645
1.3668702681380884
0.48891729732919087
0.08500108541656837
0.05086875623535625
0.05732307557492089
0.048071264149093795
0.02078377622780947
0.006031513595007643
0.045486105364556106
0.07276414715225554
0.203099096724927
0.4884779270074941
0.17417606303785493
0.11535149446803522
0.06658569813069959
0.10187706231371524
0.11394350557762117
0.1541171741057093
0.21530727777488656
0.39134101062692983
0.5206391041614611
0.521466645002718
0.43035524357958993
0.5225087311441368
0.034354150508601466
0.18528663207369134
0.10528458417374698
0.10955484824991968
0.11625628172793434
0.14650913694639583
0.19604470218759312
0.2708632931710019
0.5195879173028595
0.520096375206372
0.36794246902342465
0.5157871679387227
0.08490247167180343
0.1382541147798953
0.06103391817496895
0.09151155215269524
0.10424166386569222
0.13538957939075363
0.1951164915549009
0.27676918927307564
0.5196516441266686
0.5203642841519842
0.3475266495872394
0.5128819658275399
0.09782114931902708
0.09594368357780092
0.012891800231193629
0.011483350302112783
0.02186344959123432
0.013849064057099292
0.031963473963874334
0.06097984400761236
0.11215711621428792
0.13622655752338858
0.2461608566163619
0.4865618186426227
0.2952884905229104
0.9156549273615386
0.9018257660800473
0.06759515012586492
0.08257205973164794
0.0682379783522119
0.03610984652074778
0.05594250225508557
0.010228703645042025
0.0023542788966770534
0.1348660943449998
0.4715367171123808
0.3165332998952025
0.09169298230284384
0.13086854238369638
0.06235995520878124
0.07955370381587723
0.0573872894807248
0.02452479889656123
0.02140799253064385
0.026859059425240472
0.05483294952727924
0.19035169494343301
0.3683057110957878
1.368415815875839
1.3066870186061335
1.3679489582093538
0.27139850686425926
0.08401382739375696
0.07526356419542501
0.041571350549221786
0.05528776701746252
0.02017565460759796
0.020826938317697996
0.12079256862105608
0.4646508881659118
0.3858002789063838
0.08010249866309438
0.08477946688739235
0.056899396070014596
0.0627872244845945
0.055685373975048136
0.023223355078411778
0.019088242181231063
0.027844559119089674
0.052110655905361014
0.19999377538547253
0.47958323997813557
0.28436499286227024
0.03551440209386558
0.07400405105934993
0.06533238948891873
0.08060990601862483
0.06167731965840517
0.03179696994411485
0.04302658995302089
0.005235958073979807
0.012477642496502184
0.17124197760083432
0.47174331978944123
0.3286338937266544
0.006067097174400016
0.37316125130234123
0.0638217639506845
0.07445932429994018
0.05879079890078087
0.029875011614976632
0.037726010845554825
0.010556974912495964
0.01899091097827843
0.17609808229472357
0.4744961726490958
0.3199873238151827
0.04406624322768793
0.018049957411316653
0.011631834369570715
0.017553939402331853
0.05395727362210623
0.10792434134406492
0.13461273941585689
0.1959930040714526
0.23960410038924723
