322.045903225806 1024.3303225820105 3644646452.0 3539279956.988615 371.0 56.18329032258064
643.509857142857 1023.9098458229894 3539279956.988615 1020721309.2473677 1691.0 59.67067857142857
785.285774193548 1009.1264116377544 1020721309.2473677 691589194.2789259 907.491935483871 371.0
810.8132 1005.9363879337246 691589194.2789259 1577212301.5815134 464.0 1578.2666666666667
709.144935483871 1013.3527858214967 1577212301.5815134 2872467580.8634095 217.0 907.491935483871
400.573266666667 1020.2451470895741 2872467580.8634095 3354981984.887194 206.0 464.0
209.112838709677 1022.492169114517 3354981984.887194 3334866238.806565 205.0 217.0
155.613161290323 1022.3374326062044 3334866238.806565 3167459585.282276 205.0 199.3548387096774
113.363733333333 1021.482010839758 3167459585.282276 2889639405.895877 205.0 211.83333333333334
89.1516451612903 1020.3171463559576 2889639405.895877 2537708767.942893 205.0 205.0
132.6879 1018.705895868585 2537708767.942893 2340003087.4164114 205.0 205.0
183.475935483871 1017.7519951842554 2340003087.4164114 2294245736.2073073 205.0 205.0
219.466193548387 1017.5105315894845 2294245736.2073073 1346242965.4093623 579.0 198.38709677419354
529.413142857143 1011.7615733752664 1346242965.4093623 686987511.1860033 805.0595238095239 226.96428571428572
573.648451612903 1005.8968885080343 686987511.1860033 688980483.5410691 572.236559139785 579.0
434.0214 1005.9139955668761 688980483.5410691 688393916.1053448 430.4527777777778 751.3888888888889
242.016225806452 1005.9089606532647 688393916.1053448 744434312.0211585 217.0 572.236559139785
141.2042 1006.4659929438067 744434312.0211585 687519791.6562306 160.0361111111111 430.4527777777778
112.736064516129 1005.9014574391092 687519791.6562306 687457396.7928374 108.75537634408602 217.0
95.8503870967742 1005.9009218608827 687457396.7928374 687246068.4625494 91.25806451612904 154.8736559139785
70.4100666666667 1005.8991078837987 687246068.4625494 687610676.7360219 64.40833333333333 112.38055555555555
51.7662903225806 1005.9022375685495 687610676.7360219 687487550.9318544 45.473118279569896 91.25806451612904
33.0551333333333 1005.901180694694 687487550.9318544 664977491.661754 40.02777777777778 64.40833333333333
89.5234193548387 1005.7079613018176 664977491.661754 687712006.5804776 83.03494623655914 45.473118279569896
197.699193548387 1005.9031073526221 687712006.5804776 687815287.7689075 200.66397849462365 38.736559139784944
483.033035714286 1005.9039938864283 687815287.7689075 686012207.2580175 486.73511904761904 91.9315476190476
883.652032258065 1005.888516800498 686012207.2580175 688294037.5918878 882.1317204301075 200.66397849462365
711.757666666667 1005.9081033269689 688294037.5918878 1416876537.2372818 425.76944444444445 454.2861111111111
355.195741935484 1012.269436062414 1416876537.2372818 1774065920.3132389 215.0 882.1317204301075
161.613233333333 1014.6033786287358 1774065920.3132389 1647197246.7346983 205.0 425.76944444444445
116.846161290323 1013.8256570725317 1647197246.7346983 1393362899.150875 205.0 215.0
91.6212580645161 1012.1105601293978 1393362899.150875 1071776966.8574178 205.0 198.38709677419354
67.8172333333333 1009.5802397053992 1071776966.8574178 698537033.6683819 205.0 211.83333333333334
48.4465161290323 1005.9960260400719 698537033.6683819 687461841.5907371 46.24193548387097 205.0
51.3012333333333 1005.9009600136543 687461841.5907371 687496918.8073115 49.56388888888889 205.0
84.7457096774193 1005.9012611056421 687496918.8073115 687382617.4046592 86.79032258064517 46.24193548387097
209.807322580645 1005.9002799777223 687382617.4046592 687422946.4171951 212.79569892473117 47.965053763440864
689.364428571429 1005.9006261495038 687422946.4171951 686797823.3553582 692.5803571428571 96.08928571428571
568.289064516129 1005.895260286312 686797823.3553582 689318621.7751745 566.6801075268817 212.79569892473117
576.527233333333 1005.9168980409886 689318621.7751745 1285015068.0962193 342.0 646.4083333333333
381.711483870968 1011.2869385123738 1285015068.0962193 1719325113.8783228 213.0 566.6801075268817
185.7957 1014.2765678440497 1719325113.8783228 1652671902.3752468 206.0 342.0
126.033225806452 1013.862647989022 1652671902.3752468 1423300756.7276883 205.0 213.0
97.3777741935484 1012.3128429508628 1423300756.7276883 1116769656.6245234 205.0 199.3548387096774
66.5694 1009.9801747255513 1116769656.6245234 737196396.8658619 206.0 211.83333333333334
46.5674838709677 1006.3917579165729 737196396.8658619 687458687.2481585 58.784946236559136 205.0
36.6345333333333 1005.9009329377524 687458687.2481585 674285523.5592228 40.0 206.0
71.4001612903226 1005.7878585713238 674285523.5592228 687671107.1055752 68.40322580645162 58.784946236559136
217.974064516129 1005.9027562841679 687671107.1055752 687934906.2509531 220.8790322580645 38.70967741935484
492.893857142857 1005.9050206545146 687934906.2509531 686702395.5690448 496.36011904761904 75.73214285714286
366.69335483871 1005.8944411636827 686702395.5690448 688333710.3511981 365.4166666666667 220.8790322580645
391.213866666667 1005.9084438656755 688333710.3511981 688347573.5888623 387.4138888888889 463.2694444444444
225.662064516129 1005.9085628634236 688347573.5888623 711447127.992343 213.0 365.4166666666667
133.237333333333 1006.1276628512035 711447127.992343 688004511.2765446 139.175 387.4138888888889
85.2490967741936 1005.9056181225454 688004511.2765446 687574165.6276041 81.40591397849462 213.0
63.7061290322581 1005.9019241684772 687574165.6276041 687588967.4155555 59.02956989247312 134.68548387096774
44.3738666666667 1005.9020512224511 687588967.4155555 683416193.1713364 40.13055555555555 84.11944444444445
29.2655161290322 1005.8662334177797 683416193.1713364 637967588.7374575 40.0 59.02956989247312
19.9402333333333 1005.4761166415232 637967588.7374575 581719230.1104298 40.0 40.13055555555555
45.8698387096774 1004.9932981125359 581719230.1104298 602485893.6785372 40.0 40.0
275.221193548387 1005.171552735438 602485893.6785372 688574584.5165037 246.07258064516128 38.70967741935484
551.286071428571 1005.9105114550772 688574584.5165037 686606478.1800984 555.0565476190476 44.285714285714285
549.275483870968 1005.8936178384557 686606478.1800984 687514144.1526227 548.2688172043011 246.07258064516128
453.0279 1005.9014089626834 687514144.1526227 688664747.9667044 448.7888888888889 518.0527777777777
251.113419354839 1005.911285390272 688664747.9667044 768957632.3101486 217.0 548.2688172043011
131.736766666667 1006.7175141775399 768957632.3101486 687432601.439031 160.04444444444445 448.7888888888889
91.9488709677419 1005.9007090252277 687432601.439031 687364417.2110422 87.97043010752688 217.0
70.1550967741935 1005.9001237528844 687364417.2110422 687458410.7268418 65.4489247311828 154.88172043010755
52.898 1005.9009305641789 687458410.7268418 687489665.2766044 47.025 90.90277777777779
38.8994516129032 1005.9011988435759 687489665.2766044 667595886.7892448 40.026881720430104 65.4489247311828
44.6923333333333 1005.7304367964741 667595886.7892448 675334640.7458171 40.0 47.025
68.3542258064516 1005.7968638690628 675334640.7458171 687567795.2324442 65.78763440860214 40.026881720430104
118.701903225806 1005.9018694869737 687567795.2324442 687634330.1245981 121.68010752688173 38.70967741935484
163.442892857143 1005.9024406019279 687634330.1245981 686949447.0856829 166.68154761904762 72.83630952380952
127.196838709677 1005.8965617775594 686949447.0856829 685690694.5959558 127.0 121.68010752688173
175.352066666667 1005.8857570351583 685690694.5959558 687348733.9587307 170.91944444444445 155.56944444444443
101.320064516129 1005.8999891326929 687348733.9587307 687792265.0415392 97.15053763440861 127.0
58.3389666666667 1005.903796266451 687792265.0415392 687554610.3843272 55.327777777777776 170.91944444444445
41.7728709677419 1005.9017563123118 687554610.3843272 681355650.7906047 40.09139784946237 97.15053763440861
32.6314516129032 1005.8485463587176 681355650.7906047 649280554.0238749 40.0 53.54301075268817
21.9208 1005.5732236396899 649280554.0238749 587875635.8769609 40.0 41.427777777777784
10.8536774193548 1005.046142797227 587875635.8769609 494369954.3281072 40.0 40.0
17.3578 1004.2435189212713 494369954.3281072 431834008.68153226 40.0 40.0
37.3014516129032 1003.7067296882535 431834008.68153226 429114471.6915418 40.0 40.0
201.538193548387 1003.6833860231034 429114471.6915418 687519522.3564208 107.92204301075269 38.70967741935484
659.617321428572 1005.9014551275229 687519522.3564208 687491883.2144372 662.5863095238095 44.285714285714285
1080.25241935484 1005.9012178816689 687491883.2144372 692835736.1228399 1077.5887096774193 107.92204301075269
895.072966666667 1005.9470878637153 692835736.1228399 2080157987.8311942 354.0 618.4138888888889
543.825258064516 1016.3807809384232 2080157987.8311942 2949278253.2457523 210.0 1077.5887096774193
224.001266666667 1020.5672044161247 2949278253.2457523 2977552125.962251 205.0 354.0
134.021806451613 1020.6857531486887 2977552125.962251 2760153530.969971 205.0 210.0
96.0624516129032 1019.747791714145 2760153530.969971 2438491602.2556 205.0 198.38709677419354
65.9179666666667 1018.2411784648974 2438491602.2556 2045183232.9666305 205.0 211.83333333333334
43.6194838709677 1016.1962175882144 2045183232.9666305 1581422630.451257 205.0 205.0
40.2008 1013.3812339895355 1581422630.451257 1147410650.8770108 205.0 205.0
70.7292258064516 1010.2202376036978 1147410650.8770108 794381444.3845994 205.0 205.0
406.292612903226 1006.9782712244574 794381444.3845994 688442158.7329926 448.8817204301075 198.38709677419354
701.2355 1005.9093747530728 688442158.7329926 688106711.620214 704.3333333333334 226.96428571428572
673.144322580645 1005.9064953787142 688106711.620214 686783589.4080433 672.9704301075269 448.8817204301075
359.758866666667 1005.8951381065068 686783589.4080433 688469597.3953756 355.31388888888887 657.3777777777779
152.153709677419 1005.9096102780718 688469597.3953756 687566040.579182 148.48655913978496 672.9704301075269
92.4419333333333 1005.9018544255723 687566040.579182 687695696.4618273 89.28888888888889 355.31388888888887
72.9201935483871 1005.9029673516036 687695696.4618273 687450181.0246676 69.00806451612904 148.48655913978496
58.5487096774193 1005.9008599229585 687450181.0246676 687533041.1686571 53.846774193548384 86.40860215053765
40.2354333333333 1005.9015711688296 687533041.1686571 672833928.7685149 40.07222222222222 71.30833333333334
26.094 1005.7753985302018 672833928.7685149 619045831.5281688 40.0 53.846774193548384
21.0259 1005.3136981247053 619045831.5281688 565659934.32601 40.0 40.07222222222222
37.604064516129 1004.8554500800516 565659934.32601 564197424.9429849 40.0 40.0
87.1814838709678 1004.8428963514419 564197424.9429849 687246840.5034455 44.13709677419355 38.70967741935484
229.777357142857 1005.8991145107591 687246840.5034455 687155686.2824754 232.77083333333334 44.285714285714285
322.139225806452 1005.8983320710942 687155686.2824754 688217349.396017 321.0752688172043 44.13709677419355
279.0302 1005.9074450591933 688217349.396017 688606114.8692007 275.0861111111111 217.2527777777778
121.557580645161 1005.9107821018815 688606114.8692007 687359876.1164997 118.01881720430107 321.0752688172043
60.7111 1005.9000847735322 687359876.1164997 687553947.9720852 57.53333333333333 275.0861111111111
41.6522903225807 1005.9017506263698 687553947.9720852 681033096.8721752 40.09139784946237 118.01881720430107
34.2437741935484 1005.8457776555551 681033096.8721752 653262290.9224268 40.0 55.67741935483871
21.3034 1005.607401638819 653262290.9224268 590227266.2713948 40.0 41.427777777777784
9.73222580645161 1005.0663284658489 590227266.2713948 493708984.1341952 40.0 40.0
7.27173333333333 1004.237845357375 493708984.1341952 405067821.7235088 40.0 40.0
42.6832903225806 1003.4769770105022 405067821.7235088 416697862.313032 40.0 40.0
163.609451612903 1003.5768056850903 416697862.313032 687968897.9785925 65.12903225806451 38.70967741935484
305.377071428571 1005.9053124290008 687968897.9785925 688364464.5403489 308.16964285714283 44.285714285714285
515.583290322581 1005.9087078501317 688364464.5403489 688483838.4894141 514.8709677419355 65.12903225806451
448.1112 1005.9097325192224 688483838.4894141 688561945.0443243 444.2861111111111 287.625
271.508322580645 1005.9104029617538 688561945.0443243 831229860.9545153 214.0 514.8709677419355
125.965266666667 1007.3562037020976 831229860.9545153 688048546.591569 177.9777777777778 444.2861111111111
80.5058064516129 1005.905996108082 688048546.591569 687470647.3832833 76.71774193548387 214.0
56.4302903225807 1005.9010355998564 687470647.3832833 687473970.8153982 51.75806451612903 172.23655913978496
35.7994333333333 1005.9010641271708 687473970.8153982 661480864.2461859 40.013888888888886 79.275
17.4331290322581 1005.6779473325853 661480864.2461859 584735483.0445924 40.0 51.75806451612903
11.4152333333333 1005.0191886956617 584735483.0445924 506567901.8605712 40.0 40.013888888888886
42.3448387096774 1004.3482223335672 506567901.8605712 517627565.9409106 40.0 40.0
282.83335483871 1004.4431550724541 517627565.9409106 687417716.2809759 222.40322580645162 38.70967741935484
526.084607142857 1005.9005812556306 687417716.2809759 685372607.877865 529.8869047619048 44.285714285714285
441.858967741935 1005.8830266770632 685372607.877865 688116942.8533881 440.1666666666667 222.40322580645162
449.691966666667 1005.9065832004583 688116942.8533881 688512257.9702395 445.74444444444447 494.5611111111112
165.603064516129 1005.9099764632638 688512257.9702395 687717640.9242316 161.8951612903226 440.1666666666667
75.6662 1005.9031557160878 687717640.9242316 687384777.2674317 72.69166666666666 445.74444444444447
51.8997096774194 1005.900298517317 687384777.2674317 687487893.6310375 47.85752688172043 161.8951612903226
37.5056129032258 1005.9011836363179 687487893.6310375 668298654.6198372 40.026881720430104 70.34677419354838
24.2406666666667 1005.7364691383676 668298654.6198372 612700596.6096048 40.0 49.45277777777778
13.5417096774194 1005.2592325889236 612700596.6096048 526097213.70810956 40.0 40.026881720430104
8.4959 1004.5158559116576 526097213.70810956 440535207.47809345 40.0 40.0
67.8139677419355 1003.7814180899406 440535207.47809345 519704823.8590765 40.0 40.0
315.535870967742 1004.4609856125243 519704823.8590765 687361325.217702 255.90860215053763 38.70967741935484
519.093035714286 1005.900097212169 687361325.217702 687928569.0290511 521.8154761904761 44.285714285714285
637.365612903226 1005.9049662577601 687928569.0290511 688011849.268223 636.6666666666666 255.90860215053763
611.278466666667 1005.9056811095984 688011849.268223 1273747604.74425 380.6111111111111 487.0277777777777
372.049967741935 1011.1995938352268 1273747604.74425 1679705784.3343954 214.0 636.6666666666666
150.201533333333 1014.0400345333397 1679705784.3343954 1521296327.895923 206.0 380.6111111111111
104.528032258065 1012.9749751884859 1521296327.895923 1235628040.8248432 205.0 214.0
77.6274193548387 1010.9040933397275 1235628040.8248432 878242905.8656337 205.0 199.3548387096774
50.0950666666667 1007.838388778109 878242905.8656337 687463834.2816128 117.625 211.83333333333334
29.337064516129 1005.9009771182971 687463834.2816128 642156394.8355844 40.00268817204301 205.0
19.3250666666667 1005.5120720586744 642156394.8355844 584304146.0810088 40.0 117.625
87.2251290322581 1005.0154862324549 584304146.0810088 687787773.8645124 50.54032258064516 40.00268817204301
407.438 1005.9037577155751 687787773.8645124 688073654.5711623 410.3360215053763 38.70967741935484
586.189178571429 1005.9062116272203 688073654.5711623 688283660.9549705 589.0595238095239 55.955357142857146
795.484806451613 1005.9080142571241 688283660.9549705 686533048.1893615 795.4704301075269 410.3360215053763
813.061033333333 1005.892987538106 686533048.1893615 1810226668.7418141 374.06944444444446 549.7888888888889
480.128290322581 1014.819263693981 1810226668.7418141 2505893182.9103055 212.0 795.4704301075269
215.483233333333 1018.5568767349429 2505893182.9103055 2511664728.1618915 206.0 374.06944444444446
136.859709677419 1018.5839097337794 2511664728.1618915 2304709746.872157 205.0 212.0
104.647935483871 1017.5657506431248 2304709746.872157 2009712181.590824 205.0 199.3548387096774
75.7020333333333 1016.0090352590545 2009712181.590824 1646217417.3348646 205.0 211.83333333333334
48.0892258064516 1013.819036603614 1646217417.3348646 1196493372.4645987 206.0 205.0
36.4143333333333 1010.600723817555 1196493372.4645987 751419736.692853 206.0 205.0
69.0377096774194 1006.5376383250549 751419736.692853 687498866.8739077 94.91397849462365 206.0
126.959258064516 1005.9012778272438 687498866.8739077 687606827.6230717 129.9220430107527 199.3548387096774
263.442714285714 1005.9022045289533 687606827.6230717 688808820.580498 265.9017857142857 105.08333333333333
781.20964516129 1005.9125220650686 688808820.580498 687098818.3787106 781.1801075268817 129.9220430107527
445.711633333333 1005.8978439345811 687098818.3787106 688560102.825751 441.35277777777776 248.175
237.183193548387 1005.9103871487189 688560102.825751 734379214.6110982 216.0 781.1801075268817
119.766933333333 1006.3628637396009 734379214.6110982 687326332.2890103 134.80555555555554 441.35277777777776
82.0065806451613 1005.8997968436825 687326332.2890103 687412889.7589126 77.97043010752688 216.0
62.4445161290323 1005.9005398262567 687412889.7589126 687526209.1242865 57.73118279569893 130.4569892473118
43.3131 1005.901512524672 687526209.1242865 680781428.2826391 40.06666666666667 80.56944444444444
21.053935483871 1005.8436174101514 680781428.2826391 613481425.0846878 40.0 57.73118279569893
18.0287666666667 1005.2659349792676 613481425.0846878 552353046.1959605 40.0 40.06666666666667
118.982064516129 1004.7412278643429 552353046.1959605 687313549.1621758 70.54301075268818 40.0
505.424516129032 1005.8996871172718 687313549.1621758 688637358.9878601 507.93548387096774 38.70967741935484
1142.19889285714 1005.9110502917413 688637358.9878601 689722635.9584855 1144.7113095238096 78.10119047619048
1384.0545483871 1005.9203659738926 689722635.9584855 1036149783.1712621 1253.9489247311828 507.93548387096774
1029.1991 1009.2635536281889 1036149783.1712621 2813993058.478351 336.0 1068.3972222222224
628.869709677419 1019.999967487018 2813993058.478351 3898953268.5242133 212.0 1253.9489247311828
285.549833333333 1025.2273483898562 3898953268.5242133 4080091091.3831334 205.0 336.0
175.252548387097 1025.8662825092879 4080091091.3831334 3963346222.9988427 205.0 212.0
131.746967741936 1025.454484031742 3963346222.9988427 3725211583.0321913 205.0 198.38709677419354
92.7500666666667 1024.6145029383852 3725211583.0321913 3386386697.8711386 205.0 211.83333333333334
57.665 1022.7337438297781 3386386697.8711386 2945025428.047944 205.0 205.0
69.6110666666667 1020.5493728639327 2945025428.047944 2583005321.5430374 205.0 205.0
104.426483870968 1018.9180577121454 2583005321.5430374 2326001294.008395 205.0 205.0
223.112225806452 1017.6781070923926 2326001294.008395 1320822992.205271 604.0 198.38709677419354
463.748178571429 1011.5645193194207 1320822992.205271 688884280.7443541 728.0625 226.96428571428572
440.777451612903 1005.913169791797 688884280.7443541 689019859.0912851 440.05913978494624 604.0
328.4019 1005.9143335544316 689019859.0912851 688355155.2470806 324.8638888888889 679.525
189.986838709677 1005.908627942035 688355155.2470806 687803348.4194175 186.18817204301075 440.05913978494624
115.086433333333 1005.9038914027417 687803348.4194175 687810503.6337929 111.98055555555555 324.8638888888889
88.146 1005.9039528208908 687810503.6337929 687607984.264844 84.21774193548387 186.18817204301075
67.9768064516129 1005.9022144572089 687607984.264844 687555712.3496225 63.325268817204304 108.36827956989247
48.0371333333333 1005.9017657712413 687555712.3496225 687458108.5290223 42.21388888888889 87.025
31.1604516129032 1005.9009279702061 687458108.5290223 647016092.3386102 40.0 63.325268817204304
37.0707333333333 1005.5537862003314 647016092.3386102 635083769.1135 40.0 42.21388888888889
54.1066451612903 1005.4513628250086 635083769.1135 678125983.9023942 40.0 40.0
213.558516129032 1005.8208238961579 678125983.9023942 688292054.2536542 212.76612903225808 38.70967741935484
303.007357142857 1005.9080863026064 688292054.2536542 689247561.5433531 305.5684523809524 44.285714285714285
518.175774193549 1005.9162880819172 689247561.5433531 688729036.0351342 517.7016129032259 212.76612903225808
636.139866666666 1005.9118372191856 688729036.0351342 1177560509.7660565 443.0 285.19722222222225
413.18735483871 1010.453957440047 1177560509.7660565 1696708349.3609736 213.0 517.7016129032259
183.440366666667 1014.1415423842446 1696708349.3609736 1626678095.1745338 205.0 443.0
115.014935483871 1013.6870141565847 1626678095.1745338 1368124507.7765732 205.0 213.0
85.7002580645161 1011.9311977347022 1368124507.7765732 1030998478.9357954 205.0 198.38709677419354
59.9293 1009.217764257207 1030998478.9357954 687508449.8532432 185.86944444444444 211.83333333333334
36.361064516129 1005.9013600845772 687508449.8532432 660801313.9078021 40.045698924731184 205.0
32.9351666666667 1005.6721142824704 660801313.9078021 638126282.4457626 40.0 185.86944444444444
61.8636129032258 1005.4774788192769 638126282.4457626 687612746.8108206 45.365591397849464 40.045698924731184
224.013225806452 1005.9022553374319 687612746.8108206 688715811.5305021 226.6048387096774 38.70967741935484
331.442714285714 1005.9117237041245 688715811.5305021 689313625.1284508 334.1517857142857 50.22619047619048
585.414741935484 1005.9168551513171 689313625.1284508 690061378.9432976 584.4677419354839 226.6048387096774
530.715533333333 1005.9232736389982 690061378.9432976 919587075.9489735 438.0 311.875
342.166096774194 1008.2274406751019 919587075.9489735 1251405555.5100408 213.0 584.4677419354839
164.600666666667 1011.0263996551166 1251405555.5100408 1135422601.9079592 205.0 438.0
106.053258064516 1010.1273069915346 1135422601.9079592 856987301.7745569 205.0 213.0
79.5767096774194 1007.6203825823031 856987301.7745569 687552419.2345768 138.00537634408602 198.38709677419354
53.0012666666667 1005.9017375041594 687552419.2345768 687498540.3158804 47.16111111111111 211.83333333333334
36.3235483870968 1005.9012750241706 687498540.3158804 660712924.5808883 40.03763440860215 138.005376344086
27.9102 1005.6713555758016 660712924.5808883 625031379.9121706 40.0 47.16111111111111
66.388064516129 1005.365076222422 625031379.9121706 687586142.8431681 45.00268817204301 40.03763440860215
216.662483870968 1005.9020269771945 687586142.8431681 688167314.5354859 219.44892473118279 38.70967741935484
338.498142857143 1005.9070155754118 688167314.5354859 686307311.5293351 342.2232142857143 49.82440476190476
316.20564516129 1005.8910498843719 686307311.5293351 687749765.7216836 315.0 219.44892473118279
245.134933333333 1005.9034314654222 687749765.7216836 686950459.6399394 241.65 319.40833333333336
123.089064516129 1005.8965704690123 686950459.6399394 687941393.0301411 118.71505376344086 315.0
69.729 1005.9050763350226 687941393.0301411 687483386.1824319 66.80277777777778 241.65
52.2432580645161 1005.9011449457719 687483386.1824319 687426654.5207477 48.26075268817204 118.71505376344086
40.308935483871 1005.9006579787189 687426654.5207477 675788814.8286172 40.0 64.64784946236558
26.5055666666667 1005.8007623590439 675788814.8286172 625963772.7893225 40.0 49.86944444444444
20.3899032258065 1005.3730795947581 625963772.7893225 557467987.8793714 40.0 40.0
16.3810333333333 1004.7851329431705 557467987.8793714 492229373.1431934 40.0 40.0
66.2608064516129 1004.2251448338471 492229373.1431934 567404063.9090534 40.0 40.0
