0.008010673875633811
0.4673447875844474
1.2960902242811092
1.3047940195609873
1.367236065024743
0.6225779368258051
0.13962350325114037
0.07495100316860692
0.001573559881419273
0.005459818280371342
0.022811752138804375
0.014014295908532426
0.08812391807971137
0.03109948887634062
1.2353894063431665
0.7121773164287799
0.14576619033905236
0.09897896252356897
0.06566538578051784
0.005615191764375638
0.024832047547939218
0.021420347422324015
0.06045579895661213
0.06882484919298637
0.18468403749588935
0.4689149452278901
0.9633440120107717
1.3051039356832512
0.5072279730283653
0.10651910717658719
0.09347383729613479
0.009453991963979447
0.024350305263272642
0.02064654845269953
0.06286581776472477
0.06594055163843737
0.17485048492993932
0.46822283215410676
0.6917645157757366
1.1448277206979323
0.5873693408184593
0.12534906831539516
0.20556500791201593
0.1272692711306641
0.012152282961324867
0.008916075886607366
0.05296975345558996
0.057020339970747624
0.0926102769187247
0.18682094293183565
0.3372631840616088
0.02765199602417645
0.01270909333906467
0.005104453399700337
0.0035627254872068193
0.012340661371343709
0.05069104527242352
0.055813780993960505
0.11766656748753507
0.13743087505978496
0.20558174314594302
0.483951794968201
0.305186143591062
0.04885001281112422
0.03081765540524395
0.010722199432053992
0.019505691288605798
0.0006293422195378096
0.037800532288707056
0.04789829246941646
0.09213338286406486
0.11371456125043217
0.20270432080033518
0.4820463051564151
0.25443088455202395
0.16701098906930917
0.06557144214719257
0.11961158173582642
0.1400287849947932
0.1808476908878902
0.23382464525095115
0.27101908291943494
0.5128016402669529
0.5193607423898762
0.3761478215348623
0.3841281687872897
0.0653640144459976
0.0028411570471129632
0.9098280482104326
0.10526448390371801
0.044211220064403145
0.07231212318545321
0.010960363224333358
0.0035643600272315945
0.037827785435593175
0.04204945228952517
0.07090598275707194
0.2112851216149454
1.3489243663069646
0.4889173302494172
0.04740355736511692
0.0768543306014553
0.012075050534438025
0.0013650035614445333
0.031248835649714368
0.03691231911745463
0.08871555243469598
0.11818152663999398
0.19670406633482723
0.48412725487903563
0.20825246374244777
0.1447780341817636
0.05802157758569393
0.09923196623516001
0.12388110853733819
0.1593043351572226
0.20646785411936053
0.2385423911519357
0.3485715678533802
0.518249525926074
0.36508317217459396
0.4766013718911668
0.05330468629616392
0.1905757848039557
0.11972528175696567
0.12305850469262541
0.1428456193724284
0.1863231906833912
0.2368777535121489
0.27218343540388446
0.5027793728033643
0.5196482179926757
0.3759696525107965
0.464940537083139
0.0780529270033733
0.14835105928785203
0.06890476718315319
0.09406938545655152
0.10939988908564036
0.16526613705609916
0.22577467858932077
0.26889648150505824
0.509457647609986
0.5199049492799316
0.3476061172983891
0.3625427065003318
0.06581327072993537
0.12040302348193582
0.022102899390269215
0.01531967472794904
0.010381461524779922
0.03955467392670731
0.08226445187748904
0.10532712302538921
0.15001605450419842
0.17357181261307914
0.21638252178203893
0.3790348374184118
0.28570530628955415
0.7862184202604867
0.9018165093625694
0.12165048994744099
0.1645458389505986
0.09029292930941968
0.010754678066268064
0.002882217776650875
0.04225508321580229
0.047583427867273875
0.09799234307522103
0.4714328371882655
0.31736544089329954
0.10364625169849384
0.13085978858789848
0.03494039234787094
0.034710591059310736
0.010459196191851983
0.02502483842319081
0.02875883213831576
0.07730562600994995
0.08696705118031728
0.18258272687175892
0.7661498117449626
1.3684158896674508
1.306687090053417
1.3679490321119727
0.4037800850912743
0.22008592571264485
0.11770714770014856
0.006879455060060935
0.0010164616512103875
0.03716499362365533
0.03759228177398277
0.05625472955985722
0.22611017290308238
0.37158796449720144
0.009514141080901983
0.030335737842260735
0.01171803873114341
0.021502840672743995
0.008325997133596386
0.02621408794053759
0.03141010707520997
0.08112013254117806
0.10727875160934808
0.1798570886025646
0.4801324389484561
0.2803102484848867
0.04591520408893912
0.038816322754543164
0.043610118748912075
0.0561490629377549
0.03242227904977235
0.004801322002425112
0.0037373173920830505
0.048235823114753495
0.05705768297068459
0.13426406445063316
0.46943536473763064
0.346045941390137
0.16879202798233606
0.4622337898497699
0.05169709471643291
0.05950256443951207
0.03532830327597958
0.009772993749085357
0.0052107246965039655
0.05069546661769819
0.0583052742356015
0.1114841066098416
0.3943513164627849
0.3272268623890967
0.03705286599351809
0.00601604594410321
0.02970441826078185
0.031376390042142766
0.07608246591041734
0.12854679692984872
0.15482852845183126
0.2125923015621276
0.24248343621775775
