0.3906830537817967
1.0168353310044582
0.3771520119997086
0.5989626198634623
1.3672362682729673
0.6225780618229175
0.04183563140771718
0.13944575830748807
0.2984729502644484
0.37308011265149693
0.1863532575690955
0.03834994514175438
1.3652697178617546
0.417194573448006
0.019018225325040494
0.4834944367964201
0.4663362982295947
0.46155194541233296
0.45544470863131875
0.453848985772171
0.45650556743072435
0.4525801600575712
0.4565730604662725
0.4532218753293191
1.2012460686541793
0.5225073158447742
0.03621199408883358
0.4707711638104683
0.4476946479267613
0.222806200026873
0.25281005354813446
0.3421312055124509
0.4380446438922334
0.44100430291826265
0.44569518521275403
0.3232341769018374
1.3649470662511791
0.5225069004333162
0.10510890839339693
0.4751272649948586
0.45320401772401914
0.4507573647808816
0.4449862654844955
0.44311463378264787
0.4459555686332048
0.4418736279024682
0.4465673051699298
0.4428779543772653
1.3561182311753
0.459798061234517
0.019510709648774105
0.4927172711142328
0.475682619034009
0.4725017583071659
0.465605200443043
0.4634693219337508
0.4662374814314609
0.46371417419270156
0.46890139910512096
0.46717860231766495
0.9759912237953956
0.5224859443456286
0.060610220749460764
0.48036846174098147
0.4607086268779429
0.45852869532084556
0.4528278667141584
0.45183701886874533
0.4552313472937671
0.4517236108016077
0.4560817042729491
0.45241629188751853
1.2049818941182302
0.5225130727412761
0.21207443651222296
0.5181335963979389
0.5075688019776617
0.5056619503651483
0.5027305488806951
0.502981292308075
0.5059250140352577
0.5055909464335574
0.5102620151568583
0.5101392260869846
0.14501623285543253
0.5225367900255738
0.09559911767186835
0.09325347908186554
1.1037667855111797
0.08259536776260734
0.19758145504906788
0.3278400871327753
0.44371300805965247
0.44102168947265313
0.44584504931527275
0.4165213146856109
1.3649013482365369
0.3993127307403168
0.0742848278621151
0.47458233878030853
0.45869153910499516
0.45938547615972625
0.4546471755895105
0.45414978695439434
0.4577512677207406
0.4546295777994548
0.45925073605511507
0.45636011535889576
1.132125771042208
0.5225240333248589
0.06938346933586848
0.5057233550358738
0.4905659235907446
0.489472349427637
0.48618074310219905
0.4864861507056174
0.48981242158437105
0.488675125605349
0.49324128669257805
0.4925053383793436
0.4467168541040498
0.47882471339749044
0.05231640529921011
0.4929760815198693
0.4737457863102077
0.4680711228223546
0.46070723708708095
0.4598951282242279
0.4633247622048605
0.4605195261518845
0.4657397920788608
0.4644594343522933
1.014416170841604
0.02556450998926063
0.17684501496439886
0.5094659472809567
0.48519888062591265
0.4828575734932279
0.47895663972377367
0.4788533788611105
0.4822085119547156
0.48053312093670075
0.48505664177187424
0.48381523743338795
0.7316563907681044
0.47880915879780395
0.035241437148736066
0.479478720475784
0.4555284919659147
0.45186378434147334
0.44687401155082995
0.44629017349597094
0.44997514299254154
0.44622300418760175
0.4505506929205743
0.4469805580901764
1.2837908785661332
0.5225365953175601
0.07252433007098735
0.4704993046666994
0.1317536712331444
0.05533199052288562
0.1888689694924372
0.30085672711783285
0.41383641872723076
0.440934783578887
0.4457053697482777
0.41923539009758404
1.3648954791927517
0.42761218717647953
0.18624101941774673
0.4930733508948991
0.47391283418872854
0.4704620158113018
0.4628478863570745
0.46113753991656015
0.46434740551863307
0.4614287442698985
0.46724400601135846
0.46559462143133573
1.0628512592626864
0.5224789580012756
0.5364169646839279
1.3066866300020736
1.3679485567461946
0.2714074023638151
0.06691012684960918
0.21504079077219557
0.3615461723915502
0.44065094086448753
0.41017707073591503
0.21095597328106103
1.3650118797221489
0.23519282195231445
0.08025237886030528
0.49973992916291343
0.4836636338405728
0.4806244837854169
0.47517543661364736
0.4736892760007261
0.4761606709250473
0.47335355511919064
0.47727396521906873
0.4745459196257901
0.8632796801909739
0.47788868347338553
0.05401786486847271
0.4930118920243463
0.46733168705662337
0.4572778198491044
0.4502134891842826
0.44873136208483594
0.45223503307702684
0.4484335000496358
0.4525976383671074
0.44907486832628263
1.2491715699197852
0.48667395501356464
0.02518832679603389
0.48995378861370464
0.4687760653765509
0.46023919006766467
0.45358698869631336
0.45221753211487237
0.45535533334613115
0.45184797822891115
0.456266880346334
0.45303854761673357
1.1946309358733933
0.22905317637103784
0.1534935121016181
0.5164089071388743
0.5005054922222806
0.49824156553853177
0.49459872445393704
0.4942912939407169
0.4970619176121899
0.49599022891062605
0.49991927719046014
0.49916888215601307
