0.4255062879761029
0.8938219021279517
0.3451258994917916
0.009498352110404507
0.17228785964107268
0.09730343464433994
0.04808783150676821
0.050560465578303515
0.08045790519052731
0.08284391743520941
0.123388219266381
0.12383411590199322
0.6743247631497125
0.37037157145410526
0.14178821260102814
0.050554622619607636
0.29820043122077233
0.36851833603520123
0.4324976702188408
0.4541895776376278
0.49005301659009176
0.5109339132596615
0.5192875483254661
0.4656308169345748
0.31855020728748684
0.022286124503839155
0.19066187106183485
0.056366078979420364
0.19408454165294664
0.18683024361954187
0.18657559493165032
0.21398223079170592
0.2645089182654862
0.5096428459018213
0.5078497587052393
0.4597249080174293
0.3035581536084197
0.11783239136990786
0.13483099022282163
0.15666481424993228
0.21386896423260254
0.1900527988652263
0.18598449331349598
0.21074982363779532
0.25681705109200914
0.4921898489864648
0.5193216154954703
0.48312028357378456
0.2934968853266267
0.011472781043426195
0.1145632187820888
0.10238384421438906
0.3031674163558612
0.3979821814952174
0.46637120767161416
0.49413117004340534
0.5191616305452417
0.5178304925442837
0.5206034557798886
0.5205522865013759
0.2762920552188694
0.05447055686600977
0.11194870704048343
0.028968748628021013
0.2981611082103269
0.3654713821202671
0.4582659564405145
0.4861832654960232
0.510895231291196
0.5176881514541691
0.519836070388487
0.48629299479287413
0.41647342504737184
0.38067993469526645
0.40993173697521623
0.36248117754057385
0.44689310613165517
0.5009242025291166
0.5176064422031723
0.5178856404231523
0.5203104452168431
0.5203875178838244
0.5243226949576829
0.5245637798406438
0.45219004717469735
0.11786811075471137
0.19126777714022314
0.1414503359216326
0.13546378907853596
0.09460462731586933
0.07695371269525703
0.09194200101926353
0.13057468823614182
0.14869488556555294
0.20572969618249426
0.24418890880330124
0.026770239897500603
0.11820935520990006
0.19151954055275477
0.14126218364385473
0.38315609678879886
0.4601940522565212
0.4817567490938418
0.5005599540437782
0.5192330566403346
0.5181137138169456
0.5210935372566132
0.520982093772956
0.5162346316943055
0.3067391036464115
0.1694032052220673
0.23720386638884094
0.42092975792791687
0.4982943000123673
0.5176064599723291
0.5178942731814924
0.5202073165550817
0.5203245793927991
0.5243398143639368
0.5252801438669042
0.4983747027358779
0.22220375052995384
0.07117776042476365
0.034090969849001396
0.3018966572038527
0.3342810339205444
0.472181505118543
0.5031481250691044
0.5193045599725505
0.5184175646054182
0.5219821897250803
0.5225636192387696
0.31691143749864503
0.025905177946819125
0.022342348289480896
0.03244664564124611
0.36652285439955395
0.48009621425294413
0.5079855029010005
0.517688198901946
0.5198178684058486
0.5197231083864954
0.5235009455843348
0.5243309029720423
0.27883418405210436
0.01685146296920126
0.1914465937171076
0.11062686121465487
0.21366667150040491
0.19372843309624788
0.20016918724847144
0.2332611386774156
0.4090203550240291
0.5177188304992232
0.5204949639386937
0.5081461915213192
0.058611790191048896
0.09238219652509938
0.19159199876702127
0.11883403129501896
0.1571555763601467
0.12353848918306154
0.11054041887993266
0.12681023707119177
0.16509293041421325
0.1848247062545607
0.24717396328441088
0.44494744391306756
0.40626318866009314
0.26959470894078125
0.19180704410032945
0.038007222536132756
0.2994165083271131
0.4009062328014603
0.47066601969389227
0.4957468111110568
0.5192398979694115
0.5179010087813133
0.5212376577258042
0.4862421490734312
0.06222007667283158
0.11828155158793074
0.19218123838905088
0.07904411818958862
0.07154295029136393
0.02253936830879888
0.0058292940127068205
0.0007510984059309056
0.032016514603100954
0.04422755394014877
0.09488037747175654
0.10520085367161486
0.7358252538414158
0.3618808159876866
0.02144149393645356
0.17730283114410417
0.3364148578647894
0.4329569203423923
0.4628959383760992
0.48880501794437015
0.5166634335948029
0.517722315658126
0.5203690957277035
0.5191240503435804
0.3049125828358099
0.2250569625548493
0.07499387092164211
0.03556416225283732
0.2276991474071961
0.19397215785346078
0.18879105915199507
0.21684837772181814
0.29784770566129104
0.5176643243952049
0.5200120526862523
0.5125692425728668
0.28640795835174715
0.19295735816826648
0.157854192490125
0.0411878422948706
0.2646665356510603
0.2421452548401719
0.2456739067551686
0.37775074950493337
0.5107290971085489
0.5176745858506018
0.5200143420070262
0.5134013723967323
0.29528213854555585
0.18402853472326008
0.1771108906348483
0.2773996185561206
0.4201977707756912
0.48715116585421736
0.5074825526227348
0.5177231574859156
0.5196238701035015
0.5193681358121798
0.5226884293279536
0.5229473722992537
