468.56451609000004 477.2554680664917 123874000000.0 122267648100.74118 1132.3548387096773
661.65 476.90113849813736 122267648100.74118 121722212424.00906 963.2142857142857
955.15483866 476.7781263924242 121722212424.00906 121714442424.24525 919.5483870967741
1663.9866663 476.7763740244125 121714442424.24525 122945027125.76297 1022.6
2701.1419352 477.0522806486796 122945027125.76297 125983385612.1498 1366.4193548387098
1580.67 477.7168384978456 125983385612.1498 125545601481.43849 1560.7333333333333
729.32258067 477.62108518841615 125545601481.43849 123374504938.08223 1349.8709677419354
452.62580648 477.14621717805824 123374504938.08223 121291275281.98839 1012.1290322580645
341.39333337 476.6809371407281 121291275281.98839 119616642112.46693 709.0666666666667
306.58064514 476.3032571295595 119616642112.46693 118371132305.07903 472.83870967741933
427.20333337 476.0223573083173 118371132305.07903 118057584666.83142 349.4
648.4677419 475.95166471299177 118057584666.83142 118846963466.98682 391.61290322580646
826.24193553 476.1296715081161 118846963466.98682 119799239505.66663 533.5483870967741
990.3142857299999 476.3444383188242 119799239505.66663 120720348617.66814 685.0
1364.1709675999998 476.55217605269917 120720348617.66814 121961633609.98509 862.2903225806451
2150.7633336999997 476.83212305141745 121961633609.98509 124146494532.5831 1140.6
1845.0354837999998 477.31506879540314 124146494532.5831 124888205886.0647 1367.774193548387
1196.78 477.47729787534223 124888205886.0647 124000591222.86755 1351.6
612.82903229 477.2831564354479 124000591222.86755 122112270474.86293 1129.0967741935483
448.22580648 476.8660961828739 122112270474.86293 120468924204.91982 844.6451612903226
342.41999999999996 476.4954723060261 120468924204.91982 119082592292.22409 599.8333333333334
280.25161285 476.182812876009 119082592292.22409 117970672843.50165 397.35483870967744
262.38666663000004 475.9320723272096 117970672843.50165 117446082458.38704 266.53333333333336
387.09354837999996 475.81381480125947 117446082458.38704 117881094117.10802 262.38709677419354
507.59677418999996 475.91187874596665 117881094117.10802 118479161613.4033 346.7741935483871
774.675 476.0467211577364 118479161613.4033 119397045621.11816 470.17857142857144
1223.7258067 476.2537315338561 119397045621.11816 120801435120.07787 661.1935483870968
1839.29 476.57046349122186 120801435120.07787 122721342377.90213 932.4333333333333
2340.2064514000003 477.0033557257004 122721342377.90213 125045513075.58081 1272.7096774193549
1567.3966663 477.51170452221805 125045513075.58081 124896768238.26436 1436.6666666666667
754.0903225699999 477.4791706557884 124896768238.26436 123005712487.57317 1270.5483870967741
460.57419352 477.0655539124176 123005712487.57317 121070693427.46709 965.0645161290323
348.36 476.63118931607283 121070693427.46709 119487770610.87877 680.9
276.34838715 476.2741927403876 119487770610.87877 118222605514.53862 450.16129032258067
290.91333337000003 475.9888650844316 118222605514.53862 117671178233.64061 305.1666666666667
434.71290324 475.86455776231753 117671178233.64061 118130524927.0464 300.96774193548384
637.39677419 475.9681075128599 118130524927.0464 118923973101.62364 403.741935483871
1032.23214281 476.14703949066836 118923973101.62364 120215152872.34665 573.6785714285714
2827.0580648 476.43823925853553 120215152872.34665 124836489619.23308 1062.967741935484
3413.81 477.4659863559128 124836489619.23308 128972001095.55302 1647.9666666666667
3812.2419351999997 478.3656380521375 128972001095.55302 134305035888.1496 1614.0
2570.3199999999997 479.50915267719046 134305035888.1496 136287724199.712 1608.0
1289.1032257000002 479.93082182044066 136287724199.712 134894509539.7201 1609.0
618.22258067 479.6345192555764 134894509539.7201 131624691695.19672 1609.0
417.55 478.9382023948191 131624691695.19672 127763058053.11156 1616.0
322.3 478.1046963205508 127763058053.11156 123761745083.11464 1507.1290322580646
291.24333336999996 477.2309153725098 123761745083.11464 121288319113.29872 1042.3
292.20967743 476.6802704360168 121288319113.29872 120154317910.75304 753.9032258064516
513.4516128500001 476.4245191499217 120154317910.75304 119959693668.67622 649.1935483870968
813.6857142700001 476.380625545484 119959693668.67622 120473069028.31697 676.8928571428571
942.59354838 476.49640708802815 120473069028.31697 120881567600.91394 751.7741935483871
1088.84333337 476.5885357692634 120881567600.91394 121178629477.14828 808.7333333333333
1113.3645162 476.6555321328706 121178629477.14828 121362737678.27672 847.516129032258
1094.40666663 476.69705405464066 121362737678.27672 121464118014.58101 870.4666666666667
587.67096771 476.7199183614301 121464118014.58101 120421581475.23392 790.1612903225806
400.67741933 476.4847951004136 120421581475.23392 119277585973.93878 612.258064516129
292.07666663000003 476.2267898001666 119277585973.93878 118199286534.841 432.1333333333333
248.67096770999999 475.9836083261589 118199286534.841 117334243525.4095 274.7741935483871
231.76999999999998 475.7886031391816 117334243525.4095 116965673970.80573 176.3
313.14516134 475.70551712597063 116965673970.80573 117409471419.42186 185.06451612903226
527.89354838 475.80556163647924 117409471419.42186 118218833696.75435 288.06451612903226
872.45714281 475.9880148099086 118218833696.75435 119418523479.27919 451.42857142857144
1981.5193553 476.2585754351103 119418523479.27919 122469802559.09438 803.9354838709677
2229.3033337 476.94673039221794 122469802559.09438 124649625758.46982 1220.6666666666667
1882.1870972000002 477.42511499529087 124649625758.46982 125297937376.02585 1439.3548387096773
1157.0333337 477.5669154365761 125297937376.02585 124186595177.44563 1397.9
516.3548386599999 477.3238397151019 124186595177.44563 122022407924.72322 1135.5806451612902
365.8677419 476.84582948234623 122022407924.72322 120231289462.03957 817.6451612903226
279.83000000000004 476.4418785435362 120231289462.03957 118794730953.83453 557.0
219.46774190000002 476.11789150966047 118794730953.83453 117653117224.84811 348.1290322580645
268.43666663 475.86048629955997 117653117224.84811 117251422276.76251 225.43333333333334
445.07419352 475.7699328847526 117251422276.76251 117882201793.10582 247.25806451612902
620.75483866 475.9121284474991 117882201793.10582 118727132230.98924 367.80645161290323
767.28928573 476.1026459700021 118727132230.98924 119549489665.49977 502.35714285714283
947.56129028 476.2881122384979 119549489665.49977 120296639660.98088 630.4516129032259
1033.55 476.4566169736087 120296639660.98088 120679152783.25238 720.9333333333333
983.8838709500001 476.5428851563492 120679152783.25238 120759019181.73604 757.516129032258
679.42333337 476.56089742483897 120759019181.73604 120188348385.52788 715.6666666666666
427.71612905 476.4321940427442 120188348385.52788 119251807230.34772 591.8064516129032
322.08064514 476.2209759202408 119251807230.34772 118353840829.59837 442.96774193548384
244.99666663 476.0184575619301 118353840829.59837 117497112289.68626 300.73333333333335
182.38709676 475.8253183700826 117497112289.68626 116738544611.78456 169.74193548387098
208.45 475.6543157375529 116738544611.78456 116527258487.76234 92.83333333333333
283.94193553 475.606685862886 116527258487.76234 117062666526.4988 121.58064516129032
442.87419352 475.7273819942513 117062666526.4988 117809264615.56532 226.3548387096774
698.30357146 475.89568634255306 117809264615.56532 118792004877.20831 366.75
1154.1419352 476.11727669761126 118792004877.20831 120259328580.86276 568.2258064516129
2363.3566663 476.4482022058779 120259328580.86276 123482294282.35063 953.6666666666666
3243.9032257 477.1697931501204 123482294282.35063 127642837225.70506 1489.1612903225807
1787.5066662999998 478.07874751256315 127642837225.70506 127611654650.68169 1609.0
761.89677419 478.0720169761886 127611654650.68169 124930759230.21399 1571.0645161290322
405.64516134 477.4866052559523 124930759230.21399 122197145584.52501 1206.6451612903227
279.90333337 476.8852380659731 122197145584.52501 120076447161.39905 818.7
215.84838715 476.40695696017116 120076447161.39905 118468941175.99234 516.8387096774194
206.87333337 476.0444161425332 118468941175.99234 117653337100.36514 322.93333333333334
338.94193553 475.86053586572706 117653337100.36514 117909759935.60359 280.93548387096774
513.38064514 475.9183408330937 117909759935.60359 118510298672.80618 351.64516129032256
870.33571427 476.05374349860307 118510298672.80618 119610647805.29129 490.4642857142857
1426.8 476.3019052334892 119610647805.29129 121382481114.29051 727.0
1928.4266662999999 476.7015067916758 121382481114.29051 123291200018.41008 1025.4
1221.6612905 477.1279965044642 123291200018.41008 122962672480.81705 1145.3548387096773
522.56333337 477.0561400876678 122962672480.81705 121293570492.60924 981.0333333333333
350.29032257 476.68145477956904 121293570492.60924 119794010858.44894 723.8064516129032
284.14838714999996 476.3432591020408 119794010858.44894 118620022804.60852 507.64516129032256
217.21333337 476.0784895815535 118620022804.60852 117611353307.58441 331.3
163.72258067 475.8510715301137 117611353307.58441 116771218556.00179 181.41935483870967
163.42333337000002 475.6616813697028 116771218556.00179 116452788865.77864 89.16666666666667
226.35161284999998 475.58989830157316 116452788865.77864 116888657844.47987 101.12903225806451
351.11290324 475.6881555104779 116888657844.47987 117496316901.4733 186.38709677419354
487.26071427 475.8251390670589 117496316901.4733 118156316127.4624 288.92857142857144
731.53548391 475.97392157968045 118156316127.4624 118926678122.56802 406.03225806451616
1313.1966663 476.1476495540297 118926678122.56802 120379015971.98155 588.5333333333333
1177.8387095 476.4751953026571 120379015971.98155 120988804908.70517 753.6451612903226
490.84666663 476.61272099880586 120988804908.70517 119937599429.80418 712.5
308.6322581 476.37564263189086 119937599429.80418 118830808838.03996 536.6129032258065
240.85806447 476.1260281547226 118830808838.03996 117905899202.70085 372.2903225806452
177.28333337 475.91747051458543 117905899202.70085 117061149670.24142 229.03333333333333
127.03225809999999 475.7270400519029 117061149670.24142 116337842874.99667 101.87096774193549
132.14666663 475.56398622069355 116337842874.99667 116103293507.18889 25.933333333333334
235.11612905 475.5111121522067 116103293507.18889 116682242296.09369 56.41935483870968
374.49677419 475.64162360146383 116682242296.09369 117414098386.8533 163.3548387096774
512.6 475.8066046859453 117414098386.8533 118151774571.25005 282.14285714285717
662.51935486 475.9728977843215 118151774571.25005 118773096806.69966 392.6774193548387
861.1066666300001 476.1130123605547 118773096806.69966 119318084067.91704 487.03333333333336
955.85161285 476.23592333511885 119318084067.91704 119822331809.51883 572.1935483870968
525.09333337 476.3496463260078 119822331809.51883 119249053944.19409 563.2333333333333
324.63548391 476.220354971627 119249053944.19409 118422396791.6139 448.5483870967742
249.72903229000002 476.0339189877343 118422396791.6139 117662438497.47699 319.93548387096774
183.18666663000002 475.86258757833116 117662438497.47699 116914580207.34938 197.83333333333334
129.8 475.6939991450292 116914580207.34938 116249368971.05524 83.12903225806451
130.45999999999998 475.54404169771306 116249368971.05524 116042183991.3476 13.766666666666667
218.72258067 475.4977091681917 116042183991.3476 116606823042.55673 45.354838709677416
404.33870972 475.6246219663113 116606823042.55673 117430506788.31476 158.90322580645162
733.26785719 475.81030360421886 117430506788.31476 118607297754.46346 321.39285714285717
957.14193553 476.0756197010517 118607297754.46346 119710125135.77032 507.38709677419354
1355.0700000000002 476.32434035538347 119710125135.77032 120979692331.07843 700.3333333333334
1597.1806447000001 476.6106658392148 120979692331.07843 122290295148.50183 910.3548387096774
1190.9866663 476.9062460867167 122290295148.50183 122275009589.47403 1011.2333333333333
509.36451609000005 476.90279873465806 122275009589.47403 120772691575.62502 882.9677419354839
317.75161285 476.5639809597711 120772691575.62502 119322724266.5622 643.3548387096774
228.82666662999998 476.2369698390984 119322724266.5622 118094512785.27835 426.76666666666665
184.30322581000001 475.9599893564649 118094512785.27835 117126845428.94386 248.96774193548387
175.52333337000002 475.7418497360108 117126845428.94386 116710568164.23633 138.7
262.50967743 475.6480090541561 116710568164.23633 117134119831.62607 141.93548387096774
571.4677419 475.7434895923413 117134119831.62607 118136502329.6823 259.51612903225805
939.83214281 475.969454988657 118136502329.6823 119498582149.84259 451.67857142857144
2324.1806447 476.27663106672134 119498582149.84259 123270068030.64984 877.6129032258065
3498.29 477.1233744598972 123270068030.64984 127877640976.40517 1551.3333333333333
3118.6806447 478.12942822715416 127877640976.40517 131355481845.73953 1615.0
1867.0633337 478.88009536925097 131355481845.73953 131521627423.26723 1609.0
802.02903229 478.91595670694306 131521627423.26723 128836952159.62843 1609.0
481.89354837999997 478.3364887027042 128836952159.62843 125254622146.56113 1595.9354838709678
333.58333337 477.55744141438345 125254622146.56113 122193042772.1781 1231.7333333333333
234.19354838 476.88431275872307 122193042772.1781 119868820716.59358 800.0645161290323
199.61333337 476.3601309690107 119868820716.59358 118551207097.73373 508.1666666666667
323.29354837999995 476.06296957549245 118551207097.73373 118455400910.41217 396.93548387096774
592.3677418999999 476.04136240649797 118455400910.41217 119035377499.8004 438.48387096774195
936.29642854 476.17216452408667 119035377499.8004 120097141656.05515 572.5714285714286
2040.2096771 476.4116241894576 120097141656.05515 123035721268.7335 904.5806451612904
2899.7066663 477.0721175128464 123035721268.7335 126457062473.73265 1411.1
3325.7580648000003 477.8204423608339 126457062473.73265 130497852924.4845 1613.0
2016.1133336999999 478.6949822845855 130497852924.4845 131051899112.62593 1609.0
816.15161285 478.8145692019482 131051899112.62593 128406150655.74033 1609.0
464.01612905 478.2435032712585 128406150655.74033 124830090625.8542 1576.1935483870968
310.19 477.46458675106174 124830090625.8542 121863974774.52036 1172.0333333333333
223.8322581 476.8100980546956 121863974774.52036 119634557891.10431 754.741935483871
216.99333337000002 476.30729767503476 119634557891.10431 118435466610.60738 480.0
302.85483866 476.0368666239529 118435466610.60738 118335831073.9492 377.9032258064516
506.17741933 476.01439582181985 118335831073.9492 118769802179.68494 406.741935483871
694.76785719 476.1122693233389 118769802179.68494 119431884646.44331 496.07142857142856
1068.16451609 476.26158877908057 119431884646.44331 120483978980.92534 637.1935483870968
2912.7966663 476.4988676095907 120483978980.92534 124802189019.99222 1079.9
2676.9419352 477.45848403761863 124802189019.99222 127245101723.41985 1563.0645161290322
1670.1733337 477.9928044014479 127245101723.41985 126911066548.49812 1609.0
706.25806447 477.91974333956654 126911066548.49812 124254012553.74655 1507.1935483870968
406.78064514 477.3385854229542 124254012553.74655 121760312525.87454 1118.8064516129032
287.01666663 476.78671910822607 121760312525.87454 119807014157.64214 761.7333333333333
189.44838715 476.34619173604915 119807014157.64214 118238181829.87906 476.38709677419354
159.60999999999999 475.99237642693396 118238181829.87906 117402326629.52257 283.73333333333335
303.74193553 475.8039509985398 117402326629.52257 117670871583.07924 241.16129032258064
623.62903229 475.86448863459856 117670871583.07924 118596965286.84842 340.3225806451613
1008.62142854 476.0732894196771 118596965286.84842 119947472876.92786 525.4285714285714
2538.077419 476.37786939037613 119947472876.92786 124028971909.06615 975.6451612903226
3357.38 477.2893639346164 124028971909.06615 128196585678.03615 1579.7666666666667
3614.3838715 478.19827016577517 128196585678.03615 133004998849.22064 1613.0
2321.73 479.2326667054914 133004998849.22064 134344489330.69801 1609.0
1110.9806447 479.5175434561246 134344489330.69801 132479467337.4449 1609.0
557.9 479.12089905092404 132479467337.4449 129055118931.59398 1609.0
386.34666663 478.383578444117 129055118931.59398 125177259534.69937 1594.6
263.96451609 477.54052045815826 125177259534.69937 121858878750.75578 1197.225806451613
269.39 476.80894874847894 121858878750.75578 119998334615.7756 785.6333333333333
465.54838715 476.38934023810907 119998334615.7756 119700016918.8564 615.0645161290323
615.82258067 476.32206064926845 119700016918.8564 119890384977.46304 607.741935483871
784.49642854 476.36499435666735 119890384977.46304 120367622722.57191 662.6071428571429
1167.5548391 476.4726257831691 120367622722.57191 121304782246.30505 779.3225806451613
1873.6466663 476.68398336632947 121304782246.30505 123123621556.746 1005.4
2127.4806447 477.091343297626 123123621556.746 124841166823.103 1286.3870967741937
1801.99 477.467009366383 124841166823.103 125263120552.71143 1451.0
897.0903225699999 477.55930020837957 125263120552.71143 123558493299.61111 1343.516129032258
474.69032257000003 477.1864596018397 123558493299.61111 121458243938.54129 1040.3548387096773
326.21333337000004 476.7185935810873 121458243938.54129 119693186701.90012 728.6
249.66451609 476.3205202304691 119693186701.90012 118296279239.31282 472.4516129032258
222.75 476.0054756967327 118296279239.31282 117574174281.36238 302.8666666666667
310.16451609 475.84269032492386 117574174281.36238 117795804265.49324 265.1290322580645
549.04193553 475.8926519985332 117795804265.49324 118514622018.75288 343.1290322580645
910.83928573 476.05471854279494 118514622018.75288 119695202088.00722 497.82142857142856
1423.4290324 476.32097476048875 119695202088.00722 121429632987.24472 737.5806451612904
2431.3 476.71214095337047 121429632987.24472 124395667063.66066 1119.8666666666666
3764.0193553 477.36956847411653 124395667063.66066 129729237554.39946 1569.9354838709678
2439.1266663 478.52908213995244 129729237554.39946 131380289888.95407 1609.0
1207.3548391 478.885450008408 131380289888.95407 129780302341.05237 1609.0
573.33548391 478.54010410987536 129780302341.05237 126404881648.96541 1609.0
371.71666662999996 477.8090292320572 126404881648.96541 123037595540.64056 1386.4333333333334
254.13548391 477.07252745858284 123037595540.64056 120454952713.79375 915.3870967741935
229.42333337000002 476.49232131569545 120454952713.79375 118997225030.99454 591.5
326.73548390999997 476.16355999796895 118997225030.99454 118750646634.3313 456.741935483871
611.35161285 476.1079491732817 118750646634.3313 119267305350.34163 481.19354838709677
986.7 476.22447121117307 119267305350.34163 120354987627.53995 612.3571428571429
2293.8129028000003 476.4697761902435 120354987627.53995 123757767309.58109 984.7741935483871
4450.55 477.23004534330295 123757767309.58109 130564573456.86253 1653.9
3881.1516134000003 478.70938343554127 130564573456.86253 136077867486.11998 1614.0
2456.6166663 479.88619044792 136077867486.11998 137759661451.8121 1609.0
1193.2322580999999 480.21436931235974 137759661451.8121 136106622090.95418 1609.0
575.03870972 479.89230584665125 136106622090.95418 132715209803.3229 1610.0
378.46333337000004 479.17103568764844 132715209803.3229 128751180762.95056 1615.0
266.80322581 478.31797555859066 128751180762.95056 124427976887.96532 1570.516129032258
237.89333337 477.3766353648218 124427976887.96532 121612458019.61964 1120.4333333333334
367.29354837999995 476.75337348209735 121612458019.61964 120527423257.55121 810.7741935483871
550.31935486 476.5086655971022 120527423257.55121 120281512349.06335 705.3225806451613
850.14285719 476.4532053110201 120281512349.06335 120763190546.09036 726.5714285714286
1252.4677419000002 476.561838192623 120763190546.09036 121745168755.54741 847.4193548387096
1514.1299999999999 476.7833037337725 121745168755.54741 122646470484.97491 999.9
1519.1870972000002 476.9865743087449 122646470484.97491 123194990411.54257 1115.6129032258063
1246.4633337 477.10695328336453 123194990411.54257 122987274336.28606 1140.2
615.77419352 477.06152107092873 122987274336.28606 121463340928.46428 996.7741935483871
409.15806447 476.71974310520164 121463340928.46428 119966332592.62013 751.5806451612904
302.93 476.38212282197117 119966332592.62013 118671060821.24525 525.8666666666667
196.04838715 476.0900001852154 118671060821.24525 117522460200.3251 327.51612903225805
181.53666663 475.83103250683615 117522460200.3251 116981774784.20105 192.36666666666667
338.30322581 475.7091467051851 116981774784.20105 117474920060.17204 191.80645161290323
