468.56451609000004 477.2554680664917 123874000000.0 125301829571.44891 0.0
661.65 477.567766747911 125301829571.44891 123920823528.9029 1309.607142857143
955.15483866 477.2657094332684 123920823528.9029 124250779678.50871 793.0
1663.9866663 477.3378783198838 124250779678.50871 128123915754.98184 0.0
2701.1419352 478.18258488128254 128123915754.98184 134804422609.34906 0.0
1580.67 479.61535997646723 134804422609.34906 138387133035.30814 0.0
729.32258067 480.3316756469075 138387133035.30814 139797089276.8976 0.0
452.62580648 480.59526813925925 139797089276.8976 140376394242.51804 0.0
341.39333337 480.70356968452387 140376394242.51804 140471520334.62128 0.0
306.58064514 480.7213535865809 140471520334.62128 140410214471.96875 0.0
427.20333337 480.7098924045558 140410214471.96875 140946652758.33157 0.0
648.4677419 480.810179988471 140946652758.33157 142796198865.781 0.0
826.24193553 481.1876290746246 142796198865.781 144489617578.65765 264.0
990.3142857299999 481.56851497495677 144489617578.65765 136218333368.56993 4492.0
1364.1709675999998 479.9160640936984 136218333368.56993 134362466485.42528 2016.0
2150.7633336999997 479.5213667557263 134362466485.42528 139475280399.78885 0.0
1845.0354837999998 480.5351057019609 139475280399.78885 143839297677.5426 0.0
1196.78 481.42224419197987 143839297677.5426 146410185769.2582 0.0
613.82903229 482.0004354989556 146410185769.2582 147494215245.3494 0.0
448.22580648 482.2164206505976 147494215245.3494 148042762130.2505 0.0
342.41999999999996 482.32571471015154 148042762130.2505 148116919675.70084 0.0
280.25161285 482.3404900728633 148116919675.70084 147958876355.34482 0.0
262.38666663000004 482.3090010670143 147958876355.34482 148051687665.0115 0.0
387.09354837999996 482.3274930593767 148051687665.0115 149204179915.542 0.0
507.59677418999996 482.55711893116995 149204179915.542 149764467175.63666 370.0
774.675 482.66875217685526 149764467175.63666 138877127476.3705 5359.0
1223.7258067 480.42328051530575 138877127476.3705 136261051822.62286 2159.0
1839.29 479.9251492604472 136261051822.62286 140563853559.00174 0.0
2340.2064514000003 480.7386153596937 140563853559.00174 146250230629.7291 0.0
1567.3966663 481.96451431168 146250230629.7291 149775919412.5446 0.0
754.0903225699999 482.6710339534857 149775919412.5446 151228506811.04623 0.0
460.57419352 482.9604516459546 151228506811.04623 151801401424.2908 0.0
348.36 483.072826575431 151801401424.2908 151880058860.8695 0.0
276.34838715 483.0881266019976 151880058860.8695 151699410921.78372 0.0
290.91333337000003 483.05298792487525 151699410921.78372 151858265999.8065 0.0
434.71290324 483.08388757047396 151858265999.8065 153139887366.08334 0.0
637.39677419 483.3331817479252 153139887366.08334 153913951102.8457 421.0
1032.23214281 483.4837485125162 153913951102.8457 142929497642.95358 5658.0
2827.0580648 481.2176108058825 142929497642.95358 144626695727.0543 2151.0
3413.81 481.5993467672187 144626695727.0543 152992312919.44763 0.0
3811.2419351999997 483.3044763507971 152992312919.44763 162588007406.99026 0.0
2570.3199999999997 485.1525437677947 162588007406.99026 168680617357.9967 0.0
1290.1032257000002 486.2938950651406 168680617357.9967 171531300771.2564 0.0
618.22258067 486.8199484722747 171531300771.2564 172481062139.2229 0.0
417.55 486.9952135337189 172481062139.2229 172681881256.1023 0.0
322.3 487.0316393540168 172681881256.1023 172560142803.19733 0.0
291.24333336999996 487.0096145464716 172560142803.19733 172678352287.1118 0.0
292.20967743 487.03100089623297 172678352287.1118 173586358777.06058 0.0
513.4516128500001 487.19527658492234 173586358777.06058 173746803659.12357 531.0
813.6857142700001 487.22430412359006 173746803659.12357 162298361732.42273 5637.0
942.59354838 485.09799655977827 162298361732.42273 154728889616.99344 3724.0
1088.84333337 483.6422660215899 154728889616.99344 157055956515.7865 0.0
1113.3645162 484.0936576805732 157055956515.7865 159424482455.58936 0.0
1094.40666663 484.5482691853338 159424482455.58936 161700573645.8577 0.0
588.67096771 484.98513889555807 161700573645.8577 162687287015.36945 0.0
400.67741933 485.1712404925366 162687287015.36945 163074142144.60028 0.0
292.07666663000003 485.24409456583805 163074142144.60028 162975532981.56573 0.0
248.67096770999999 485.2255241019898 162975532981.56573 162686124385.34055 0.0
231.76999999999998 485.17102154149535 162686124385.34055 162669570073.91626 0.0
313.14516134 485.16790396872244 162669570073.91626 163629823879.46698 0.0
527.89354838 485.3487427268299 163629823879.46698 164320996391.61298 345.0
872.45714281 485.478907041735 164320996391.61298 151377140793.18854 6311.0
1981.5193553 482.9900659081866 151377140793.18854 148832888375.81308 2888.0
2229.3033337 482.48314173656365 148832888375.81308 154123555222.67096 0.0
1882.1870972000002 483.5245195920387 154123555222.67096 158555256779.3333 0.0
1157.0333337 484.38143124363404 158555256779.3333 160995136568.29434 0.0
516.3548386599999 484.84973830485495 160995136568.29434 161789679934.80673 0.0
365.8677419 485.0021996110747 161789679934.80673 162085352797.439 0.0
279.83000000000004 485.0578818827569 162085352797.439 161957723192.4158 0.0
219.46774190000002 485.0338461755962 161957723192.4158 161593298677.76898 0.0
268.43666663 484.96454869055066 161593298677.76898 161673844110.0443 0.0
445.07419352 484.98000846641924 161673844110.0443 162987138562.23904 0.0
620.75483866 485.2277097104028 162987138562.23904 163581077858.27066 474.0
767.28928573 485.33956268517335 163581077858.27066 152173012764.9348 5571.0
947.56129028 483.14511043861796 152173012764.9348 145129735959.49533 3534.0
1033.55 481.7124912189598 145129735959.49533 147330017855.25192 0.0
984.8838709500001 482.18370549018766 147330017855.25192 149374947396.91837 0.0
679.42333337 482.5911431354689 149374947396.91837 150595151007.172 0.0
427.71612905 482.8342600133835 150595151007.172 151172783014.69797 0.0
322.08064514 482.9493490764491 151172783014.69797 151375277930.28946 0.0
245.99666663 482.989694746023 151375277930.28946 151190189546.85797 0.0
182.38709676 482.9528172039964 151190189546.85797 150760477986.4549 0.0
208.45 482.8672002363927 150760477986.4549 150707755250.59634 0.0
283.94193553 482.8566956068134 150707755250.59634 151585006630.83737 0.0
442.87419352 483.03073461016095 151585006630.83737 152461126765.54037 188.0
698.30357146 483.2011528429373 152461126765.54037 146480507262.43784 3256.0
1154.1419352 482.0144465555764 146480507262.43784 143591889199.24643 2190.0
2363.3566663 481.3665967609641 143591889199.24643 149238887625.15674 0.0
3242.9032257 482.56403419509 149238887625.15674 157321577058.0367 0.0
1787.5066662999998 484.1446405101798 157321577058.0367 161396462876.25684 0.0
761.89677419 484.9267683063832 161396462876.25684 162847296403.94244 0.0
405.64516134 485.20137408737145 162847296403.94244 163247094836.3085 0.0
279.90333337 485.27666569422 163247094836.3085 163116504773.42822 0.0
215.84838715 485.25207246203917 163116504773.42822 162738886063.24426 0.0
206.87333337 485.1809578273529 162738886063.24426 162657757351.26395 0.0
338.94193553 485.16567935052046 162657757351.26395 163687113571.95483 0.0
513.38064514 485.3595317461308 163687113571.95483 163937555401.71494 495.0
870.33571427 485.4066959325263 163937555401.71494 150985874352.45374 6312.0
1426.8 482.9121088568348 150985874352.45374 148158681053.8265 2439.0
1928.4266662999999 482.3488107299913 148158681053.8265 152671263683.97388 0.0
1221.6612905 483.2420275596137 152671263683.97388 155338565890.28564 0.0
522.56333337 483.7608570103649 155338565890.28564 156141328966.41046 0.0
350.29032257 483.9170062179363 156141328966.41046 156500889902.49408 0.0
284.14838714999996 483.98694610046573 156500889902.49408 156589777821.4928 0.0
217.21333337 484.00418000412526 156589777821.4928 156315407342.16025 0.0
163.72258067 483.95086701851005 156315407342.16025 155819531976.5043 0.0
163.42333337000002 483.8544119775344 155819531976.5043 155639829263.77322 0.0
226.35161284999998 483.8194571608195 155639829263.77322 156364789933.11066 0.0
351.11290324 483.9604726576757 156364789933.11066 156451668711.88492 392.0
487.26071427 483.97737185603677 156451668711.88492 143959048839.26617 5737.0
731.53548391 481.4491787762632 143959048839.26617 137698525636.50726 3027.0
1314.1966663 480.2029399208277 137698525636.50726 140639017694.2353 0.0
1177.8387095 480.752667357307 140639017694.2353 143215458554.5511 0.0
490.84666663 481.2819294994492 143215458554.5511 143959831561.48135 0.0
308.6322581 481.4493548271438 143959831561.48135 144232731207.56873 0.0
241.85806447 481.5107357641855 144232731207.56873 144237412275.69247 0.0
177.28333337 481.5117886360082 144237412275.69247 143896048172.08902 0.0
127.03225809999999 481.435008585715 143896048172.08902 143343105006.3614 0.0
132.14666663 481.3106399024655 143343105006.3614 143109208986.70218 0.0
235.11612905 481.25803171090917 143109208986.70218 143852368560.98218 0.0
374.49677419 481.42518411178185 143852368560.98218 144772937048.64758 101.0
512.6 481.6322395521025 144772937048.64758 137833569476.07977 3464.0
662.51935486 480.22818647898293 137833569476.07977 133439340713.41983 2262.0
861.1066666300001 479.32504056006377 133439340713.41983 135203937603.3972 4.0
956.85161285 479.7003270105056 135203937603.3972 137200248446.75034 0.0
525.09333337 480.1097865856703 137200248446.75034 138044721065.64957 0.0
324.63548391 480.2676614443166 138044721065.64957 138372395835.3457 0.0
250.72903229000002 480.3289205151142 138372395835.3457 138414625393.54068 0.0
183.18666663000002 480.3368153661508 138414625393.54068 138105559832.66708 0.0
129.8 480.27903530242423 138105559832.66708 137578656516.35898 0.0
130.45999999999998 480.1805302890931 137578656516.35898 137352236361.12402 0.0
218.72258067 480.13820085270595 137352236361.12402 138049132483.71515 0.0
404.33870972 480.26848616259394 138049132483.71515 138986696331.9839 123.0
733.26785719 480.4437645040164 138986696331.9839 134336506371.74385 2737.0
957.14193553 479.51584567667885 134336506371.74385 130880204192.34862 2207.0
1355.0700000000002 478.7775100782104 130880204192.34862 133815258984.37427 48.0
1597.1806447000001 479.40498915022846 133815258984.37427 137528067152.93283 0.0
1190.9866663 480.1710725655137 137528067152.93283 140096444564.1182 0.0
509.36451609000005 480.6512328592481 140096444564.1182 140914583804.79535 0.0
317.75161285 480.8041846709283 140914583804.79535 141130582069.09412 0.0
229.82666662999998 480.84456572613465 141130582069.09412 140934855000.92575 0.0
184.30322581000001 480.8079743879091 140934855000.92575 140545114478.65167 0.0
175.52333337000002 480.73511207303267 140545114478.65167 140429553220.8464 0.0
262.50967743 480.71350779974694 140429553220.8464 141244941775.2907 0.0
571.4677419 480.86594536834747 141244941775.2907 142656460284.66437 114.0
939.83214281 481.15619889443644 142656460284.66437 137879600099.77798 2997.0
2324.1806447 480.23679194237764 137879600099.77798 137728793020.08432 2339.0
3498.29 480.2085984333678 137728793020.08432 146325648775.58484 0.0
3118.6806447 481.9814774573965 146325648775.58484 154082036461.94547 0.0
1867.0633337 483.51644358333897 154082036461.94547 158368950448.00772 0.0
802.02903229 484.34567187101874 158368950448.00772 159933003936.19736 0.0
482.89354837999997 484.6458740760455 159933003936.19736 160545933011.15375 0.0
333.58333337 484.7635188121216 160545933011.15375 160561725535.84314 0.0
234.19354838 484.76655000687964 160561725535.84314 160241036870.1134 0.0
199.61333337 484.7049974798682 160241036870.1134 160146096783.2846 0.0
323.29354837999995 484.68677481445 160146096783.2846 161132550478.07434 0.0
592.3677418999999 484.87611333552286 161132550478.07434 161930566151.55972 369.0
936.29642854 485.02873185528426 161930566151.55972 150255141150.35126 5850.0
2040.2096771 482.7665154712794 150255141150.35126 147956885744.60004 2855.0
2899.7066663 482.3086044520024 147956885744.60004 154985307870.82394 0.0
3325.7580648000003 483.6921431376822 154985307870.82394 163277896088.31284 0.0
2016.1133336999999 485.28246630665024 163277896088.31284 167934008728.53085 0.0
816.15161285 486.1561189755547 167934008728.53085 169517789576.8129 0.0
464.01612905 486.4483833874909 169517789576.8129 170059298360.75665 0.0
310.19 486.54831119408686 170059298360.75665 169988708303.12033 0.0
223.8322581 486.5352847948183 169988708303.12033 169611699499.2783 0.0
216.99333337000002 486.46571313882237 169611699499.2783 169543356468.96423 0.0
302.85483866 486.4531013967456 169543356468.96423 170478683657.18768 0.0
506.17741933 486.62570283395235 170478683657.18768 170982054862.18085 395.0
694.76785719 486.7185928883892 170982054862.18085 156579500708.18857 6738.0
1069.16451609 484.0022074295947 156579500708.18857 148371161744.70316 4090.0
2912.7966663 482.3911459941628 148371161744.70316 155432781661.08704 0.0
2676.9419352 483.7791833614252 155432781661.08704 161988374004.40033 0.0
1670.1733337 485.03961845657255 161988374004.40033 165750896583.47375 0.0
706.25806447 485.7481914469818 165750896583.47375 167044672657.42035 0.0
406.78064514 485.9918404251262 167044672657.42035 167438376086.96625 0.0
287.01666663 486.06465696382475 167438376086.96625 167314841310.4228 0.0
189.44838715 486.04186036361375 167314841310.4228 166853900320.1753 0.0
159.60999999999999 485.95591343129473 166853900320.1753 166642319123.26462 0.0
303.74193553 485.9160676314999 166642319123.26462 167578913983.00186 0.0
623.62903229 486.090591249862 167578913983.00186 168062909990.42947 519.0
1008.62142854 486.17990588492887 168062909990.42947 154933321175.80228 6525.0
2538.077419 483.6820309620312 154933321175.80228 156850464278.93515 1778.0
3357.38 484.0542157925019 156850464278.93515 165049364763.3858 0.0
3614.3838715 485.6160762266263 165049364763.3858 174094251706.30362 0.0
2320.73 487.2871641007666 174094251706.30362 179520059399.87326 0.0
1110.9806447 488.2687961765541 179520059399.87326 181445064418.23672 159.25806451612902
557.9 488.5536715675379 181445064418.23672 181122410414.27478 407.51612903225805
386.34666663 488.52690862759414 181122410414.27478 180859356181.97183 139.2
263.96451609 488.5050892652598 180859356181.97183 180543398780.50992 5.161290322580645
269.39 488.45393778443673 180543398780.50992 180589597697.36832 0.0
465.54838715 488.46229604945756 180589597697.36832 181279509377.88843 255.8709677419355
615.82258067 488.53993939763507 181279509377.88843 181503845441.39066 611.258064516129
784.49642854 488.55854723302843 181503845441.39066 168298456178.6891 6336.0
1167.5548391 486.223372610941 168298456178.6891 163235722631.9298 3012.0
1873.6466663 485.27452403614495 163235722631.9298 167581432950.4626 0.0
2127.4806447 486.09105608976984 167581432950.4626 172642609081.5593 0.0
1801.99 487.024534268766 172642609081.5593 176727555488.54126 0.0
897.0903225699999 487.7635789691005 176727555488.54126 178511633170.4567 0.0
475.69032257000003 488.0863526421041 178511633170.4567 179065048066.24786 0.0
326.21333337000004 488.18647594974937 179065048066.24786 179011826818.89764 0.0
249.66451609 488.17684721123464 179011826818.89764 178676918326.6865 0.0
222.75 488.1162558786672 178676918326.6865 178605944358.57645 0.0
310.16451609 488.10341533444273 178605944358.57645 179564303132.60736 0.0
549.04193553 488.27680071148365 179564303132.60736 179861365848.41718 517.0
910.83928573 488.3305450214239 179861365848.41718 166762182838.39398 6418.0
1423.4290324 485.9386408358557 166762182838.39398 158946827798.92258 4296.0
2431.3 484.4565888289678 158946827798.92258 164743783726.30072 0.0
3763.0193553 485.5585280087195 164743783726.30072 174186998259.862 0.0
2439.1266663 487.3039437208772 174186998259.862 179919264163.1974 0.0
1207.3548391 488.34101993062313 179919264163.1974 181643336572.60187 330.4516129032258
573.33548391 488.57011749938636 181643336572.60187 181150952840.73798 486.2903225806452
371.71666662999996 488.5292761148588 181150952840.73798 180847384335.57285 140.2
254.13548391 488.50409624548547 180847384335.57285 180509652430.8934 3.4838709677419355
229.42333337000002 488.44783242628637 180509652430.8934 180452419671.43265 0.0
326.73548390999997 488.43747792873586 180452419671.43265 181121968014.02 124.64516129032258
611.35161285 488.52687193215166 181121968014.02 181476775277.5703 558.0645161290323
986.7 488.5563018644302 181476775277.5703 168276700958.61053 6536.0
2292.8129028000003 486.2193579919931 168276700958.61053 164095696197.78778 3808.0
4449.55 485.436477626702 164095696197.78778 175111618090.70187 0.0
3880.1516134000003 487.47122507973137 175111618090.70187 183347893178.8777 560.4516129032259
2456.6166663 488.71150407920356 183347893178.8777 183140492984.3946 2305.633333333333
1193.2322580999999 488.69430101064984 183140492984.3946 181893283161.70554 1425.1935483870968
575.03870972 488.5908496318601 181893283161.70554 181169755414.3933 574.258064516129
378.46333337000004 488.53083571784947 181169755414.3933 180855234246.97113 151.16666666666666
266.80322581 488.5047473662053 180855234246.97113 180548086880.29202 4.709677419354839
237.89333337 488.4547859510841 180548086880.29202 180512713622.514 0.0
367.29354837999995 488.448386254224 180512713622.514 181172801266.68967 168.74193548387098
550.31935486 488.5310883598781 181172801266.68967 181425308258.47763 535.2258064516129
850.14285719 488.5520328681551 181425308258.47763 168666710449.22095 6217.0
1252.4677419000002 486.2913287413215 168666710449.22095 162387835132.93588 3551.0
1514.1299999999999 485.11484654104254 162387835132.93588 165803765530.466 0.0
1520.1870972000002 485.75814793417436 165803765530.466 169243393331.02023 0.0
1246.4633337 486.3977474314487 169243393331.02023 171895667189.7767 0.0
616.77419352 486.88718715441536 171895667189.7767 172938554162.07092 0.0
409.15806447 487.07807637716877 172938554162.07092 173325913321.60745 0.0
302.93 487.14815703563033 173325913321.60745 173227762798.2198 0.0
196.04838715 487.13039973432996 173227762798.2198 172766730655.53973 0.0
181.53666663 487.04699022835723 172766730655.53973 172600446989.86362 0.0
338.30322581 487.0169063423948 172600446989.86362 173631903532.25623 0.0
