466.56451609000004 477.2554680664917 123874000000.0 122263239662.37366 1132.0
660.65 476.9001442630522 122263239662.37366 121717281172.57877 962.4285714285714
952.15483866 476.7770142473114 121717281172.57877 121704590261.00735 918.3870967741935
1659.9866663 476.7741520660819 121704590261.00735 122930363444.74396 1020.4666666666667
2699.1419352 477.04907336936657 122930363444.74396 125969709128.20107 1364.0645161290322
1575.67 477.7138471409014 125969709128.20107 125525916621.17982 1558.0666666666666
719.32258067 477.6167796634252 125525916621.17982 123339940389.46275 1345.4516129032259
439.62580648 477.138657128054 123339940389.46275 121240767396.25056 1005.1290322580645
329.39333337 476.66954609748547 121240767396.25056 119558216164.71793 700.2
296.58064514 476.2900803258272 119558216164.71793 118311742504.38818 463.2903225806452
423.20333337 476.0089631268354 118311742504.38818 118010519437.3529 340.7
647.4677419 475.941054877672 118010519437.3529 118814478991.04466 385.16129032258067
824.24193553 476.12234528440337 118814478991.04466 119773641743.1165 528.9677419354839
989.3142857299999 476.33866525555175 119773641743.1165 120701382674.40216 681.25
1362.1709675999998 476.54789866359994 120701382674.40216 121944837078.19305 859.483870967742
2147.7633336999997 476.82833492967814 121944837078.19305 124129302335.21326 1137.7666666666667
1841.0354837999998 477.3113084722689 124129302335.21326 124868297328.17345 1364.8064516129032
1190.78 477.4729434226101 124868297328.17345 123974602766.02861 1347.9666666666667
602.82903229 477.2774721710474 123974602766.02861 122073577298.88019 1123.8709677419354
435.22580648 476.85736971106905 122073577298.88019 120415595414.92108 837.1612903225806
330.41999999999996 476.4834450642582 120415595414.92108 119022218336.57329 590.6333333333333
270.25161285 476.1691967380634 119022218336.57329 117910118768.30206 387.51612903225805
258.38666663000004 475.91842172414385 117910118768.30206 117397942638.19534 257.8
386.09354837999996 475.80296272276723 117397942638.19534 117848052965.13951 255.74193548387098
505.59677418999996 475.9044303347925 117848052965.13951 118453525329.68602 342.0
773.675 476.0409394067853 118453525329.68602 119377954650.45573 466.4642857142857
1221.7258067 476.24942594732875 119377954650.45573 120784772784.26685 658.2903225806451
1835.29 476.5667056347016 120784772784.26685 122701955202.96121 929.5
2337.2064514000003 476.9990877769421 122701955202.96121 125026348934.2186 1269.6451612903227
1562.3966663 477.5075128902491 125026348934.2186 124873507300.32808 1433.2666666666667
744.0903225699999 477.4740829615766 124873507300.32808 122968616540.65881 1265.741935483871
447.57419352 477.0574401882456 122968616540.65881 121018525257.42677 957.741935483871
336.36 476.61942382891897 121018525257.42677 119428121686.75359 671.8666666666667
266.34838715 476.2607401187987 119428121686.75359 118162255529.76051 440.51612903225805
286.91333337000003 475.97526048912545 118162255529.76051 117623242079.2916 296.43333333333334
433.71290324 475.8537515958728 117623242079.2916 118097687541.2911 294.3225806451613
635.39677419 475.96070503635957 118097687541.2911 118898195044.80177 399.0967741935484
1031.23214281 476.1412257656296 118898195044.80177 120196093036.47612 569.8928571428571
2826.0580648 476.4339406938376 120196093036.47612 124821672111.14952 1060.3870967741937
3411.81 477.4627454311351 124821672111.14952 128215866831.4507 1932.0666666666666
3811.2419351999997 478.20243186519554 128215866831.4507 130230212390.12563 2854.3225806451615
2567.3199999999997 478.63721398448644 130230212390.12563 128983417697.09497 2856.0
1281.1032257000002 478.3681022441388 128983417697.09497 126338454765.47395 2075.8387096774195
606.22258067 477.7945001674265 126338454765.47395 123554547797.83035 1424.516129032258
405.55 477.1855966311965 123554547797.83035 121229483158.46898 1021.4
312.3 476.66700116338944 121229483158.46898 119419758555.01508 687.1612903225806
287.24333336999996 476.25885398173546 119419758555.01508 118444579086.56285 463.96666666666664
291.20967743 476.0389217606141 118444579086.56285 118316342092.32907 376.93548387096774
511.45161285000006 476.01000047188296 118316342092.32907 118768664568.29343 405.16129032258067
812.6857142700001 476.1120127578469 118768664568.29343 119668521920.6852 515.75
939.59354838 476.31495758247297 119668521920.6852 120356268486.40709 644.6451612903226
1083.84333337 476.47006506233805 120356268486.40709 120825365316.04884 737.7333333333333
1108.3645162 476.57586046821126 120825365316.04884 121124576967.02374 799.8387096774194
1088.40666663 476.643341670506 121124576967.02374 121295919966.994 837.6666666666666
577.67096771 476.6819846565164 121295919966.994 120291263790.6136 766.1612903225806
387.67741933 476.45540455358895 120291263790.6136 119165687249.4568 592.516129032258
280.07666663000003 476.2015532813389 119165687249.4568 118100652735.09111 415.1666666666667
238.67096770999999 475.961373474998 118100652735.09111 117249123437.2327 259.8709677419355
227.76999999999998 475.7694146612337 117249123437.2327 116901489558.53673 164.3
312.14516134 475.69104814214086 116901489558.53673 117365735501.9719 176.41935483870967
525.89354838 475.79570232235614 117365735501.9719 118186210205.46236 281.9032258064516
871.45714281 475.98066055127646 118186210205.46236 119394599853.06674 446.82142857142856
1979.5193553 476.25317993979854 119394599853.06674 122450124027.13454 800.3548387096774
2226.3033337 476.9422922929938 122450124027.13454 124630420753.08316 1217.5
1878.1870972000002 477.4209144254338 124630420753.08316 125276539018.80493 1436.1935483870968
1151.0333337 477.5622351309722 125276539018.80493 124159551772.16817 1394.1
505.3548386599999 477.3179247095731 124159551772.16817 121980763872.19455 1130.0645161290322
352.8677419 476.83643749936726 121980763872.19455 120176398642.55405 809.6451612903226
267.83000000000004 476.4294990172652 120176398642.55405 118733663074.8709 547.4666666666667
209.46774190000002 476.10411887119324 118733663074.8709 117592130444.49738 338.19354838709677
264.43666663 475.84673815250164 117592130444.49738 117203455102.23332 216.46666666666667
444.07419352 475.7591197254809 117203455102.23332 117849247013.51628 240.6451612903226
618.75483866 475.9046995071047 117849247013.51628 118701495941.70319 363.06451612903226
766.28928573 476.09686421779503 118701495941.70319 119529966604.87471 498.82142857142856
944.56129028 476.2837092027232 119529966604.87471 120277645170.94673 627.258064516129
1028.55 476.4523331463569 120277645170.94673 120656144016.25931 717.5
978.8838709500001 476.53769598923304 120656144016.25931 120733225603.32242 753.5806451612904
672.42333337 476.5550801992157 120733225603.32242 120156405481.65712 711.0666666666667
416.71612905 476.4249899597783 120156405481.65712 119207003922.39 585.6451612903226
309.08064514 476.21087143039915 119207003922.39 118296749281.38214 434.61290322580646
232.99666663 476.00558170531843 118296749281.38214 117434455374.00388 290.96666666666664
172.38709676 475.8111937272326 117434455374.00388 116676492695.05923 159.61290322580646
204.45 475.64032747859767 116676492695.05923 116477969746.01721 83.96666666666667
282.94193553 475.59557478494526 116477969746.01721 117028735142.51051 114.83870967741936
440.87419352 475.71973289957407 117028735142.51051 117782823808.25824 221.5483870967742
697.30357146 475.8897258359464 117782823808.25824 118772108748.0089 363.0357142857143
1152.1419352 476.11278952368264 118772108748.0089 120241947868.17616 565.2903225806451
2360.3566663 476.4442823338241 120241947868.17616 123464519879.77321 950.8333333333334
3241.9032257 477.1659054855147 123464519879.77321 127497356673.28697 1534.8709677419354
1782.5066662999998 478.0473465731248 127497356673.28697 126929910328.153 1811.3
751.89677419 477.9238649011709 126929910328.153 124327122893.00706 1532.5483870967741
392.64516134 477.35457631080646 124327122893.00706 121776686862.54553 1125.8064516129032
267.90333337 476.7904120123016 121776686862.54553 119776899262.31378 760.5666666666667
205.84838715 476.3393999238416 119776899262.31378 118254522700.10875 475.4516129032258
202.87333337 475.9960601217558 118254522700.10875 117504722030.70169 293.73333333333335
337.94193553 475.82703382116813 117504722030.70169 117811624151.93767 261.06451612903226
511.38064513999996 475.8962182488588 117811624151.93767 118442590194.7167 338.258064516129
869.33571427 476.038473205845 118442590194.7167 119562929970.00096 481.17857142857144
1424.8 476.2911434303114 119562929970.00096 121347399387.11635 720.2903225806451
1924.4266662999999 476.6935948099044 121347399387.11635 123259646742.80281 1020.0666666666667
1216.6612905 477.12109508810215 123259646742.80281 122931115061.54327 1140.3870967741937
515.56333337 477.049237764992 122931115061.54327 121258034699.80254 975.6
339.29032257 476.67344039237764 121258034699.80254 119746745521.36806 717.2258064516129
271.14838714999996 476.3325993507821 119746745521.36806 118561080030.62547 499.06451612903226
204.21333337 476.065196218003 118561080030.62547 117545385961.1841 321.1
153.72258067 475.8362006224491 117545385961.1841 116707163780.28867 170.80645161290323
159.42333337000002 475.6472416096232 116707163780.28867 116402365848.68387 79.96666666666667
225.35161284999998 475.578531525853 116402365848.68387 116853850866.20161 94.29032258064517
349.11290324 475.68030903205624 116853850866.20161 117469431934.25844 181.41935483870967
486.26071427 475.8190784342332 117469431934.25844 118136234670.98174 285.10714285714283
728.53548391 475.96939465080743 118136234670.98174 118907211895.92459 402.80645161290323
1309.1966663 476.14325933602265 118907211895.92459 120358298099.46751 585.0333333333333
1172.8387095 476.47052280096244 120358298099.46751 120964605902.81554 749.9677419354839
483.84666663 476.6072633971167 120964605902.81554 119906902010.25787 708.0333333333333
297.6322581 476.36871944299907 119906902010.25787 118786816103.70924 530.6129032258065
227.85806447 476.1161064735474 118786816103.70924 117849356457.70369 364.03225806451616
164.28333337 475.9047241789233 117849356457.70369 116996710857.52936 219.16666666666666
117.03225809999999 475.71251371901025 116996710857.52936 116274620289.31584 91.51612903225806
128.14666663 475.5497340598097 116274620289.31584 116053873128.26308 16.666666666666668
234.11612905 475.4999754027084 116053873128.26308 116648179162.6418 49.67741935483871
372.49677419 475.6339448067272 116648179162.6418 117387698568.50809 158.48387096774192
511.6 475.8006534194112 117387698568.50809 118132265304.56021 278.2857142857143
659.51935486 475.9684998432282 118132265304.56021 118753943340.74008 389.5483870967742
856.1066666300001 476.1086926794632 118753943340.74008 119294743990.11662 483.6666666666667
950.85161285 476.23065944747776 119294743990.11662 119796207894.0024 568.258064516129
518.09333337 476.34375459945926 119796207894.0024 119217126492.03033 558.5
313.63548391 476.2131543734845 119217126492.03033 118377781344.15611 442.3225806451613
236.72903229000002 476.0238568660704 118377781344.15611 117605534006.33588 311.5806451612903
170.18666663000002 475.8497596948458 117605534006.33588 116850040075.66815 187.86666666666667
119.80000000000001 475.6794499719721 116850040075.66815 116186476768.75264 72.61290322580645
126.45999999999998 475.5298640145971 116186476768.75264 115987583979.24123 6.633333333333334
217.72258067 475.4871235763776 115987583979.24123 116568267256.6995 38.354838709677416
402.33870972 475.6159304005184 116568267256.6995 117401252806.45105 153.41935483870967
732.26785719 475.80370892841546 117401252806.45105 118585363702.1291 317.35714285714283
954.14193553 476.0706729143277 118585363702.1291 119689498337.66666 503.9032258064516
1351.0700000000002 476.3196883937002 119689498337.66666 120957643958.72179 696.9
1593.1806447000001 476.6056932698966 120957643958.72179 122267184791.31915 906.7741935483871
1184.9866663 476.9010340079655 122267184791.31915 122247037461.29106 1007.1333333333333
498.36451609000005 476.89649018071515 122247037461.29106 120730468312.49484 877.3225806451613
304.75161285 476.5544583474278 120730468312.49484 119267083424.30267 635.4193548387096
216.82666662999998 476.22442116019454 119267083424.30267 118032611404.75095 417.26666666666665
174.30322581000001 475.94603503263096 118032611404.75095 117065201155.01056 238.96774193548387
171.52333337000002 475.7279533712828 117065201155.01056 116662117776.29985 129.66666666666666
261.50967743 475.6370869649008 116662117776.29985 117100508722.56612 135.38709677419354
569.4677419 475.7359126967011 117100508722.56612 118110295662.65337 254.74193548387098
938.83214281 475.9635472638984 118110295662.65337 119478920337.47856 447.9642857142857
2323.1806447 476.27219673826755 119478920337.47856 123255167263.49928 874.8387096774194
3496.29 477.1201153244749 123255167263.49928 127793395451.11925 1576.1
3116.6806447 478.11124443149566 127793395451.11925 128280037698.42487 2731.1612903225805
1863.0633337 478.21628268906215 128280037698.42487 127200583559.49986 2089.0666666666666
792.02903229 477.98306727023186 127200583559.49986 124591613196.63422 1574.741935483871
469.89354837999997 477.41242633347207 124591613196.63422 122117504980.97176 1174.225806451613
321.58333337 476.867276721013 122117504980.97176 120113207518.91335 815.5
224.19354838 476.41524752343554 120113207518.91335 118510609179.04651 523.2903225806451
195.61333337 476.05381352707406 118510609179.04651 117656516006.26376 326.5
322.29354837999995 475.8612524811235 117656516006.26376 117875510375.94882 278.258064516129
590.3677418999999 475.91062001261247 117875510375.94882 118656383509.07626 361.3225806451613
935.29642854 476.08669001106813 118656383509.07626 119839846091.65627 521.1428571428571
2038.2096771 476.3535963219793 119839846091.65627 122865283182.66118 870.1935483870968
2897.7066663 477.034838841352 122865283182.66118 126339976983.90536 1388.6333333333334
3324.7580648000003 477.79483311109044 126339976983.90536 128400975914.66563 2351.8709677419356
2012.1133336999999 478.24238634031207 128400975914.66563 127353470928.7928 2225.6666666666665
806.15161285 478.0162898616 127353470928.7928 124717966895.82745 1598.6451612903227
451.01612905 477.44006275061844 124717966895.82745 122158068679.47966 1187.2903225806451
298.19 476.8764250517545 122158068679.47966 120089825000.03447 816.7666666666667
213.8322581 476.40997406405825 120089825000.03447 118473081231.17145 518.258064516129
212.99333337000002 476.0453498491591 118473081231.17145 117669079405.9441 324.56666666666666
301.85483866 475.864084627129 117669079405.9441 117838939876.0876 276.16129032258067
504.17741933 475.90237598649406 117838939876.0876 118444577192.78696 340.51612903225805
693.76785719 476.0389213335108 118444577192.78696 119210861092.17157 451.89285714285717
1066.16451609 476.2117413378826 119210861092.17157 120337183105.35489 607.516129032258
2910.7966663 476.46576073643547 120337183105.35489 124701537312.40416 1060.2
2674.9419352 477.4364692284349 124701537312.40416 127071443348.69035 1588.4193548387098
1665.1733337 477.95482137985357 127071443348.69035 126445479618.81538 1716.9333333333334
696.25806447 477.8179089279999 126445479618.81538 123889121746.52899 1460.0
393.78064514 477.25877553511134 123889121746.52899 121495525320.23087 1068.774193548387
275.01666663 476.7270016509316 121495525320.23087 119608835306.5766 724.3666666666667
179.44838715 476.3014964606623 119608835306.5766 118089019227.42393 448.35483870967744
155.60999999999999 475.95875095298106 118089019227.42393 117296445752.27884 263.1666666666667
302.74193553 475.7800824509195 117296445752.27884 117600368431.65063 226.93548387096774
621.62903229 475.8485952280547 117600368431.65063 118547318716.44211 330.51612903225805
1007.62142854 476.0620926288773 118547318716.44211 119911869481.21906 518.6071428571429
2537.077419 476.3698397567025 119911869481.21906 124003925027.89955 970.7096774193549
3355.38 477.2838856141513 124003925027.89955 127904396613.56024 1680.8666666666666
3613.3838715 478.1352032405699 127904396613.56024 129474984641.49664 2822.6129032258063
2317.73 478.47420346244263 129474984641.49664 127809364579.82593 2768.9333333333334
1101.9806447 478.11469125400953 127809364579.82593 125586413813.44064 1739.8709677419354
545.9 477.63001177021886 125586413813.44064 122931568315.63275 1316.741935483871
374.34666663 477.04933690193195 122931568315.63275 120756167497.33682 933.2333333333333
253.96451609000002 476.56025428446924 120756167497.33682 118988549938.93181 613.8064516129032
265.39 476.1616035044952 118988549938.93181 118116805187.62372 402.6
464.54838715 475.9650146951361 118116805187.62372 118483473412.18936 365.48387096774195
613.82258067 476.04769359769716 118483473412.18936 119100219916.01538 446.2258064516129
783.49642854 476.18678843392314 119100219916.01538 119833444767.08519 555.5357142857143
1165.5548391 476.35215263127765 119833444767.08519 120955991138.06473 708.1935483870968
1869.6466663 476.6053205092613 120955991138.06473 122886751463.93416 958.4666666666667
2124.4806447 477.0395344409305 122886751463.93416 124680324808.94006 1255.1935483870968
1796.99 477.431829573259 124680324808.94006 125146236941.43257 1429.1666666666667
887.0903225699999 477.53373511404914 125146236941.43257 123460191811.23915 1326.6774193548388
462.69032257000003 477.16495883885375 123460191811.23915 121368427596.00076 1025.2903225806451
314.21333337000004 476.6983373017593 121368427596.00076 119609136887.85391 714.5
239.66451609 476.3015644762864 119609136887.85391 118220596370.36707 459.4516129032258
218.75 475.9884121664488 118220596370.36707 117516382115.24742 292.03333333333336
309.16451609 475.829662334366 117516382115.24742 117756389774.1465 257.258064516129
547.04193553 475.8837668562098 117756389774.1465 118484767830.08858 337.5483870967742
909.83928573 476.04798552776015 118484767830.08858 119673012956.41875 493.64285714285717
1421.4290324 476.3159704457417 119673012956.41875 121411256122.37024 734.1612903225806
2428.3 476.7079964191182 121411256122.37024 124377157139.15654 1116.9333333333334
3763.0193553 477.36551993419874 124377157139.15654 128543361446.2199 2005.0
2436.1266663 478.27311924157567 128543361446.2199 127731166430.16513 2558.6
1198.3548391 478.0978127412401 127731166430.16513 125760576125.86449 1741.967741935484
561.33548391 477.6681050144061 125760576125.86449 123079220689.70692 1341.9032258064517
359.71666662999996 477.08163182189566 123079220689.70692 120821359790.57033 950.2666666666667
244.13548391 476.57495710206814 120821359790.57033 119009097184.18013 620.5806451612904
225.42333337000002 476.1662375246234 119009097184.18013 118044978030.59242 398.3
325.73548390999997 475.94882282024173 118044978030.59242 118133738491.18277 330.38709677419354
609.35161285 475.9688319412044 118133738491.18277 118864832251.27316 398.96774193548384
985.7 476.1337014549556 118864832251.27316 120081711206.99811 557.8214285714286
2291.8129028000003 476.40814416035136 120081711206.99811 123576538319.724 948.4516129032259
4449.55 477.19040645663256 123576538319.724 129343306054.43988 2054.4333333333334
3880.1516134000003 478.4457815787697 129343306054.43988 131542633359.07959 2853.0
2453.6166663 478.9204906883401 131542633359.07959 130003571896.47168 2854.0
1184.2322580999999 478.5882952506954 130003571896.47168 126518015497.0009 2292.2903225806454
563.03870972 477.8337741681979 126518015497.0009 123576433267.27869 1440.0967741935483
366.46333337000004 477.19038347928233 123576433267.27869 121160690922.4996 1017.3333333333334
256.80322581 476.65148645072156 121160690922.4996 119254572665.73491 667.8387096774194
233.89333337 476.2215996088712 119254572665.73491 118223367147.13164 432.43333333333334
366.29354837999995 475.9890367779828 118223367147.13164 118337656491.53131 361.4516129032258
548.31935486 476.0148075082389 118337656491.53131 118862943719.94257 414.80645161290323
849.14285719 476.1332755344931 118862943719.94257 119805575046.23415 534.5714285714286
1250.4677419000002 476.3458671732598 119805575046.23415 121123458688.83272 720.1612903225806
1510.1299999999999 476.6430894652306 121123458688.83272 122232046372.3837 916.3666666666667
1515.1870972000002 476.8931092405015 122232046372.3837 122917210715.479 1060.9354838709678
1240.4633337 477.04619656943987 122917210715.479 122790749331.44774 1103.0666666666666
605.77419352 477.0185365991793 122790749331.44774 121314862383.79634 969.0
396.15806447 476.68625673969245 121314862383.79634 119842365481.28116 729.5806451612904
290.93 476.35416451991 119842365481.28116 118564887922.61238 507.1666666666667
186.04838715 476.0660550118656 118564887922.61238 117432677672.58566 311.5483870967742
177.53666663 475.8107929829995 117432677672.58566 116914579814.26492 179.73333333333332
337.30322581 475.6939990564168 116914579814.26492 117429381953.68578 182.70967741935485
