467.56451609000004 477.2554680664917 123874000000.0 125299150083.22705 0.0
660.65 477.56718068312057 125299150083.22705 123945804110.83276 1297.1785714285713
953.15483866 477.27117325258814 123945804110.83276 124380179494.13525 752.0
1661.9866663 477.3661809917181 124380179494.13525 128247863498.21468 0.0
2699.1419352 478.2093381174649 128247863498.21468 134922702400.51672 0.0
1576.67 479.64051518513753 134922702400.51672 138494810688.54184 0.0
723.32258067 480.3518060737599 138494810688.54184 139888508445.33307 0.0
445.62580648 480.6123590288527 139888508445.33307 140448884688.92093 0.0
335.39333337 480.71712183378594 140448884688.92093 140528281922.28317 0.0
301.58064514 480.73196521261605 140528281922.28317 140453431166.3838 0.0
425.20333337 480.71797180153 140453431166.3838 140984605387.0807 0.0
648.4677419 480.81727526398964 140984605387.0807 142834167529.2208 0.0
825.24193553 481.1961690349125 142834167529.2208 129035852460.43503 6044.870967741936
989.3142857299999 478.37941991375675 129035852460.43503 131620814554.80307 0.0
1363.1709675999998 478.9373655417231 131620814554.80307 133698183157.31967 547.0
2148.7633336999997 479.38008999517643 133698183157.31967 138807051180.31732 0.0
1842.0354837999998 480.41017969345995 138807051180.31732 143164457967.28918 0.0
1192.78 481.2704583822063 143164457967.28918 145726449074.0462 0.0
607.82903229 481.84670469501714 145726449074.0462 146795854579.81207 0.0
441.22580648 482.07727726236544 146795854579.81207 147327299940.12918 0.0
336.41999999999996 482.183163964959 147327299940.12918 147388002776.17676 0.0
275.25161285 482.19525857265927 147388002776.17676 147218950575.8811 0.0
260.38666663000004 482.1615761258978 147218950575.8811 147308133950.40244 0.0
387.09354837999996 482.179345278024 147308133950.40244 148460319473.81808 0.0
506.59677418999996 482.40891003662443 148460319473.81808 128355421779.03842 8081.1612903225805
773.675 478.2325538051022 128355421779.03842 130417876005.0478 0.0
1222.7258067 478.677719837049 130417876005.0478 133584499153.43169 0.0
1837.29 479.3559121976673 133584499153.43169 137886952004.80545 0.0
2338.2064514000003 480.2381663871388 137886952004.80545 143573829698.92255 0.0
1563.3966663 481.3625347950793 143573829698.92255 147094582223.75967 0.0
748.0903225699999 482.13679661760506 147094582223.75967 148536494711.974 0.0
453.57419352 482.4240874102359 148536494711.974 149096923607.6871 0.0
342.36 482.53574887580936 149096923607.6871 149167867848.94595 0.0
271.34838715 482.54988401054914 149167867848.94595 148982609865.68372 0.0
288.91333337000003 482.5129726769643 148982609865.68372 149141962973.62006 0.0
434.71290324 482.5447226486591 149141962973.62006 150422474115.63693 0.0
636.39677419 482.7998553727111 150422474115.63693 131379135623.7002 7815.741935483871
1031.23214281 478.885200868487 131379135623.7002 134067640817.02429 0.0
2826.0580648 479.45866457188947 134067640817.02429 141525943393.3318 0.0
3412.81 480.9184788546143 141525943393.3318 149894577499.60336 0.0
3811.2419351999997 482.69467573213853 149894577499.60336 159496632667.6964 0.0
2567.3199999999997 484.56211759456744 159496632667.6964 165587035226.8346 0.0
1284.1032257000002 485.7173324344321 165587035226.8346 168427419142.07306 0.0
611.22258067 486.2471709064538 168427419142.07306 169365145785.04272 0.0
410.55 486.420215129183 169365145785.04272 169556216060.86447 0.0
317.3 486.45547445301065 169556216060.86447 169430485678.93655 0.0
289.24333336999996 486.432272684801 169430485678.93655 169549590667.3638 0.0
292.20967743 486.45425183010957 169549590667.3638 170456402966.98477 0.0
512.4516128500001 486.62159124690623 170456402966.98477 156835619603.59338 5673.0
812.6857142700001 484.0513665266014 156835619603.59338 159014613416.34738 0.0
940.59354838 484.46959950409735 159014613416.34738 160342378827.45193 400.0
1085.84333337 484.72444891121916 160342378827.45193 162652364909.74902 0.0
1110.3645162 485.16466382481144 162652364909.74902 165001588983.27576 0.0
1090.40666663 485.60707890457167 165001588983.27576 167257259061.65448 0.0
582.67096771 486.03123437196064 167257259061.65448 168217505584.04428 0.0
393.67741933 486.20843432073156 168217505584.04428 168573620327.14386 0.0
286.07666663000003 486.2741502725861 168573620327.14386 168444601792.67612 0.0
243.67096770999999 486.25034172221376 168444601792.67612 168125286748.89505 0.0
229.76999999999998 486.1914166357068 168125286748.89505 168092915384.9328 0.0
313.14516134 486.18544295717527 168092915384.9328 169055255112.94748 0.0
526.89354838 486.36302917751385 169055255112.94748 147388956955.48315 8690.0
871.45714281 482.1954486860895 147388956955.48315 149703358573.08948 0.0
1979.5193553 482.65657672307026 149703358573.08948 154229369460.98682 246.0
2227.3033337 483.54510201536414 154229369460.98682 159505783929.29742 0.0
1879.1870972000002 484.5638740747212 159505783929.29742 163918507859.6854 0.0
1153.0333337 485.40310882479946 163918507859.6854 166338306291.81824 0.0
510.3548386599999 485.85881474422183 166338306291.81824 167106749801.52777 0.0
358.8677419 486.0034600113541 167106749801.52777 167372123337.59366 0.0
273.83000000000004 486.0524309536065 167372123337.59366 167214631155.87662 0.0
215.46774190000002 486.023367993334 167214631155.87662 166823580747.01917 0.0
266.43666663 485.95020353051206 166823580747.01917 166888691383.23813 0.0
445.07419352 485.96246542057213 166888691383.23813 168203995000.82986 0.0
619.75483866 486.2059411332035 168203995000.82986 148181833956.72928 8169.0
766.28928573 482.3534237809781 148181833956.72928 150242306422.62094 0.0
945.56129028 482.7639582432 150242306422.62094 151410155911.41464 466.0
1030.55 482.9966439353287 151410155911.41464 153591821177.54205 0.0
980.8838709500001 483.42108951129006 153591821177.54205 155612969600.8714 0.0
675.42333337 483.81423256192795 155612969600.8714 156811074258.58853 0.0
421.71612905 484.04665532794405 156811074258.58853 157360461964.2197 0.0
315.08064514 484.1521040238425 157360461964.2197 157530179856.96954 0.0
238.99666663 484.1846794351189 157530179856.96954 157309563138.7605 0.0
178.38709676 484.1423345755778 157309563138.7605 156849781490.6742 0.0
206.45 484.0540847390929 156849781490.6742 156779392163.6274 0.0
283.94193553 484.0405743116367 156779392163.6274 157659088340.98566 0.0
441.87419352 484.20942194644635 157659088340.98566 139551169491.23248 7274.0
697.30357146 480.5492932307408 139551169491.23248 141437991676.14972 0.0
1153.1419352 480.9020362079173 141437991676.14972 144413413318.48904 0.0
2361.3566663 481.55137501540463 144413413318.48904 150053738713.9943 0.0
3241.9032257 482.7263874704113 150053738713.9943 158132063988.9883 0.0
1783.5066662999998 484.3002042205352 158132063988.9883 162195095128.38318 0.0
755.89677419 485.07854898839605 162195095128.38318 163628371765.17087 0.0
398.64516134 485.34846925897756 163628371765.17087 164007741053.13092 0.0
273.90333337 485.41991356932783 164007741053.13092 163859556743.3979 0.0
211.84838715 485.3920069196606 163859556743.3979 163468989246.7941 0.0
204.87333337 485.3184537187936 163468989246.7941 163381251056.83957 0.0
338.94193553 485.30193051917877 163381251056.83957 164410886235.70392 0.0
512.38064514 485.4958354492851 164410886235.70392 149786622437.02423 6046.0
869.33571427 482.6731664548763 149786622437.02423 152061351263.41824 15.0
1425.8 483.12339063672795 152061351263.41824 154361844132.3629 523.0
1925.4266662999999 483.5708702844511 154361844132.3629 158856202079.72263 0.0
1218.6612905 484.43919425714444 158856202079.72263 161502810927.37946 0.0
518.56333337 484.94718060026474 161502810927.37946 162283819334.32278 0.0
345.29032257 485.0952578784035 162283819334.32278 162618159614.7809 0.0
278.14838714999996 485.15822214967625 162618159614.7809 162677329218.1501 0.0
211.21333337 485.1693652011582 162677329218.1501 162370473168.65912 0.0
159.72258067 485.1115768679207 162370473168.65912 161845007483.3539 0.0
161.42333337000002 485.0126191117427 161845007483.3539 161647937664.2685 0.0
226.35161284999998 484.97503602001314 161647937664.2685 162375286186.52942 0.0
350.11290324 485.1124832742993 162375286186.52942 139019808065.72314 9142.0
487.26071427 480.4499547701857 139019808065.72314 140397958844.81567 0.0
729.53548391 480.70760120486364 140397958844.81567 141406657656.61203 311.0
1311.1966663 480.896178286897 141406657656.61203 144333092580.71432 0.0
1174.8387095 481.53330917245034 144333092580.71432 146892849493.05014 0.0
486.84666663 482.09660280793986 146892849493.05014 147619115024.14398 0.0
303.6322581 482.2413060418697 147619115024.14398 147870694731.94696 0.0
234.85806447 482.2914315066641 147870694731.94696 147847524968.51645 0.0
171.28333337 482.2868150963372 147847524968.51645 147479284896.02365 0.0
123.03225809999999 482.2134458848423 147479284896.02365 146902872214.92862 0.0
130.14666663 482.098599763883 146902872214.92862 146655478079.15677 0.0
235.11612905 482.04930824450224 146655478079.15677 147400256807.92267 0.0
373.49677419 482.1977001012 147400256807.92267 128386155513.90091 7540.774193548387
512.6 478.2391874625299 128386155513.90091 129816772326.71426 0.0
660.51935486 478.5479758961179 129816772326.71426 130616011695.10204 322.0
858.1066666300001 478.72048601232507 130616011695.10204 132389076778.15294 0.0
952.85161285 479.10167519739537 132389076778.15294 134381839463.56584 0.0
521.09333337 479.52548691271073 134381839463.56584 135221972310.84703 0.0
319.63548391 479.70416255015886 135221972310.84703 135542254951.49405 0.0
243.72903229000002 479.7722788072084 135542254951.49405 135572606937.60167 0.0
177.18666663000002 479.77873392973237 135572606937.60167 135256685911.70465 0.0
125.80000000000001 479.7115452810941 135256685911.70465 134729165983.22685 0.0
128.45999999999998 479.5993547390955 134729165983.22685 134504304569.3361 0.0
218.72258067 479.55153223507784 134504304569.3361 135199899940.90424 0.0
403.33870972 479.69946829878864 135199899940.90424 126142086356.65703 3851.064516129032
732.26785719 477.7515499467754 126142086356.65703 125546552701.27054 1056.0
955.14193553 477.6212932417477 125546552701.27054 127369828310.41417 235.0
1353.0700000000002 478.01982048573586 127369828310.41417 130431327668.54715 0.0
1594.1806447000001 478.6806232826564 130431327668.54715 134144709347.13168 0.0
1186.9866663 479.4750551567698 134144709347.13168 136709452730.75027 0.0
503.36451609000005 480.0180319182558 136709452730.75027 137517913065.36453 0.0
310.75161285 480.1691742503953 137517913065.36453 137722604123.44125 0.0
222.82666662999998 480.20744141399166 137722604123.44125 137518033983.4519 0.0
180.30322581000001 480.1691968561323 137518033983.4519 137127986000.4804 0.0
173.52333337000002 480.09627706122274 137127986000.4804 137013966208.16891 0.0
262.50967743 480.0749609661935 137013966208.16891 137828032723.12912 0.0
570.4677419 480.2271513784126 137828032723.12912 126819679388.71463 4746.935483870968
938.83214281 477.8997548969192 126819679388.71463 129280480147.4223 0.0
2323.1806447 478.43222105491526 129280480147.4223 134486659804.79128 339.0
3497.29 479.54777962671017 134486659804.79128 143086619784.05768 0.0
3116.6806447 481.25295091859147 143086619784.05768 150844689522.88696 0.0
1864.0633337 482.8839787851937 150844689522.88696 155129886766.7355 0.0
796.02903229 483.7202658562022 155129886766.7355 156684163629.7414 0.0
475.89354837999997 484.02229628210006 156684163629.7414 157285652201.1702 0.0
327.58333337 484.13774514417855 157285652201.1702 157295025193.1265 0.0
229.19354838 484.13954418294173 157295025193.1265 156971163255.72397 0.0
197.61333337 484.07738258267256 156971163255.72397 156877646562.80585 0.0
323.29354837999995 484.05943312145985 156877646562.80585 157862801410.60715 0.0
591.3677418999999 484.24852234368655 157862801410.60715 136854662706.72842 8506.0
935.29642854 480.04517904406964 136854662706.72842 139315567950.62503 0.0
2038.2096771 480.50524732671994 139315567950.62503 144637858064.90564 9.0
2898.7066663 481.6018574145087 144637858064.90564 151669420833.77896 0.0
3324.7580648000003 483.04715441232815 151669420833.77896 159966115699.64542 0.0
2013.1133336999999 484.6522295008916 159966115699.64542 164620413299.52322 0.0
810.15161285 485.53529440668984 164620413299.52322 166194325473.28568 0.0
457.01612905 485.83169971248316 166194325473.28568 166724285755.67413 0.0
304.19 485.9315039087898 166724285755.67413 166647135110.08173 0.0
218.8322581 485.9169745970022 166647135110.08173 166266801478.7367 0.0
214.99333337000002 485.84534867772817 166266801478.7367 166199788121.42886 0.0
302.85483866 485.83272845977945 166199788121.42886 167133836332.81696 0.0
505.17741933 486.008458448573 167133836332.81696 149504685664.70715 7161.0
693.76785719 482.61699256120886 149504685664.70715 151390624999.79404 0.0
1067.16451609 482.9927525403057 151390624999.79404 152299867341.10056 684.0
2911.7966663 483.16978551665056 152299867341.10056 159352282291.46597 0.0
2674.9419352 484.53441118838117 159352282291.46597 165894612867.40042 0.0
1666.1733337 485.77525666052736 165894612867.40042 169639790525.46155 0.0
700.25806447 486.47089694140277 169639790525.46155 170910271210.72214 0.0
399.78064514 486.70534622821964 170910271210.72214 171276907967.96365 0.0
281.01666663 486.7730038693419 171276907967.96365 171127527119.97565 0.0
185.44838715 486.7454377412762 171127527119.97565 170644441938.88956 0.0
157.60999999999999 486.6562911863609 170644441938.88956 170420316880.3728 0.0
303.74193553 486.61493206871614 170420316880.3728 171358355559.48538 0.0
622.62903229 486.78803387331345 171358355559.48538 150882440217.0018 8342.0
1007.62142854 482.89150034210036 150882440217.0018 153528922695.79102 0.0
2537.077419 483.40885483287127 153528922695.79102 160009740173.51352 73.0
3356.38 484.66060272044405 160009740173.51352 168200906027.0499 0.0
3613.3838715 486.20537110667095 168200906027.0499 177236952366.63028 0.0
2318.73 487.85573857796953 177236952366.63028 182080894799.18912 220.46666666666667
1105.9806447 488.60641131380135 182080894799.18912 181735500111.3161 1001.3870967741935
550.9 488.5777621193859 181735500111.3161 181135486443.51978 504.03225806451616
380.34666663 488.52799323519577 181135486443.51978 180854459787.23825 140.13333333333333
258.96451609 488.50468312767407 180854459787.23825 180527124948.68002 4.419354838709677
267.39 488.4509935379351 180527124948.68002 180568176139.54218 0.0
465.54838715 488.4584204811619 180568176139.54218 181277179482.9805 248.74193548387098
614.82258067 488.53974614158767 181277179482.9805 167599942392.75598 5799.0
783.49642854 486.0944717462181 167599942392.75598 169081731581.1517 262.0
1166.5548391 486.367915036197 169081731581.1517 171439168716.00705 240.0
1870.6466663 486.80294680125616 171439168716.00705 175764023169.07306 0.0
2125.4806447 487.5892575990363 175764023169.07306 180803883381.68115 0.0
1797.99 488.5004880044527 180803883381.68115 182313469099.8354 985.0333333333333
891.0903225699999 488.62570248007927 182313469099.8354 181542553695.62936 945.3870967741935
468.69032257000003 488.5617579375937 181542553695.62936 181042242461.637 384.64516129032256
320.21333337000004 488.5202589964862 181042242461.637 180788007903.9783 69.7
244.66451609 488.4981922392917 180788007903.9783 180434422193.15192 0.0
220.75 488.4342218417233 180434422193.15192 180354874455.00668 0.0
310.16451609 488.4198301390074 180354874455.00668 181083867777.48624 85.87096774193549
548.04193553 488.52371166037545 181083867777.48624 163908040742.8646 7038.0
909.83928573 485.40113761635865 163908040742.8646 166327090092.12698 0.0
1422.4290324 485.8567024655606 166327090092.12698 169006591400.63312 376.0
2429.3 486.35404897594265 169006591400.63312 174782229289.64435 0.0
3763.0193553 487.41163236454787 174782229289.64435 183076429275.86847 421.93548387096774
2437.1266663 488.6889871662134 183076429275.86847 183101393204.97205 2196.5333333333333
1201.3548391 488.6910578305385 183101393204.97205 181898410553.92194 1416.8064516129032
566.33548391 488.591274929821 181898410553.92194 181161684929.14862 570.483870967742
365.71666662999996 488.5301663013561 181161684929.14862 180842305148.0964 140.3
249.13548391 488.50367494592706 180842305148.0964 180492937997.61557 2.838709677419355
227.42333337000002 488.44480846658104 180492937997.61557 180430558363.1784 0.0
326.73548390999997 488.43352280120223 180430558363.1784 181117900765.7854 118.0
610.35161285 488.52653456915937 181117900765.7854 164181375036.52917 7011.0
985.7 485.45261300122957 164181375036.52917 166784195340.24408 0.0
2291.8129028000003 485.9427863164301 166784195340.24408 171076648483.9604 643.0
4449.55 486.73604880678363 171076648483.9604 181951315339.11258 50.233333333333334
3880.1516134000003 488.59566318340353 181951315339.11258 184412398506.14655 2714.6129032258063
2454.6166663 488.79980080508847 184412398506.14655 183218326010.07336 2684.1666666666665
1187.2322580999999 488.70075696832066 183218326010.07336 181892730204.06702 1448.4516129032259
568.03870972 488.59080376609717 181892730204.06702 181162900115.03882 569.6129032258065
372.46333337000004 488.53026709646974 181162900115.03882 180848991972.22263 144.93333333333334
261.80322581 488.5042295929183 180848991972.22263 180530987892.2602 3.774193548387097
235.89333337 488.4516924180907 180530987892.2602 180490468502.2715 0.0
367.29354837999995 488.4443616877828 180490468502.2715 181169646793.64548 161.61290322580646
549.31935486 488.5308267081657 181169646793.64548 167871444066.03735 5592.0
849.14285719 486.14457354973933 167871444066.03735 169500182209.2901 267.0
1251.4677419000002 486.44513419621524 169500182209.2901 171613536936.92166 416.0
1512.1299999999999 486.8351239964794 171613536936.92166 175009551794.73898 0.0
1516.1870972000002 487.4527593405028 175009551794.73898 178420488602.71246 0.0
1242.4633337 488.06986285177527 178420488602.71246 181027345905.216 7.266666666666667
610.77419352 488.5190233829808 181027345905.216 181181411997.19226 319.93548387096774
402.15806447 488.53180258769015 181181411997.19226 180952704076.72427 216.7741935483871
296.93 488.51283212315235 180952704076.72427 180734540398.8081 32.53333333333333
192.04838715 488.48851894804153 180734540398.8081 180240391085.78424 0.0
179.53666663 488.39911791444655 180240391085.78424 180054492918.11496 0.0
338.30322581 488.36548539104723 180054492918.11496 181011532941.88538 28.838709677419356
