468.56451609000004 477.2554680664917 123874000000.0 123407431398.60298 707.0
661.65 477.1534189410768 123407431398.60298 122492139878.37297 1116.4642857142858
955.15483866 476.95176812773406 122492139878.37297 122210754623.18536 1021.5806451612904
1663.9866663 476.8883073124008 122210754623.18536 124405141861.80373 650.0
2701.1419352 477.3716408271662 124405141861.80373 129597185954.14806 560.0
1580.67 478.50057974404234 129597185954.14806 131747056027.01419 558.0
729.32258067 478.9646138629429 131747056027.01419 131678999153.02509 558.0
451.62580648 478.9499242721833 131678999153.02509 130783802188.19754 558.0
341.39333337 478.7567023933084 130783802188.19754 129465731792.69052 558.0
306.58064514 478.472206301034 129465731792.69052 127952540839.82356 558.0
427.20333337 478.1455948283669 127952540839.82356 127073743934.1279 558.0
648.4677419 477.95532457001923 127073743934.1279 127422018385.48633 558.0
826.24193553 478.0310853411367 127422018385.48633 127370204925.14519 911.0
990.3142857299999 478.01990177533895 127370204925.14519 125852866695.71906 1695.357142857143
1364.1709675999998 477.6882910533069 125852866695.71906 125948921098.05565 1289.0
2150.7633336999997 477.70930032765875 125948921098.05565 129222344972.82918 717.0
1845.0354837999998 478.41967299219283 129222344972.82918 132109165133.19276 561.0
1195.78 479.0421448603132 132109165133.19276 133256680030.58267 558.0
612.82903229 479.28619311581934 133256680030.58267 132873307527.3929 558.0
447.22580648 479.2046591934055 132873307527.3929 131962968954.66846 558.0
342.41999999999996 479.01105252119703 131962968954.66846 130643397906.68573 558.0
280.25161285 478.72639713073295 130643397906.68573 129055183747.93175 558.0
262.38666663000004 478.3835924342611 129055183747.93175 127746898634.93787 558.0
387.09354837999996 478.1012084254129 127746898634.93787 127397955650.82062 557.0
507.59677418999996 478.0258915715132 127397955650.82062 126023406821.37993 1086.0
774.675 477.7255920431715 126023406821.37993 124504255484.35059 1479.9642857142858
1223.7258067 477.39331922229894 124504255484.35059 124111683551.13393 1331.2903225806451
1839.29 477.3074548449549 124111683551.13393 126463362745.90134 763.0
2340.2064514000003 477.8218203731193 126463362745.90134 130679215770.90251 562.0
1567.3966663 478.7341281612136 130679215770.90251 132792200953.50452 558.0
754.0903225699999 479.1874098157177 132792200953.50452 132787865402.81042 558.0
459.57419352 479.1864877504914 132787865402.81042 131910796283.30197 558.0
348.36 478.999956029204 131910796283.30197 130606779368.52716 558.0
276.34838715 478.7184932804937 130606779368.52716 129008274960.54073 558.0
290.91333337000003 478.37346750713164 129008274960.54073 127773959384.49486 558.0
434.71290324 478.107049295164 127773959384.49486 127549925550.91255 558.0
637.39677419 478.0586931903546 127549925550.91255 125730173208.31972 1382.0
1032.23214281 477.661455207419 125730173208.31972 124825570967.36313 1483.5
2827.0580648 477.46359819933576 124825570967.36313 127724497024.39354 1705.3225806451612
3412.81 478.0963731975812 127724497024.39354 134083455000.3278 786.0
3811.2419351999997 479.4620278605546 134083455000.3278 142213307119.30984 563.0
2570.3199999999997 481.0565243183333 142213307119.30984 146899386000.40793 558.0
1289.1032257000002 482.0979051604718 146899386000.40793 148296236080.63043 558.0
618.22258067 482.3762175892868 148296236080.63043 147804858976.7026 558.0
417.55 482.2783142013753 147804858976.7026 146629863350.77457 558.0
321.3 482.0442046923241 146629863350.77457 145097107959.28848 557.0
291.24333336999996 481.7051524874693 145097107959.28848 143826287771.78897 558.0
292.20967743 481.419317987357 143826287771.78897 143227851152.62283 558.0
513.4516128500001 481.2847168584397 143227851152.62283 142044491285.8997 1025.0
813.6857142700001 481.0185540454115 142044491285.8997 134587852801.2318 3978.0
942.59354838 479.5693008934989 134587852801.2318 129226075291.26706 2904.0
1088.84333337 478.420478154817 129226075291.26706 129183619216.0766 933.0
1113.3645162 478.4113143138521 129183619216.0766 130102568354.35165 565.0
1094.40666663 478.60966292992697 130102568354.35165 130994875389.06561 557.0
587.67096771 478.80226103800254 130994875389.06561 130549701093.70815 558.0
400.67741933 478.706173342048 130549701093.70815 129521426995.89987 558.0
292.07666663000003 478.48422771333907 129521426995.89987 128080196387.1331 558.0
248.67096770999999 478.17314836760914 128080196387.1331 126417663580.5654 558.0
231.76999999999998 477.81182493013245 126417663580.5654 125036888779.7992 558.0
313.14516134 477.50981819330696 125036888779.7992 124485779408.46977 558.0
527.89354838 477.3892780858421 124485779408.46977 122797499421.6949 1222.4516129032259
872.45714281 477.0200129968712 122797499421.6949 122503469703.47337 1070.357142857143
1981.5193553 476.95432334313784 122503469703.47337 124468941175.40758 1208.8387096774193
2229.3033337 477.38559518272257 124468941175.40758 127459466288.4855 906.0
1882.1870972000002 478.03916820386047 127459466288.4855 130434148326.72676 567.0
1157.0333337 478.68123210160303 130434148326.72676 131485239144.92276 558.0
516.3548386599999 478.9081025566421 131485239144.92276 130848081359.89684 558.0
365.8677419 478.77057659397735 130848081359.89684 129728531035.34303 557.0
279.83000000000004 478.5289296428541 129728531035.34303 128254881025.66145 558.0
219.46774190000002 478.210852800704 128254881025.66145 126513588697.9825 558.0
268.43666663 477.8328059269428 126513588697.9825 125227487641.29347 558.0
445.07419352 477.55150648322257 125227487641.29347 125032599801.53261 557.0
620.75483866 477.5088800965732 125032599801.53261 123360485352.40166 1309.4516129032259
767.28928573 477.14315077699075 123360485352.40166 122673864499.69942 1127.607142857143
947.56129028 476.99275248076214 122673864499.69942 122311327653.9835 1044.258064516129
1033.55 476.9109895475831 122311327653.9835 122016661348.15076 980.7666666666667
983.8838709500001 476.8445334569577 122016661348.15076 122597168675.56294 569.0
679.42333337 476.97545527189055 122597168675.56294 122437882418.94518 555.0
427.71612905 476.93953144315407 122437882418.94518 121588574569.12157 557.0
322.08064514 476.74798704761423 121588574569.12157 120375875574.98776 558.0
244.99666663 476.47448704893725 120375875574.98776 118896572041.72987 538.4333333333333
182.38709676 476.14085972975414 118896572041.72987 117638018040.76442 354.64516129032256
208.45 475.8570825159523 117638018040.76442 117114312746.28943 212.6
283.94193553 475.73902451449266 117114312746.28943 117441577177.84604 199.38709677419354
442.87419352 475.81279918346394 117441577177.84604 118053834083.34013 276.61290322580646
698.30357146 475.9508192252796 118053834083.34013 118956673378.39047 399.85714285714283
1154.1419352 476.1544143839401 118956673378.39047 120365346886.96066 590.0967741935484
2363.3566663 476.47211251397397 120365346886.96066 123953812564.42513 812.5
3242.9032257 477.27292488285764 123953812564.42513 130588241315.18765 563.0
1786.5066662999998 478.71449197392354 130588241315.18765 133268733492.51793 558.0
761.89677419 479.2887565913479 133268733492.51793 133284125754.27028 558.0
405.64516134 479.29203014765426 133284125754.27028 132261412458.43544 558.0
279.90333337 479.0745241298246 132261412458.43544 130779023098.11209 558.0
215.84838715 478.7556708608056 130779023098.11209 129018106146.59851 558.0
206.87333337 478.3755894985104 129018106146.59851 127566202175.20842 558.0
338.94193553 478.06220638359775 127566202175.20842 127085488705.423 558.0
513.38064514 477.9578934176341 127085488705.423 125549329139.07538 1152.0
870.33571427 477.6219005116088 125549329139.07538 124374947353.74982 1433.0
1426.8 477.3650366040573 124374947353.74982 124473262364.75298 1351.0645161290322
1927.4266662999999 477.38654032474915 124473262364.75298 127073106518.33673 755.0
1221.6612905 477.9551851527421 127073106518.33673 128287180052.19849 565.0
522.56333337 478.21782431517346 128287180052.19849 127700579801.3518 558.0
350.29032257 478.0912108356037 127700579801.3518 126628395744.48758 558.0
284.14838714999996 477.857916829503 126628395744.48758 125299584557.665 558.0
216.21333337 477.5672757125252 125299584557.665 123679653513.9242 557.0
163.72258067 477.2129600861602 123679653513.9242 121807618490.82207 558.0
163.42333337000002 476.7973880222873 121807618490.82207 120264574986.52023 557.0
226.35161284999998 476.4493854277222 120264574986.52023 119478455966.2843 558.0
351.11290324 476.2720920086342 119478455966.2843 119168751747.02579 529.5806451612904
487.26071427 476.2022444174618 119168751747.02579 119283237649.40492 514.9642857142857
731.53548391 476.22806442250896 119283237649.40492 119653599889.90695 555.1935483870968
1313.1966663 476.31159221693883 119653599889.90695 120853629419.04355 685.3666666666667
1177.8387095 476.5822348712322 120853629419.04355 121940047209.53067 575.0
490.84666663 476.82725467062033 121940047209.53067 121288988999.89674 557.0
308.6322581 476.6804215155382 121288988999.89674 120129430733.7727 555.0
240.85806447 476.4189063450096 120129430733.7727 118787277907.50879 526.8387096774194
177.28333337 476.1162106241562 118787277907.50879 117635795904.41458 346.3333333333333
127.03225809999999 475.8565815835019 117635795904.41458 116707070975.13483 177.83870967741936
132.14666663 475.6472206887139 116707070975.13483 116344526067.69398 75.0
235.11612905 475.5654928015541 116344526067.69398 116837956502.29492 88.38709677419355
374.49677419 475.67672599240194 116837956502.29492 117514714024.56392 183.96774193548387
512.6 475.82928629949595 117514714024.56392 118219723612.68466 295.67857142857144
662.51935486 475.98821542215614 118219723612.68466 118816824522.12971 401.7096774193548
861.1066666300001 476.1228742720184 118816824522.12971 119346612529.59923 492.8666666666667
955.85161285 476.2423573589533 119346612529.59923 119868842574.12949 565.4516129032259
525.09333337 476.3601358985407 119868842574.12949 119321472239.02979 553.1666666666666
324.63548391 476.2366874693346 119321472239.02979 118469002296.83595 458.1290322580645
249.72903229000002 476.04442992711677 118469002296.83595 117692428247.39069 326.0967741935484
183.18666663000002 475.8693481170854 117692428247.39069 116934283155.36215 201.76666666666668
129.8 475.6984407473765 116934283155.36215 116262265733.53308 85.64516129032258
130.45999999999998 475.5469489931319 116262265733.53308 116050386482.6124 15.566666666666666
218.72258067 475.49929942835905 116050386482.6124 116612264410.91217 46.38709677419355
404.33870972 475.6258486048044 116612264410.91217 117434051280.04384 159.61290322580646
733.26785719 475.8111026330126 117434051280.04384 118609462476.63481 321.9642857142857
957.14193553 476.0761079108333 118609462476.63481 119711511326.67566 507.6774193548387
1355.0700000000002 476.3246529830121 119711511326.67566 120980557585.18585 700.5333333333333
1597.1806447000001 476.61086097996974 120980557585.18585 123201702278.92421 570.0
1190.9866663 477.1084213208496 123201702278.92421 124357661819.36777 558.0
509.36451609000005 477.3612558660035 124357661819.36777 123721965785.21146 557.0
317.75161285 477.2222147386727 123721965785.21146 122491369534.57568 558.0
228.82666662999998 476.95159439210096 122491369534.57568 120914252663.15652 557.0
184.30322581000001 476.5959072312035 120914252663.15652 119125516612.06921 551.7096774193549
175.52333337000002 476.1924935976701 119125516612.06921 118014927038.2231 404.8666666666667
262.50967743 475.94204847570404 118014927038.2231 117976282976.02734 314.7096774193548
571.4677419 475.933337009925 117976282976.02734 118680235371.0687 371.16129032258067
939.83214281 476.0920693213957 118680235371.0687 119865189992.29897 525.0714285714286
2324.1806447 476.3593121317769 119865189992.29897 123507264369.64464 925.8709677419355
3497.29 477.17525467402555 123507264369.64464 129518979042.63597 1008.0
3117.6806447 478.4836993400898 129518979042.63597 135796089517.50061 566.0
1867.0633337 479.8262631896003 135796089517.50061 138673438450.5116 558.0
802.02903229 480.3852006824662 138673438450.5116 138784229931.12552 558.0
481.89354837999997 480.40591324193787 138784229931.12552 137953764906.95892 557.0
333.58333337 480.25065711478015 137953764906.95892 136590836748.76114 558.0
234.19354838 479.99528642040855 136590836748.76114 134856147495.02011 558.0
199.61333337 479.62636059017865 134856147495.02011 133370604429.5973 558.0
323.29354837999995 479.310422039472 133370604429.5973 132850876457.23424 558.0
592.3677418999999 479.1998886553029 132850876457.23424 130579935003.04219 1507.0
936.29642854 478.7126991157009 130579935003.04219 126896124232.02975 2537.5714285714284
2040.2096771 477.916475116367 126896124232.02975 127403843438.96393 1811.0967741935483
2899.7066663 478.0271624085828 127403843438.96393 132509941205.68407 757.0
3325.7580648000003 479.1273800947861 132509941205.68407 139349688788.4727 561.0
2016.1133336999999 480.51162624574175 139349688788.4727 142606560237.29678 558.0
816.15161285 481.14497531203256 142606560237.29678 142747465527.62198 558.0
463.01612905 481.17666790994645 142747465527.62198 141854998515.39627 558.0
310.19 480.97999598343546 141854998515.39627 140420894890.0054 558.0
223.8322581 480.7118891175931 140420894890.0054 138646089051.22034 558.0
216.99333337000002 480.38008768951585 138646089051.22034 137196689998.8005 558.0
302.85483866 480.10912133086566 137196689998.8005 136624080864.54616 558.0
506.17741933 480.0020715768454 136624080864.54616 134334306741.34859 1429.0
694.76785719 479.5153778692787 134334306741.34859 126991402953.45387 3809.0714285714284
1068.16451609 477.9373147317266 126991402953.45387 125395162260.52412 1624.774193548387
2912.7966663 477.58818072189945 125395162260.52412 130073277348.89651 937.0
2676.9419352 478.60334067535 130073277348.89651 135175305592.5405 564.0
1669.1733337 479.69423768450457 135175305592.5405 137541458428.67908 558.0
706.25806447 480.1735760756551 137541458428.67908 137398101941.92978 558.0
406.78064514 480.1467754611946 137398101941.92978 136367036589.82062 558.0
287.01666663 479.94768961927275 136367036589.82062 134888642817.7317 558.0
189.44838715 479.6332715477949 134888642817.7317 133041006373.56398 558.0
159.60999999999999 479.24032462219566 133041006373.56398 131456503798.26508 558.0
303.74193553 478.9019002370527 131456503798.26508 130883439090.91432 558.0
623.62903229 478.7782083079893 130883439090.91432 129544025038.81364 1190.0
1008.62142854 478.4891053396965 129544025038.81364 126551456380.69931 2323.8571428571427
2538.077419 477.8410884472221 126551456380.69931 130042288818.7643 1195.0
3356.38 478.59665202218093 130042288818.7643 136765582640.06354 587.0
3613.3838715 480.0285254514981 136765582640.06354 144373671469.09857 558.0
2320.73 481.5424362278674 144373671469.09857 148408925553.0387 558.0
1110.9806447 482.3986701639846 148408925553.0387 149326126680.70297 558.0
557.9 482.58141595550967 149326126680.70297 148670965573.65146 558.0
386.34666663 482.45087977159824 148670965573.65146 147412691887.88824 558.0
263.96451609 482.2001777023089 147412691887.88824 145721227167.75067 558.0
269.39 481.8455301771819 145721227167.75067 144392351448.49857 558.0
465.54838715 481.54663775269876 144392351448.49857 144258553448.6479 558.0
615.82258067 481.5165437356383 144258553448.6479 142924255056.89627 1184.0
784.49642854 481.2164316367288 142924255056.89627 138533976409.01996 2682.0
1167.5548391 480.3591281377865 138533976409.01996 136340683039.2789 1945.0
1872.6466663 479.9420848658611 136340683039.2789 138735466409.26953 770.0
2127.4806447 480.39679686095894 138735466409.26953 142345027872.0035 565.0
1800.99 481.0861511183094 142345027872.0035 145038800165.0379 558.0
896.0903225699999 481.6920378238952 145038800165.0379 145388070232.6584 558.0
474.69032257000003 481.7705960937153 145388070232.6584 144519893606.92178 558.0
326.21333337000004 481.5753246979131 144519893606.92178 143118974072.88977 558.0
249.66451609 481.2602280865699 143118974072.88977 141404798504.17075 558.0
222.75 480.8958307168014 141404798504.17075 139964880933.02057 558.0
310.16451609 480.6266369289625 139964880933.02057 139412925163.2166 558.0
549.04193553 480.52344833860843 139412925163.2166 137582922784.74185 1301.0
910.83928573 480.18132787151654 137582922784.74185 130653114961.4551 3856.0
1423.4290324 478.72849448768727 130653114961.4551 127136866663.5104 2696.451612903226
2431.3 477.96913094127524 127136866663.5104 130284898330.23268 1045.0
3763.0193553 478.6490175545506 130284898330.23268 138286468571.0018 566.0
2439.1266663 480.3128563415595 138286468571.0018 142640753543.8811 558.0
1206.3548391 481.1526661142333 142640753543.8811 143825555993.2721 558.0
573.33548391 481.41915339479806 143825555993.2721 143225361059.6934 558.0
371.71666662999996 481.2841567835568 143225361059.6934 141949025813.5125 557.0
254.13548391 480.99757446504253 141949025813.5125 140250617682.1818 558.0
229.42333337000002 480.6800556519315 140250617682.1818 138830250893.95135 558.0
326.73548390999997 480.4145168992244 138830250893.95135 138324926847.21405 557.0
611.35161285 480.320046148292 138324926847.21405 136224450680.96149 1464.0
986.7 479.91736509590845 136224450680.96149 128528761634.69621 4247.785714285715
2292.8129028000003 478.2699679764076 128528761634.69621 127737533176.92235 2548.516129032258
4449.55 478.0991869581097 127737533176.92235 136661874823.68622 832.0
3880.1516134000003 480.0091371889486 136661874823.68622 144975904226.9878 561.0
2456.6166663 481.67789118915607 144975904226.9878 149361824385.4403 558.0
1192.2322580999999 482.58852846890625 149361824385.4403 150494526568.35855 558.0
575.03870972 482.8142113106911 150494526568.35855 149882497404.6382 558.0
378.46333337000004 482.69226885926247 149882497404.6382 148600304267.42395 558.0
266.80322581 482.43680100964815 148600304267.42395 146912528443.70328 558.0
237.89333337 482.10052369868566 146912528443.70328 145499315070.73978 558.0
367.29354837999995 481.79561742481775 145499315070.73978 145102807519.11658 558.0
550.31935486 481.70643443974734 145102807519.11658 143966085843.552 1045.0
850.14285719 481.45076154825733 143966085843.552 134948615570.0423 4660.0
1252.4677419000002 479.64602628031525 134948615570.0423 131514302220.46524 2494.0
1514.1299999999999 478.9143756141734 131514302220.46524 132573471653.61177 931.0
1519.1870972000002 479.1408914618485 132573471653.61177 134553284939.46649 571.0
1245.4633337 479.56194915769174 134553284939.46649 135826356976.80911 557.0
615.77419352 479.8327003353486 135826356976.80911 135447302816.15126 557.0
409.15806447 479.7520848184073 135447302816.15126 134430568392.6779 557.0
302.93 479.53585035999106 134430568392.6779 133002733284.0159 557.0
196.04838715 479.23218487537554 133002733284.0159 131180134169.86446 558.0
181.53666663 478.8422478242747 131180134169.86446 129659719553.69075 557.0
338.30322581 478.51407717541355 129659719553.69075 129178345136.71452 558.0
