6.142672134324691
4.881135196082929
4.8348517993176685
6.4801672218907305
6.75726930693216
6.814923846416386
6.727115240277644
6.727470861785807
6.808923368125293
6.739035975352062
6.823240484114304
6.751549207594774
5.255189200118744
2.7411415099130068
3.6739890556652126
6.184153704841936
6.7275558280523216
6.802235980924172
6.719330101755181
6.72130396317377
6.802964416720149
6.732882248696361
6.817664641948087
6.752254320133705
4.514521635178175
3.4704067469533566
3.5126070689645843
6.009176714093757
6.737882400097661
6.8094522404839495
6.721721554773741
6.721743877126471
6.803224386931696
6.733073593655412
6.817901850198172
6.747876091272843
3.2594213963783973
3.4606567906178523
2.079134117272675
5.889604617099348
6.693593971332203
6.755042809049238
6.651261134130244
6.644523445702065
6.726418539815412
6.656969068610352
6.739846654944764
6.667689106690698
4.6278484935442865
1.137049510341833
0.41006207517165194
5.274215564890718
6.7107581485181385
6.816489732702246
6.731045653139694
6.733371848056249
6.815306944145274
6.746275893403768
6.831060093330107
6.762334508027941
3.9706094909177203
5.061461639886232
4.050676178513195
5.424647844983301
6.711412214078361
6.81069149698191
6.728483327129336
6.736078572051308
6.814259660906584
6.745363103688857
6.83056854751701
6.765538250494997
3.5978980400436296
4.8393611637306435
4.738045580911717
5.13988283992901
6.7324350819049075
6.862813349518023
6.780327053646621
6.780777740751738
6.941281411082219
7.63975950556935
8.26050542153298
8.287832310472538
7.967669020355228
7.615683768808077
6.661870093118495
5.836365206774607
6.747065021070195
6.809912279906045
6.719268042365744
6.7191887925724885
6.801477394737665
6.732173558562758
6.817852135878729
6.74896169699887
4.238505284394476
3.6552617010524715
3.4310923726823415
6.039204381854197
6.721939142398418
6.821548281301309
6.748259525840081
6.753907359578449
6.840867164876392
6.769521170304757
6.858871880050533
6.7880066118716815
6.910451330113731
7.179816472142762
6.805026967098435
6.353554858249694
6.713884716788901
6.858173413893376
6.794938996113913
6.918495088706384
7.721010602103213
8.376013694993741
8.812382678705498
8.74740975580014
8.352078439310887
8.006984851966203
7.447018509203705
7.132275713757712
6.762048329301757
6.884534569177255
7.208212952874618
7.759650293244782
8.303799125333372
8.758231210576799
9.050010498521544
8.9208691427424
8.453056172641825
7.908964007189173
7.00583003757462
6.292124628193027
6.734031428553116
6.847539534330247
6.7701357891907135
6.769297123662623
6.855265585519865
6.810699651111216
7.484596438003988
7.808277228503465
7.574529973337093
7.144157413060999
5.25938273824834
5.018398691832797
6.704730368971572
6.7838655438463915
6.692724137386987
6.696559522760312
6.77392278188367
6.702163603754455
6.788548890717901
6.71874354175419
2.6554351184006233
1.3202633224771008
1.8370717745984697
6.010702973060806
6.710330776152467
6.76780875952185
6.674330691030856
6.673563442327186
6.756835725894054
6.68481531025215
6.770890463749638
6.6994077650656285
2.939892026930333
1.2564857480650655
2.2398331596653493
5.290504579324664
6.7103096605216574
6.786958656382389
6.697847374859708
6.698496193134506
6.781020747974949
6.710927651513383
6.797592996938501
6.728633479593253
4.035390362008842
1.5809413630966898
4.062644923784721
6.69316531013723
6.701358917323132
6.743658794894695
6.643979889478692
6.639555781615097
6.722375648798626
6.648785209772175
6.7365578662254215
6.664606812043369
3.920323713586578
1.1213269653654514
1.3830863590489688
5.895533541529005
6.662088451201304
6.754348708115172
6.66108680978789
6.659184986187132
6.742888279084781
6.671540527154157
6.7588075618747805
6.68687918748271
3.4633331517835853
1.2035720816286464
0.4840270144046368
4.833299859591646
6.700670787507974
6.772465569446261
6.674144503769253
6.6676930913254635
6.7539435968435
6.67789913023171
6.7638627711513575
6.696351609388584
2.7685200782084465
1.2245454853574884
0.5243631551727077
5.700908537548664
6.688869480011223
6.740485336565404
6.639383594194609
6.633920019757754
6.716720350509361
6.6430567767069135
6.7305838413020584
6.658579242729161
4.521229853085968
1.1027080679511858
0.403312615921255
5.26313677974554
6.667182580928909
6.794219416508643
6.710411611954294
6.712359742078814
6.7948297671155515
6.720637591680133
6.8110504656122055
6.738022319918182
