4.356124840470847
5.471424593486372
5.268983996827375
4.976229896343025
3.3850680255342347
2.7381056606933605
3.4211156851895446
4.865886719934712
6.247166272968618
7.145714877659404
7.710069192607204
7.489492196812348
6.897252346757676
6.5379580850737895
5.516742735840757
4.496305519336332
3.3637952217682567
3.605803201556289
4.368452795032205
5.57881267506488
6.693196976605754
7.461715237524375
8.043612904171596
8.026517346066731
7.675883010338442
7.3507357330657035
6.363801361597227
5.348972939901797
3.7805366273786873
3.2571696477035452
3.7633621993906177
5.066718261925952
6.3623965540214
7.240593865096372
7.88800104350363
7.866223981643419
7.438946708072567
6.960738215464824
4.68524835574884
2.41511823147874
2.2554119770741003
2.424062645286128
2.167392389341199
2.1880764393249788
2.429527042638396
2.726494140702666
4.876661040059962
5.964486116390439
6.408871111298223
6.5674645991182405
5.979372105126193
5.847598287297367
5.574545138256776
5.594436743753279
5.811743026126685
6.561072410364097
7.374361753912375
7.973240510507984
8.406427690614253
8.34731579661981
7.920377931918406
7.422017421756621
5.7703008405914575
4.166412311081091
3.0560897695155393
3.411919033271934
4.339207508861051
5.692479117372971
6.867185880894789
7.6671599206062435
8.20906372803441
8.089585774677165
7.5887667420608045
7.229084150115586
6.490645143537915
6.206008685354853
5.953916791561037
6.224105761904643
6.64763867751141
7.2715242201232035
7.9054115591928555
8.409760059782279
8.741073015396106
8.610208882506303
8.17645276836333
7.740381074392584
6.753601862652653
5.268173056146962
2.863025233124252
2.516534893658827
2.457828364414021
4.0319953080477156
5.797167595070752
6.960401426419511
7.815977462181603
7.9492023174791155
7.655609645545994
7.274604345926178
6.088745993905554
4.968128422137144
4.307857382617119
5.132824100310582
6.090108336271253
7.00008002660911
7.781921387748779
8.361235189232882
8.755702646618957
8.694719083348122
8.341990112629091
8.032261834782588
7.429352547237371
6.7473616403369725
5.972268971853491
6.23533449257876
6.8788041480541375
7.566740305085158
8.194093883676565
8.691050340454753
9.008598760062675
8.879467779737517
8.437492302981015
8.057829172741828
7.484719565065735
7.155910416538569
6.734187357931268
6.844243610924327
7.2483473169473465
7.785350712358497
8.319613976167338
8.768645338171755
9.057199420555884
8.925129244109392
8.45599519395577
7.911109538583471
7.007045323410459
6.292938933663211
5.314021784055262
5.0166886755873925
5.417094090049999
6.429291290549038
7.395761158507946
8.080462180491821
8.557214940086395
8.52591741405378
8.039188032647152
7.421409927620306
5.463344926818439
2.8151501995983743
2.2677143108929183
2.4623995611905807
2.238237272995832
2.3341737579396487
4.089990484156599
5.764671933122987
7.065752122396958
7.4655209167099805
7.29357276936196
6.964326522414364
5.345924153985735
3.3874080635087083
2.2978134706891336
2.474904939845999
2.2453148500056885
2.424377142744147
4.337976025138692
5.956733171605746
7.180245577692149
7.544902247159407
7.425697029318738
7.252459038685547
6.463344304113532
4.757060602556526
2.53331912894682
2.5223408103462557
2.738314913183949
4.408995370817007
6.030982239828888
7.130070383903602
7.973938306939191
8.114444174201195
7.703304287060336
7.143205489485133
5.051474179195833
2.6887267225165363
2.2713728037127376
2.4385814822541256
2.196242191396217
2.2239308234764454
2.555154885521901
4.068851843922367
5.933574322292106
6.551925973061259
6.584180600966197
6.621575999679163
5.865376494559903
5.049695875717171
3.718328608790168
3.201478421824106
3.4515090503737156
4.745651947110131
6.167089433901949
7.146970893305943
7.897016193083406
8.014840201292095
7.691266916304107
7.247021218434516
6.0441333663434085
4.585852043506539
2.510455873960371
2.486112381672026
2.240366859952424
2.2644744873373384
3.444583305162337
5.274683808481982
6.726881368957111
7.2154267257743525
7.115045997029299
6.813826461127379
5.009551902652011
2.4201280544490595
2.231341509412121
2.394432459108927
2.1475987351812496
2.165766546975405
2.4178745513408284
2.443392075395751
4.552302242290695
5.724468203098309
6.172570227566402
6.378637126996269
5.578393804574793
5.0677498185128576
4.439458038082179
4.484767499551337
4.933969044115281
5.972896194092033
6.993987705122098
7.753115860129052
8.341769202008765
8.319421924264153
