4.356124840470847
5.471424593486372
5.269523277376287
4.977465831829795
9.112166828651606
9.112166828651606
9.112166828651606
9.112166828651606
9.112166828651606
9.112166828651606
9.112166828651606
9.112166828651606
8.168668079616287
1.1749860615328105
1.058852905923267
9.112166828651606
9.112166828651606
9.112166828651606
9.112166828651606
9.112166828651606
9.112166828651606
9.112166828651606
9.112166828651606
9.112166828651606
7.961945055869353
1.0437677616311092
0.31349901438068883
9.112166828651606
9.112166828651606
9.112166828651606
9.112166828651606
9.112166828651606
9.112166828651606
9.112166828651606
9.112166828651606
9.112166828651606
7.8847532731687915
0.9360390024716558
0.761090617338434
9.112166828651606
9.112166828651606
9.112166828651606
9.112166828651606
9.112166828651606
9.112166828651606
9.112166828651606
9.112166828651606
9.112166828651606
7.14379505910869
0.5792736712479094
0.17782484366423645
9.112166828651606
9.112166828651606
9.112166828651606
9.112166828651606
9.112166828651606
9.112166828651606
9.112166828651606
9.112166828651606
9.112166828651606
7.149645162555251
0.6841595337278221
0.050110313278501906
8.994844347843387
9.112166828651606
9.112166828651606
9.112166828651606
9.112166828651606
9.112166828651606
9.112166828651606
9.112166828651606
9.112166828651606
7.090794824311468
0.6853586956016695
0.043940871805610016
9.00425242720325
9.112166828651606
9.112166828651606
9.112166828651606
9.112166828651606
9.112166828651606
9.112166828651606
9.112166828651606
9.112166828651606
7.6364404778924015
0.8554489518111552
0.12729082652349533
9.095202812412769
9.112166828651606
9.112166828651606
9.112166828651606
9.112166828651606
9.112166828651606
9.112166828651606
9.112166828651606
9.112166828651606
7.568098751920692
0.7765593267342634
0.7516766651929956
9.112166828651606
9.112166828651606
9.112166828651606
9.112166828651606
9.112166828651606
9.112166828651606
9.112166828651606
9.112166828651606
9.112166828651606
7.397419091711862
0.7962626766811116
0.07472619158441063
8.950249301216378
9.112166828651606
9.112166828651606
9.112166828651606
9.112166828651606
9.112166828651606
9.112166828651606
9.112166828651606
9.112166828651606
7.949624074662905
0.9630870199205095
0.23177709385890033
9.061764899168548
9.112166828651606
9.112166828651606
9.112166828651606
9.112166828651606
9.112166828651606
9.112166828651606
9.112166828651606
9.112166828651606
8.275716069879797
1.0943135732055396
0.3518914092067842
9.112166828651606
9.112166828651606
9.112166828651606
9.112166828651606
9.112166828651606
9.112166828651606
9.112166828651606
9.112166828651606
9.112166828651606
8.136586921546561
1.0961374608795733
0.3555783870337308
9.024342812931238
9.112166828651606
9.112166828651606
9.112166828651606
9.112166828651606
9.112166828651606
9.112166828651606
9.112166828651606
9.112166828651606
7.44303741767917
0.8318853410209943
0.10787753445385029
9.112166828651606
9.112166828651606
9.112166828651606
9.112166828651606
9.112166828651606
9.112166828651606
9.112166828651606
9.112166828651606
9.112166828651606
7.479809589636866
0.6981097944139041
0.05382416425975123
9.112166828651606
9.112166828651606
9.112166828651606
9.112166828651606
9.112166828651606
9.112166828651606
9.112166828651606
9.112166828651606
9.112166828651606
7.088326142545205
0.6364003237614213
0.6215116861788523
9.112166828651606
7.45634861012897
0.7702752613090134
2.938985294216833
6.619720515584729
8.443874762282396
9.08736470194715
9.112166828651606
7.916547944396362
6.252650831584349
0.5379268854448824
0.2380125341729311
9.112166828651606
9.112166828651606
9.112166828651606
9.014109680896402
8.069557778384576
8.82418592294696
9.112166828651606
9.112166828651606
8.682386505218343
6.74299706876339
0.5385181053862365
0.21468718749175508
8.772477023538329
9.112166828651606
4.791333969809271
2.9352644236603282
6.443391755986193
8.453697103738248
9.095833879382688
9.112166828651606
8.531951407465268
6.512110082613244
0.5380698594014053
0.22120782553183815
8.753790894530443
4.1606043368242895
0.0910083146384082
2.360957078431799
6.418242240284739
8.430551829102614
9.09084314661556
9.112166828651606
8.326477663098274
6.611694820541727
0.5384372487401485
0.20912354015938384
8.774069755587787
9.112166828651606
9.112166828651606
9.112166828651606
9.112166828651606
9.112166828651606
8.825525671227437
8.048479846331265
9.015314907853591
