9.112166828651606
4.127923354270452
5.781108264862274
9.112166828651606
9.112166828651606
9.112166828651606
9.112166828651606
9.112166828651606
9.112166828651606
9.112166828651606
9.112166828651606
9.112166828651606
7.958293443419101
1.0933518617477453
1.2740364181839317
9.112166828651606
9.112166828651606
9.112166828651606
9.112166828651606
9.112166828651606
9.112166828651606
9.112166828651606
9.112166828651606
9.112166828651606
7.473011899976433
1.0059315087083789
0.943812742504619
9.112166828651606
9.112166828651606
9.112166828651606
9.112166828651606
9.112166828651606
9.112166828651606
9.112166828651606
9.112166828651606
9.112166828651606
7.232899327824606
0.9411752295475537
0.8951915129720938
9.112166828651606
9.112166828651606
9.112166828651606
9.112166828651606
9.112166828651606
9.112166828651606
9.112166828651606
9.112166828651606
9.112166828651606
6.652905630576151
0.6439659627465346
0.07629202033417748
9.112166828651606
9.112166828651606
9.112166828651606
9.112166828651606
9.112166828651606
9.112166828651606
9.112166828651606
9.112166828651606
9.112166828651606
7.541980639873364
0.7826480840439771
0.10914063274108443
9.112166828651606
9.112166828651606
9.112166828651606
9.112166828651606
9.112166828651606
9.112166828651606
9.112166828651606
9.112166828651606
9.112166828651606
6.9573565513710385
0.7937198173244422
0.09550151297165854
9.112166828651606
9.112166828651606
9.112166828651606
9.112166828651606
9.112166828651606
9.112166828651606
9.112166828651606
9.112166828651606
9.112166828651606
8.275435889273112
0.963629126906552
0.7497074906272054
9.112166828651606
9.112166828651606
9.112166828651606
9.112166828651606
9.112166828651606
9.112166828651606
9.112166828651606
9.112166828651606
9.112166828651606
6.859059289772837
0.7883856837629235
0.15764315505345472
9.112166828651606
9.112166828651606
9.112166828651606
9.112166828651606
9.112166828651606
9.112166828651606
9.112166828651606
9.112166828651606
9.112166828651606
7.351681660888278
0.9019539353715516
0.24469100710768643
9.112166828651606
9.112166828651606
9.112166828651606
9.112166828651606
9.112166828651606
9.112166828651606
9.112166828651606
9.112166828651606
9.112166828651606
8.669681894457524
1.0882885671947609
0.7511509577039384
9.095560674035845
9.112166828651606
9.112166828651606
9.112166828651606
9.112166828651606
9.112166828651606
9.112166828651606
9.112166828651606
9.112166828651606
8.57947165265762
1.1827199389961178
0.9215326529131822
8.913996424697793
9.112166828651606
9.112166828651606
9.112166828651606
9.112166828651606
9.112166828651606
9.112166828651606
9.112166828651606
9.112166828651606
8.61549435018378
1.126112812986893
0.594454087923193
9.112166828651606
9.112166828651606
9.112166828651606
9.112166828651606
9.112166828651606
9.112166828651606
9.112166828651606
9.112166828651606
9.112166828651606
7.440316729733443
0.8184171651668279
0.1288061518987167
9.112166828651606
9.112166828651606
9.112166828651606
9.112166828651606
9.112166828651606
9.112166828651606
9.112166828651606
9.112166828651606
9.112166828651606
7.292533835130989
0.6841477114103185
0.0201035064672066
9.112166828651606
9.112166828651606
9.112166828651606
9.112166828651606
9.112166828651606
9.112166828651606
9.112166828651606
9.112166828651606
9.112166828651606
6.733356409137353
0.7269495798973686
1.47590135956432
9.112166828651606
9.112166828651606
9.112166828651606
8.367165222821797
7.200789201138819
8.480492880313939
9.087969647564282
9.112166828651606
7.913066627053411
6.245540210695257
0.5379524563261207
0.1752902804130354
9.112166828651606
9.112166828651606
9.112166828651606
9.112166828651606
9.112166828651606
9.112166828651606
9.112166828651606
9.112166828651606
9.112166828651606
6.693486021459797
0.5560685805562677
0.15024269716876404
9.112166828651606
9.112166828651606
9.112166828651606
7.565294537541815
6.830966712253349
8.47594105671515
9.095833881511922
9.112166828651606
8.528170533074277
6.495319224243342
0.5381308641414719
0.1749371182053352
9.112166828651606
6.50979429651545
0.23897167305143263
2.4188695018968893
6.417791295940428
8.426164567775723
9.090086970770164
9.112166828651606
8.321485359108468
6.6023154245718985
0.5384700611444924
0.18126831652141817
9.112166828651606
9.112166828651606
9.112166828651606
9.112166828651606
9.112166828651606
9.112166828651606
9.112166828651606
9.112166828651606
9.112166828651606
