4.3576152105779595
5.474431921140334
5.273881834788179
4.984953428488194
3.3951277132951407
2.749192057374911
3.4399989958119193
4.89558415669579
6.283327128388509
7.1856897729663345
7.745172781424893
7.5164021871149975
6.916436069829977
6.552204586681423
5.528604076226273
4.5079526137118835
3.3764904684446595
3.620851697278183
4.390685322421756
5.610436460784698
6.730596408515902
7.5028101878859985
8.078773305246063
8.054132689111576
7.695767482519926
7.364756256622537
6.375992090855822
5.360958190268424
3.793609582114529
3.271278261467777
3.783875978287048
5.09775088892908
6.399208973901587
7.280951316599132
7.923203838608347
7.893871532416239
7.458325736602561
6.9750653620265695
4.696193669201931
1.8740672747500975
0.530304242594621
0.7701249364626683
1.2772222062452663
3.09569433997987
4.963534058959563
6.243541219978869
7.245720800353251
7.548882120091391
7.432328103613608
7.1786917983844605
6.430875214165335
6.137869570531526
5.776320429486414
5.728877186613848
5.913249525037294
6.644086622785318
7.443032354673702
8.03526438136912
8.454596755099029
8.383156031390115
7.945989185819687
7.439395342742114
5.785372516533447
4.179469507062477
3.0696526171567013
3.427688327774163
4.3626823553204925
5.72626792054415
6.905894406091097
7.7086020065393
8.245109828288587
8.117047543045691
7.608524158173265
7.242450770826503
6.504044267591016
6.21997786323266
5.9704943394641745
6.242842658317068
6.673479897216757
7.306431209643802
7.944759645651628
8.451772680298248
8.776566119557828
8.638099001636181
8.196395379923754
7.754358723997761
6.765896380739469
5.279750007610053
2.6714672543622857
2.0619049357346757
2.630816427257032
4.378788137787989
6.035583439688215
7.134102736563866
7.933776740358228
8.031839914829304
7.71138529405559
7.30968192938375
6.1169862609851595
4.990021344881031
4.329036546381195
5.155145933382751
6.117833429121638
7.0360110992398806
7.823055942665953
8.40527435713331
8.792530235867655
8.722994904088724
8.362579254137517
8.046612591957865
7.442801122364404
6.761532943360279
5.987742168310634
6.253531611798181
6.903935299844128
7.601177326645882
8.23376139874536
8.733913080993087
9.045616346428616
8.907298587107894
8.457662766131001
8.072307802135253
7.497762133414552
7.169520955387075
6.750672614019556
6.863441073030001
7.2743551262208275
7.82013538918813
8.359643264322271
8.812147907989035
9.085685270665778
8.954013968399613
8.478698027780926
7.926273168753374
7.021607861818499
6.306896110130902
5.329156429535813
5.033514002224414
5.440958271268554
6.462645836298373
7.434188892920973
8.122046145153938
8.593433819938987
8.553028984726637
8.05901084863638
7.435417224857517
5.475047404968343
2.714835501042855
0.5383259143442718
1.5163318402878598
2.448329556151992
4.17226503611644
5.810739707032655
6.933353069368657
7.801532757313914
7.9602771493584905
7.615645625952352
7.158991866800643
5.491286404766573
3.480727613258148
0.7778310764179199
1.2519330648758373
2.34487399723755
4.115879770038727
5.805298079641771
6.954424357594935
7.809408867273069
7.968923117697016
7.701943311471263
7.419377669127794
6.588027599972116
4.837982024315327
2.4281192214673615
2.2493036277044354
2.944344722605578
4.623018701183998
6.18394529362054
7.247573183551667
8.056815366085898
8.173533602969894
7.7441287998522075
7.168995273204245
5.072354119316865
2.365123345345289
0.5362182807141949
0.7840022401428026
1.963446944505323
3.5602776131994407
5.326980697214582
6.55261125057371
7.494230625454772
7.597547928154672
7.261340836129353
7.02791284405381
6.1654137062736085
5.242502675422866
3.8519449345099304
3.2925280648617257
3.5239273409238887
4.8098362415977896
6.224690775356396
7.201423168583199
7.940690520329535
8.04756228568617
7.714506530185234
7.2628069655579175
6.058515879357815
4.597902448802872
1.4968582345569992
0.8011208087067683
1.9605274028362283
3.4519702056242565
5.256605151189052
6.523967193499275
7.51143362176456
7.743226215122839
7.458719769314502
7.020497763998944
5.163409553354555
1.6619281481367478
0.5088969999137074
0.7460092119339805
0.8284493217299786
3.0274353620586245
4.979847224405738
6.324654854595361
7.373249550883035
7.6138814903666905
7.392251802165372
7.107687463583736
6.115812998104176
5.41102191416607
4.672774770845155
4.638283641025402
5.052197760505374
6.06584775215647
7.069906225320501
7.819698775395818
8.392516407359011
8.357139385784812
