9.112166828651606
4.175255136899259
5.953153711906349
9.112166828651606
9.112166828651606
9.112166828651606
9.112166828651606
9.112166828651606
9.112166828651606
9.112166828651606
9.112166828651606
9.112166828651606
0.26694803323761107
9.112166828651606
6.774779039141516
9.112166828651606
9.112166828651606
9.112166828651606
9.112166828651606
9.112166828651606
9.112166828651606
9.112166828651606
9.112166828651606
9.112166828651606
0.16026436161359925
9.112166828651606
9.112166828651606
9.112166828651606
9.112166828651606
9.112166828651606
9.112166828651606
9.112166828651606
9.112166828651606
9.112166828651606
9.112166828651606
9.112166828651606
0.12587327250295566
9.112166828651606
9.112166828651606
9.112166828651606
9.112166828651606
9.112166828651606
9.112166828651606
9.112166828651606
9.112166828651606
9.112166828651606
9.112166828651606
9.112166828651606
0.2103211947912147
9.112166828651606
7.3069179128715245
9.112166828651606
9.112166828651606
9.112166828651606
9.112166828651606
9.112166828651606
9.112166828651606
9.112166828651606
9.112166828651606
9.112166828651606
0.18757573564821328
9.112166828651606
8.02128881328304
9.112166828651606
9.112166828651606
9.112166828651606
9.112166828651606
9.112166828651606
9.112166828651606
9.112166828651606
9.112166828651606
9.112166828651606
0.17375684990788898
9.112166828651606
7.043535849496181
9.112166828651606
9.112166828651606
9.112166828651606
9.112166828651606
9.112166828651606
9.112166828651606
9.112166828651606
9.112166828651606
9.112166828651606
0.0018750426482032623
9.112166828651606
9.112166828651606
9.112166828651606
9.112166828651606
9.112166828651606
9.112166828651606
9.112166828651606
9.112166828651606
9.112166828651606
9.112166828651606
9.112166828651606
0.11128952877785636
9.052077249404867
6.7823501464185405
9.112166828651606
9.112166828651606
9.112166828651606
9.112166828651606
9.112166828651606
9.112166828651606
9.112166828651606
9.112166828651606
9.112166828651606
0.07756640282202198
9.112166828651606
7.759345971264249
9.112166828651606
9.112166828651606
9.112166828651606
9.112166828651606
9.112166828651606
9.112166828651606
9.112166828651606
9.112166828651606
9.112166828651606
0.17884429860158058
9.112166828651606
7.74166721693545
9.112166828651606
9.112166828651606
9.112166828651606
9.112166828651606
9.112166828651606
9.112166828651606
9.112166828651606
9.112166828651606
9.112166828651606
0.39861137242269074
5.0855234558316935
8.121405552905134
9.112166828651606
9.112166828651606
9.112166828651606
9.112166828651606
9.112166828651606
9.112166828651606
9.112166828651606
9.112166828651606
9.112166828651606
0.3521915941611482
9.112166828651606
7.67101413116219
9.112166828651606
9.112166828651606
9.112166828651606
9.112166828651606
9.112166828651606
9.112166828651606
9.112166828651606
9.112166828651606
9.112166828651606
0.0015645820809435662
9.112166828651606
9.07309668493666
9.112166828651606
9.112166828651606
9.112166828651606
9.112166828651606
9.112166828651606
9.112166828651606
9.112166828651606
9.112166828651606
9.112166828651606
0.1563844861065391
9.112166828651606
6.069017574761976
9.112166828651606
9.112166828651606
9.112166828651606
9.112166828651606
9.112166828651606
9.112166828651606
9.112166828651606
9.112166828651606
9.112166828651606
0.2249629942148328
9.112166828651606
8.786068426252726
9.112166828651606
9.112166828651606
8.11792656752962
4.413058000177029
6.747571677304109
8.476251137164727
9.091448070216662
9.112166828651606
7.946517571932816
0.37905945516116546
8.027475782742156
8.009251252733232
9.112166828651606
9.112166828651606
4.643289010994513
4.675052338165614
7.307926221083869
8.795895525331575
9.112166828651606
9.112166828651606
8.709903865510919
0.3776489171106743
9.112166828651606
7.392605134515298
9.112166828651606
7.154063945416189
0.4729967483005968
2.4584581255023332
6.435489001027223
8.475482014264461
9.09885855323931
9.112166828651606
8.559325159360494
0.37789724570952643
9.112166828651606
6.169131931699172
8.887990699719293
0.3839784241074202
0.0950296665472603
2.3092343247760425
6.439587175889935
8.454455221485123
9.094472780748626
9.112166828651606
8.354918396301182
0.37827482109262434
8.0062513622072
7.199052818793852
9.112166828651606
9.112166828651606
9.079330955994715
7.612050652846207
8.095633988292125
8.964553447724413
9.112166828651606
9.112166828651606
8.977139748963856
