403.3279569892473 582.0 62840000.0 55064844.62204445 406.26344086021504
252.61904761904762 576.6222506371383 55064844.62204445 58202748.34763742 251.35416666666666
446.9274193548387 579.027557601145 58202748.34763742 39037691.06727175 454.05913978494624
426.4194444444444 564.3166560773831 39037691.06727175 56001766.14365607 419.80555555555554
646.4704301075269 577.3404319638246 56001766.14365607 59098305.244283274 645.241935483871
881.5166666666667 579.7111973568755 59098305.244283274 39553303.93487945 889.0
725.5268817204301 564.7321417937703 39553303.93487945 62369833.3386275 716.9354838709677
403.53225806451616 581.7123980528838 62369833.3386275 54833285.362209015 406.26344086021504
240.19444444444446 576.4447528077053 54833285.362209015 37072527.84492726 246.94444444444446
225.06451612903226 562.326782000489 37072527.84492726 63512960.37566449 215.08064516129033
248.0611111111111 582.4197866946843 63512960.37566449 34302029.201224044 259.2916666666667
268.3440860215054 559.5214458490224 34302029.201224044 48988327.4755916 262.8763440860215
278.752688172043 571.9643993174625 48988327.4755916 59593379.47701551 274.8252688172043
402.3452380952381 580.0140353183872 59593379.47701551 40902136.33353063 410.1041666666667
377.008064516129 565.7660664280069 40902136.33353063 58493520.066969655 370.4166666666667
316.6 579.2504437387092 58493520.066969655 46839543.155057736 321.02777777777777
446.8037634408602 570.3172850837867 46839543.155057736 59220707.32078374 442.11021505376345
443.7638888888889 579.7860709675007 59220707.32078374 57169767.580575965 444.5
247.3790322580645 578.2357436865136 57169767.580575965 47479436.68088064 250.92741935483872
220.83333333333334 570.8077846301339 47479436.68088064 62669730.86678889 215.08064516129033
228.01944444444445 581.89584600894 62669730.86678889 45355683.42542647 234.59722222222223
219.84139784946237 569.1798575355223 45355683.42542647 57806452.757036075 215.08064516129033
232.2138888888889 578.7237839269866 57806452.757036075 51527708.614110425 234.59722222222223
265.1263440860215 573.9109189276497 51527708.614110425 57595672.808400266 262.8763440860215
304.05913978494624 578.5622141266796 57595672.808400266 39969787.29359194 310.6720430107527
427.1845238095238 565.0513900597173 39969787.29359194 49365600.89570061 423.3333333333333
468.7930107526882 572.2535918689489 49365600.89570061 56761359.00700675 466.008064516129
393.2055555555556 577.922685010381 56761359.00700675 51643334.13937982 395.1111111111111
404.7258064516129 573.9995497160577 51643334.13937982 47336005.94538699 406.26344086021504
423.1611111111111 570.6978402286784 47336005.94538699 55890849.023891084 419.80555555555554
358.4462365591398 577.2554103239246 55890849.023891084 55644754.41303344 358.46774193548384
221.2311827956989 577.0667706673053 55644754.41303344 39896674.333291076 227.02956989247312
228.275 564.9953465580838 39896674.333291076 55249714.69410432 222.25
219.84408602150538 576.7639596603104 55249714.69410432 35703357.03045144 227.02956989247312
237.66944444444445 560.9403946105829 35703357.03045144 43565683.13434188 234.59722222222223
265.7069892473118 567.8077631240195 43565683.13434188 51188820.28467224 262.8763440860215
303.8225806451613 573.6511498174091 51188820.28467224 64933430.084477745 298.7231182795699
487.8154761904762 583.3058630604334 64933430.084477745 60988089.97733794 489.4791666666667
374.61290322580646 580.8671826989035 60988089.97733794 40160261.18430842 382.36559139784947
358.1972222222222 565.1973945951863 40160261.18430842 40313163.643838115 358.06944444444446
412.5698924731183 565.3145993863087 40313163.643838115 57014808.64668512 406.26344086021504
256.2583333333333 578.1169625397937 57014808.64668512 49012132.787801534 259.2916666666667
337.9489247311828 571.982646876421 49012132.787801534 57874263.85915833 334.5698924731183
222.15860215053763 578.7757633790142 57874263.85915833 44609389.528225854 227.02956989247312
224.8138888888889 568.6077985862653 44609389.528225854 50991025.43704342 222.25
212.30645161290323 573.499533526391 50991025.43704342 43260388.2111717 215.08064516129033
217.31666666666666 567.5737444704873 43260388.2111717 62376156.35263716 209.90277777777777
232.73924731182797 581.7162658540068 62376156.35263716 45706339.72097878 238.9784946236559
273.39247311827955 569.4486471809106 45706339.72097878 41954643.26160918 274.8252688172043
389.19642857142856 566.5728477907124 41954643.26160918 55461459.55585421 383.6458333333333
317.0698924731183 576.9262690984253 55461459.55585421 40530736.11330816 322.6209677419355
304.5833333333333 565.4813758784376 40530736.11330816 61737471.66584877 296.3333333333333
366.7876344086022 581.3255810721947 61737471.66584877 51828903.966528274 370.4166666666667
240.43055555555554 574.1417951246434 51828903.966528274 34804673.57439144 246.94444444444446
225.997311827957 560.0304107007405 34804673.57439144 63857492.12593065 215.08064516129033
212.13709677419354 582.6347025350341 63857492.12593065 55756732.76582793 215.08064516129033
219.15555555555557 577.1526057774132 55756732.76582793 47472255.74931374 222.25
209.11290322580646 570.8022802086423 47472255.74931374 63191448.22992018 203.13172043010752
218.29722222222222 582.2192302788186 63191448.22992018 52845263.75615277 222.25
236.07258064516128 574.9208685104778 52845263.75615277 45103497.62066138 238.9784946236559
306.9193548387097 568.9865487773607 45103497.62066138 35138537.08378455 310.6720430107527
427.73511904761904 560.3684723614762 35138537.08378455 45866274.961661205 423.3333333333333
370.7768817204301 569.5712428313335 45866274.961661205 46767450.50116001 370.4166666666667
322.2638888888889 570.2620236807489 46767450.50116001 49793766.10011693 321.02777777777777
374.43817204301075 572.5817946559013 49793766.10011693 60375758.00792622 370.4166666666667
240.99722222222223 580.4926179303804 60375758.00792622 44820623.01885469 246.94444444444446
238.96236559139786 568.7697160415069 44820623.01885469 44590701.346054465 238.9784946236559
216.95698924731184 568.5934734766851 44590701.346054465 49398572.75915909 215.08064516129033
232.0388888888889 572.2788658925418 49398572.75915909 42502527.61136885 234.59722222222223
234.93010752688173 566.9928192612196 42502527.61136885 63362520.69224934 227.02956989247312
266.6277777777778 582.3259437587049 63362520.69224934 50272490.8295575 271.6388888888889
289.7956989247312 572.9487529905927 50272490.8295575 58407103.39451943 286.7741935483871
298.8198924731183 579.184202501811 58407103.39451943 58752430.85614705 298.7231182795699
168.16369047619048 579.4489074197921 58752430.85614705 49599184.42168692 171.97916666666666
156.90591397849462 572.4326413653212 49599184.42168692 53742131.22293822 155.33602150537635
199.9388888888889 575.6083470797072 53742131.22293822 59744022.760611854 197.55555555555554
149.18279569892474 580.1061841354807 59744022.760611854 43078695.83231892 155.33602150537635
179.48055555555555 567.4344712542324 43078695.83231892 60096778.50361441 172.86111111111111
102.68548387096774 580.3219655740195 60096778.50361441 46910072.57466369 107.54032258064517
57.41129032258065 570.3713482160498 46910072.57466369 40445896.818641126 59.744623655913976
42.05 565.4163437537679 40445896.818641126 53167739.910729565 37.041666666666664
36.873655913978496 575.1680571460001 53167739.910729565 55622317.209861144 35.846774193548384
42.669444444444444 577.0495718091621 55622317.209861144 38106167.1920654 49.388888888888886
50.56182795698925 563.3734187980543 38106167.1920654 45555493.96984891 47.795698924731184
98.15322580645162 569.3330189247839 45555493.96984891 52501540.66746137 95.59139784946237
241.95238095238096 574.6573933974028 52501540.66746137 61838655.31055435 238.125
426.255376344086 581.3874753229454 61838655.31055435 51313715.48716331 430.16129032258067
452.48333333333335 573.7468861199197 51313715.48716331 39822591.71616488 456.84722222222223
460.26612903225805 564.938559782431 39822591.71616488 56256876.40640286 454.05913978494624
267.8 577.5359824157297 56256876.40640286 46165836.26696493 271.6388888888889
424.247311827957 569.8008664771825 46165836.26696493 62139997.13249891 418.2123655913978
222.38172043010752 581.5718067565817 62139997.13249891 49473690.33493817 227.02956989247312
224.62222222222223 572.3364459982241 49473690.33493817 55357927.10246027 222.25
211.4220430107527 576.846908049481 55357927.10246027 45258161.99098465 215.08064516129033
217.38333333333333 569.1051041313659 45258161.99098465 32542446.642266214 222.25
230.54569892473117 557.7397375001108 32542446.642266214 42001392.908222996 227.02956989247312
326.8225806451613 566.6086829406719 42001392.908222996 53341312.97774751 322.6209677419355
448.36309523809524 575.3011066412594 53341312.97774751 49964565.95621535 449.7916666666667
407.8736559139785 572.7127183932913 49964565.95621535 54214112.07415908 406.26344086021504
295.40555555555557 575.9701360087493 54214112.07415908 51631772.567116305 296.3333333333333
451.0725806451613 573.9906873886213 51631772.567116305 43441946.74401374 454.05913978494624
359.35555555555555 567.7129150893492 43441946.74401374 46634123.526527196 358.06944444444446
223.07258064516128 570.1598241460855 46634123.526527196 35848902.989183955 227.02956989247312
210.58602150537635 561.087770730279 35848902.989183955 55597633.15490881 203.13172043010752
217.91666666666666 577.0306506648349 55597633.15490881 44101589.699095316 222.25
208.16397849462365 568.2185532262604 44101589.699095316 57280184.36198856 203.13172043010752
219.61388888888888 578.3203818005223 57280184.36198856 50346601.39102675 222.25
237.59408602150538 573.0055611865084 50346601.39102675 46680109.07998907 238.9784946236559
259.36290322580646 570.1950735933784 46680109.07998907 37355571.15511295 262.8763440860215
340.2440476190476 562.6133844257597 37355571.15511295 60452309.098216474 330.7291666666667
302.6290322580645 580.5394443951857 60452309.098216474 38847341.63822865 310.6720430107527
268.2916666666667 564.1239131081998 38847341.63822865 61998588.42917463 259.2916666666667
336.5698924731183 581.4853067518887 61998588.42917463 35162821.94835746 346.51881720430106
220.6638888888889 560.3930625949616 35162821.94835746 62915849.50574453 209.90277777777777
243.80913978494624 582.0473142468135 62915849.50574453 43663853.60016147 250.92741935483872
228.41129032258064 567.8830140321879 43663853.60016147 47146916.05559826 227.02956989247312
268.0 570.552896575684 47146916.05559826 37449308.85419233 271.6388888888889
37.07795698924731 562.7083008252246 37449308.85419233 40453063.220851354 35.846774193548384
39.65555555555556 565.4218370380273 40453063.220851354 47129421.483073585 37.041666666666664
52.163978494623656 570.539486407366 47129421.483073585 58870480.74248345 47.795698924731184
87.8010752688172 579.5393965611221 58870480.74248345 38089112.35073745 95.59139784946237
135.93154761904762 563.3561495014086 38089112.35073745 46971577.795843944 132.29166666666666
217.46236559139786 570.4184940018242 46971577.795843944 53288607.61498733 215.08064516129033
318.55833333333334 575.2607062379412 53288607.61498733 46710032.40584196 321.02777777777777
380.5241935483871 570.2180108120933 46710032.40584196 41588913.18396673 382.36559139784947
241.28055555555557 566.2925035929204 41588913.18396673 58772015.065937385 234.59722222222223
256.4704301075269 579.4639193641705 58772015.065937385 41427716.93677999 262.8763440860215
232.18010752688173 566.1689413393153 41427716.93677999 55005286.07653356 227.02956989247312
285.6972222222222 576.5765970426335 55005286.07653356 59174676.0067756 283.9861111111111
248.14247311827958 579.757913514783 59174676.0067756 51415112.62851664 250.92741935483872
41.416666666666664 573.8246103815784 51415112.62851664 62654435.46607353 37.041666666666664
52.06720430107527 581.886489779779 62654435.46607353 42131541.29382155 59.744623655913976
122.48655913978494 566.708445981737 42131541.29382155 50244076.13679018 119.48924731182795
202.0595238095238 572.9269721890225 50244076.13679018 59083931.23177956 198.4375
293.9139784946237 579.7024047428439 59083931.23177956 46140578.79223522 298.7231182795699
321.0777777777778 569.7815057876352 46140578.79223522 46092353.52680212 321.02777777777777
349.8682795698925 569.7445395270577 46092353.52680212 54874858.897103645 346.51881720430106
226.1638888888889 576.4766202968781 54874858.897103645 32875450.193832796 234.59722222222223
245.88978494623655 558.0769283895197 32875450.193832796 51200014.71736404 238.9784946236559
222.63978494623655 573.6597307202239 51200014.71736404 39224678.023478776 227.02956989247312
256.4583333333333 564.4802391662938 39224678.023478776 63619629.90488263 246.94444444444446
259.4543010752688 582.48632619792 63619629.90488263 54153241.962614834 262.8763440860215
40.57222222222222 575.9234770555114 54153241.962614834 31199839.355608612 49.388888888888886
59.685483870967744 556.3802476598817 31199839.355608612 63086176.77840343 47.795698924731184
132.29032258064515 582.1535628840137 63086176.77840343 33449274.19208417 143.38709677419354
199.9970238095238 558.6579679112434 33449274.19208417 37299466.317799315 198.4375
361.2876344086022 562.5565741007498 37299466.317799315 44789387.48734534 358.46774193548384
368.5527777777778 568.7457729737666 44789387.48734534 39779761.01984464 370.4166666666667
409.7069892473118 564.905728637456 39779761.01984464 48813547.83033497 406.26344086021504
246.60555555555555 571.8304249400865 48813547.83033497 47794632.26353323 246.94444444444446
232.7715053763441 571.049392466536 47794632.26353323 62986983.283507116 227.02956989247312
215.31989247311827 582.09168686447 62986983.283507116 63410440.178540915 215.08064516129033
220.90555555555557 582.3558355078906 63410440.178540915 59662093.40205143 222.25
210.13440860215053 580.0560677725315 59662093.40205143 46114545.8312724 215.08064516129033
218.11666666666667 569.7615506622478 46114545.8312724 35299719.45616988 222.25
247.44892473118279 560.5316815141892 35299719.45616988 58028432.08314042 238.9784946236559
342.6559139784946 578.8939384204433 58028432.08314042 47768261.55182316 346.51881720430106
428.3363095238095 571.0291784440328 47768261.55182316 59950715.2911789 423.3333333333333
444.4166666666667 580.2326183961999 59950715.2911789 34061988.32618211 454.05913978494624
428.0138888888889 559.2783865910382 34061988.32618211 55158834.38403092 419.80555555555554
441.1639784946237 576.6942968975789 55158834.38403092 52434386.634540536 442.11021505376345
265.2055555555556 574.6059176106448 52434386.634540536 35618641.781868495 271.6388888888889
277.2096774193548 560.8546141140032 35618641.781868495 41817957.84171052 274.8252688172043
224.98655913978496 566.4680738967019 41817957.84171052 36128355.4325216 227.02956989247312
227.55277777777778 561.3707371355116 36128355.4325216 49609696.3682253 222.25
212.76612903225808 572.4406991199322 49609696.3682253 43110228.91717486 215.08064516129033
216.25277777777777 567.4586424064516 43110228.91717486 59468419.33344257 209.90277777777777
230.03494623655914 579.937596932691 59468419.33344257 35555510.88751852 238.9784946236559
244.21774193548387 560.7906893831259 35555510.88751852 49673738.91294809 238.9784946236559
318.1458333333333 572.4897898481015 49673738.91294809 51314713.98349133 317.5
438.88709677419354 573.7476515003716 51314713.98349133 42618515.316143945 442.11021505376345
321.1777777777778 567.0817276721945 42618515.316143945 42829723.773554586 321.02777777777777
370.26881720430106 567.2436259386466 42829723.773554586 42245479.6144799 370.4166666666667
237.40833333333333 566.7957834720212 42245479.6144799 49391942.807284445 234.59722222222223
225.0215053763441 572.273783815203 49391942.807284445 43827090.11215788 227.02956989247312
211.75806451612902 568.0081402162332 43827090.11215788 34710025.619339764 215.08064516129033
220.89444444444445 559.9345725993315 34710025.619339764 62936547.31561055 209.90277777777777
211.6451612903226 582.0602253564495 62936547.31561055 53434560.94604202 215.08064516129033
224.70833333333334 575.3725842923068 53434560.94604202 59705431.44983293 222.25
272.9274193548387 580.082577748568 59705431.44983293 54663843.264147356 274.8252688172043
395.2123655913978 576.3148698367462 54663843.264147356 57155611.29946423 394.31451612903226
620.2440476190476 578.224892428948 57155611.29946423 53542402.678798184 621.7708333333334
618.9247311827957 575.4552485463734 53542402.678798184 46997946.19131041 621.3440860215054
492.05833333333334 570.4387062488502 46997946.19131041 42073070.94903852 493.8888888888889
1211.497311827957 566.6636265290725 42073070.94903852 54341109.571251564 1206.8413978494623
1070.775 576.0674837895866 54341109.571251564 45291399.20724619 1074.2083333333333
644.1317204301075 569.1305815566566 45291399.20724619 42124289.78700794 645.241935483871
290.5 566.702887461985 42124289.78700794 51884784.45108869 286.7741935483871
233.00833333333333 574.1846293638105 51884784.45108869 47502442.25464075 234.59722222222223
215.63978494623655 570.8254191631264 47502442.25464075 48700069.94034002 215.08064516129033
226.1888888888889 571.7434403851304 48700069.94034002 58808740.79486909 222.25
239.6478494623656 579.4920708497744 58808740.79486909 60643015.52586792 238.9784946236559
271.08870967741933 580.6560999227383 60643015.52586792 50720798.29650817 274.8252688172043
374.94642857142856 573.2923954878044 50720798.29650817 61758080.10566159 370.4166666666667
338.1989247311828 581.338187298676 61758080.10566159 39411212.78794833 346.51881720430106
285.85833333333335 564.623224231243 39411212.78794833 44086938.105921 283.9861111111111
357.0725806451613 568.2073222956208 44086938.105921 40161132.01296178 358.46774193548384
235.975 565.198062114144 40161132.01296178 43592443.43418732 234.59722222222223
225.85752688172042 567.8282757787107 43592443.43418732 40266667.032305695 227.02956989247312
213.41397849462365 565.278958196106 40266667.032305695 35584987.992701046 215.08064516129033
220.25277777777777 560.8205371468118 35584987.992701046 62148147.30142632 209.90277777777777
209.68279569892474 581.5767922322555 62148147.30142632 47391383.23503294 215.08064516129033
221.42777777777778 570.7402887523048 47391383.23503294 45159260.06372503 222.25
235.55107526881721 569.0292925338173 45159260.06372503 36020817.50336026 238.9784946236559
285.5967741935484 561.2618469756064 36020817.50336026 32953208.723040435 286.7741935483871
346.76488095238096 558.1556646897762 32953208.723040435 39821165.48081718 343.9583333333333
360.28494623655916 564.9374665258769 39821165.48081718 44625639.29412512 358.46774193548384
375.05 568.620254569144 44625639.29412512 56456887.60524394 370.4166666666667
422.02150537634407 577.6892976132381 56456887.60524394 34465240.61395082 430.16129032258067
256.575 559.6867095561514 34465240.61395082 59287682.14286074 246.94444444444446
237.9220430107527 579.8270396086648 59287682.14286074 56271368.09555106 238.9784946236559
217.74462365591398 577.5470907746459 56271368.09555106 63188819.55991696 215.08064516129033
223.85 582.2175905378592 63188819.55991696 35068081.64673867 234.59722222222223
212.24193548387098 560.2971309857778 35068081.64673867 59169330.58091366 203.13172043010752
222.1888888888889 579.75464370641 59169330.58091366 58909705.24586196 222.25
236.8790322580645 579.5694634399644 58909705.24586196 53327937.528588146 238.9784946236559
287.76344086021504 575.2908539172043 53327937.528588146 56063508.20442866 286.7741935483871
353.07142857142856 577.3877592949779 56063508.20442866 46184504.304651804 357.1875
381.4059139784946 569.8151761453494 46184504.304651804 43551044.00192705 382.36559139784947
345.4472222222222 567.7965417449641 43551044.00192705 42660186.38593485 345.72222222222223
400.71774193548384 567.1136699250903 42660186.38593485 59621169.95541325 394.31451612903226
250.88888888888889 580.0310348131518 59621169.95541325 37701012.270595014 259.2916666666667
233.23924731182797 562.9631692746594 37701012.270595014 54146626.50551502 227.02956989247312
215.9005376344086 575.9184060888967 54146626.50551502 56125458.20554374 215.08064516129033
220.74722222222223 577.4352460192796 56125458.20554374 51966487.42003684 222.25
210.2311827956989 574.2472573911105 51966487.42003684 38677399.760662064 215.08064516129033
215.69722222222222 563.9518343043104 38677399.760662064 53595713.7574343 209.90277777777777
232.23387096774192 575.4961132509392 53595713.7574343 35572449.546263546 238.9784946236559
273.96505376344084 560.8078410362563 35572449.546263546 33354364.93010005 274.8252688172043
344.1041666666667 558.5618652171099 33354364.93010005 33785578.65916529 343.9583333333333
301.86021505376345 558.9985012233772 33785578.65916529 42125474.733101964 298.7231182795699
261.8777777777778 566.7037957623477 42125474.733101964 48653230.93382438 259.2916666666667
337.01344086021504 571.7075367378513 48653230.93382438 55009501.166824736 334.5698924731183
223.36111111111111 576.5798280487184 55009501.166824736 57749659.16416721 222.25
217.08602150537635 578.6802497601082 57749659.16416721 62933985.07327708 215.08064516129033
207.05107526881721 582.0586270524793 62933985.07327708 41210760.75467014 215.08064516129033
117.64166666666667 566.0026372518263 41210760.75467014 57839869.6483999 111.125
39.96236559139785 578.7493990791843 57839869.6483999 36563992.02186519 47.795698924731184
42.38611111111111 561.8118516171104 36563992.02186519 50318081.65349088 37.041666666666664
59.225806451612904 572.9836998646498 50318081.65349088 48969269.25408532 59.744623655913976
