2.4678826685364434
1.4842575036649812
0.34253794091983014
1.6485023440043385
1.186337720818794
0.6772179579229407
0.7689927418998188
1.133368174275191
0.8802502774205903
1.3521476573384041
1.6183376281368038
1.1014323144136888
1.3395350314835874
0.7052526551836502
0.3831675226455138
0.6522363169041125
0.23651462551160485
1.24015349264144
1.6734665863251592
1.514058365100748
1.4565387293558414
1.828084182839585
1.603225618983734
1.7061828169817934
1.0237619293579932
0.8222259276573891
1.122693568426885
0.010037455100144754
0.6504513818197388
0.768266586132313
0.3291567425259374
1.833093970486652
1.908021822104271
1.8447357870328576
1.7569912712987017
1.4205834507075656
1.4620650088935159
0.4867583949301286
1.4407878040345423
0.20017545727511354
0.3584448362932986
0.7437651802938499
0.20155227018447075
1.5448342370677925
1.9530954214394078
1.928361385890344
1.9433518059158916
1.523032365907225
1.426470964771878
0.5867486253488963
1.14954752170491
1.3584101614054203
0.10071817467981736
1.6685676401278318
1.6680424933814162
1.759459761640256
1.6843648702955252
1.6141137762605964
2.0665182177421246
1.5379965106008144
1.0670886866875073
0.1396278741027439
1.0561239153974928
0.16882960966148985
0.06822037063028707
1.3190779721613457
1.3918511304109784
1.7955386657332435
1.5258170909631033
1.7578737084833878
1.8706435425088974
1.5282912979435102
1.1602771952678177
1.197120927049668
0.9800059005195805
1.2812038494170022
0.7882275724624415
1.715877704754911
1.745535886583617
1.9783641705864536
2.5384898796754283
3.0592256682109977
3.1005908960402984
2.9114198404970377
2.6392518980525295
1.6918856176218695
0.3352584262124565
0.024394583795059432
0.710503606872984
0.7258369923125976
0.6227712420175595
1.6844422139263526
1.582865944252349
1.5925204289317796
1.6425029929935537
1.5276749541628787
1.004887857250608
0.26606421652495715
1.2924401263846463
1.114919257887796
1.2333326554406696
0.17511901295059484
1.486106882371934
1.8264868926550777
1.8904148509561531
1.9590716076037598
2.0033535491474943
1.5254362976697309
1.6101153080537778
1.2068088073433865
1.303076270399921
0.3640698269096614
0.027582614690130125
1.692940106112002
1.6671366367097056
1.7309409548134447
1.627916999005457
2.0517875027770964
1.8832558129785595
2.4230602775286703
2.615072859505794
2.176715754147949
1.874498936475269
0.4530176339933316
0.2174507773799137
1.1839349239751322
1.4089207418586114
1.7619598108566474
1.519241836814446
2.0476535315032125
1.8133848898635694
2.644033171990722
2.4650428110255076
2.125242855644979
0.5203052711622655
0.6643813126939682
0.5664767882531137
1.3864887141092277
1.494106731351545
1.7029304850790536
1.8517183078016295
1.6908266038199287
2.263107738744183
2.9066057764516287
2.1560145807829927
1.9640636132546374
1.2108020727012812
0.6710096379830599
0.6408084065071646
0.8216611641532823
1.4466459640223583
1.630769952822677
1.665987334649709
1.86989375997685
1.5787098059370563
1.5259449683215571
0.7440992336222712
0.634719784617972
0.4404579100831887
0.32287578164713304
1.2309904172754118
0.951909594636124
0.9830371320724614
1.6648092716471488
1.6005403138490484
1.836894613038703
1.760380869202371
1.8669482005161688
1.4547191160809425
1.0973609518822918
0.1622125130226939
0.1831030239515048
0.207015561535838
1.4062712763520513
1.5890183937132445
1.8902843397009075
1.8223327545340438
1.944729635904103
1.7003960866132075
1.620906192593637
0.21213702786228072
0.5267971948525232
0.7809731249058851
1.112469719065989
1.4214964013433073
1.4577898194758223
1.6184718759320118
0.37861732462770714
0.07835871322450938
1.8186221784030665
1.8088637780366263
1.3244450913289993
1.1960843014206985
0.6700899495830943
0.9649816259620221
1.2624638481898325
0.6140219066571833
1.4841764314704733
1.6049708655575519
1.679800232938287
1.8942606274404912
1.7433648323011248
1.5846501864696547
1.4988334589395245
1.4762564020809121
0.9644026305192663
1.9127628683877231
0.3960967543861522
0.8464506849870981
1.1414424359485027
1.2913678843812315
1.8280834357338058
1.5827194611954065
1.6593504630534996
1.8503119487286876
1.4416445553185706
1.0635115405265974
1.0684670001244507
0.2057545172356492
0.16954558128110264
0.6860522683488606
1.256718368507412
1.3700128283692603
1.729859636588598
1.659010250315758
1.9868564202488668
1.6544983006658522
1.7773028111751554
1.3200072733238977
0.8445082429337005
1.1304167461946149
1.4688201046453222
0.2623656794321674
1.3350268182074099
1.7646044520262523
1.8696548445607586
1.6127045947283052
1.7878729826736244
1.484054878977688
1.9804270261675483
