401.3252688172043 582.0 62840000.0 49700456.9506732 406.26344086021504
251.61904761904762 572.51027010748 49700456.9506732 50419063.08365467 251.35416666666666
294.38440860215053 573.0611054699357 50419063.08365467 38735662.38676914 298.7231182795699
1053.7611111111112 564.0108295511296 38735662.38676914 49555326.087889485 1049.513888888889
527.6720430107526 572.39902250224 49555326.087889485 54504689.267462865 525.752688172043
487.90277777777777 576.1928730356805 54504689.267462865 38845337.76809729 493.8888888888889
695.3575268817204 564.1218840404956 38845337.76809729 44864591.17523131 693.0376344086021
385.53225806451616 568.8034190872264 44864591.17523131 53125526.85839977 382.36559139784947
210.51111111111112 575.135699445567 53125526.85839977 54438402.075209916 209.90277777777777
144.81451612903226 576.1420617109575 54438402.075209916 57963257.78111214 143.38709677419354
120.2611111111111 578.8439801628765 57963257.78111214 49540303.60689301 123.47222222222223
112.95430107526882 572.3875072738208 49540303.60689301 32078374.88399564 119.48924731182795
183.43279569892474 557.2698302928612 32078374.88399564 43409611.78543903 179.23387096774192
368.8690476190476 567.6881292744097 43409611.78543903 39744421.26503688 370.4166666666667
2116.8360215053763 564.8786395468469 39744421.26503688 76702192.43360694 2103.010752688172
416.36944444444447 590.6471123014279 76702192.43360694 35612178.8025051 432.15277777777777
358.56720430107526 560.8480698662031 35612178.8025051 35690048.90278179 358.46774193548384
75.35 560.926919140474 35690048.90278179 38835390.53435664 74.08333333333333
65.40591397849462 564.1118117257219 38835390.53435664 53814774.67020937 59.744623655913976
58.505376344086024 575.6640306840783 53814774.67020937 50281960.104060575 59.744623655913976
53.519444444444446 572.9560115026115 50281960.104060575 60726219.29044585 49.388888888888886
46.13709677419355 580.70699584256 60726219.29044585 55990297.92163622 47.795698924731184
46.391666666666666 577.3316411924366 55990297.92163622 48122602.33299229 49.388888888888886
64.20161290322581 571.300792369478 48122602.33299229 60101279.76536694 59.744623655913976
96.03763440860214 580.3247190054107 60101279.76536694 61380943.373749964 95.59139784946237
188.11309523809524 581.1074919573471 61380943.373749964 36481510.822874576 198.4375
1777.5913978494623 561.7283332620768 36481510.822874576 60918880.98931414 1768.4408602150538
308.03333333333336 580.8248474136763 60918880.98931414 59063943.521000676 308.68055555555554
390.4005376344086 579.6876921779213 59063943.521000676 48391657.53545377 394.31451612903226
81.53055555555555 571.5070320787797 48391657.53545377 35552354.90109363 86.43055555555556
66.65053763440861 560.787493711895 35552354.90109363 53866385.7693899 59.744623655913976
122.33064516129032 575.7035922981796 53866385.7693899 61260771.3869783 119.48924731182795
109.2611111111111 581.0339824973538 61260771.3869783 56168895.24222009 111.125
74.4758064516129 577.4685419441868 56168895.24222009 63322806.56998862 71.69354838709677
53.21666666666667 582.3011704425944 63322806.56998862 41142037.92124847 61.736111111111114
62.795698924731184 565.9499589276103 41142037.92124847 49354769.00703767 59.744623655913976
99.65860215053763 572.24528886812 49354769.00703767 60333079.17099807 95.59139784946237
291.3988095238095 580.4665111950254 60333079.17099807 61275106.18188998 291.0416666666667
2109.2204301075267 581.0427511219008 61275106.18188998 77835260.47227255 2103.010752688172
369.69166666666666 591.3539100624911 77835260.47227255 43773827.30617532 382.7638888888889
397.23655913978496 567.9673125142526 43773827.30617532 51410842.979816586 394.31451612903226
87.78333333333333 573.8213375546691 51410842.979816586 54778934.44206971 86.43055555555556
68.41397849462365 576.4030910302438 54778934.44206971 45811592.32084085 71.69354838709677
58.96774193548387 569.5293267790013 45811592.32084085 43516372.63912795 59.744623655913976
52.375 567.7699649989307 43516372.63912795 50996438.87148784 49.388888888888886
44.58064516129032 573.503683102894 50996438.87148784 42090043.76278701 47.795698924731184
46.458333333333336 566.6766367520361 42090043.76278701 34393940.17704335 49.388888888888886
59.776881720430104 559.6145125551795 34393940.17704335 34521150.26011829 59.744623655913976
102.09677419354838 559.743322235593 34521150.26011829 52029383.92147037 95.59139784946237
191.07738095238096 574.2954696392032 52029383.92147037 34301396.699953414 198.4375
2064.282258064516 559.5208053943936 34301396.699953414 68106003.16197288 2051.6344086021504
346.8361111111111 585.2848859182519 68106003.16197288 38811284.476971194 358.06944444444446
353.56720430107526 564.0874025478266 38811284.476971194 57501035.36015399 346.51881720430106
72.95833333333333 578.4896713933044 57501035.36015399 54447086.73968373 74.08333333333333
57.18010752688172 576.1487187934449 54447086.73968373 47395214.0208071 59.744623655913976
49.873655913978496 570.74322517627 47395214.0208071 52746553.870164305 47.795698924731184
45.71944444444444 574.8452041189136 52746553.870164305 42975784.25485005 49.388888888888886
40.39247311827957 567.3555861272147 42975784.25485005 54855059.28782628 35.846774193548384
42.452777777777776 576.4614432416704 54855059.28782628 36777152.84485664 49.388888888888886
52.12903225806452 562.027692821066 36777152.84485664 48424073.454030566 47.795698924731184
119.20967741935483 571.5318799522379 48424073.454030566 47759929.29284106 119.48924731182795
208.59821428571428 571.0227914920074 47759929.29284106 40414433.65486073 211.66666666666666
1388.1478494623657 565.3922261983652 40414433.65486073 45897163.38273289 1386.0752688172042
188.25833333333333 569.5949198274456 45897163.38273289 53627280.128576405 185.20833333333334
361.0994623655914 575.5203099181973 53627280.128576405 60487184.805248246 358.46774193548384
72.52777777777777 580.5607779393806 60487184.805248246 56317847.99870255 74.08333333333333
59.18279569892473 577.5827191573221 56317847.99870255 54629774.71681644 59.744623655913976
51.803763440860216 576.288755168702 54629774.71681644 33145712.51353752 59.744623655913976
48.272222222222226 558.3505891103325 33145712.51353752 61995425.95055554 37.041666666666664
42.27956989247312 581.4833722569888 61995425.95055554 46929720.345510356 47.795698924731184
48.86388888888889 570.3864088820795 46929720.345510356 45469514.660852596 49.388888888888886
58.87096774193548 569.2671129414351 45469514.660852596 43170262.58031992 59.744623655913976
73.38172043010752 567.5046601943334 43170262.58031992 47775983.863698706 71.69354838709677
93.41964285714286 571.0350978514324 47775983.863698706 49825503.560093015 92.60416666666667
1519.1236559139784 572.606122468408 49825503.560093015 54069205.05981904 1517.513440860215
120.99166666666666 575.859059990743 54069205.05981904 47465373.02649908 123.47222222222223
250.56720430107526 570.7970043740198 47465373.02649908 46313872.87467439 250.92741935483872
53.291666666666664 569.9143414319899 46313872.87467439 56291654.985938564 49.388888888888886
45.134408602150536 577.5626413469369 56291654.985938564 48981151.069512695 47.795698924731184
41.55107526881721 571.958898364907 48981151.069512695 32038924.513810974 47.795698924731184
39.98888888888889 557.2298838558113 32038924.513810974 39421507.76803588 37.041666666666664
34.876344086021504 564.6311156738952 39421507.76803588 36526072.02157497 35.846774193548384
41.669444444444444 561.7734547935206 36526072.02157497 48422787.60095689 37.041666666666664
49.56182795698925 571.5308943033386 48422787.60095689 53194027.18830635 47.795698924731184
97.15053763440861 575.1882072134813 53194027.18830635 57454596.11173122 95.59139784946237
240.95238095238096 578.454074173822 57454596.11173122 64372537.322765246 238.125
605.5268817204301 582.9559831462124 64372537.322765246 53947490.91872071 609.3951612903226
289.9111111111111 575.7657620769753 53947490.91872071 37124322.50368601 296.3333333333333
442.93279569892474 562.3792279488018 37124322.50368601 39136897.1237204 442.11021505376345
285.30833333333334 564.4129522040541 39136897.1237204 42423458.23689621 283.9861111111111
520.2876344086021 566.9322099711679 42423458.23689621 59598524.21490577 513.8037634408602
213.0779569892473 580.0171823655008 59598524.21490577 54017492.96398671 215.08064516129033
124.91388888888889 575.8194209593686 54017492.96398671 57492295.73002043 123.47222222222223
76.58064516129032 578.4829721778212 57492295.73002043 38281942.70906856 83.64247311827957
48.05277777777778 563.5514045962111 38281942.70906856 34718967.33719445 49.388888888888886
59.58064516129032 559.9436267544061 34718967.33719445 34320565.92111784 59.744623655913976
157.45967741935485 559.5402156580478 34320565.92111784 40093297.76384143 155.33602150537635
262.5565476190476 565.146064919177 40093297.76384143 35268064.59217896 264.5833333333333
2242.0403225806454 560.499628607567 35268064.59217896 66581064.80456544 2230.3225806451615
486.56388888888887 584.3336429390181 66581064.80456544 47414336.482925616 493.8888888888889
333.6801075268817 570.7578831757896 47414336.482925616 44842847.798951425 334.5698924731183
61.705555555555556 568.7867520703385 44842847.798951425 44626172.29959226 61.736111111111114
54.465053763440864 568.6206631354589 44626172.29959226 62304099.94192756 47.795698924731184
48.325268817204304 581.6721887942642 62304099.94192756 31504466.47227765 59.744623655913976
44.480555555555554 556.6887052962177 31504466.47227765 50529976.11773576 37.041666666666664
39.44086021505376 573.1461239780239 50529976.11773576 59858295.07566244 35.846774193548384
42.775 580.1760847537297 59858295.07566244 42616839.003646664 49.388888888888886
49.655913978494624 567.0804427232362 42616839.003646664 47639977.22746022 47.795698924731184
63.924731182795696 570.9308442675422 47639977.22746022 58920728.6280473 59.744623655913976
113.24404761904762 579.57791322691 58920728.6280473 44921426.973730825 119.0625
1384.7903225806451 568.8469856061163 44921426.973730825 41411397.90497428 1386.0752688172042
138.0222222222222 566.156432261829 41411397.90497428 46946504.490819424 135.81944444444446
324.241935483871 570.3992744844458 46946504.490819424 51100010.62161254 322.6209677419355
53.19166666666667 573.5830742740818 51100010.62161254 60818176.8691162 49.388888888888886
45.096774193548384 580.763246489087 60818176.8691162 53407738.88611817 47.795698924731184
42.034946236559136 575.3520242964734 53407738.88611817 37763385.907407776 47.795698924731184
39.80277777777778 563.0263272258993 37763385.907407776 44662334.021499455 37.041666666666664
34.54032258064516 568.6483822910291 44662334.021499455 40867379.86602734 35.846774193548384
38.65277777777778 565.7394244464036 40867379.86602734 44944291.21371138 37.041666666666664
51.163978494623656 568.8645118020934 44944291.21371138 54006754.40292016 47.795698924731184
86.80376344086021 575.8111894972284 54006754.40292016 62558806.51035666 83.64247311827957
135.92559523809524 581.8279933441012 62558806.51035666 39422841.08336354 145.52083333333334
679.0510752688172 564.6321377041814 39422841.08336354 65904629.45701837 669.1397849462365
197.73611111111111 583.9116885877919 65904629.45701837 34192785.42763819 209.90277777777777
366.28225806451616 559.4108283946304 34192785.42763819 54934614.33280555 358.46774193548384
70.81388888888888 576.5224248142247 54934614.33280555 46322776.06060617 74.08333333333333
56.755376344086024 569.9211660184005 46322776.06060617 38132193.65893307 59.744623655913976
47.696236559139784 563.3997725335325 38132193.65893307 37651676.00921149 47.795698924731184
43.15277777777778 562.9132126367264 37651676.00921149 53233000.723958224 37.041666666666664
36.8494623655914 575.2180817172625 53233000.723958224 55622647.721290916 35.846774193548384
39.897222222222226 577.0498251571017 55622647.721290916 62923804.50917627 37.041666666666664
51.06720430107527 582.0522765071747 62923804.50917627 39722493.58877355 59.744623655913976
121.48655913978494 564.8618312579276 39722493.58877355 45156669.70612544 119.48924731182795
201.0625 569.027306939064 45156669.70612544 51584606.79269759 198.4375
1401.6102150537633 573.9545332629395 51584606.79269759 61120944.75458812 1398.024193548387
623.4972222222223 580.9484502488172 61120944.75458812 44839402.901129104 629.7083333333334
337.5725806451613 568.7841114422482 44839402.901129104 52693614.35874788 334.5698924731183
56.69722222222222 574.8046242329079 52693614.35874788 39495104.15473897 61.736111111111114
48.16935483870968 564.6875297378509 39495104.15473897 40312730.457604766 47.795698924731184
42.01881720430107 565.3142673347371 40312730.457604766 56629682.86939804 35.846774193548384
40.68333333333333 577.8217508968833 56629682.86939804 33803883.75711977 49.388888888888886
35.68010752688172 559.017036497944 33803883.75711977 33061883.546178907 35.846774193548384
39.022222222222226 558.2657060394797 33061883.546178907 38096953.566084325 37.041666666666664
58.685483870967744 563.3640893157572 38096953.566084325 35301020.56995 59.744623655913976
131.29301075268816 560.5329989887648 35301020.56995 34996882.13226692 131.43817204301075
198.99404761904762 560.2250361762862 34996882.13226692 36420827.88176095 198.4375
1066.3387096774193 561.6668872661114 36420827.88176095 44079681.31941661 1063.4543010752689
249.49166666666667 568.2017597288113 44079681.31941661 50505437.86582752 246.94444444444446
394.4569892473118 573.1273145965512 50505437.86582752 50697633.7076474 394.31451612903226
78.13055555555556 573.2746390644792 50697633.7076474 61049251.08346018 74.08333333333333
62.956989247311824 580.9045950776485 61049251.08346018 37466545.2684142 71.69354838709677
53.05107526881721 562.7257539779442 37466545.2684142 51329329.42045367 47.795698924731184
47.43888888888889 573.7588547160792 51329329.42045367 46015637.520028025 49.388888888888886
40.416666666666664 569.6857341711637 46015637.520028025 57958373.93007642 35.846774193548384
42.269444444444446 578.8402365295676 57958373.93007642 39405867.64845328 49.388888888888886
63.505376344086024 564.6191270050768 39405867.64845328 49519437.26294417 59.744623655913976
157.81182795698925 572.3715125312148 49519437.26294417 56235688.387258954 155.33602150537635
219.14285714285714 577.51974109845 56235688.387258954 42395736.16591291 224.89583333333334
2138.7795698924733 566.9109600870976 42395736.16591291 74119021.68439081 2126.9086021505377
453.1611111111111 589.0357533717911 74119021.68439081 64384640.37574776 456.84722222222223
424.8306451612903 582.9635329229761 64384640.37574776 49917482.61185714 430.16129032258067
96.72777777777777 572.6766274529766 49917482.61185714 44465716.15179424 98.77777777777777
247.45430107526883 568.4976681925076 44465716.15179424 34976222.4040642 250.92741935483872
206.41397849462365 560.2041166632814 34976222.4040642 43550793.44191762 203.13172043010752
130.6638888888889 567.7963496824318 43550793.44191762 61929592.14353189 123.47222222222223
86.44086021505376 581.4431015771604 61929592.14353189 37125658.78010084 95.59139784946237
56.69166666666667 562.380581028163 37125658.78010084 55955211.41061158 49.388888888888886
59.12096774193548 577.304746221561 55955211.41061158 54325544.95001711 59.744623655913976
75.85215053763442 576.0555529927486 54325544.95001711 33544658.252441842 83.64247311827957
131.3720238095238 558.7545513740808 33544658.252441842 63400788.65026766 119.0625
2097.180107526882 582.349814970428 63400788.65026766 47712209.13067917 2103.010752688172
402.4 570.9862124097891 47712209.13067917 34421781.543262824 407.4583333333333
531.505376344086 559.642704011378 34421781.543262824 49638646.817992225 525.752688172043
70.36666666666666 572.462890596958 49638646.817992225 39866936.44111573 74.08333333333333
56.204301075268816 564.9725514804143 39866936.44111573 62203555.20146749 47.795698924731184
49.494623655913976 581.6106853625998 62203555.20146749 34536968.960922346 59.744623655913976
45.4 559.7593398479228 34536968.960922346 55943523.743543826 37.041666666666664
37.93817204301075 577.2957872382876 55943523.743543826 61247592.4029202 35.846774193548384
41.87777777777778 581.025920884765 61247592.4029202 41680589.53430098 49.388888888888886
73.00537634408602 566.3627765468339 41680589.53430098 45234955.058505386 71.69354838709677
187.16129032258064 569.0873152502571 45234955.058505386 34549272.21067188 191.18279569892474
384.5922619047619 559.7717978043204 34549272.21067188 36917679.42973862 383.6458333333333
1888.8145161290322 562.1699864510259 36917679.42973862 62904722.76188165 1879.0860215053763
421.85 582.0403734829919 62904722.76188165 36020594.95645697 432.15277777777777
577.3306451612904 561.2616216302973 36020594.95645697 45958856.19028444 573.5483870967741
1043.5472222222222 569.6422094043763 45958856.19028444 62347193.482391536 1037.1666666666667
616.8844086021505 581.6985492046543 62347193.482391536 50209250.902573355 621.3440860215054
277.48655913978496 572.9002774954595 50209250.902573355 57119024.14755506 274.8252688172043
171.675 578.1968471672141 57119024.14755506 53782148.55287617 172.86111111111111
113.47043010752688 575.639021686323 53782148.55287617 37363446.01730398 119.48924731182795
82.74444444444444 562.6213583100431 37363446.01730398 59713262.25402799 74.08333333333333
68.86290322580645 580.0873678681554 59713262.25402799 52172240.357098065 71.69354838709677
114.81720430107526 574.4049738208216 52172240.357098065 39743330.988680266 119.48924731182795
262.86011904761904 564.8778038139683 39743330.988680266 35652608.904434666 264.5833333333333
2094.1559139784945 560.8890083545897 35652608.904434666 75872123.95670119 2079.1129032258063
519.3055555555555 590.1293229710564 75872123.95670119 45559123.49875799 530.9305555555555
344.28494623655916 569.3358010787073 45559123.49875799 39387613.7654239 346.51881720430106
68.5 564.6051348001496 39387613.7654239 56781708.10147909 61.736111111111114
58.03763440860215 577.9382832641598 56781708.10147909 52026752.58957798 59.744623655913976
51.1505376344086 574.2934526362998 52026752.58957798 60796619.54141167 47.795698924731184
46.81944444444444 580.7500598258636 60796619.54141167 53878806.55946581 49.388888888888886
40.95967741935484 575.7131132444803 53878806.55946581 35272159.92965819 47.795698924731184
46.580555555555556 560.5037754416791 35272159.92965819 59897552.07866613 37.041666666666664
54.60215053763441 580.2000983459926 59897552.07866613 46164414.917703785 59.744623655913976
100.76344086021506 569.7997769659753 46164414.917703785 60102030.23607202 95.59139784946237
135.2529761904762 580.3251780699377 60102030.23607202 35339037.6459388 145.52083333333334
1138.9462365591398 560.5714941087269 35339037.6459388 45445544.74971266 1135.1478494623657
260.69166666666666 569.2487392119541 45445544.74971266 48897664.89718862 259.2916666666667
405.7795698924731 571.8949034532558 48897664.89718862 47412240.409308866 406.26344086021504
87.09722222222223 570.7562764660534 47412240.409308866 49002426.548859976 86.43055555555556
66.11559139784946 571.9752067233245 49002426.548859976 33877272.608901955 71.69354838709677
55.47043010752688 559.0913481744673 33877272.608901955 54220605.89889539 47.795698924731184
50.38333333333333 575.9751137401353 54220605.89889539 56537810.27238052 49.388888888888886
41.526881720430104 577.7513275133979 56537810.27238052 39452628.8923101 47.795698924731184
46.34166666666667 564.6549710447066 39452628.8923101 31453672.101113345 49.388888888888886
56.924731182795696 556.6372722135695 31453672.101113345 55945275.60194273 47.795698924731184
103.89516129032258 577.2971300956775 55945275.60194273 46266396.07065733 107.54032258064517
143.77083333333334 569.8779488918365 46266396.07065733 42109969.36785352 145.52083333333334
1831.8548387096773 566.6919103871822 42109969.36785352 51867484.64542359 1828.1854838709678
294.52777777777777 574.1713684907305 51867484.64542359 47010176.38523104 296.3333333333333
420.3333333333333 570.4480810968955 47010176.38523104 52501348.37845382 418.2123655913978
82.5 574.6572460015202 52501348.37845382 42175317.02209198 86.43055555555556
63.42204301075269 566.7420015249502 42175317.02209198 51841522.64614138 59.744623655913976
53.63709677419355 574.1514677598178 51841522.64614138 35267852.731751114 59.744623655913976
48.30555555555556 560.49941408311 35267852.731751114 32198926.44888197 49.388888888888886
41.51075268817204 557.3918977278554 32198926.44888197 47078406.1782637 35.846774193548384
44.84166666666667 570.5003814893504 47078406.1782637 35191835.056857415 49.388888888888886
58.27150537634409 560.4224405274599 35191835.056857415 31287192.994187064 59.744623655913976
101.70161290322581 556.4686997227706 31287192.994187064 47736648.59145049 95.59139784946237
145.875 571.0049460645888 47736648.59145049 48670628.96507502 145.52083333333334
1634.5940860215053 571.7208729040906 48670628.96507502 74153849.81124754 1625.0537634408602
386.47222222222223 589.0574788474416 74153849.81124754 51583300.507378705 395.1111111111111
325.23655913978496 573.9535319520488 51583300.507378705 58400726.55501784 322.6209677419355
55.888888888888886 579.1793144434756 58400726.55501784 43107814.47093251 61.736111111111114
48.26881720430107 567.4567916535705 43107814.47093251 44191724.93722007 47.795698924731184
42.85752688172043 568.2876448667067 44191724.93722007 62752510.139691085 35.846774193548384
41.361111111111114 581.9464822663003 62752510.139691085 41688425.69248047 49.388888888888886
37.72849462365591 566.3687832211899 41688425.69248047 46433740.04688075 35.846774193548384
41.38333333333333 570.0062235830299 46433740.04688075 57587324.316086605 37.041666666666664
58.22849462365591 578.5558147312688 57587324.316086605 53567163.88255539 59.744623655913976
