247.0 582.0 62840000.0 52405395.03312394 250.92741935483872
392.0 574.5836945895188 52405395.03312394 40690913.78251311 396.875
340.0 565.6041573583392 40690913.78251311 55172103.16428475 334.5698924731183
235.0 576.7044678563906 55172103.16428475 56039640.216703214 234.59722222222223
255.30376344086022 577.3694636931643 56039640.216703214 35569871.44854475 262.8763440860215
686.8138888888889 560.8052305203663 35569871.44854475 55426021.984297924 679.0972222222222
533.3494623655914 576.899105028044 55426021.984297924 43578314.11598527 537.7016129032259
247.95430107526883 567.8174451891069 43578314.11598527 35397016.81368221 250.92741935483872
229.0 560.6302023328483 35397016.81368221 52629307.99515693 222.25
229.0 574.7553312788527 52629307.99515693 57606244.82236606 227.02956989247312
229.0 578.57031792496 57606244.82236606 42997215.442649 234.59722222222223
229.0 567.3720138413091 42997215.442649 48316238.13973267 227.02956989247312
287.0 571.4492206181318 48316238.13973267 49006806.73992494 286.7741935483871
484.1666666666667 571.9785642846118 49006806.73992494 36234516.64271791 489.4791666666667
337.08870967741933 561.4782332649626 36234516.64271791 42918179.08423428 334.5698924731183
241.775 567.3114298591576 42918179.08423428 61346359.52398287 234.59722222222223
229.0 581.0863369428619 61346359.52398287 34433573.77839335 238.9784946236559
229.0 559.6546445274267 34433573.77839335 51789989.4526069 222.25
229.0 574.1119658629702 51789989.4526069 56880991.22962355 227.02956989247312
229.0 578.0143870647917 56880991.22962355 61940646.82466816 227.02956989247312
229.0 581.4498637491321 61940646.82466816 47169094.85275492 234.59722222222223
229.0 570.5698973570717 47169094.85275492 52146200.604078904 227.02956989247312
229.0 574.3850134890986 52146200.604078904 37537090.42582054 234.59722222222223
229.0 562.7971862021876 37537090.42582054 42856089.685390286 227.02956989247312
263.98118279569894 567.2638362818873 42856089.685390286 45901169.15133873 262.8763440860215
372.94940476190476 569.5979903815372 45901169.15133873 52107158.49596819 370.4166666666667
422.8010752688172 574.3550864222602 52107158.49596819 64334256.04502203 418.2123655913978
240.0 582.9321036257633 64334256.04502203 46158281.62249932 246.94444444444446
230.0 569.7950755923968 46158281.62249932 53927258.15017169 227.02956989247312
289.5083333333333 575.750252990863 53927258.15017169 36095980.34028439 296.3333333333333
248.29569892473117 561.3379549441662 36095980.34028439 60864551.76707578 238.9784946236559
229.0 580.7916141128389 60864551.76707578 33920159.1635903 238.9784946236559
229.0 559.1347740041649 33920159.1635903 51152952.44312222 222.25
229.0 573.6236559308502 51152952.44312222 56129946.53448113 227.02956989247312
229.0 577.4386864718217 56129946.53448113 41520867.77379328 234.59722222222223
229.0 566.2403445360238 41520867.77379328 46839882.54560591 227.02956989247312
286.6774193548387 570.3175452378642 46839882.54560591 46666531.26622717 286.7741935483871
433.5922619047619 570.1846657501641 46666531.26622717 39559992.99882658 436.5625
326.6290322580645 564.7372691824672 39559992.99882658 50232571.25809993 322.6209677419355
202.9638888888889 572.9181533190846 50232571.25809993 64074742.67440304 197.55555555555554
228.92741935483872 582.7702214941876 64074742.67440304 36967443.080856435 238.9784946236559
229.0 562.2203758528858 36967443.080856435 54323767.485044576 222.25
229.0 576.0541905070733 54323767.485044576 59414879.552320346 227.02956989247312
229.0 579.9048465346641 59414879.552320346 64474680.27376821 227.02956989247312
229.0 583.0196990102326 64474680.27376821 49702969.049201086 234.59722222222223
229.0 572.5121957140669 49702969.049201086 54679917.039012924 227.02956989247312
229.0 576.3271909166782 54679917.039012924 40070871.2044287 234.59722222222223
229.0 565.1288742198276 40070871.2044287 45389892.25114654 227.02956989247312
278.0510752688172 569.2060797315903 45389892.25114654 54115669.97082846 274.8252688172043
375.9166666666667 575.8946768814467 54115669.97082846 35496140.354042396 383.6458333333333
260.2096774193548 560.7305722976075 35496140.354042396 60295414.54610008 250.92741935483872
148.4 580.4434716638378 60295414.54610008 60724632.81430736 148.16666666666666
228.78494623655914 580.7060253917306 60724632.81430736 33235333.761305477 238.9784946236559
229.0 558.4413372963584 33235333.761305477 50591832.34394984 222.25
229.0 573.1935388207631 50591832.34394984 55682820.728313975 227.02956989247312
229.0 577.0959497566736 55682820.728313975 60742456.93363101 227.02956989247312
228.2 580.7169284434445 60742456.93363101 43896420.378193796 234.59722222222223
201.13172043010752 568.0612841576335 43896420.378193796 38239682.33457064 203.13172043010752
205.31944444444446 563.5086128205778 38239682.33457064 58262997.90464187 197.55555555555554
216.09408602150538 579.0737408788086 58262997.90464187 61018826.922358036 215.08064516129033
279.8360215053763 580.8859845535701 61018826.922358036 42521425.23433097 286.7741935483871
392.32738095238096 567.0073049140914 42521425.23433097 63602893.31441606 383.6458333333333
324.8306451612903 582.4758860617005 63602893.31441606 37454500.083469845 334.5698924731183
167.0388888888889 562.7135573313758 37454500.083469845 54192530.84362645 160.51388888888889
228.83064516129033 575.9535932819381 54192530.84362645 58829868.85121186 227.02956989247312
229.0 579.5082662035843 58829868.85121186 44182220.53096349 234.59722222222223
229.0 568.2803594250371 44182220.53096349 49273530.944583386 227.02956989247312
229.0 572.1830172070203 49273530.944583386 54333542.01471797 227.02956989247312
229.0 576.0616830072738 54333542.01471797 39560904.188763656 234.59722222222223
205.31720430107526 564.7379676396836 39560904.188763656 45114394.553497314 203.13172043010752
212.7277777777778 568.9949016366988 45114394.553497314 52335877.740908846 209.90277777777777
222.83870967741936 574.530407286368 52335877.740908846 41152541.84665938 227.02956989247312
233.04032258064515 565.9580105337619 41152541.84665938 57337233.87234237 227.02956989247312
277.1517857142857 578.3641121366152 57337233.87234237 55816968.209265515 277.8125
193.3252688172043 577.1987782365612 55816968.209265515 61493188.44086952 191.18279569892474
84.70555555555555 581.1761525037234 61493188.44086952 56848800.62648658 86.43055555555556
148.71236559139786 577.9897119030684 56848800.62648658 38922812.34870106 155.33602150537635
201.55 564.2003328216497 38922812.34870106 49137072.9891522 197.55555555555554
206.92741935483872 572.0784176720455 49137072.9891522 59116548.136479944 203.13172043010752
197.98387096774192 579.7223565728468 59116548.136479944 45111996.893263504 203.13172043010752
206.23611111111111 568.9930637508483 45111996.893263504 35343833.25106498 209.90277777777777
196.61021505376345 560.5763500159692 35343833.25106498 49581611.82886425 191.18279569892474
189.0 572.4191713918649 49581611.82886425 59308881.4497498 185.20833333333334
55.25268817204301 579.8400072697938 59308881.4497498 47318158.53533243 59.744623655913976
98.15322580645162 570.6841595987268 47318158.53533243 54264255.47847385 95.59139784946237
241.95238095238096 576.0085725862049 54264255.47847385 63601417.08589449 238.125
444.08870967741933 582.4749652034834 63601417.08589449 36833458.28881928 454.05913978494624
247.0 562.0847062752439 36833458.28881928 36801573.087628976 246.94444444444446
229.0 562.0524201350578 36801573.087628976 41892850.33892525 227.02956989247312
229.0 566.5254814722223 41892850.33892525 59248928.94906951 222.25
229.0 579.8033341975691 59248928.94906951 64339582.51495839 227.02956989247312
229.0 582.9354262303174 64339582.51495839 37395594.80729948 238.9784946236559
229.0 562.6539113535197 37395594.80729948 54627722.6523613 222.25
229.0 576.2871821934433 54627722.6523613 59604577.13522043 227.02956989247312
229.0 580.0208849497359 59604577.13522043 44995729.79749025 234.59722222222223
229.0 568.903941177435 44995729.79749025 50314763.84725372 227.02956989247312
310.0 572.981156656462 50314763.84725372 48600843.537528045 310.6720430107527
466.16964285714283 571.6673800663416 48600843.537528045 56297858.18276999 463.0208333333333
353.01075268817203 577.567396302424 56297858.18276999 41618954.64949525 358.46774193548384
145.85555555555555 566.315531369603 41618954.64949525 35453175.59109748 148.16666666666666
228.7741935483871 560.6870672762271 35453175.59109748 39939691.52601481 227.02956989247312
229.0 565.0283206587187 39939691.52601481 57295934.21760051 222.25
229.0 578.3324545856357 57295934.21760051 62386724.570513844 227.02956989247312
229.0 581.7227304553675 62386724.570513844 35442658.53885915 238.9784946236559
229.0 560.6764179777991 35442658.53885915 52675097.27864855 222.25
229.0 574.7904302787235 52675097.27864855 57651855.76480522 227.02956989247312
220.4 578.605280220517 57651855.76480522 52755800.30023229 222.25
213.6263440860215 574.8522918133043 52755800.30023229 48902011.114446074 215.08064516129033
223.58602150537635 571.8982349724962 48902011.114446074 39764328.70188987 227.02956989247312
296.9761904761905 564.8938992554566 39764328.70188987 54199410.39803397 291.0416666666667
254.66935483870967 575.9588666878717 54199410.39803397 64159384.44478321 250.92741935483872
115.84722222222223 582.8230202774517 64159384.44478321 44222063.99960781 123.47222222222223
231.68817204301075 568.3109007612223 44222063.99960781 56512903.16357315 227.02956989247312
229.0 577.7322353909153 56512903.16357315 41865095.952752486 234.59722222222223
229.0 566.5042068174906 41865095.952752486 46956395.73665405 227.02956989247312
213.61021505376345 570.4068564514432 46956395.73665405 42800620.812342346 215.08064516129033
207.08055555555555 567.2213175565549 42800620.812342346 35221172.68005726 209.90277777777777
196.27956989247312 560.4521470552532 35221172.68005726 48573541.038364224 191.18279569892474
186.0 571.6464517979446 48573541.038364224 50524935.945627 185.20833333333334
146.28225806451613 573.1422605194435 50524935.945627 58320502.15935382 143.38709677419354
87.99193548387096 579.1178197914887 58320502.15935382 38050488.437517785 95.59139784946237
135.92857142857142 563.3170399135687 38050488.437517785 46925808.01815556 132.29166666666666
268.9489247311828 570.3834099537966 46925808.01815556 63128100.81141784 262.8763440860215
165.43333333333334 582.1797147227896 63128100.81141784 43700682.02478554 172.86111111111111
236.80645161290323 567.9112442374358 43700682.02478554 37696243.99765361 238.9784946236559
229.0 562.9583410432892 37696243.99765361 55052533.0628069 222.25
229.0 576.6128134198871 55052533.0628069 60143546.036286004 227.02956989247312
229.0 580.3505733732601 60143546.036286004 33199239.17152665 238.9784946236559
225.32777777777778 558.4047888368206 33199239.17152665 40913178.529207885 222.25
197.58870967741936 565.7745306361162 40913178.529207885 57771054.51748656 191.18279569892474
182.0 578.6966500058891 57771054.51748656 49354543.883752525 185.20833333333334
176.0 572.2451163036781 49354543.883752525 40734186.05876068 179.23387096774192
161.69086021505376 565.6373269889298 40734186.05876068 57839760.02898135 155.33602150537635
202.0595238095238 578.7493150522753 57839760.02898135 34675963.74603977 211.66666666666666
296.0833333333333 559.9000824165724 34675963.74603977 59546869.46336194 286.7741935483871
165.97222222222223 579.9855850440778 59546869.46336194 41515925.88030025 172.86111111111111
238.80376344086022 566.2365564112522 41515925.88030025 40861176.92809707 238.9784946236559
230.0 565.7346696893729 40861176.92809707 60809423.50466296 222.25
229.0 580.7578920374268 60809423.50466296 33896268.29533058 238.9784946236559
223.45698924731184 559.1105827212812 33896268.29533058 56114819.18049864 215.08064516129033
206.93333333333334 577.427090854791 56114819.18049864 48155155.41279559 209.90277777777777
198.41129032258064 571.3257453815518 48155155.41279559 35211574.48673302 203.13172043010752
195.0 560.4424281698886 35211574.48673302 60490899.74127401 185.20833333333334
177.0 580.5630503736517 60490899.74127401 54548888.164033905 179.23387096774192
162.11559139784947 576.2267529513887 54548888.164033905 40788256.33799282 167.28494623655914
199.99404761904762 565.6787736458562 40788256.33799282 44631254.73522814 198.4375
364.8306451612903 568.6245589904304 44631254.73522814 61610681.800363734 358.46774193548384
213.44722222222222 581.2480234417119 61610681.800363734 38618238.961804084 222.25
229.95430107526883 563.8919295907083 38618238.961804084 46265944.99345045 227.02956989247312
229.0 569.8776031262421 46265944.99345045 63621662.31002916 222.25
229.0 582.4875939941671 63621662.31002916 36708791.637943976 238.9784946236559
229.0 561.9584720093013 36708791.637943976 41769077.91261556 227.02956989247312
229.0 566.4306058147804 41769077.91261556 59000811.25775272 222.25
214.3951612903226 579.6392992106021 59000811.25775272 56865074.62965001 215.08064516129033
206.13888888888889 578.0021864646114 56865074.62965001 47008359.3042226 209.90277777777777
228.47043010752688 570.4466882442186 47008359.3042226 50908955.1340207 227.02956989247312
296.81720430107526 573.4366239253766 50908955.1340207 45890540.864596486 298.7231182795699
426.9613095238095 569.5898434483129 45890540.864596486 54746390.86754758 423.3333333333333
397.5 576.3781453042825 54746390.86754758 63215164.41362715 394.31451612903226
242.0 582.2340242232007 63215164.41362715 50223090.51784777 246.94444444444446
229.0 572.9108860181899 50223090.51784777 55314138.99929983 227.02956989247312
229.0 576.8133430205054 55314138.99929983 40666244.962110996 234.59722222222223
229.0 565.5852478917984 40666244.962110996 45757532.8320831 227.02956989247312
229.0 569.4878883933302 45757532.8320831 50817518.03988689 227.02956989247312
229.0 573.366534369252 50817518.03988689 36044719.6522485 234.59722222222223
229.0 561.2860496809665 36044719.6522485 41022288.41865294 227.02956989247312
229.0 565.8581669742179 41022288.41865294 58417186.55286256 222.25
229.0 579.1919315760921 58417186.55286256 63736315.0497669 227.02956989247312
263.64247311827955 582.5591133530944 63736315.0497669 33870044.699001655 274.8252688172043
307.0833333333333 559.0840293775464 33870044.699001655 40752230.16226185 304.2708333333333
391.002688172043 565.6511583909121 40752230.16226185 63822707.23771392 382.36559139784947
165.01666666666668 582.6130040312626 63822707.23771392 43315542.70111423 172.86111111111111
228.8279569892473 567.616022210774 43315542.70111423 47945793.22260022 227.02956989247312
229.0 571.1652623399691 47945793.22260022 33297370.205825187 234.59722222222223
229.0 558.5041538152963 33297370.205825187 38388598.264272034 227.02956989247312
229.0 563.6594012867877 38388598.264272034 43448753.950255945 227.02956989247312
229.0 567.7181330380218 43448753.950255945 60680202.93932645 222.25
209.5779569892473 580.6788475426731 60680202.93932645 45642531.658143386 215.08064516129033
204.74444444444444 569.3997361908614 45642531.658143386 64175096.53411772 197.55555555555554
228.93548387096774 582.8328213389806 64175096.53411772 37317322.55439609 238.9784946236559
312.0 562.5746548697724 37317322.55439609 40960385.91451735 310.6720430107527
618.9791666666666 565.8107166579216 40960385.91451735 66291179.42510919 608.5416666666666
438.0 584.1528150185642 66291179.42510919 55219033.17032365 442.11021505376345
241.0 576.7404412578132 55219033.17032365 39634628.4193464 246.94444444444446
1102.002688172043 564.7944797002003 39634628.4193464 46669975.05468464 1099.3010752688172
931.2833333333333 570.1873055278895 46669975.05468464 60107782.5151427 926.0416666666666
478.21505376344084 580.3286967512842 60107782.5151427 60608177.291561775 477.9569892473118
236.38172043010752 580.6347893006894 60608177.291561775 53435581.44024419 238.9784946236559
229.0 575.3733665348565 53435581.44024419 38663272.829497516 234.59722222222223
229.0 563.9375297346996 38663272.829497516 43640688.38382595 227.02956989247312
229.0 567.8652571278826 43640688.38382595 61035527.06912813 222.25
229.0 580.8962000688816 61035527.06912813 34350625.19651033 238.9784946236559
316.0 559.5706529124162 34350625.19651033 48706962.58754016 310.6720430107527
372.6547619047619 571.7487238271225 48706962.58754016 54200127.567145534 370.4166666666667
288.3252688172043 575.9594164217098 54200127.567145534 58292002.238384925 286.7741935483871
129.69444444444446 579.0959736596839 58292002.238384925 42241782.320205756 135.81944444444446
228.7311827956989 566.7929493737048 42241782.320205756 46613038.88717667 227.02956989247312
229.0 570.1436620728358 46613038.88717667 63968933.321623094 222.25
229.0 582.7042185613606 63968933.321623094 37056263.79713162 238.9784946236559
229.0 562.3103134411723 37056263.79713162 42116540.18348334 227.02956989247312
229.0 566.696947134634 42116540.18348334 59348297.93326693 222.25
203.68010752688173 579.8641184166261 59348297.93326693 60517109.553224534 203.13172043010752
210.44722222222222 580.5790829713874 60517109.553224534 61827381.92715988 209.90277777777777
218.56989247311827 581.3805793703372 61827381.92715988 39210303.941743255 227.02956989247312
261.4193548387097 564.4692209573483 39210303.941743255 35393585.04616256 262.8763440860215
317.99107142857144 560.6267274127258 35393585.04616256 36659408.73376 317.5
306.3763440860215 561.9084681420601 36659408.73376 57095263.78839546 298.7231182795699
219.73888888888888 578.1786340662551 57095263.78839546 50410674.61532752 222.25
228.9731182795699 573.0546754315887 50410674.61532752 55429772.2726541 227.02956989247312
229.0 576.9019797480765 55429772.2726541 40781991.41198167 234.59722222222223
229.0 565.6739713729118 40781991.41198167 45873207.33495774 227.02956989247312
229.0 569.5765567246921 45873207.33495774 50933351.34939221 227.02956989247312
229.0 573.4553244311473 50933351.34939221 36160766.25761263 234.59722222222223
220.61559139784947 561.403555509032 36160766.25761263 50685808.90325986 215.08064516129033
209.2111111111111 573.2655749609156 50685808.90325986 48792033.08217736 209.90277777777777
221.88709677419354 571.8139331742141 48792033.08217736 35059995.411979795 227.02956989247312
264.5537634408602 560.2889430710319 35059995.411979795 39638315.4054201 262.8763440860215
326.50892857142856 564.7973058969402 39638315.4054201 61511061.51891192 317.5
327.505376344086 581.1870855035897 61511061.51891192 42526656.382977195 334.5698924731183
189.2722222222222 567.0113147625025 42526656.382977195 52885219.68878078 185.20833333333334
228.89247311827958 574.9514960540254 52885219.68878078 57688208.32636219 227.02956989247312
229.0 578.633145660989 57688208.32636219 43040369.4207198 234.59722222222223
229.0 567.4050927924355 43040369.4207198 48131322.06127456 227.02956989247312
229.0 571.3074763295341 48131322.06127456 53191159.4945646 227.02956989247312
229.0 575.1860090314048 53191159.4945646 38418772.7962568 234.59722222222223
229.0 563.689955247037 38418772.7962568 43396135.85590043 227.02956989247312
210.28055555555557 567.6777995288214 43396135.85590043 44274645.79851006 209.90277777777777
223.23655913978496 568.3512064487577 44274645.79851006 34157030.053632654 227.02956989247312
262.36021505376345 559.374623416319 34157030.053632654 32860486.083969552 262.8763440860215
328.61309523809524 558.0617761141452 32860486.083969552 59823572.173537366 317.5
248.98387096774192 580.1548446806213 59823572.173537366 54555758.34325491 250.92741935483872
105.7 576.2320191709318 54555758.34325491 40319891.48435364 111.125
228.66935483870967 565.3197564985276 40319891.48435364 44525404.75350632 227.02956989247312
229.0 568.5434214793911 44525404.75350632 61881215.50838936 222.25
229.0 581.4135094865147 61881215.50838936 34968387.12630283 238.9784946236559
217.35752688172042 560.1961828611802 34968387.12630283 40849715.664051004 215.08064516129033
206.61666666666667 565.725884251502 40849715.664051004 64072061.58664966 197.55555555555554
201.45430107526883 582.7685490555019 64072061.58664966 59279842.3625676 203.13172043010752
205.25277777777777 579.8222439983791 59279842.3625676 47126299.51392687 209.90277777777777
222.19354838709677 570.5370933147836 47126299.51392687 34214709.770365186 227.02956989247312
