0.38496663771532447
0.22739282921066106
0.32548107079363575
0.10136317111541437
0.6550811712322897
2.766098330195513
3.3175682955801324
0.28105151181400956
0.10392543963831447
0.09887747832455895
0.13386864120468278
0.07024116335803265
0.015079925867470312
0.02252992749257343
0.3661219151961128
0.10570659835884877
0.2247082407487504
0.011727308350677923
0.1973016770711391
0.11488712752399355
0.11726601029279138
0.3696512399265828
0.3200041967135183
0.4756871132427105
0.2446079647334214
0.3270707613617052
0.3716833289345276
0.054392748397186
0.38080631506954754
0.3096653361342385
0.16768426862596053
0.3466102762884913
0.10689961582367324
0.319286706301817
0.39720139225461715
0.012698506028864465
0.06991193852009747
0.4636524432113589
0.1839806783133886
0.9097386994325398
0.08017267603476164
0.16504854442035066
0.04433780382830044
0.19969378569230578
0.3860477969416469
0.23753403075293145
0.660650791243639
0.20916334893568544
0.543556290130669
0.2116305743928435
0.6785400570457831
1.5951967348376792
0.012726582417349253
1.511215604478959
0.465745034695884
0.305536702391326
0.6846148045699181
0.513684936094605
0.5164983540377079
0.19568574148363194
0.17865372370499744
0.21649473421364895
0.2739610322945807
1.1761911600150388
0.26673138173951516
0.77841068129581
0.08389164975821739
0.7486175958041827
0.360728097577252
0.6724545689152839
0.3845239515958041
0.4456207450869729
0.2600946814956866
0.1810839661118666
2.456083447912249
2.249143812615877
1.3056049367447238
2.8261072699481713
0.6770795017630231
0.014223439065078836
0.48414864721733064
0.46532715998141017
0.6191193793329681
1.1038323030074952
2.1305586057182966
0.28710359457494183
0.5997296966883758
0.31795782002667927
0.021072250024779304
0.2290881499157149
0.012286155910572916
0.26372764402762394
0.18272837105923756
0.38791735497223634
0.32975952279987597
0.23382850596990412
0.47114781000423767
0.20557607668505273
0.3093714660613953
0.3484135039458196
0.15653986645874518
0.0500989170333197
0.1571827818443463
0.07476723223249815
0.16187926969592326
0.7041008507922477
0.7252970119957651
0.5305298867305877
0.20538360846130255
0.520125925391191
1.4694241672638597
2.1256916723984967
0.03607201386636438
1.203711465496816
0.8013106722599068
0.13692059280615654
0.05623640363555804
0.8338450678639804
0.4473867521484123
2.8041065988689478
2.3066554407620186
1.6154104271887502
1.0778838685366954
1.5359812534861053
0.03797612359265079
1.0503663674774772
0.10280323864185048
0.09675847005711269
0.68654097007841
0.5991384221187377
0.6885851034019774
0.5571596057663797
1.6498104661017419
0.7607593020861145
1.3100783214033362
1.427167676414784
0.2202871432621536
1.8486523147685616
0.7287378852336506
0.6120778299877343
0.5753156171509071
0.9056214280849688
0.31131362232461113
0.529951380806049
0.11250262005229361
0.6252505275240363
0.49207010785561023
0.7955681616215649
0.17183301428304043
1.1008132956455134
0.31618516540395714
0.7566767608380673
0.293768432586337
0.6316187502042121
0.565812774739896
0.09991611831134684
0.033592597652366774
0.5661373660592153
0.2431812479868518
0.0030384257158040384
0.3320449248153796
1.2017587726232808
0.8884094097265391
0.25577767575304877
0.1878828833210533
0.3934139834166528
0.16228230475566496
0.07161643827449193
0.36506411015330675
0.13071099057261204
0.3259143354524685
1.427659746406082
0.17978745454443468
0.02562720623444248
0.026980578730618543
0.2775008449861529
0.6970750236087744
0.5365723722508022
0.5890533055168286
0.14230336394440224
0.46190526591114445
0.24329601692103653
0.07311591891708558
1.3591425075667267
2.524308664029019
2.471598592586508
2.8704871359534625
0.09584275149564592
0.03627572029552528
0.24545346866261708
0.006335146777776579
0.0977097365801507
0.16394636466564094
0.40530957090546593
0.18894135794430378
1.5822671435343199
0.10198818935392939
0.10383906199095083
0.051232098629497624
0.6314121844842977
0.27671015559825163
0.6318609358112108
0.6152732812392911
0.15447590442857173
0.18459107377934103
0.4787758610882169
0.5089143823076752
0.6623982723135109
0.2328541526599741
0.5949357823921253
0.15657706256356319
0.05253157807022513
0.6277358499882819
0.5941353930291418
0.3646279559604193
0.4918125206722861
0.11735819248983592
0.3387699778225812
0.11008439496264577
1.017508724282957
0.3611347463480312
0.11528625636347156
0.3300858978607919
0.24767132195273067
0.455243540628536
0.5841413821096966
0.515041639260343
0.11562575107124573
0.5511323917386983
0.20302901580829236
1.2495366629535414
1.9642191490297445
0.024508817108273462
1.9662226995939822
0.6364889021854423
0.6086644699061812
0.564271303131449
0.38858092344676454
0.7068730353054637
0.33615089925652253
