403.508064516129 582.0 62840000.0 2473445.4860709948 426.05645161290323
252.61904761904762 510.70026628898626 2473445.4860709948 -6314711.538437596 256.25892857142856
1280.3602150537633 484.76240477975693 -6314711.538437596 19046657.33776 1270.8817204301076
711.9666666666667 542.2910822684072 19046657.33776 8657756.436216775 715.95
508.8252688172043 525.4945557539434 8657756.436216775 4117174.1848548464 510.494623655914
922.5333333333333 515.551659730057 4117174.1848548464 14267370.548622765 918.5944444444444
408.1236559139785 535.7346599583994 14267370.548622765 13308124.812713131 408.4569892473118
220.3951612903226 534.4187271798953 13308124.812713131 2745700.429419006 224.31182795698925
316.05 511.5038148596444 2745700.429419006 12532977.109944075 312.2388888888889
201.34408602150538 533.1179852165565 12532977.109944075 3462277.6347030504 204.69354838709677
219.1 513.6187611742693 3462277.6347030504 10031174.576169763 216.55277777777778
236.3548387096774 528.194032787644 10031174.576169763 3471352.834173898 238.80913978494624
241.99193548387098 513.6455462290181 3471352.834173898 2677807.488881927 242.2983870967742
362.38690476190476 511.3034318118457 2677807.488881927 12250234.16160598 358.4375
374.9166666666667 532.5610672880117 12250234.16160598 -734170.234482205 379.758064516129
377.90833333333336 501.2331286283243 -734170.234482205 3632390.7235810356 376.2
372.8467741935484 514.1208425239673 3632390.7235810356 10125776.734669933 370.39784946236557
228.875 528.3799749612479 10125776.734669933 3188739.285098023 231.53333333333333
207.27956989247312 512.8114246861146 3188739.285098023 10356238.82329424 204.58064516129033
195.69892473118279 528.8329521699231 10356238.82329424 12301050.028532336 194.94623655913978
198.04444444444445 532.6611591471092 12301050.028532336 3401721.7455246616 201.44444444444446
187.9005376344086 513.4400331130048 3401721.7455246616 10539471.81146798 185.19892473118279
188.27777777777777 529.1930997673682 10539471.81146798 2485737.387153347 191.37222222222223
208.16935483870967 510.736545298006 2485737.387153347 12111385.948191633 204.58064516129033
235.40860215053763 532.2875783828017 12111385.948191633 2404040.446094086 239.04301075268816
348.49107142857144 510.4954203457534 2404040.446094086 9743381.536364855 345.4642857142857
468.60483870967744 527.6283706059585 9743381.536364855 632698.9153957781 472.0
452.72777777777776 505.267383206605 632698.9153957781 11801335.333021957 448.39444444444445
406.86021505376345 531.6768726256493 11801335.333021957 4966438.086764026 409.38709677419354
527.9694444444444 518.0582250327793 4966438.086764026 3538633.2687747367 528.5
359.69354838709677 513.844121492306 3538633.2687747367 1442395.2651349138 360.4516129032258
194.55645161290323 507.65716660777684 1442395.2651349138 615118.3174644187 194.83870967741936
197.26388888888889 505.215494839895 615118.3174644187 3026844.8827483626 196.3
185.91129032258064 512.3336004306359 3026844.8827483626 5110754.65539727 185.09677419354838
192.73333333333332 518.4841690800075 5110754.65539727 8879116.973741123 191.26666666666668
206.75 525.9296437070084 8879116.973741123 1656768.827611869 209.4516129032258
239.02956989247312 508.2898808115923 1656768.827611869 380656.6511824813 239.51612903225808
409.24107142857144 504.5234914753347 380656.6511824813 -9789748.928493444 413.45238095238096
363.4569892473118 474.50598374502897 -9789748.928493444 7401333.141273665 357.03225806451616
402.81111111111113 523.0250341052621 7401333.141273665 6381706.848320372 403.18055555555554
413.6720430107527 521.0209410466987 6381706.848320372 4737899.118809671 414.26075268817203
517.6388888888889 517.3837022535741 4737899.118809671 2625865.233757261 518.4333333333333
386.76881720430106 511.1501265151671 2625865.233757261 7815626.8434852045 384.80645161290323
196.65860215053763 523.8393355199537 7815626.8434852045 -427919.7507820036 199.70967741935485
196.9 502.13701355109 -427919.7507820036 1040758.330846614 196.3
185.3494623655914 506.4717527434696 1040758.330846614 1619880.2416080306 185.09677419354838
188.34444444444443 508.1810057616392 1619880.2416080306 7058930.952003768 186.23333333333332
202.74462365591398 522.352036698766 7058930.952003768 2154999.961284076 204.58064516129033
241.46505376344086 509.7603882352462 2154999.961284076 4644210.090965598 240.54569892473117
352.5625 517.1071831811024 4644210.090965598 -1519110.3311350285 355.11607142857144
303.0241935483871 498.9164122265529 -1519110.3311350285 -7905164.753512959 305.4032258064516
363.075 480.06825160128204 -7905164.753512959 8846792.959476814 356.5888888888889
367.9220430107527 525.8661102996614 8846792.959476814 1602667.7313433718 370.60215053763443
222.49166666666667 508.13020378959595 1602667.7313433718 4213114.6728051435 221.46666666666667
200.04569892473117 515.8348238886676 4213114.6728051435 5052128.642097007 199.70967741935485
186.1048387096774 518.3111369630825 5052128.642097007 7681147.1428568605 185.09677419354838
192.26666666666668 523.5750133497531 7681147.1428568605 10186515.125269858 191.26666666666668
181.16397849462365 528.4993573151856 10186515.125269858 -443762.6969248317 185.09677419354838
184.3388888888889 502.09025378771696 -443762.6969248317 8177817.304145011 181.0
198.09139784946237 524.5512271150436 8177817.304145011 5037813.639166286 199.2688172043011
264.3763440860215 518.2688868573451 5037813.639166286 7944746.994991329 263.3010752688172
382.3511904761905 524.0931234039485 7944746.994991329 -5102125.258718299 387.75
360.6962365591398 488.341300207278 -5102125.258718299 3084465.7528051157 357.63440860215053
398.43611111111113 512.5036659111918 3084465.7528051157 7465617.30486664 396.72222222222223
375.61559139784947 523.1513857371517 7465617.30486664 7766782.264655156 375.47849462365593
233.025 523.7433306581154 7766782.264655156 11255306.026178874 231.6611111111111
202.07258064516128 530.6013603545947 11255306.026178874 4174243.1038718773 204.69354838709677
188.00537634408602 515.7200961512335 4174243.1038718773 11619997.359227397 185.19892473118279
193.82222222222222 531.3196917681752 11619997.359227397 5111334.964906699 196.3
184.04569892473117 518.4858818381713 5111334.964906699 2471786.1123721455 184.99462365591398
192.74444444444444 510.695368720011 2471786.1123721455 7089909.879056173 190.95
205.83602150537635 522.412926314007 7089909.879056173 12280404.382735386 203.90322580645162
222.3790322580645 532.6204934811454 12280404.382735386 6006701.220103375 224.7311827956989
272.7083333333333 520.2838610188239 6006701.220103375 11303842.092796352 270.5238095238095
241.16935483870967 530.6969616979322 11303842.092796352 -2943095.6652143886 246.48387096774192
312.40833333333336 494.7135817259691 -2943095.6652143886 1209907.0607255753 310.78333333333336
327.63978494623655 506.9709878297143 1209907.0607255753 3139718.14506848 326.89516129032256
206.975 512.6667409330176 3139718.14506848 4375168.9635764165 206.48055555555555
189.002688172043 516.3131200478372 4375168.9635764165 1729241.9765200822 189.96774193548387
177.75537634408602 508.5037821442923 1729241.9765200822 8088280.820952531 175.3548387096774
94.18888888888888 524.3752416135964 8088280.820952531 4808780.074235833 95.42222222222222
36.99731182795699 517.5929042967738 4808780.074235833 130120.08851613157 38.70967741935484
42.669444444444444 503.7840437563971 130120.08851613157 7076152.379153324 39.977777777777774
50.56182795698925 522.3858857107497 7076152.379153324 -125481.08576403512 53.255376344086024
99.15053763440861 503.0296480575508 -125481.08576403512 302921.591545588 99.0
241.95535714285714 504.2940598430083 302921.591545588 -2167168.428713969 242.98214285714286
424.2956989247312 497.00369706476647 -2167168.428713969 -2427177.075854422 424.38709677419354
537.0444444444445 496.23629290233254 -2427177.075854422 5687430.951524613 533.8888888888889
461.46505376344084 519.6563298012726 5687430.951524613 13891717.02450689 458.3763440860215
266.80555555555554 535.2193229939083 13891717.02450689 898688.2658579852 271.8
350.5833333333333 506.05243915360023 898688.2658579852 495006.02933085896 350.7096774193548
222.63440860215053 504.860988669093 495006.02933085896 9639053.84763657 219.19354838709677
196.84166666666667 527.4233127350099 9639053.84763657 10956585.654941646 196.3
184.46774193548387 530.012971744582 10956585.654941646 9174069.189365039 185.09677419354838
190.40555555555557 526.5093773722002 9174069.189365039 6909130.57523382 191.26666666666668
202.55107526881721 522.0576014754596 6909130.57523382 1486750.8801979658 204.58064516129033
297.8252688172043 507.78808026776875 1486750.8801979658 2558497.0351363784 297.43548387096774
412.95238095238096 510.95129222020836 2558497.0351363784 -10153902.955651365 418.2142857142857
392.8333333333333 473.4311990435143 -10153902.955651365 -2445818.20742261 389.9489247311828
334.4277777777778 496.1812744169274 -2445818.20742261 9294756.344268702 329.875
601.2983870967741 526.7465900559764 9294756.344268702 14147792.103836264 599.4596774193549
360.725 535.5706173265623 14147792.103836264 9756774.669734512 362.4
197.38172043010752 527.6546950405127 9756774.669734512 3460251.449708185 199.70967741935485
184.55645161290323 513.6127809777795 3460251.449708185 1941978.815407831 185.09677419354838
191.02777777777777 509.13166562994155 1941978.815407831 1236448.673781972 191.26666666666668
180.21236559139786 507.0493242410652 1236448.673781972 1102778.8957089786 180.2258064516129
184.6611111111111 506.6548037310246 1102778.8957089786 10041075.835198063 181.2
192.6263440860215 528.2134938829755 10041075.835198063 4417049.831079498 194.7311827956989
205.2231182795699 516.4367295985259 4417049.831079498 4263456.529434755 205.29032258064515
277.04761904761904 515.9834056791084 4263456.529434755 -1929097.496548176 279.61309523809524
292.51075268817203 497.7063530198966 -1929097.496548176 9555220.508853037 288.21774193548384
329.5777777777778 527.2585368622284 9555220.508853037 12591738.78390079 328.3833333333333
337.71505376344084 533.2337279076834 12591738.78390079 286827.0493623279 342.28494623655916
228.64166666666668 504.24655750491405 286827.0493623279 5143655.6162810605 226.75
195.99193548387098 518.5812748286354 5143655.6162810605 7595338.352414104 195.05376344086022
181.1478494623656 523.406354692676 7595338.352414104 9729151.129000606 180.3252688172043
187.41944444444445 527.6004004949323 9729151.129000606 -55360.550098394975 191.1611111111111
176.31182795698925 503.23660575504937 -55360.550098394975 3188102.2942584413 175.06451612903226
184.525 512.8095446354812 3188102.2942584413 59072.630729867145 185.71944444444443
128.69086021505376 503.5743502887561 59072.630729867145 6112980.044741489 126.43548387096774
87.98655913978494 520.4927538810437 6112980.044741489 8982360.730723085 86.9247311827957
135.92857142857142 526.1325710914213 8982360.730723085 -8312044.021047577 143.08333333333334
269.4569892473118 478.8673652194323 -8312044.021047577 11753741.059781028 261.9596774193548
399.2888888888889 531.5831263298717 11753741.059781028 2829277.659495908 402.7083333333333
381.71505376344084 511.75048940278407 2829277.659495908 5283361.144779449 380.7741935483871
259.22222222222223 518.8621236293941 5283361.144779449 10670080.622237442 257.125
202.7016129032258 529.4498136368115 10670080.622237442 4971292.433162083 204.80645161290323
187.79301075268816 518.0725524240901 4971292.433162083 11847993.452599406 185.19892473118279
191.76666666666668 531.7687749823928 11847993.452599406 10938.10520796664 196.3
177.6263440860215 503.43228333964294 10938.10520796664 6256846.285779506 175.25806451612902
182.77777777777777 520.7755254582563 6256846.285779506 10572621.136159338 181.1
73.73387096774194 529.2582553365891 10572621.136159338 -552960.5485729979 77.89247311827957
122.53763440860214 501.76796109935736 -552960.5485729979 -2363058.8279496785 123.22311827956989
202.0625 496.42553510974074 -2363058.8279496785 10706715.22715518 196.66666666666666
291.88440860215053 529.5218195844085 10706715.22715518 -417799.21268762415 296.03225806451616
374.01666666666665 502.1668838771161 -417799.21268762415 7340426.209840549 371.0
430.7123655913978 522.9053204814107 7340426.209840549 8374651.377297766 430.3010752688172
222.37777777777777 524.9381078795163 8374651.377297766 9422887.327348497 221.95555555555555
199.04301075268816 526.9984337123747 9422887.327348497 6985653.875952555 199.93010752688173
184.05645161290323 522.2080093423896 6985653.875952555 3854970.5146903633 185.19892473118279
188.30277777777778 514.7777770530668 3854970.5146903633 9132898.429352282 186.23333333333332
176.45698924731184 526.4284555335545 9132898.429352282 -792955.4664375875 180.1263440860215
157.51111111111112 501.0596265844949 -792955.4664375875 3228394.6355379135 155.94722222222222
59.965053763440864 512.9284657204225 3228394.6355379135 7381158.818798029 58.41935483870968
132.29301075268816 522.985381126603 7381158.818798029 480572.1605283987 134.8790322580645
199.9970238095238 504.81838773592847 480572.1605283987 -7287227.01710107 203.21428571428572
366.8763440860215 481.892067833022 -7287227.01710107 7240702.027537247 361.4462365591398
458.7111111111111 522.7093108817112 7240702.027537247 11324999.788958643 457.1111111111111
410.9193548387097 530.7386359479489 11324999.788958643 9919021.264051849 411.4193548387097
275.5111111111111 527.9735935189984 9919021.264051849 5256455.166009713 277.2916666666667
219.88709677419354 518.809239464226 5256455.166009713 6404243.675278703 219.43548387096774
195.1021505376344 521.0652375686512 6404243.675278703 6750701.177682022 194.94623655913978
195.0611111111111 521.7462057630302 6750701.177682022 3452887.0484250225 196.3
183.18279569892474 513.5910452691379 3452887.0484250225 11807795.711433716 180.0268817204301
187.15 531.68959761343 11807795.711433716 3840414.665579006 190.2111111111111
217.45430107526883 514.7348161003497 3840414.665579006 1787772.6639057735 218.2258064516129
326.1693548387097 508.6765329109452 1787772.6639057735 -509835.5551528316 327.0376344086022
405.1041666666667 501.89524263333533 -509835.5551528316 4796970.960540157 402.9166666666667
432.39784946236557 517.5580502136331 4796970.960540157 -5211286.092318321 436.1290322580645
502.3861111111111 488.0191167760701 -5211286.092318321 13286460.30878361 495.225
457.28494623655916 534.389006921797 13286460.30878361 10295080.985717006 458.3763440860215
258.26944444444445 528.7127453857197 10295080.985717006 1269737.1192595828 261.73333333333335
302.1774193548387 507.14757363354283 1269737.1192595828 1679756.162491789 302.0
216.50806451612902 508.35772692618934 1679756.162491789 7461486.654329283 214.32258064516128
199.7277777777778 523.1432668723024 7461486.654329283 3213070.7565678135 201.33333333333334
185.81182795698925 512.8832379611322 3213070.7565678135 5030252.573441428 185.09677419354838
189.275 518.2465707021961 5030252.573441428 -165189.34125707857 191.26666666666668
202.04301075268816 502.91245087628977 -165189.34125707857 6098001.356330514 199.70967741935485
215.22043010752688 520.4633130107186 6098001.356330514 5526950.568439228 215.44354838709677
282.73214285714283 519.3409028414151 5526950.568439228 -117778.1636721089 285.07142857142856
425.84139784946234 503.0523828955697 -117778.1636721089 12402474.151963834 421.16129032258067
367.5805555555556 532.8609339356863 12402474.151963834 3982495.115809171 370.80555555555554
371.3763440860215 515.1541603418057 3982495.115809171 6537222.6791770365 370.39784946236557
226.44722222222222 521.3266100935549 6537222.6791770365 6355183.408374573 226.5
198.08602150537635 520.9688087681845 6355183.408374573 1945078.424289029 199.70967741935485
185.7258064516129 509.14081399013463 1945078.424289029 3558911.1659870073 185.09677419354838
190.91944444444445 513.9039708200005 3558911.1659870073 2572431.9809167413 191.26666666666668
177.70967741935485 510.99242060387076 2572431.9809167413 8782204.286546007 175.3548387096774
183.75833333333333 525.739160149418 8782204.286546007 2600410.7161570387 186.13055555555556
216.9758064516129 511.0749986185606 2600410.7161570387 10037354.28253948 214.20430107526883
329.4274193548387 528.2061791070604 10037354.28253948 5421056.490907192 331.16129032258067
550.5 519.1327662062658 5421056.490907192 -10272332.679761384 556.9940476190476
610.7795698924731 473.08165888691775 -10272332.679761384 9695431.665701846 603.3172043010753
714.8555555555556 527.5341243084484 9695431.665701846 11843350.397624854 714.0
922.4112903225806 531.7596295710792 11843350.397624854 15219458.691809919 921.1209677419355
948.0 537.0407736566345 15219458.691809919 15195153.119262632 947.9861111111111
978.0 537.0074302719127 15195153.119262632 11485242.972616026 979.3548387096774
306.0994623655914 531.0542664612134 11485242.972616026 9343962.02553624 306.8709677419355
374.96666666666664 526.8433046708816 9343962.02553624 2683895.4518285654 377.5
190.08870967741936 511.3214001685037 2683895.4518285654 2909712.4093718557 189.96774193548387
199.2111111111111 511.98788905290337 2909712.4093718557 10422202.758975498 196.3
212.65591397849462 528.9626054228139 10422202.758975498 5971882.940014714 214.32258064516128
243.98924731182797 520.2154250889945 5971882.940014714 4357127.753209076 244.6021505376344
344.95238095238096 516.2598722036462 4357127.753209076 -1020692.1670611934 347.1815476190476
324.1693548387097 500.38747166226597 -1020692.1670611934 -4440595.164813344 325.44086021505376
331.39444444444445 490.2937773776382 -4440595.164813344 510949.9815009199 329.4611111111111
358.1774193548387 504.9080465473425 510949.9815009199 6874909.146012902 355.7768817204301
216.04722222222222 521.9903386663012 6874909.146012902 5827897.508911718 216.43333333333334
199.8978494623656 519.9324192416541 5827897.508911718 6270722.179966706 199.70967741935485
188.34408602150538 520.8027987675208 6270722.179966706 1850642.609012702 189.96774193548387
193.36666666666667 508.8620908071831 1850642.609012702 7207522.795183884 191.26666666666668
181.73387096774192 522.6440965284648 7207522.795183884 11415447.397908898 180.1263440860215
189.4638888888889 530.9167903292145 11415447.397908898 8077673.45986411 190.73888888888888
200.56720430107526 524.3543926624916 8077673.45986411 -542050.0281230938 203.79032258064515
254.61827956989248 501.800163023792 -542050.0281230938 2674404.581066444 253.42741935483872
316.75892857142856 511.29338827809903 2674404.581066444 -14830206.045141527 324.0
347.25 459.629294779388 -14830206.045141527 -2423943.219472855 342.61290322580646
439.125 496.24583748815775 -2423943.219472855 12526105.486623514 433.3333333333333
423.1693548387097 533.104450200925 12526105.486623514 8959680.055934703 424.4758064516129
247.60833333333332 526.0879918340786 8959680.055934703 11439935.667986684 246.63333333333333
210.99462365591398 530.9650248005798 11439935.667986684 2464954.6147309626 214.32258064516128
192.6747311827957 510.6752058531865 2464954.6147309626 9644143.930064239 189.96774193548387
195.93333333333334 527.4333173797814 9644143.930064239 8607519.059497107 196.3
183.29301075268816 525.3958133238392 8607519.059497107 3951968.3218017905 184.99462365591398
188.23055555555555 515.0640618429878 3951968.3218017905 9894990.999692459 185.925
202.88440860215053 527.9263616200852 9894990.999692459 7179810.393236825 203.90322580645162
251.96236559139786 522.589627324638 7179810.393236825 1338522.6189483344 254.15322580645162
323.05357142857144 507.35059103068244 1338522.6189483344 4116148.2139879526 321.9107142857143
370.36559139784947 515.5486316218673 4116148.2139879526 7112431.092004831 369.241935483871
404.0138888888889 522.4571921463544 7112431.092004831 13164022.136517357 401.65555555555557
401.85215053763443 534.2210411981105 13164022.136517357 4774291.515830515 404.9596774193548
253.88333333333333 517.4911128234221 4774291.515830515 10472909.809484936 251.66666666666666
207.33333333333334 529.0622710048497 10472909.809484936 4737929.5541069815 209.4516129032258
190.83602150537635 517.3837920820245 4737929.5541069815 6993145.151106043 189.96774193548387
193.85833333333332 522.2227335728636 6993145.151106043 577767.8350221328 196.3
183.2768817204301 505.10525652278375 577767.8350221328 8918548.061028408 180.1263440860215
187.725 526.0071461889179 8918548.061028408 1073377.7415531196 190.73888888888888
204.23655913978496 506.56802750904995 1073377.7415531196 1979805.9775841942 203.90322580645162
255.55645161290323 509.24331084646207 1979805.9775841942 4145024.946105147 254.75806451612902
325.17559523809524 515.6338600351064 4145024.946105147 197526.69330710685 326.8125
289.85215053763443 503.9829914054889 197526.69330710685 -6906405.080417039 292.5
330.6 483.0160471412933 -6906405.080417039 7981895.6331267655 324.8333333333333
338.1774193548387 524.1661396926975 7981895.6331267655 11502599.40232686 336.83870967741933
213.3972222222222 531.0884533682196 11502599.40232686 2967318.624149236 216.67222222222222
195.13709677419354 512.1579112790424 2967318.624149236 3417469.1678235023 194.94623655913978
182.95698924731184 513.4865109419256 3417469.1678235023 10661758.659693563 180.2258064516129
187.94722222222222 529.4334566759494 10661758.659693563 5254562.997826554 190.0
181.49193548387098 518.8055203750384 5254562.997826554 6170971.210861331 181.11290322580646
217.1638888888889 520.6067365178999 6170971.210861331 1377790.6279047579 219.0
179.3494623655914 507.4664888435247 1377790.6279047579 8101759.836780008 176.84408602150538
