2.195272360048123
0.40345209850013797
3.0488110690126513
2.6922402600276456
3.317963406000957
2.7539238067747593
0.205996689075858
0.3204391599540761
0.29564468271744904
0.6877343716465698
0.622950244657908
0.2641306069288625
0.028198547911047367
0.9801986547297412
2.826677954264982
2.47805369536466
3.3237448585703806
1.9390657629720893
0.30081737314213797
1.3874340807649412
1.9078924545927207
2.2428786106329506
2.681221487349427
2.4421663300756484
2.1373865161337866
0.5071782330793861
2.5479247641618388
2.9936081928593534
3.2758329497596845
2.8143816833348776
0.17279674481423068
0.8528732024446648
0.5140240251994261
1.097375020804999
0.43904819264783956
2.5313986525222516
2.1258924957849805
0.15348469039282264
1.8836503236726179
2.658897204825048
2.7550761411234372
1.1476226143940806
0.12113568655692752
0.6299395539036436
0.9111431863846446
0.7911605310971135
0.852909907131568
2.5218506819994677
1.9554579384219697
0.8117489096202717
0.6453894274901444
2.6502656151975046
2.0229505339813008
2.049265191492352
0.35803811070497815
1.5853937825520998
2.3798188047859252
2.6588789223594156
2.958518031671593
2.6118683594247285
1.9834791954647466
1.2470381160166792
2.1604554725180307
2.8333320673963582
3.0056138693045735
2.907570627768785
0.42704429998210314
1.1714521896506036
2.2081272859416643
2.6898564782973065
2.6076685603577987
2.6520359298693057
2.5121294338901965
2.038058330966967
1.3690440515041122
0.8885668084908369
1.498511226710001
0.9309953471357595
2.1919060061022133
2.6002848410554544
2.939327930699122
2.917527188056662
2.7572597289097622
2.816350023578668
2.2008775268791574
0.6135326076071239
2.349142677174152
2.465874403521097
2.7470057684731506
2.1547262842890866
0.6262406209204441
0.5616089983983179
0.8835450862278593
0.7764958855427739
0.8665024953937528
0.7812276071012976
0.8269871514183347
1.1790046909344092
3.3498389585454493
2.7719550535178303
2.749702518859878
0.9476786755194695
1.3381500161560016
2.0899413540714615
2.4332631384916468
2.5920130465347446
2.952468556234182
2.760743254059356
2.420891979975872
2.2099388161479334
1.462274884833477
0.06674119874660578
1.01560320092275
0.31635907223765614
1.9028658415404112
2.6436281659261143
2.950270640778899
2.92945639076503
2.931818789527233
2.6051379980689457
2.412926953810109
1.9116437009681333
0.6080988600455308
1.7474128457514064
2.749190957444328
2.3428427010552424
0.4371579438660018
1.3572881509232442
2.2847288612490266
2.809332797704821
2.9523760503492142
2.7821695325778797
1.6322245930450385
1.263985061121736
0.9527158626213952
2.664477543330757
2.6448083032613328
1.9921659202603887
1.333613594571482
2.5410702336161677
2.8069785557547786
2.959964032950978
2.9544400379519136
2.639458365368533
1.74825830234127
1.1507659463543085
2.2486232713512218
2.4024738195790976
2.881185007056196
1.9314313762461683
0.47222331320397126
0.7141515045701956
0.6394244991027542
0.6501044835913818
2.0647535328750077
2.4344868320915194
1.4823190845436751
0.7759229851448151
3.286756332549448
2.5226480953225705
2.686386621060487
1.9774338850221689
0.29237421257198415
0.711385578369963
0.9203127306226944
0.7130788194513102
0.7599692680348626
0.6930417417661769
0.16649415005991308
1.2540312683623878
1.1593720802130143
0.9658560465825454
3.3655188066581454
2.351006550432987
0.5652720360945938
1.8263341485933267
2.312846342301355
2.799564432602253
2.7426858623175927
2.4926491304279885
0.9097163567587354
1.2498898259647069
3.330020047573548
2.9444068398554037
3.056086599073435
2.554203453875175
0.15581225467851878
0.7498285680729118
0.5532692400356418
0.7395739519006232
0.5349121353451203
0.5530376079275263
0.047894380344836396
0.9090106790936163
2.448036763819055
2.8319299206293733
2.583551732882025
1.148508342156398
0.794247015082588
2.1144506098457243
2.0930325416512927
2.649584928951417
2.773647954613191
2.6132135766629907
2.2200950784517164
1.8058076224998982
1.6880380358477778
2.058273509037779
2.693310889800924
3.1086379840999676
0.5315967635527317
0.534081962876936
0.9809259947343589
1.0611979077447171
1.0016531425994604
2.5770226228497672
1.9546930451519793
1.6878822945299408
1.9714011967719234
2.6306446918275697
2.9593958540068757
2.8806549542556965
0.47062360810448167
0.7255088716860842
0.663138042489313
1.456671660604694
2.8146329178209193
2.6403737173267654
2.205665260574283
1.4473336659052167
0.5081730661314974
0.9136580306806801
0.9886402079756991
0.35357176837214777
1.8600952626697589
2.424046969874257
2.7710622680657058
2.9259436337427505
2.7475073886646912
2.6569795645133185
