0.055820142745723444
1.3320786204040598
0.7850411687819614
0.3659875470680003
0.12657485219208642
2.3210113741800376
3.115800378895032
0.2184688956429528
0.7921477586520038
0.40009352910929463
0.33333891194220167
0.5292867805376464
0.31633885199993816
2.3183995342535484
0.6786479491186288
0.5303468787529604
0.1255818116691394
0.8083196270943791
0.4113511339241387
0.34306658734043216
0.28295263357767775
0.4733302308449998
0.40657334793393574
0.6093370915830612
0.07817361037532278
0.8880282195660287
2.113425971841684
0.09158474204358447
0.48688805819057723
0.41140341138898817
0.4893261158768287
0.1310102944049838
0.8169375456457328
0.41989557866310667
0.35314019342390024
0.5490887243560216
0.29132573606092516
1.6716162831774364
0.6140119549089889
0.9008685010744535
0.09456643964886347
0.7657873760855547
0.37736609685936173
0.30998733703427206
0.25548366406579426
0.43934390395240364
0.37258913706364805
0.5685372263647963
0.11396858985535152
1.2093484129186631
0.3555282320256463
1.4425408477792656
0.13258674810178084
0.8284326791472432
0.4274217656945014
0.35913739874365325
0.29577753187433187
0.8206987869980842
1.0395195262275814
0.4864083372465413
0.5249171020193022
0.9719892281289697
1.2201043200693222
1.4916691529203852
0.3791263465993753
0.3169266976750871
0.5133925540771029
0.4451038678149133
0.37723499312849373
0.8727289652870667
0.8060819776670707
0.4040292479997749
0.554029003309155
0.014497525617588991
0.8377928351374875
2.253516361802311
1.3087782588506487
1.029326925719325
0.7578061398979399
0.6381318622025591
0.8061107517931481
1.082726869236721
1.063970887571811
2.587298012258798
2.1670023981317064
0.5372197787687707
2.87018722747598
0.47557174636154587
0.6223690044839927
0.6944214341397981
0.3117635993987622
0.0915235431827468
0.7586006373373357
0.3732892095018081
0.30795689743032373
0.5024811237065197
0.6627335610445373
2.0267927333706863
1.4145135639550528
1.5986738761727908
0.64625994194828
0.7192399406173289
0.3375010434586745
0.1138601164222095
0.7913816396932187
0.39947936698589315
0.49417403200519106
0.5563875004946164
0.4500869859238694
0.12619051648070423
0.061014706056607526
1.7469059981765513
0.5128581419299731
0.34800367591239034
0.54447166348056
0.6300796953000702
0.8338493887463243
1.0845570189483933
1.0746453956551858
1.5232291988887354
2.104866758686552
1.926545759444541
0.01496843892041344
1.0938754810988858
0.368253081109013
0.7535540917963672
0.3675913159374664
0.13913379824220806
0.8290385447106505
1.0061308790256285
0.9772525013216984
1.0663753205128428
1.456664869334849
0.8149454368962519
0.06107136286981296
1.122164964326628
0.39909905918156907
0.7075307589218336
0.13163141935881928
0.8173385657001822
0.6740667735737764
0.7695900531231907
1.2294200923562726
0.9514696611177667
1.1706285617492078
1.1570841343317353
1.1674371602343445
0.45036515111403963
0.590181277270716
0.6388531530083439
0.09977213920195593
0.6240129083164843
0.6959941924550996
0.47703304970599314
0.6650630187551934
0.4754861432827
0.51695272277524
1.5003947375117113
1.8598438961260397
0.10444262612662492
0.43236762301388065
0.3640824499933082
0.5605516021454715
0.4922632182565345
0.42439469045617306
0.6357789508394385
0.7054835385188971
0.32246191939768076
0.3968096556521443
0.10043448822692458
1.3843204784019099
1.0882889696252338
0.5250171233146483
0.46291253736537463
0.6844565507206903
0.5942500563644977
0.6746507920389226
0.45980040723999416
0.9527129181128706
0.09341341673340464
0.4135537812807515
2.109294352027619
2.7623493665039174
0.20562861257777065
2.6614549388534945
2.661806428777134
3.121144569484498
0.13389884153667442
0.38927915130475066
0.5893833661802508
0.6722119089581766
0.12908393173825283
0.3416240818017746
0.9434881482352839
0.41602649433061156
1.619331333230868
0.5394192476825661
0.6344426811138861
0.0957821438457147
0.6178563887092574
0.6915790396455943
0.6359124244912935
0.6247188673764024
0.2841649712897474
0.13479485395374402
0.07713220138605825
0.25153218069758765
0.5012465657287954
0.42985159658062555
0.3625314849795789
0.558999119118698
0.4907117002398347
0.4228410423992095
0.7793278460284436
0.7392198857559231
0.4515620983666775
0.21949077984674714
0.16931337363506538
1.1868706401038027
1.1386761360966893
0.39666103885885606
0.33223955253281323
0.5287079652170257
0.46042407769044846
0.39255753195886456
0.5937154233215578
0.8267026609897448
0.5121528732119747
0.2380156606857855
0.020439774098165664
0.020135043341671377
1.9668668742359963
0.5651971692110975
0.6609699460381364
0.1195556395374302
0.799342520211225
1.006847690978117
0.590440365735386
0.6365680146029695
0.4739042358121486
