2.4043859037588433
1.148638132984849
0.8335413121159609
0.02631549355477114
1.3365004314914577
2.592980352164979
2.9625932451622736
1.7152880514550608
0.904502955231191
1.2907508174135272
1.2871819131027826
1.102301528866045
1.0097120670261104
0.25464166948683253
0.12082103257238908
0.49312087337298127
1.3696405179679223
2.4989786456937884
0.16223998352310343
1.1909559148291278
1.29410405963181
1.6035736399370069
1.6492478539916338
1.4304050224464187
1.0652510236000112
0.3989873815586775
0.5286729757500126
1.0370963601586118
1.329456182282125
3.005661370694403
1.5445137574897574
1.1605138830013466
1.2910735968539053
1.5076020096880318
1.5333062115342668
1.3746846544421305
1.0660884321978257
0.24562440185961432
0.3237518246508668
1.4615621263935563
1.44057830505876
2.5092292301852375
1.6942702637174643
0.04836723801910914
0.992429192157338
1.1727658973080102
1.5993765350067273
1.3761605908491865
0.9422548795798433
0.31502631846698215
0.5033030694749483
1.030034836331763
0.1986314054427365
1.3123233037251532
1.4221309871108285
1.5672725806563381
1.5370270660089724
1.6495061651661422
1.611552160581211
1.4805350223965767
0.8738836580971783
0.19796954380088527
0.11282185273060596
1.804604489388172
0.2347177994129912
1.3385298215671955
1.3543254308059551
1.4621909662776185
1.5436564031004236
1.6102674165101425
1.5606581898249001
1.4886918506778544
1.3858992810764401
1.1846945551269012
1.5414892896242962
2.5828563445478756
1.9833470253172758
1.785635902775017
1.3811863161441438
1.5485272810795363
1.563686763905399
1.7441411400704696
1.6246087886524694
1.5601064869838526
2.4265862431507337
1.2531108658029395
1.0655982438673872
1.7160360343919043
2.7716017018498027
0.09473603090542149
1.120812802146271
0.029022631522949816
1.4202294347705073
1.3981996796162948
1.5481007482204938
1.4426508585035829
0.5456903237052173
0.3496406136980932
0.446252939003112
1.2295246432980456
1.3611331799354494
1.5269689970323919
1.4001218452523
1.3753744360265103
1.6123715648879546
1.6016962599954758
1.602417967289708
1.4663098609598586
1.4392022993929052
1.046617272570539
0.9613436772406687
2.2721866988151187
0.25405374136628955
1.6460946548622035
1.5207018394821323
1.5655825572466082
1.5970372345898556
1.7022895360862362
1.6901873885079945
1.4914785153742232
1.5615967705776297
2.2261153033146095
0.425991527315583
1.463367498817244
0.19925809672665595
1.1709147843971417
1.2826825673432367
1.4249319699050793
1.496044052168979
1.6877325947638033
1.7175527032017428
1.5093914790507468
2.1204654477175366
1.669400251990323
0.5604969939510278
1.4875686721032075
0.11088884296164725
1.4079561016198214
1.3925269812496635
1.519629981331072
1.467604570209553
1.6187620966532836
1.653340227010435
1.4826373420522203
2.050436029659105
1.6388170466537162
0.09190568834678015
0.355818349048588
0.6798357903394745
1.2215046424015639
1.253595095941666
1.4405736825908133
1.4722521714548416
1.6150767187997108
1.5708750086104184
1.2968049652829436
0.42337658855838756
0.023882630599540988
0.6160013042498313
0.27906174414156304
0.8005454566111405
2.57857414648033
2.941099914706787
0.0027699420084976722
1.1023038419800648
1.3111900155624894
1.60280620161586
1.4432565784125044
1.2724320831047096
0.8973675425037286
0.5417030454136369
1.816547490572217
0.1842976796447262
0.9900331778736122
1.1016556399841897
1.4772074748864235
1.5139899375754464
1.6652200237766117
1.6684475907750576
1.2834060549261181
0.27544247274639977
1.0310349094836715
3.237057451899812
2.803426541921394
3.0754148786051516
3.080488259881048
3.433907736996199
1.4005407714444233
0.8088136157961099
1.2466326109836499
1.4928676362914541
1.3485582985036233
0.9339446308653492
0.25618922473109595
0.35689423486674254
1.3394086294805865
0.020387364319493617
1.3531994724871188
1.3893068898656589
1.534500377599992
1.4775188713455583
1.591705525892693
1.547732636178657
1.417197762466712
1.0691350334230383
0.8569829034226726
0.2496439474163319
1.2848645784046884
0.7097592040646115
1.1261430076147407
1.2319071785972575
1.4084903768446753
1.393301511573426
1.5438144156933145
1.6038016980264782
1.4064260937745976
1.0317553863553508
0.7548885490168553
0.0398738244662189
1.6084088691239087
0.38461559865341766
0.5896776236343482
0.16098869004640193
1.3169629049863762
1.4792676824140931
1.5554431470404648
1.5670173219214627
1.4255566126724684
0.9444233390398797
0.7400429155027628
0.7711428942343872
2.127942547264386
0.2071251993119243
1.4830482485240604
1.4591214677505826
1.5473942344282385
1.535682203606909
1.572810285393427
1.6462481520187864
1.4719188615253485
