2.195272360048123
0.36742618355741596
2.7495417856640936
1.6415679313127427
3.132365524482659
3.007752846092435
2.6591150941444566
2.186266909917876
0.2110748810140346
0.7640234762828624
0.06393877090183508
0.23504091541337635
0.17239471784920735
1.64485459650622
1.2380842001944066
0.8128492873905824
2.290903091151587
2.45101803990382
0.016980157217274083
0.6234334896886788
0.27514883823617353
0.6504197150681827
0.33065356460975437
0.056501842903275534
0.7963698876203544
1.3666451213559956
2.6680774701070753
1.7459661392613919
1.9447606483785744
1.8413768554964296
1.4058938864534252
0.3596479743028236
0.7197865538620891
0.36494655978189705
0.6418272215244394
0.06715319767423233
0.5218918977502498
2.702422781584766
1.832741391068737
0.9236511097948057
1.6728157333233238
0.019277371431986268
0.9495202093699708
0.32974402841932093
0.6599027636556225
0.5788122393760231
0.8283317574684435
0.11397918754024294
0.1191066010248032
0.9603859792709191
0.9170984075869502
0.18443318807650488
1.682298388681926
0.2534929251910425
0.8020905332506794
0.427378105400936
0.5182550857909534
0.7777854766188006
0.4342654088817075
0.23914321762128976
0.5670841745398163
1.2286380975971003
1.3467195520488433
0.5976249424208175
1.4326688805614474
0.13651748777182826
0.352440938672514
0.660140231682905
0.4434267079972014
0.5359219253949798
0.22699728336473868
0.3494826118984671
0.6492831188997341
1.2913083143417938
1.3753092430906548
0.861228082625745
1.2834391921998738
1.283989730880883
1.9329672555770474
2.6308986829303427
2.9523163225617726
2.9253738859389298
2.7601613945195247
2.8105414485572866
2.17695703085782
0.5596183408651934
2.5041111532290925
2.4077668934093666
2.2564833595666283
0.1299486607688709
1.9666291234127398
0.2808188754459655
0.5980927970097718
0.5233226516612461
0.6516589058274778
0.6978323035633784
0.6605457280961042
1.9855152611310656
1.9044671266572761
0.41626342647397374
2.5732715263170887
0.9908342879052103
0.48050568983062814
0.9298768159237469
0.5202767415304002
0.8182365666119713
0.49889680675209913
0.2744211522868807
0.018784291085924387
0.26776194594847746
0.8437139243531222
0.2899013967852473
1.3586599701915274
0.9407532364946252
0.05673519503592139
0.5203453017649142
0.011534498221345224
2.9597982154394216
2.9523011454890824
2.7841431717098315
2.101760759445692
1.926185580827943
0.6298867790702904
0.7173165202672189
1.5189070227757417
0.5481760454404929
0.16901027565481463
0.5503381371332976
0.270089291024854
0.01245843858068385
2.929085616160147
2.5778745015540103
1.895312703474865
1.056956022468544
0.6612140402288738
0.5861191218066524
1.0450938285325853
0.3699744225196424
0.549390775108205
0.4192643421798845
0.43144856479056237
0.23024676570914648
2.764309689328341
2.836302811387193
1.4236420050977043
1.2540709949673072
0.9997883668963317
1.1707861102418802
1.6600130900330736
0.29606591874583543
0.4649400278285767
0.43637970216712274
0.4320008974598166
0.4701242573033442
0.64077696025964
0.5041768194842171
1.28945108854451
1.5428123821835253
2.7917140811393866
1.4838086217636315
2.508200041948757
0.07058309743981583
0.06293034586211377
0.54510391714699
0.7798718777773721
0.5963645880204114
0.8301338069815909
0.14674038738145434
0.499406168548008
0.3393382732523884
2.407792973781059
0.5214739480483526
1.280267578916055
0.5393696566444657
0.443515634160943
0.6698433291624895
0.9479314020673293
0.4369012410917046
0.5477625871627514
0.34435221491449086
1.85792087529284
2.5301653987687978
3.0616054252509466
2.670938323625217
2.7316131069475285
2.8753983762012165
2.824209923223381
0.21143192940539635
0.4100796683514969
0.6231411611910631
0.6079230794463912
0.1549465064978235
0.3565004373782763
0.9832940667073755
1.3547307823945554
0.016895537330157584
1.1559095724613222
0.5673265769376474
0.5213031114492535
0.7150851101615383
0.934060651835102
0.44491513513437875
0.6245523720866157
0.34765981429531845
0.09117007791714515
0.3077427198500806
1.0655686464120206
1.1673182359048022
2.3815014153631306
0.5197403090385402
0.14877673632921384
0.5117156891070413
0.26951895408558935
0.9422551514348436
0.4751209784772139
0.15352101686169384
0.4012494374737976
0.9285736252080152
1.5070353613444247
0.841575130230038
1.5782848676980112
0.017740574224926142
0.6064327206148472
0.538714473111098
0.5135697449709808
0.5664171850755322
0.8850367480027526
0.22854781806490632
0.06392108306352728
0.31746903903165213
0.18453404053516564
0.2400067521463023
0.9424260765788635
0.5277500496195437
0.49293125835844664
0.4369277362531321
2.0516533511229884
2.7538995905130155
2.962274962345709
2.6188694945033038
