2.030699112563325
0.2895062608410339
0.10659649416846939
0.14883128285578984
2.53638516792976
2.5519361746494793
3.0433531687560595
1.725609685616126
1.0118708253793671
0.8423613129052892
0.6981616250923923
0.2380243024864166
0.25062399444056505
1.6591053860127838
0.6519081991202045
0.37902238200154503
3.1642783363897173
1.52817860818954
0.7457119347133352
1.107320244857521
1.072103116782758
0.9897294467906432
0.962519905845757
0.38000222874756506
1.984239047878885
2.356130759825379
0.3907017006682638
0.4474115012081046
2.590727605478728
3.060312566811543
0.3841240298274431
1.0224108834374124
0.9764467321941424
0.9249204517282594
0.75782478213545
0.5611996889242703
1.3831973633933137
2.6679184069621904
0.5881804695811228
1.262194691510743
1.8090935217620379
2.5972219856005605
0.692023914795385
0.7511128423425038
1.1421807197887999
1.0628562469137703
1.1072839237949563
0.4221419891241336
0.12996459215425737
1.2491974691427483
1.799550307144891
1.6224463746303073
0.5749568113609325
0.7795553550572567
1.1604654084711847
0.9462158536300542
1.3301138497034457
1.135040173066177
0.8175799873569782
0.505726914391297
1.9866986026160893
2.485283666734044
1.062345004179761
1.8186036043155296
1.2209471053859406
1.3807130208017941
0.7825922701328651
1.0057901389098314
1.3412512578653084
0.9224372226594086
1.0269219007909292
0.33580482831377134
1.3354508946944517
0.8299388080175065
2.4172560684388955
2.4171953083182953
1.789505992338126
1.6859434630541357
1.1975129394399384
1.3902504468396244
1.2515785989311423
1.4105050213161787
1.0993294611187658
2.782336254785702
2.3573977920782863
0.43765448206126223
1.5313941029154767
0.1954583380070214
1.6671094726382885
1.460727767747577
2.6316724971500065
0.8013040959138769
1.1661624794518075
1.2460404181799478
0.6241185090175256
0.6746211104995767
1.4590479324810197
2.112369587187544
0.07360905215965552
1.8115137333898406
2.4513697479820458
0.6837022414072225
0.8014515105005038
1.316133087827144
1.2634751172816352
1.1067498482559794
0.8085092214580256
0.48491360407207207
1.8648386392934506
1.4853060828108253
1.5973101699785661
2.1673078847091993
0.44104178449207776
1.6789258583313027
1.0909184793438351
1.430785093241015
1.2828495592815807
1.44390264039675
0.814220545585083
2.0137079860948974
2.2747252849493
1.8236459035205144
0.9929155284263267
1.4464178132484373
1.0089458390970467
1.3077490386519135
0.980290493410835
1.1868594994447546
1.2789404528473742
1.1780728740570598
0.9739463696980368
0.9232433940251688
2.075176966195951
0.9789411359458673
1.1488452323209684
1.798086948862066
0.7285959310809291
1.2708575488787583
1.2114093996586566
1.0964482101154416
1.2801351321359187
1.4447520421145075
0.7849250657088347
0.5775093086009289
1.092120765103024
1.2129655053528663
0.7034631121955628
1.1239981965624462
1.3549649309658465
0.7982874378448206
0.8246456060172007
0.9463181154463189
1.0620729245120373
1.2969044632313884
1.001758555922839
0.5700091279886683
0.9308012416965967
1.8460401565805062
0.10225662509812805
0.1769795035004904
2.0544815995437116
3.0335348123182326
2.7266226856968014
1.1691616472661948
0.8166377224448058
1.3117570667446277
0.6572447556380476
0.7574422657987063
1.8344433166934844
2.145512967165784
0.16019798072578606
1.5367717284081033
0.43079585788781083
0.24927288865681207
0.9273261296559232
1.3101443295267114
1.0437495082430015
1.4822438422516007
0.7644763852889329
0.1322101552392465
1.3713057766901433
2.0404171659711574
2.1809079599920738
2.4074851902820953
2.926999292339631
3.0795912950311104
3.269026726533097
0.19739548873752977
0.8863968702374283
1.0802246774287396
0.8556157550179639
0.47986216865208675
0.6707260980867824
1.5039911365638545
1.1095100505885749
2.0535758186295965
0.6520355896940604
0.7747264940494798
0.8523770255191789
1.2486192191448904
0.9593426540545846
1.2159226991297567
0.8928604692772089
0.26763512936048484
0.8377477481467586
0.724672817008396
1.1554308422227884
0.9293010865927998
1.28674059161035
0.8899889478452692
0.6996072016381345
1.2019456877959263
1.233675142536815
1.3477981518852689
0.9592175670158478
0.5368020462336136
0.7761800854298713
1.952965879606631
1.0793976665418032
1.106046222408576
1.0353290714744796
0.6332325087262696
0.059038557211062326
1.3605290539869275
0.934817259322005
0.9606447435750183
1.0450875534288246
0.45720108557353534
0.3545299539785738
0.8952785464251276
1.839796256164216
2.082523985054648
0.3476470144430368
1.2501101811635094
1.3438347380256204
1.4980305235174154
1.2998568537932091
1.5040158095671472
0.7860406551963637
0.37484113938531616
