402.3252688172043 582.0 62840000.0 52378907.52253973 406.26344086021504
251.61904761904762 574.5633910368165 52378907.52253973 53097717.43060764 251.35416666666666
595.4784946236559 575.114382599614 53097717.43060764 47763003.21512202 597.4462365591398
1709.986111111111 571.0251477550785 47763003.21512202 63297063.2347674 1703.9166666666667
1118.3010752688172 582.2851119791344 63297063.2347674 49978361.941247374 1123.1989247311828
560.1944444444445 572.7232934719982 49978361.941247374 61678375.85301563 555.625
261.78494623655916 581.289432037749 61678375.85301563 58567994.78747887 262.8763440860215
227.92741935483872 579.3075310745705 58567994.78747887 60754868.612314865 227.02956989247312
227.625 580.7245206937032 60754868.612314865 42419106.62485276 234.59722222222223
213.08333333333334 566.9288743166456 42419106.62485276 36768768.062854946 215.08064516129033
236.075 562.0192026050087 36768768.062854946 40498196.44337934 234.59722222222223
254.3494623655914 565.4564331454761 40498196.44337934 49705287.50748122 250.92741935483872
260.31182795698925 572.5139728890011 49705287.50748122 42922429.73407262 262.8763440860215
384.6279761904762 567.3146881228112 42922429.73407262 45377178.98200271 383.6458333333333
738.8763440860215 569.1963345904129 45377178.98200271 40070513.07686389 740.8333333333334
848.7388888888889 565.1285997032072 40070513.07686389 63543987.04443224 839.6111111111111
612.2768817204301 582.4391408546023 63543987.04443224 39065160.7793062 621.3440860215054
448.18611111111113 564.344471206048 39065160.7793062 48477012.24818743 444.5
233.71505376344086 571.5724592884402 48477012.24818743 34193287.84767376 238.9784946236559
169.66397849462365 559.4113371323235 34193287.84767376 40349546.34548938 167.28494623655914
121.56944444444444 565.3424879301597 40349546.34548938 35155347.01601205 123.47222222222223
95.35483870967742 560.3854936694232 35155347.01601205 34224417.84995929 95.59139784946237
69.84444444444445 559.442858577391 34224417.84995929 55142277.39025446 61.736111111111114
70.71505376344086 576.6816054143734 55142277.39025446 52562236.062806755 71.69354838709677
97.07795698924731 574.703918424897 52562236.062806755 56628455.345609024 95.59139784946237
235.63690476190476 577.8208099593096 56628455.345609024 50686899.84239384 238.125
457.03225806451616 573.2664112018349 50686899.84239384 58586603.91548746 454.05913978494624
643.2388888888889 579.3217955865209 58586603.91548746 61471158.29862333 642.0555555555555
934.8037634408602 581.1626766188388 61471158.29862333 68739101.43709096 932.016129032258
452.5833333333333 585.6798069892878 68739101.43709096 57544445.730191275 456.84722222222223
232.9516129032258 578.522946877351 57544445.730191275 41215424.39391456 238.9784946236559
208.76612903225808 566.0062120855156 41215424.39391456 56089707.4067388 203.13172043010752
213.96944444444443 577.4078418498549 56089707.4067388 34362082.61934764 222.25
201.88440860215053 559.58225440609 34362082.61934764 62726728.94137041 191.18279569892474
211.70833333333334 581.930711852434 62726728.94137041 35300976.15324381 222.25
70.39247311827957 560.5329540135427 35300976.15324381 31857104.65845403 71.69354838709677
109.90591397849462 557.0457777150461 31857104.65845403 38277355.498380855 107.54032258064517
301.5565476190476 563.5467597038536 38277355.498380855 63793280.63071642 291.0416666666667
375.9569892473118 582.5946479756403 63793280.63071642 46565490.55260284 382.36559139784947
788.875 570.1072147021455 46565490.55260284 42888560.60568788 790.2222222222222
645.6155913978495 567.2887263159831 42888560.60568788 43695639.49504199 645.241935483871
377.43333333333334 567.9073789716504 43695639.49504199 61740977.628429964 370.4166666666667
233.53225806451613 581.3277256769651 61740977.628429964 46967424.53904111 238.9784946236559
211.4516129032258 570.4153103931527 46967424.53904111 37030614.19360898 215.08064516129033
213.6027777777778 562.28434130789 37030614.19360898 46357753.22150833 209.90277777777777
201.32258064516128 569.9479771687915 46357753.22150833 41212365.904216155 203.13172043010752
208.31944444444446 566.0038676520294 41212365.904216155 37007444.221685715 209.90277777777777
78.90053763440861 562.2608799862205 37007444.221685715 56351471.84046068 71.69354838709677
103.13709677419355 577.6084929438401 56351471.84046068 44642186.38440283 107.54032258064517
223.44345238095238 568.6329384609901 44642186.38440283 41206215.80583354 224.89583333333334
324.5295698924731 565.9991533982592 41206215.80583354 46255487.830481485 322.6209677419355
559.0305555555556 569.8695873650485 46255487.830481485 54900996.57710488 555.625
409.6639784946237 576.496655692871 54900996.57710488 63819337.51270567 406.26344086021504
404.40555555555557 582.6109020267844 63819337.51270567 55764778.91121686 407.4583333333333
222.40322580645162 577.1587734139088 55764778.91121686 43186623.43216439 227.02956989247312
140.91129032258064 567.5172013282622 43186623.43216439 36339109.30738029 143.38709677419354
87.56388888888888 561.5841411252759 36339109.30738029 39016247.52285932 86.43055555555556
59.44086021505376 564.2949428921078 39016247.52285932 37906912.42896752 59.744623655913976
42.63333333333333 563.1716585151028 37906912.42896752 52301584.7014809 37.041666666666664
52.12903225806452 574.5041205377083 52301584.7014809 31945206.250272386 59.744623655913976
120.20698924731182 557.1349871362785 31945206.250272386 33952056.78152874 119.48924731182795
209.5952380952381 559.1670727172329 33952056.78152874 61022240.806106485 198.4375
403.22849462365593 580.8880728335226 61022240.806106485 52830302.08366018 406.26344086021504
629.3027777777778 574.9093998937876 52830302.08366018 51596340.01735189 629.7083333333334
590.6908602150538 573.9635271676094 51596340.01735189 65313880.658748664 585.497311827957
463.5805555555556 583.5431847436101 65313880.658748664 50619974.5621929 469.19444444444446
228.53494623655914 573.2151107616007 50619974.5621929 54465551.24618861 227.02956989247312
161.9784946236559 576.1628724482307 54465551.24618861 40036183.95158527 167.28494623655914
95.92222222222222 565.1022852935498 40036183.95158527 32372463.704686772 98.77777777777777
67.73924731182795 557.5676171199012 32372463.704686772 53491436.65501537 59.744623655913976
56.925 575.4161814038946 53491436.65501537 40921644.51849673 61.736111111111114
58.916666666666664 565.7810200968437 40921644.51849673 38744881.45447633 59.744623655913976
73.38172043010752 564.0201645435797 38744881.45447633 43350553.77190661 71.69354838709677
121.89583333333333 567.642859354217 43350553.77190661 50281877.380025364 119.0625
155.747311827957 572.9559480919032 50281877.380025364 51321700.2199212 155.33602150537635
198.44166666666666 573.753006681603 51321700.2199212 53442806.44129197 197.55555555555554
146.99193548387098 575.3789047370625 53442806.44129197 62912412.91113355 143.38709677419354
177.54444444444445 582.0451705296722 62912412.91113355 42908482.30416899 185.20833333333334
100.39247311827957 567.3039969566024 42908482.30416899 55583330.26617037 95.59139784946237
56.46236559139785 577.0196870276757 55583330.26617037 46578834.44444986 59.744623655913976
41.11388888888889 570.1174432364771 46578834.44444986 56872841.29582851 37.041666666666664
35.873655913978496 578.008139871051 56872841.29582851 56649911.75642694 35.846774193548384
41.672222222222224 577.837257007682 56649911.75642694 36548954.41472961 49.388888888888886
49.56182795698925 561.7966249202756 36548954.41472961 41319897.14918524 47.795698924731184
98.15053763440861 566.0862939069406 41319897.14918524 48258613.103550814 95.59139784946237
240.95535714285714 571.4050491224613 48258613.103550814 55183608.83793205 238.125
424.3790322580645 576.7132873356894 55183608.83793205 39633094.96641896 430.16129032258067
853.1777777777778 564.7933042578261 39633094.96641896 42608063.83053616 851.9583333333334
1177.8333333333333 567.0737162628859 42608063.83053616 60723124.90817607 1170.994623655914
410.5472222222222 580.7051030023417 60723124.90817607 36583060.19259322 419.80555555555554
232.98387096774192 561.8311595596741 36583060.19259322 52344880.54337901 227.02956989247312
210.09408602150538 574.5373082321493 52344880.54337901 38771493.29597642 215.08064516129033
213.40277777777777 564.0471110144566 38771493.29597642 47579713.44351574 209.90277777777777
200.44354838709677 570.8846500844585 47579713.44351574 40079736.94915767 203.13172043010752
208.38611111111112 565.1356701063182 40079736.94915767 36047587.52499582 209.90277777777777
220.5483870967742 561.2889536156476 36047587.52499582 50733761.85205903 215.08064516129033
316.14516129032256 573.3023324817888 50733761.85205903 33475268.23657722 322.6209677419355
436.1904761904762 558.6842888166533 33475268.23657722 64658456.89405029 423.3333333333333
640.0268817204301 583.1343372308147 64658456.89405029 50625952.45641253 645.241935483871
737.8472222222222 573.219693015186 50625952.45641253 42701793.057133764 740.8333333333334
680.6505376344086 567.145562814336 42701793.057133764 41333931.70260283 681.0887096774194
362.875 566.0970518562035 41333931.70260283 53648277.28902642 358.06944444444446
158.31451612903226 575.5364049359772 53648277.28902642 61440041.6881474 155.33602150537635
94.10483870967742 581.143642522005 61440041.6881474 57244258.88391125 95.59139784946237
74.44722222222222 578.2928437336594 57244258.88391125 57926825.9222368 74.08333333333333
53.30107526881721 578.816053938388 57926825.9222368 40374014.200122416 59.744623655913976
42.88333333333333 565.3612433497932 40374014.200122416 55416257.73561054 37.041666666666664
49.655913978494624 576.8916204085592 55416257.73561054 60439633.709941916 47.795698924731184
63.924731182795696 580.5316908332092 60439633.709941916 39715416.70765489 71.69354838709677
113.24404761904762 564.8564065945451 39715416.70765489 57720380.34856037 105.83333333333333
137.72043010752688 578.6578065798083 57720380.34856037 42481181.48150209 143.38709677419354
287.8638888888889 566.9764567468428 42481181.48150209 52355361.464655586 283.9861111111111
336.69354838709677 574.5453422048713 52355361.464655586 57855018.1443684 334.5698924731183
277.56111111111113 578.7610109022463 57855018.1443684 41061595.334576435 283.9861111111111
120.39516129032258 565.888297025001 41061595.334576435 43303661.89438424 119.48924731182795
59.11827956989247 567.6069151795631 43303661.89438424 41411839.24702555 59.744623655913976
40.93333333333333 566.1567705651047 41411839.24702555 51240038.02736279 37.041666666666664
35.54032258064516 573.690409910754 51240038.02736279 50124546.25524122 35.846774193548384
38.65555555555556 572.8353485824243 50124546.25524122 54208374.40249994 37.041666666666664
51.163978494623656 575.9657378936998 54208374.40249994 31267156.449051324 59.744623655913976
86.80376344086021 556.4484112290196 31267156.449051324 39818160.46763647 83.64247311827957
135.92559523809524 564.9351630839096 39818160.46763647 48686236.4154799 132.29166666666666
215.56451612903226 571.7328365309039 48686236.4154799 49920174.94935463 215.08064516129033
404.7361111111111 572.6786912186936 49920174.94935463 42684013.04454063 407.4583333333333
563.9650537634409 567.1319338467671 42684013.04454063 48828069.63701048 561.5994623655914
457.3027777777778 571.8415563850832 48828069.63701048 49865944.82104294 456.84722222222223
222.11021505376345 572.6371220321622 49865944.82104294 36502367.93118874 227.02956989247312
174.15591397849462 561.7494526371402 36502367.93118874 54689420.21598244 167.28494623655914
80.25833333333334 576.3344754160587 54689420.21598244 38430192.713621005 86.43055555555556
48.64784946236559 563.7015187636268 38430192.713621005 40417694.18980285 47.795698924731184
39.93888888888889 565.3947255062116 40417694.18980285 47828365.15255058 37.041666666666664
51.06720430107527 571.075249841384 47828365.15255058 56631633.802480355 47.795698924731184
122.48655913978494 577.8232463516007 56631633.802480355 32740514.680077557 131.43817204301075
202.0595238095238 557.9402961353533 32740514.680077557 41579982.34561887 198.4375
348.47849462365593 566.2856578100184 41579982.34561887 46765907.88032303 346.51881720430106
605.7611111111111 570.2608412108689 46765907.88032303 48520418.10373255 605.0138888888889
463.3225806451613 571.6057313119793 48520418.10373255 41136988.03499285 466.008064516129
443.46666666666664 565.9460880228152 41136988.03499285 38315761.87342152 444.5
165.58333333333334 563.5856490180906 38315761.87342152 33572415.694376454 167.28494623655914
73.8225806451613 558.7826578506923 33572415.694376454 39061338.15498158 71.69354838709677
48.84444444444444 564.3406005143096 39061338.15498158 37390037.14027478 49.388888888888886
36.723118279569896 562.6482838018666 37390037.14027478 39443108.00841442 35.846774193548384
39.025 564.6476729723818 39443108.00841442 44485014.921093374 37.041666666666664
58.685483870967744 568.512461337311 44485014.921093374 41689042.774829276 59.744623655913976
131.29301075268816 566.3692562352148 41689042.774829276 41384928.39999172 131.43817204301075
199.99107142857142 566.1361425110157 41384928.39999172 45220845.1809841 198.4375
439.35752688172045 569.076499562578 45220845.1809841 37784679.497885495 442.11021505376345
645.7861111111112 563.0478885716511 37784679.497885495 47271645.71773785 642.0555555555555
708.997311827957 570.6485059860415 47271645.71773785 57819355.45293441 704.986559139785
403.43611111111113 578.733674270035 57819355.45293441 47251621.86595812 407.4583333333333
229.16129032258064 570.633157041541 47251621.86595812 52774680.70896235 227.02956989247312
205.53763440860214 574.866764270898 52774680.70896235 59001454.3362271 203.13172043010752
209.6611111111111 579.6397921515168 59001454.3362271 58111523.77715543 209.90277777777777
196.16397849462365 578.9576309514268 58111523.77715543 39148853.00346428 203.13172043010752
118.03333333333333 564.4221167812126 39148853.00346428 56955353.35193762 111.125
64.68548387096774 578.0713880904132 56955353.35193762 38225776.01956187 71.69354838709677
158.81451612903226 563.4945316412507 38225776.01956187 47627451.487704 155.33602150537635
230.7827380952381 570.9212428738413 47627451.487704 61946912.179376274 224.89583333333334
637.6962365591398 581.4536962799376 61946912.179376274 41672116.7182385 645.241935483871
765.1472222222222 566.3562818531587 41672116.7182385 40501162.93531053 765.5277777777778
888.9623655913979 565.4587070596318 40501162.93531053 53004614.75658832 884.2204301075269
418.34444444444443 575.0430163214329 53004614.75658832 49075023.66125157 419.80555555555554
235.86827956989248 572.0308548104784 49075023.66125157 40557811.59126223 238.9784946236559
213.6290322580645 565.5021301275707 40557811.59126223 36452202.35179501 215.08064516129033
216.3361111111111 561.6986562529758 36452202.35179501 52864064.29079932 209.90277777777777
201.78494623655914 574.9352797419454 52864064.29079932 48956826.113860786 203.13172043010752
207.25833333333333 571.9402524820676 48956826.113860786 42001428.92406623 209.90277777777777
221.03494623655914 566.6087105480067 42001428.92406623 57990845.341294765 215.08064516129033
234.51075268817203 578.8651269399704 57990845.341294765 46109974.793904826 238.9784946236559
184.4077380952381 569.7580468109591 46109974.793904826 44250432.89645836 185.20833333333334
357.73387096774195 568.332646458708 44250432.89645836 42221838.73244105 358.46774193548384
367.0527777777778 566.7776619542258 42221838.73244105 65328137.7025428 358.06944444444446
806.5564516129032 583.5520781606771 65328137.7025428 49140625.52090014 812.5268817204301
453.4972222222222 572.0811408050988 49140625.52090014 40314309.7318784 456.84722222222223
224.53763440860214 565.3154779006883 40314309.7318784 33453439.69421924 227.02956989247312
137.32258064516128 558.6621857922935 33453439.69421924 48999413.34636475 131.43817204301075
83.70277777777778 571.972897003977 48999413.34636475 41668143.12594415 86.43055555555556
55.685483870967744 566.3532359632738 41668143.12594415 62502375.00441813 47.795698924731184
41.98888888888889 581.7934740718515 62502375.00441813 43223640.00191989 49.388888888888886
74.00268817204301 567.5455757529746 43223640.00191989 49449227.35560282 71.69354838709677
188.16129032258064 572.3176943156675 49449227.35560282 41441599.42648523 191.18279569892474
419.3184523809524 566.1795827267146 41441599.42648523 63811998.163856424 410.1041666666667
905.5322580645161 582.6063238062741 63811998.163856424 56819541.99277837 908.1182795698925
1319.888888888889 577.9672841928611 56819541.99277837 53350588.3707736 1321.1527777777778
1381.3548387096773 575.3082165367152 53350588.3707736 72506297.81086951 1374.1263440860216
422.6777777777778 588.0297505686758 72506297.81086951 47804827.35225639 432.15277777777777
247.30645161290323 571.0572073391544 47804827.35225639 37918192.988702804 250.92741935483872
220.79301075268816 563.1830809217176 37918192.988702804 53001200.15545359 215.08064516129033
221.44722222222222 575.0403989167555 53001200.15545359 50656305.650475465 222.25
204.65860215053763 573.2429597420979 50656305.650475465 54445861.65586564 203.13172043010752
217.1888888888889 576.1477797261896 54445861.65586564 41226456.0176119 222.25
230.65322580645162 566.0146681898527 41226456.0176119 50973482.6328129 227.02956989247312
261.3467741935484 573.4860863868756 50973482.6328129 46962700.39796122 262.8763440860215
364.98214285714283 570.411689182806 46962700.39796122 33894324.25399825 370.4166666666667
724.010752688172 559.1086142346905 33894324.25399825 52779944.1156224 716.9354838709677
750.75 574.8707988461434 52779944.1156224 46295456.65484191 753.1805555555555
470.85215053763443 569.9002247905352 46295456.65484191 59079213.83624211 466.008064516129
340.76944444444445 579.6993973794843 59079213.83624211 46100565.91738036 345.72222222222223
198.39247311827958 569.750834595988 46100565.91738036 33220410.989818912 203.13172043010752
117.90053763440861 558.4262268791681 33220410.989818912 60754141.85826361 107.54032258064517
91.49444444444444 580.7240761367038 60754141.85826361 41616041.60364034 98.77777777777777
63.30107526881721 566.3132984236321 41616041.60364034 50846192.9185029 59.744623655913976
49.84166666666667 573.3885146118785 50846192.9185029 51920469.002047166 49.388888888888886
54.61021505376344 574.2119827520702 51920469.002047166 38209349.70125433 59.744623655913976
101.75806451612904 563.4778987709591 38209349.70125433 54810456.850510314 95.59139784946237
135.25892857142858 576.4272539986376 54810456.850510314 62066133.15924701 132.29166666666666
361.5376344086022 581.5266240069861 62066133.15924701 38221603.511168934 370.4166666666667
457.8888888888889 563.4903066658428 38221603.511168934 40741825.310660385 456.84722222222223
607.2768817204301 565.6431827281114 40741825.310660385 66879309.82843715 597.4462365591398
472.31666666666666 584.5196855312785 66879309.82843715 42824993.05525633 481.5416666666667
231.46236559139786 567.2399996866443 42824993.05525633 54511194.30083905 227.02956989247312
206.99193548387098 576.1978593588597 54511194.30083905 32628737.540129904 215.08064516129033
211.60833333333332 557.8271134589006 32628737.540129904 36786750.5670466 209.90277777777777
198.2688172043011 562.0374112293722 36786750.5670466 55466725.966750875 191.18279569892474
188.13611111111112 576.9303059765175 55466725.966750875 62954606.23805443 185.20833333333334
57.30913978494624 582.071490351591 62954606.23805443 56471862.4878649 59.744623655913976
104.89247311827957 577.7007763559285 56471862.4878649 49464145.35561232 107.54032258064517
149.69940476190476 572.3291294559554 49464145.35561232 59650292.853011884 145.52083333333334
394.48387096774195 580.0488493515765 59650292.853011884 60040727.44561663 394.31451612903226
453.0388888888889 580.2876790225847 60040727.44561663 49989970.05072449 456.84722222222223
650.5752688172043 572.7321914717477 49989970.05072449 64080924.05049514 645.241935483871
462.8027777777778 582.7740773815951 64080924.05049514 47370888.99024411 469.19444444444446
228.76344086021504 570.7245792360087 47370888.99024411 51828305.91995525 227.02956989247312
205.15322580645162 574.1413367021701 51828305.91995525 57025477.03531995 203.13172043010752
210.52777777777777 578.1251402124446 57025477.03531995 58381821.44654102 209.90277777777777
135.5188172043011 579.1648230527094 58381821.44654102 37009290.90279423 143.38709677419354
52.21111111111111 562.2627498883356 37009290.90279423 44225685.058326654 49.388888888888886
58.32795698924731 568.3136764224648 44225685.058326654 40472134.2265784 59.744623655913976
102.69623655913979 565.4364555945215 40472134.2265784 59586432.84627222 95.59139784946237
151.4047619047619 580.0097860495814 59586432.84627222 41893843.26909656 158.75
307.8306451612903 566.5262425860309 41893843.26909656 34220724.75433415 310.6720430107527
376.9555555555556 559.4391190431047 34220724.75433415 50991266.8751666 370.4166666666667
332.30645161290323 573.4997185966959 50991266.8751666 44740528.71518806 334.5698924731183
247.91666666666666 568.7083211093375 44740528.71518806 47120296.71671779 246.94444444444446
124.18279569892474 570.5324919722335 47120296.71671779 59506224.57889834 119.48924731182795
68.88172043010752 579.9607224817729 59506224.57889834 51761886.78287711 71.69354838709677
49.92777777777778 574.0904242373757 51761886.78287711 52898712.938012354 49.388888888888886
38.744623655913976 574.961839075731 52898712.938012354 60362689.840805076 35.846774193548384
41.38611111111111 580.4846241047478 60362689.840805076 39521055.289107926 49.388888888888886
58.225806451612904 564.7074221404484 39521055.289107926 35493943.209409796 59.744623655913976
