402.3252688172043 582.0 62840000.0 11668473.97944207 421.4462365591398
252.61607142857142 531.4151760201131 11668473.97944207 12090704.372131381 252.45535714285714
436.9596774193548 532.2468419451072 12090704.372131381 41402378.97896024 426.0
270.28333333333336 566.1495189568182 41402378.97896024 10693159.478288181 282.1
793.0510752688172 529.4951755262906 10693159.478288181 44198093.046459466 780.4704301075269
872.2777777777778 568.2925262330075 44198093.046459466 50101099.72798352 869.9444444444445
716.4059139784946 572.8173760439954 50101099.72798352 41175569.71468105 719.6666666666666
398.53225806451616 565.9756621560431 41175569.71468105 15661486.20729221 408.0
247.38333333333333 537.6471651941192 15661486.20729221 11206176.589157224 249.05833333333334
215.1236559139785 530.5045902513702 11206176.589157224 10977756.556229725 215.16129032258064
223.11944444444444 530.0546720046949 10977756.556229725 9947858.2272009 223.5
239.35752688172042 528.030273067257 9947858.2272009 10836764.156545365 239.03225806451613
244.86290322580646 529.7774329973478 10836764.156545365 9894194.303535761 245.2284946236559
363.6041666666667 527.9247957000531 9894194.303535761 12427181.270786775 362.57142857142856
328.06182795698925 532.9095994727618 12427181.270786775 11802171.109209327 328.28494623655916
303.375 531.6785188514729 11802171.109209327 11141953.569048489 303.6
612.3682795698925 530.3780903632774 11141953.569048489 60650618.60900367 593.8145161290323
439.18888888888887 580.6607507448692 60650618.60900367 43029848.190414324 445.93333333333334
244.38172043010752 567.3970279215099 43029848.190414324 11784918.57874393 256.01612903225805
223.6048387096774 531.6445365944955 11784918.57874393 12405309.567175774 223.33870967741936
216.76944444444445 532.8665188444371 12405309.567175774 9276664.674286928 217.93333333333334
188.94086021505376 526.7110305667019 9276664.674286928 9294733.336416308 188.88709677419354
190.275 526.7465448336459 9294733.336416308 9533259.875692727 190.16666666666666
207.17741935483872 527.2153728591202 9533259.875692727 12034673.629580516 206.25
234.40591397849462 532.136478361295 12034673.629580516 10091010.305633042 235.1451612903226
345.2857142857143 528.3116409455546 10091010.305633042 11147666.060769869 344.86309523809524
401.7956989247312 530.3893422409103 11147666.060769869 12977249.912789663 401.10215053763443
241.58333333333334 533.964819374946 12977249.912789663 10597677.143122874 242.47222222222223
590.1881720430108 529.307503350276 10597677.143122874 59019492.65328795 572.0403225806451
711.2972222222222 579.6536191180013 59019492.65328795 55067018.941352695 712.7666666666667
354.1505376344086 576.6239173247844 55067018.941352695 12112881.44758541 370.1505376344086
224.94086021505376 532.2905240634258 12112881.44758541 11106066.939031225 225.28225806451613
223.23611111111111 530.3074045768797 11106066.939031225 12527641.169685308 222.64444444444445
188.96236559139786 533.1074750311983 12527641.169685308 11840186.515321946 189.1720430107527
194.73055555555555 531.7533976816948 11840186.515321946 11473888.550015656 194.85555555555555
205.75806451612902 531.0319016894248 11473888.550015656 11520094.58628531 205.747311827957
237.06451612903226 531.1229135790468 11520094.58628531 11930840.06790803 236.9247311827957
407.0267857142857 531.9319577095158 11930840.06790803 11684972.96905914 407.14285714285717
311.61021505376345 531.4476740299649 11684972.96905914 11996100.239961147 311.48387096774195
201.93055555555554 532.0605004726507 11996100.239961147 12101450.074614871 201.86111111111111
500.76612903225805 532.2680077227262 12101450.074614871 41190179.45061399 489.83870967741933
587.2888888888889 565.9868610017231 41190179.45061399 56441690.422353834 581.35
380.9569892473118 577.6776484700408 56441690.422353834 61344428.94274431 379.05645161290323
232.65591397849462 581.0851560022106 61344428.94274431 10298929.8264533 251.6747311827957
257.90833333333336 528.7203103485461 10298929.8264533 11538534.433216609 257.3861111111111
225.33064516129033 531.1592344896691 11538534.433216609 9531006.199993147 226.03225806451613
195.41944444444445 527.2109432206762 9531006.199993147 10964297.98619716 194.85
207.75 530.0281627000853 10964297.98619716 12385864.680738509 207.2258064516129
245.30645161290323 532.8282183105455 12385864.680738509 10003369.440635353 246.20967741935485
355.99107142857144 528.1393813143522 10003369.440635353 12435532.154791433 355.0
289.0752688172043 532.9260481836801 12435532.154791433 10039617.462398788 289.9596774193548
255.15833333333333 528.2106274260942 10039617.462398788 11929253.747969098 254.4
362.6801075268817 531.9288331399391 11929253.747969098 10960494.601986594 363.01075268817203
220.48888888888888 530.0206711857312 10960494.601986594 9835227.174663406 220.9
206.0188172043011 527.8088947915799 9835227.174663406 9460892.269102536 206.1290322580645
192.73924731182797 527.0731330806498 9460892.269102536 10974508.33115552 192.13978494623655
196.53333333333333 530.0482739856094 10974508.33115552 9437184.465596037 197.08333333333334
184.16129032258064 527.0265349841026 9437184.465596037 10844262.814046504 183.58870967741936
189.33055555555555 529.7921717379535 10844262.814046504 10146591.337929005 189.58333333333334
199.0994623655914 528.420886422826 10146591.337929005 10257600.95437906 199.06451612903226
261.4516129032258 528.6390777379174 10257600.95437906 10121409.105868626 261.51612903225805
369.0922619047619 528.3713903115349 10121409.105868626 13316715.448062321 367.7857142857143
324.7741935483871 534.4305121670169 13316715.448062321 11964582.233817186 325.26881720430106
166.04166666666666 531.998419551458 11964582.233817186 11422858.247971112 166.22222222222223
370.0752688172043 530.9313874581248 11422858.247971112 12837294.64125398 369.51612903225805
211.0888888888889 533.7173985358032 12837294.64125398 10560269.601537593 211.94444444444446
210.98655913978496 529.2339781823325 10560269.601537593 11028392.464523217 210.78225806451613
197.5752688172043 530.1544093998184 11028392.464523217 9208715.97877404 198.22043010752688
202.17777777777778 526.5774762341421 9208715.97877404 9788649.242362801 201.9111111111111
187.05376344086022 527.7173450625752 9788649.242362801 10714293.995197373 186.66129032258064
194.74444444444444 529.5367157836638 10714293.995197373 9044860.246202894 195.37222222222223
201.8521505376344 526.2554149666747 9044860.246202894 9443805.222610202 201.70967741935485
211.75 527.0395481961649 9443805.222610202 10927024.386244284 211.20967741935485
251.69642857142858 529.9548410350319 10927024.386244284 11975420.16709538 251.27678571428572
187.28225806451613 532.0197669957939 11975420.16709538 11755010.707461584 187.3548387096774
84.68888888888888 531.5856271510606 11755010.707461584 9782926.102728974 85.42222222222222
147.71774193548387 527.70609613295 9782926.102728974 9568984.59768094 147.7688172043011
175.63333333333333 527.2855904161315 9568984.59768094 12210896.611609736 174.59166666666667
202.8790322580645 532.4835842349888 12210896.611609736 12392287.395690795 202.78225806451613
185.3736559139785 532.8408691127242 12392287.395690795 12064432.192727352 185.46236559139786
189.80555555555554 532.1950937129478 12064432.192727352 8786564.904699326 191.02777777777777
176.65322580645162 525.7477310195815 8786564.904699326 11808302.058567062 175.4784946236559
184.55277777777778 531.6905949638442 11808302.058567062 9527170.400821256 185.41666666666666
192.53494623655914 527.2034038912694 9527170.400821256 9134071.892465074 192.68817204301075
103.3736559139785 526.4307619955348 9134071.892465074 11257094.003602907 102.59408602150538
241.96428571428572 530.6048821283088 11257094.003602907 10541608.694108788 242.27380952380952
475.98387096774195 529.1972998470414 10541608.694108788 52668298.25453702 460.23387096774195
401.325 574.7852186019247 52668298.25453702 55911816.95585947 400.0
454.16129032258067 577.2714829371067 55911816.95585947 39315806.91734069 460.2876344086022
263.8 564.550092476719 39315806.91734069 10653696.335044717 274.8333333333333
484.6317204301075 529.4176100378465 10653696.335044717 62761288.08443002 465.11021505376345
226.11827956989248 581.9518517537737 62761288.08443002 12531868.126479087 244.83333333333334
204.11388888888888 533.1158008551861 12531868.126479087 11447708.696787683 204.48888888888888
203.40591397849462 530.9803353118546 11447708.696787683 11226687.540082917 203.44086021505376
194.44166666666666 530.5449906092542 11226687.540082917 9355183.949148279 195.1472222222222
205.55107526881721 526.8653615552225 9355183.949148279 9379963.48805755 205.5483870967742
300.6639784946237 526.9140661661821 9379963.48805755 12232484.842561724 299.61290322580646
417.375 532.526106508076 12232484.842561724 13578040.368881257 416.8333333333333
378.88709677419354 534.7890084482848 13578040.368881257 11778993.073577225 379.5483870967742
226.51388888888889 531.6328651449248 11778993.073577225 11026884.274549944 226.775
646.489247311828 530.1514387225984 11026884.274549944 59222943.435111105 628.4247311827957
355.85277777777776 579.7874388033924 59222943.435111105 11320503.212602688 374.3
203.26612903225808 530.7297790551265 11320503.212602688 10226219.570458537 203.6451612903226
209.4811827956989 528.5773970867633 10226219.570458537 9529033.085350536 209.70698924731184
194.30833333333334 527.2070650298269 9529033.085350536 11642271.893053 193.45
182.21236559139786 531.3635658499529 11642271.893053 11508974.41322307 182.21505376344086
188.65277777777777 531.1010102078636 11508974.41322307 11603528.554631311 188.6
195.6263440860215 531.2872532136677 11603528.554631311 10490444.919715349 196.0483870967742
202.30107526881721 529.0967365663371 10490444.919715349 10641517.245650152 202.25806451612902
268.3154761904762 529.3936718276572 10641517.245650152 11135608.129562357 268.125
249.61827956989248 530.3655917703501 11135608.129562357 12678682.34951659 249.03225806451613
114.83888888888889 533.4049803854115 12678682.34951659 8970539.367862966 116.24166666666666
333.21505376344084 526.1093359989031 8970539.367862966 11106493.084561666 332.38709677419354
184.77777777777777 530.3082439544396 11106493.084561666 10040144.30881479 185.16666666666666
195.88709677419354 528.2116629518084 10040144.30881479 11733683.807775587 195.2258064516129
185.83870967741936 531.5436196213761 11733683.807775587 12248285.77547792 185.61290322580646
186.5361111111111 532.5572295577596 12248285.77547792 10849965.316196285 187.03333333333333
174.31720430107526 529.8033801042479 10849965.316196285 11186362.171569416 174.1451612903226
180.53333333333333 530.4655618530912 11186362.171569416 11778093.56957155 180.2888888888889
192.14247311827958 531.6310933946106 11778093.56957155 9556182.510999644 192.9784946236559
192.3978494623656 527.2604276940338 9556182.510999644 9469590.668775678 192.44354838709677
136.20535714285714 527.0902299351798 9469590.668775678 9407963.826892897 136.24404761904762
312.9274193548387 526.9691013149275 9407963.826892897 11764018.630051168 312.0376344086022
201.67777777777778 531.6033700288887 11764018.630051168 9839177.588682568 202.39166666666668
376.258064516129 527.816659398445 9839177.588682568 12952917.37485775 375.06451612903226
228.3138888888889 533.9314389979997 12952917.37485775 11633491.313454757 228.8
214.58602150537635 531.346270768926 11633491.313454757 11612610.448688675 214.56451612903226
200.19623655913978 531.3051417928716 11612610.448688675 11471403.120992884 200.21505376344086
199.13333333333333 531.0270061474102 11471403.120992884 9438873.938401975 199.875
179.63709677419354 527.0298556720314 9438873.938401975 9479902.942646153 179.5752688172043
182.78333333333333 527.1104988872701 9479902.942646153 10921189.200501021 182.2111111111111
193.04301075268816 529.9433718768469 10921189.200501021 9138449.71987228 193.71505376344086
134.9220430107527 526.4393666907835 9138449.71987228 9389611.794752544 134.84139784946237
202.0952380952381 526.9330300793412 9389611.794752544 11827155.130803004 201.10119047619048
286.84139784946234 531.7277298030968 11827155.130803004 11677759.005575325 286.88709677419354
199.29722222222222 531.4334647079514 11677759.005575325 9450542.558239728 200.12777777777777
345.58870967741933 527.0527905455057 9450542.558239728 11312160.810507132 344.86290322580646
209.2111111111111 530.7133470509989 11312160.810507132 10151458.181867387 209.63611111111112
207.9811827956989 528.430452288498 10151458.181867387 9554484.907957602 208.1747311827957
197.44892473118279 527.2570910259857 9554484.907957602 11090658.393165186 196.84139784946237
203.90555555555557 530.2770544107799 11090658.393165186 10583912.335274827 204.05833333333334
183.46505376344086 529.2804483831264 10583912.335274827 10444626.386872353 183.47043010752688
185.90833333333333 529.0066794500594 10444626.386872353 9358624.360857224 186.3111111111111
201.66666666666666 526.8721237437538 9358624.360857224 10254363.224913578 201.33870967741936
139.91666666666666 528.6327139248301 10254363.224913578 10786532.748767128 139.7311827956989
200.01488095238096 529.6787022993009 10786532.748767128 10351434.70694705 200.20833333333334
362.10483870967744 528.8235095964131 10351434.70694705 13390959.69100558 360.9596774193548
310.8277777777778 534.5323634750257 13390959.69100558 12802537.530262643 311.025
405.5833333333333 533.6489375596082 12802537.530262643 11285507.20584638 406.1182795698925
229.65277777777777 530.6608475266671 11285507.20584638 12010392.467085792 229.35
215.78763440860214 532.0886518291084 12010392.467085792 10670887.985128991 216.25806451612902
201.71505376344086 529.451400522495 10670887.985128991 11025048.966231858 201.5483870967742
203.44444444444446 530.1478237213657 11025048.966231858 10056161.306056319 203.775
186.19086021505376 528.2431446360417 10056161.306056319 12111114.75566538 185.3763440860215
190.1472222222222 532.2870442157046 12111114.75566538 12075689.154750181 190.14444444444445
211.4758064516129 532.2172665169321 12075689.154750181 11510048.818287816 211.69354838709677
301.98655913978496 531.1031264602639 11510048.818287816 10949635.453418745 302.2096774193548
382.95535714285717 529.9992834774092 10949635.453418745 11366058.277912313 382.79761904761904
409.4139784946237 530.8195087292212 11366058.277912313 13425978.501864046 408.63440860215053
318.18611111111113 534.5804037209688 13425978.501864046 11886891.652193854 318.75
435.9193548387097 531.8453926482606 11886891.652193854 43680695.536801286 424.0
507.3333333333333 567.89592393352 43680695.536801286 54152316.635544084 503.2388888888889
478.005376344086 575.9227677617147 54152316.635544084 57665235.29654666 476.6236559139785
233.86021505376345 578.6155360740063 57665235.29654666 10489048.735193696 251.43548387096774
245.2 529.0939923415876 10489048.735193696 11124374.097208047 244.9111111111111
212.80913978494624 530.3434641308643 11124374.097208047 9556596.773552625 213.34677419354838
194.32777777777778 527.2612419342241 9556596.773552625 9326691.668503108 194.4
206.04301075268816 526.8093594863682 9326691.668503108 10589863.385189792 205.5779569892473
219.05913978494624 529.2921452743385 10589863.385189792 10467823.237232585 219.11827956989248
286.1636904761905 529.0522732593882 10467823.237232585 11135105.500620458 285.9017857142857
402.9166666666667 530.3646017436463 11135105.500620458 12194329.088301616 402.51075268817203
164.05 532.4509512345335 12194329.088301616 11213349.224739749 164.4
365.9059139784946 530.518718169942 11213349.224739749 12022982.2171545 365.5725806451613
251.00555555555556 532.1134498216679 12022982.2171545 12351577.928131878 250.85555555555555
230.04032258064515 532.7606837978354 12351577.928131878 11407925.826626798 230.36290322580646
195.3736559139785 530.9019751130528 11407925.826626798 10891397.569607975 195.53225806451613
199.3111111111111 529.8848159126777 10891397.569607975 9570469.68784653 199.77777777777777
181.71505376344086 527.288509386457 9570469.68784653 9869786.936483372 181.55645161290323
186.75833333333333 527.8768225992949 9869786.936483372 10821203.18378048 186.375
216.9811827956989 529.7468476370858 10821203.18378048 10241045.727244545 217.20430107526883
324.56720430107526 528.6065381535496 10241045.727244545 13007237.495583005 323.5483870967742
541.7619047619048 534.005957575168 13007237.495583005 59782341.38723111 522.4583333333334
557.9193548387096 580.1296237209127 59782341.38723111 51756247.975002356 560.8924731182796
763.8861111111111 574.0861019046862 51756247.975002356 54022369.0075307 762.9416666666667
1477.483870967742 575.8231586079769 54022369.0075307 62371799.1712332 1474.2903225806451
1077.263888888889 581.7136005568714 62371799.1712332 68249004.90939066 1074.9388888888889
635.8655913978495 585.3740891359352 68249004.90939066 64976554.78748541 637.016129032258
326.241935483871 583.3327638664681 64976554.78748541 12002900.394368779 345.98118279569894
269.0833333333333 532.0738947161809 12002900.394368779 10030951.39879173 269.8
223.69354838709677 528.1935941286596 10030951.39879173 9816309.939917555 223.7258064516129
205.275 527.7717126405277 9816309.939917555 9334264.417724207 205.44444444444446
216.65860215053763 526.8242438555269 9334264.417724207 12455105.152135575 215.5
246.86559139784947 532.9646010572367 12455105.152135575 12715066.22652366 246.78225806451613
346.17261904761904 533.476645597698 12715066.22652366 10899117.045192737 346.9375
312.2069892473118 529.899988675034 10899117.045192737 11707033.505734824 311.89516129032256
215.11388888888888 531.491126602205 11707033.505734824 10544791.72285248 215.53333333333333
352.9166666666667 529.203556144917 10544791.72285248 11577889.810856206 352.5
214.0388888888889 531.236752657747 11577889.810856206 10279925.352965703 214.51666666666668
207.86559139784947 528.682956728243 10279925.352965703 9603126.26034089 208.08870967741936
195.94892473118279 527.352696442739 9603126.26034089 11692634.581525061 195.13440860215053
200.72222222222223 531.4627650848221 11692634.581525061 10515151.579341743 201.13333333333333
186.7311827956989 529.1452979318096 10515151.579341743 11122931.610621158 186.45698924731184
195.45555555555555 530.3406228694053 11122931.610621158 10965203.898881225 195.5
202.5752688172043 530.0299470735539 10965203.898881225 9787447.414088782 203.0215053763441
243.00537634408602 527.7149828483814 9787447.414088782 9579128.388778118 243.09677419354838
295.85714285714283 527.305528212426 9579128.388778118 12636900.858544353 294.60714285714283
314.2983870967742 533.322683509254 12636900.858544353 12372089.995547093 314.38709677419354
218.76388888888889 532.8010863548654 12372089.995547093 11684195.993056744 219.0
416.6639784946237 531.4461436226875 11684195.993056744 13032567.011820706 416.1290322580645
232.64166666666668 534.0407056479851 13032567.011820706 11525434.29663137 233.2
219.92741935483872 531.1334311903345 11525434.29663137 11049814.662038175 220.0752688172043
204.13709677419354 530.196604637348 11049814.662038175 12275119.309425637 203.6451612903226
207.41666666666666 532.6100834882626 12275119.309425637 10442188.344034106 208.08055555555555
191.28763440860214 529.0018874348257 10442188.344034106 9444303.300967146 191.61290322580646
195.2277777777778 527.040527177763 9444303.300967146 10928102.761856928 194.63888888888889
203.8978494623656 529.9569606008912 10928102.761856928 10024009.389721997 204.24193548387098
246.13978494623655 528.1799494901433 10024009.389721997 10233358.444979036 246.0752688172043
304.3720238095238 528.5914286677174 10233358.444979036 12888082.051875466 303.2886904761905
333.43279569892474 533.8174343446032 12888082.051875466 11211902.673886612 334.0483870967742
188.29166666666666 530.51586890311 11211902.673886612 9726194.927773777 188.8361111111111
396.35483870967744 527.594590030452 9726194.927773777 13047895.85045558 395.0833333333333
287.0888888888889 534.0617343796863 13047895.85045558 10193319.938110527 288.1666666666667
336.81720430107526 528.5127322921483 10193319.938110527 13235611.678380355 335.6505376344086
205.00806451612902 534.3192506779225 13235611.678380355 9680027.380915843 206.30107526881721
207.40555555555557 527.5038469211105 9680027.380915843 9697509.030469745 207.35555555555555
193.2688172043011 527.5382074047164 9697509.030469745 11212264.599665888 192.65591397849462
192.73333333333332 530.5165817872207 11212264.599665888 9967253.143955395 193.19722222222222
206.24462365591398 528.0683941105331 9967253.143955395 12396787.853052316 205.34408602150538
244.90860215053763 532.8497336499515 12396787.853052316 9639844.775139924 245.9516129032258
308.6875 527.4248673166544 9639844.775139924 11682651.293950032 307.85714285714283
265.88440860215053 531.4431010335379 11682651.293950032 10820579.284883544 266.1962365591398
134.50833333333333 529.745621353047 10820579.284883544 9732203.895500109 134.9
333.7204301075269 527.6064007601209 9732203.895500109 10823432.838921089 333.28225806451616
203.42222222222222 529.751230062707 10823432.838921089 11160152.113973876 203.26944444444445
198.1021505376344 530.4139359820697 11160152.113973876 11009385.331082722 198.1290322580645
189.58602150537635 530.1169711066781 11009385.331082722 10982858.466102261 189.56182795698925
197.35833333333332 530.0647212211105 10982858.466102261 11283344.184050871 197.2
185.497311827957 530.6565870291911 11283344.184050871 9358250.26336687 186.16935483870967
190.26388888888889 526.8713884486866 9358250.26336687 9222563.177878588 190.3
203.20698924731184 526.6046931427269 9222563.177878588 10053512.971154757 202.90322580645162
