393.71774193548384 582.0 62840000.0 61328362.0521154 394.31451612903226
248.60416666666666 581.0753278510281 61328362.0521154 54753253.54871884 251.35416666666666
260.48118279569894 576.3834057763225 54753253.54871884 48275729.86724343 262.8763440860215
254.70833333333334 571.4181696878169 48275729.86724343 36218863.699402 259.2916666666667
934.5188172043011 561.4623834944309 36218863.699402 42723995.30709988 932.016129032258
868.2916666666666 567.1625815730775 42723995.30709988 52908020.68580881 864.3055555555555
697.3225806451613 574.9689737721881 52908020.68580881 64190850.03982619 693.0376344086021
361.6182795698925 582.8426482356749 64190850.03982619 40404993.02784971 370.4166666666667
203.44722222222222 565.3849896455962 40404993.02784971 55412498.54669412 197.55555555555554
186.13709677419354 576.888738865953 55412498.54669412 41598505.99843733 191.18279569892474
231.0222222222222 566.2998568024093 41598505.99843733 64235012.955192596 222.25
254.33870967741936 582.8701966693416 64235012.955192596 41409287.04096477 262.8763440860215
257.98924731182797 566.1548142147675 41409287.04096477 60409402.76659975 250.92741935483872
409.0595238095238 580.5131985008456 60409402.76659975 57961225.6591497 410.1041666666667
197.54569892473117 578.842422474198 57961225.6591497 42937914.95539883 203.13172043010752
252.48055555555555 567.326558056994 42937914.95539883 57110939.31493864 246.94444444444446
591.3198924731183 578.1906498756795 57110939.31493864 40509324.80067788 597.4462365591398
411.23055555555555 565.4649633993172 40509324.80067788 50144846.248834506 407.4583333333333
201.46236559139786 572.8509091987559 50144846.248834506 45487819.353805736 203.13172043010752
180.55645161290323 569.2811440938491 45487819.353805736 48813626.76902117 179.23387096774192
188.3111111111111 571.8304854491996 48813626.76902117 56592766.564199775 185.20833333333334
174.93279569892474 577.7934533282694 56592766.564199775 44774271.10818141 179.23387096774192
201.20277777777778 568.7341857692974 44774271.10818141 54127228.84198804 197.55555555555554
226.15322580645162 575.9035371383976 54127228.84198804 51821458.91385616 227.02956989247312
107.0 574.1360882455912 51821458.91385616 50458713.93790777 107.54032258064517
556.5208333333334 573.0914991608211 50458713.93790777 52705375.738357894 555.625
290.23118279569894 574.8136397192824 52705375.738357894 61901962.584233314 286.7741935483871
216.3972222222222 581.4262005169512 61901962.584233314 46556098.734392636 222.25
471.64516129032256 570.1000155629363 46556098.734392636 61463781.944205776 466.008064516129
694.0638888888889 581.1581644871471 61463781.944205776 36103510.08872222 703.7916666666666
317.23924731182797 561.3455793750794 36103510.08872222 53506422.7797499 310.6720430107527
180.93548387096774 575.4276687640368 53506422.7797499 57847149.10798495 179.23387096774192
187.5361111111111 578.7549790256598 57847149.10798495 63617387.85809745 185.20833333333334
173.93817204301075 582.4849276290839 63617387.85809745 49135519.58831461 179.23387096774192
206.65555555555557 572.0772269389386 49135519.58831461 40617926.402384154 209.90277777777777
224.73655913978496 565.54821011806 40617926.402384154 34517806.60538593 227.02956989247312
178.0 559.739936536228 34517806.60538593 63301867.172008604 167.28494623655914
542.7767857142857 582.2881086324425 63301867.172008604 64303462.83594179 542.3958333333334
196.05376344086022 582.912895095921 64303462.83594179 45283977.37067739 203.13172043010752
175.73888888888888 569.1248924735152 45283977.37067739 52567880.00427934 172.86111111111111
391.31720430107526 574.708244692659 52567880.00427934 44350430.90866217 394.31451612903226
565.0944444444444 568.4092982416098 44350430.90866217 36746794.354902774 567.9722222222222
345.0295698924731 561.9969525896765 36746794.354902774 64573447.085335806 334.5698924731183
182.90860215053763 583.0813088685121 64573447.085335806 42195693.26736689 191.18279569892474
188.2 566.7576205907171 42195693.26736689 49686875.38578875 185.20833333333334
173.3763440860215 572.4998593889062 49686875.38578875 33697966.623232186 179.23387096774192
204.26388888888889 558.9097875139281 33697966.623232186 50985469.75163248 197.55555555555554
222.73387096774192 573.4952749098185 50985469.75163248 39521319.710626185 227.02956989247312
266.19354838709677 564.7076248282856 39521319.710626185 48491862.57725066 262.8763440860215
391.70535714285717 571.5838425567101 48491862.57725066 36064509.768196166 396.875
139.61021505376345 561.3060886468168 36064509.768196166 57890853.38303652 131.43817204301075
128.175 578.7884797976182 57890853.38303652 37901934.35816464 135.81944444444446
331.48387096774195 563.1666178477776 37901934.35816464 61452167.76007132 322.6209677419355
189.51388888888889 581.151060066001 61452167.76007132 40468938.232837066 197.55555555555554
187.01075268817203 565.4340057596396 40468938.232837066 61112638.89603786 179.23387096774192
170.90322580645162 580.94336953747 61112638.89603786 38583830.93662844 179.23387096774192
180.51111111111112 563.8570889034028 38583830.93662844 58149818.412874445 172.86111111111111
167.19354838709677 578.9869850559609 58149818.412874445 57606510.40185457 167.28494623655914
197.26111111111112 578.5705215004195 57606510.40185457 56742670.755329534 197.55555555555554
213.08333333333334 577.9083598475222 56742670.755329534 51434336.424019314 215.08064516129033
109.0 573.8393460564878 51434336.424019314 55428550.78627897 107.54032258064517
600.7708333333334 576.9010434383802 55428550.78627897 36709869.6961398 608.5416666666666
190.2715053763441 561.9595636234903 36709869.6961398 34207065.45242756 191.18279569892474
143.7861111111111 559.4252879829346 34207065.45242756 54682229.378285706 135.81944444444446
339.1317204301075 576.328963401191 54682229.378285706 34708099.15993078 346.51881720430106
183.1027777777778 559.9326219157473 34708099.15993078 61115239.07490794 172.86111111111111
188.997311827957 580.9449600724171 61115239.07490794 55076039.566186376 191.18279569892474
172.83870967741936 576.6308319319966 55076039.566186376 37730741.730106056 179.23387096774192
183.0611111111111 562.9932725658916 37730741.730106056 63905559.77937063 172.86111111111111
170.0779569892473 582.6646867095686 63905559.77937063 39084002.293503486 179.23387096774192
204.66944444444445 564.3635496419989 39084002.293503486 57422396.71532421 197.55555555555554
219.8279569892473 578.4293922717666 57422396.71532421 38175030.665471785 227.02956989247312
172.0 563.4431481920396 38175030.665471785 50888620.864346996 167.28494623655914
361.54761904761904 573.4210370352961 50888620.864346996 61515324.32626295 357.1875
71.72311827956989 581.1896930719162 61515324.32626295 61533300.311352536 71.69354838709677
72.44722222222222 581.2006890202423 61533300.311352536 57119677.62329842 74.08333333333333
116.79301075268818 578.1973480779793 57119677.62329842 49713824.22902088 119.48924731182795
136.6888888888889 572.5205165683376 49713824.22902088 51828653.491145484 135.81944444444446
165.91397849462365 574.1416031269803 51828653.491145484 47971100.99476825 167.28494623655914
154.81451612903226 571.1846615841661 47971100.99476825 46358142.57761751 155.33602150537635
172.73333333333332 569.9482756231237 46358142.57761751 45764040.73519293 172.86111111111111
161.6747311827957 569.4928769162551 45764040.73519293 62442264.815671846 155.33602150537635
167.23888888888888 581.7567045415013 62442264.815671846 47769322.22528403 172.86111111111111
44.873655913978496 571.0299914853128 47769322.22528403 39983738.90488897 47.795698924731184
92.15322580645162 565.0620844311022 39983738.90488897 62863704.35879882 83.64247311827957
237.94642857142858 582.0147865681095 62863704.35879882 62509517.839004815 238.125
348.6801075268817 581.7978433589657 62509517.839004815 36231417.924562655 358.46774193548384
271.3388888888889 561.4750955821185 36231417.924562655 35276904.83731785 271.6388888888889
426.9462365591398 560.5085800139618 35276904.83731785 58480028.47977951 418.2123655913978
362.85 579.2401019910134 58480028.47977951 38725973.563458994 370.4166666666667
509.51344086021504 564.0010188961564 38725973.563458994 59047494.61030007 501.85483870967744
184.1263440860215 579.6750835439675 59047494.61030007 39930922.72878622 191.18279569892474
188.00555555555556 565.0215990856929 39930922.72878622 46918510.81367734 185.20833333333334
172.497311827957 570.3778164052737 46918510.81367734 60579797.921076916 167.28494623655914
203.33333333333334 580.6174295793821 60579797.921076916 43451089.81846006 209.90277777777777
220.53494623655914 567.7199235582384 43451089.81846006 58101310.830723904 215.08064516129033
137.0 578.9498023902844 58101310.830723904 41078721.74900239 143.38709677419354
658.4553571428571 565.9014249879627 41078721.74900239 65898778.16917054 648.2291666666666
227.42741935483872 583.9080386064942 65898778.16917054 34898234.03771301 238.9784946236559
135.53333333333333 560.1251476358048 34898234.03771301 33982018.57327621 135.81944444444446
663.7876344086021 559.1974112621526 33982018.57327621 51457200.613273755 657.1908602150538
324.00555555555553 573.8568722135816 51457200.613273755 59034443.276542544 321.02777777777777
184.08064516129033 579.6650792650853 59034443.276542544 39826343.29233828 191.18279569892474
169.3548387096774 564.941435489618 39826343.29233828 45154420.39829327 167.28494623655914
179.26944444444445 569.0255827702348 45154420.39829327 61501407.31698388 172.86111111111111
166.24193548387098 581.1811800077295 61501407.31698388 58409589.63500079 167.28494623655914
197.58333333333334 579.1861082873503 58409589.63500079 58380629.93360003 197.55555555555554
210.61021505376345 579.1639097186413 58380629.93360003 46448369.81591772 215.08064516129033
119.0 570.0174377847466 46448369.81591772 45222604.695733614 119.48924731182795
430.0892857142857 569.0778482888138 45222604.695733614 61646183.85833638 423.3333333333333
126.09139784946237 581.26974012611 61646183.85833638 47264066.096144274 131.43817204301075
98.59166666666667 570.6426959554612 47264066.096144274 46607664.6783854 98.77777777777777
300.2903225806452 570.139542564093 46607664.6783854 50617537.45169561 298.7231182795699
140.84166666666667 573.2132426358188 50617537.45169561 63495763.606225334 135.81944444444446
159.90860215053763 582.4090595029162 63495763.606225334 43554202.12029411 167.28494623655914
155.28225806451613 567.7989625471192 43554202.12029411 43194061.50502098 155.33602150537635
172.55 567.5229028570551 43194061.50502098 42124835.284469455 172.86111111111111
161.33870967741936 566.7033056038267 42124835.284469455 57903938.19924529 155.33602150537635
193.45833333333334 578.7985097419065 57903938.19924529 47183184.935860835 197.55555555555554
111.08333333333333 570.5806978716769 47183184.935860835 56713798.49369004 107.54032258064517
81.95698924731182 577.8862283042814 56713798.49369004 52283560.54168367 83.64247311827957
133.91666666666666 574.4903044232344 52283560.54168367 56291881.89504267 132.29166666666666
180.53763440860214 577.5628152802682 56291881.89504267 59721911.12988985 179.23387096774192
142.29444444444445 580.092658403922 59721911.12988985 44326638.6815169 148.16666666666666
345.2258064516129 568.3910607127859 44326638.6815169 40674664.25881278 346.51881720430106
179.4 565.591701561114 40674664.25881278 57484155.012337744 172.86111111111111
177.59408602150538 578.4767320485355 57484155.012337744 52906597.61147475 179.23387096774192
163.88709677419354 574.9678829386555 52906597.61147475 43589595.55772115 167.28494623655914
176.9 567.8260927872311 43589595.55772115 53795652.3373177 172.86111111111111
163.6505376344086 575.6493727836153 53795652.3373177 43762630.4231185 167.28494623655914
194.70277777777778 567.9587297331519 43762630.4231185 36267337.06597976 197.55555555555554
203.7258064516129 561.5114663871271 36267337.06597976 37899884.92687397 203.13172043010752
114.86827956989248 563.1645426460074 37899884.92687397 57611584.57028581 107.54032258064517
198.05059523809524 578.5744110183052 57611584.57028581 56752984.85852706 198.4375
159.63709677419354 577.9162659486706 56752984.85852706 36207167.83414774 167.28494623655914
142.7138888888889 561.450540560057 36207167.83414774 53903143.83709325 135.81944444444446
313.56451612903226 575.7317685725213 53903143.83709325 61462007.64819596 310.6720430107527
156.30833333333334 581.1570791465028 61462007.64819596 50422571.73793445 160.51388888888889
171.9784946236559 573.0637949694587 50422571.73793445 62807588.96412284 167.28494623655914
160.1451612903226 581.9801741003943 62807588.96412284 43468714.648329735 167.28494623655914
172.40833333333333 567.7334335731184 43468714.648329735 42032279.364430316 172.86111111111111
162.4758064516129 566.6323584306505 42032279.364430316 60856428.49687143 155.33602150537635
193.82777777777778 580.7866450911714 60856428.49687143 51093563.062677406 197.55555555555554
219.63978494623655 573.5781320069622 51093563.062677406 63346275.78748285 215.08064516129033
157.18817204301075 582.3158103316503 63346275.78748285 36387917.76235199 167.28494623655914
200.38690476190476 561.6335633199196 36387917.76235199 41181291.27737964 198.4375
216.1236559139785 565.9800479230415 41181291.27737964 43912800.08099365 215.08064516129033
186.175 568.073839741443 43912800.08099365 46243051.05974324 185.20833333333334
375.38978494623655 569.8600541690416 46243051.05974324 59373948.29497172 370.4166666666667
196.6861111111111 579.8798087974561 59373948.29497172 56980956.65274817 197.55555555555554
192.79032258064515 578.0910138670865 56980956.65274817 61100537.16308365 191.18279569892474
175.08064516129033 580.9359668816735 61100537.16308365 49760850.17006582 179.23387096774192
182.2277777777778 572.5565635071146 49760850.17006582 41771947.98287816 185.20833333333334
167.22043010752688 566.4328058185388 41771947.98287816 41300281.660693206 167.28494623655914
197.07777777777778 566.0712579864031 41300281.660693206 39961132.556995034 197.55555555555554
225.45698924731184 565.044755917937 39961132.556995034 35790590.51475635 227.02956989247312
202.0 561.0287250083238 35790590.51475635 32844578.713678047 203.13172043010752
551.3035714285714 558.0456687173577 32844578.713678047 54473813.68152429 542.3958333333334
263.93548387096774 576.1692058781223 54473813.68152429 57248189.67634807 262.8763440860215
246.61388888888888 578.2958568160384 57248189.67634807 56214690.376658484 246.94444444444446
407.8440860215054 577.5036454290017 56214690.376658484 60258635.6180165 406.26344086021504
678.0305555555556 580.420973915276 60258635.6180165 57348373.6428272 679.0972222222222
447.52150537634407 578.372651139041 57348373.6428272 39647689.67993039 454.05913978494624
186.05107526881721 564.8044915883233 39647689.67993039 57689933.71930277 179.23387096774192
190.9361111111111 578.6344682317301 57689933.71930277 40269121.04285539 197.55555555555554
173.83602150537635 565.280839276337 40269121.04285539 57516546.66823005 167.28494623655914
202.20555555555555 578.5015613238437 57516546.66823005 37464605.07628272 209.90277777777777
220.0268817204301 562.723789388956 37464605.07628272 50754044.13479885 215.08064516129033
123.0 573.3178795221654 50754044.13479885 60242105.69321426 119.48924731182795
448.9166666666667 580.4108625251044 60242105.69321426 58204600.13135426 449.7916666666667
259.43548387096774 579.0289770545952 58204600.13135426 48926287.51947359 262.8763440860215
141.7722222222222 571.9168436396767 48926287.51947359 32176318.212688383 148.16666666666666
334.9623655913978 557.3690052054357 32176318.212688383 65043688.25933176 322.6209677419355
228.03333333333333 583.3746411288868 65043688.25933176 47890148.103454225 234.59722222222223
188.46774193548387 571.1226085161749 47890148.103454225 40432302.19396487 191.18279569892474
171.49462365591398 565.4059230244319 40432302.19396487 51491262.5299342 167.28494623655914
180.19444444444446 573.8829817989977 51491262.5299342 38231982.666071445 185.20833333333334
164.73924731182797 563.5008163329512 38231982.666071445 63119569.74240083 155.33602150537635
196.68333333333334 582.1743931178419 63119569.74240083 60758057.506103165 197.55555555555554
234.95967741935485 580.7264713468185 60758057.506103165 50035426.2002216 238.9784946236559
151.0 572.7670351133963 50035426.2002216 38506799.1072456 155.33602150537635
808.6488095238095 563.7790884408245 38506799.1072456 42628340.34467277 806.9791666666666
440.3763440860215 567.0892588814376 42628340.34467277 37920929.0803386 442.11021505376345
634.0 563.1858514182119 37920929.0803386 48863983.49874779 629.7083333333334
937.1182795698925 571.8690855476373 48863983.49874779 62331430.816452354 932.016129032258
938.0 581.6889071483617 62331430.816452354 61174722.004515305 938.3888888888889
938.0 580.9813459070174 61174722.004515305 44999823.98067243 943.9650537634409
253.44086021505376 568.9070795042228 44999823.98067243 51513815.45781132 250.92741935483872
196.31944444444446 573.9002693639536 51513815.45781132 48046649.21871706 197.55555555555554
176.70967741935485 571.2425717959104 48046649.21871706 40986895.84619614 179.23387096774192
212.13888888888889 565.8310373971343 40986895.84619614 46682101.694757216 209.90277777777777
230.63978494623655 570.1966009984862 46682101.694757216 56393187.48777317 227.02956989247312
195.0 577.6404693668802 56393187.48777317 34698541.53182536 203.13172043010752
460.6934523809524 559.9229441056868 34698541.53182536 61151431.36364125 449.7916666666667
159.75 580.9670989724401 61151431.36364125 40908173.29990402 167.28494623655914
111.44166666666666 565.7706939623513 40908173.29990402 41554907.491272986 111.125
320.7795698924731 566.2664371050339 41554907.491272986 36434892.93214252 322.6209677419355
229.28333333333333 561.6811291768221 36434892.93214252 54525758.56299516 222.25
188.31451612903226 576.209023347386 54525758.56299516 46657580.69730983 191.18279569892474
172.18279569892474 570.1778048431282 46657580.69730983 59559204.39738349 167.28494623655914
181.60833333333332 579.9931303494633 59559204.39738349 49965903.78557759 185.20833333333334
167.76075268817203 572.7137438837343 49965903.78557759 50941561.447724774 167.28494623655914
202.38611111111112 573.4616177429955 50941561.447724774 63361408.52689805 197.55555555555554
215.55913978494624 582.3252499998541 63361408.52689805 32680386.237289015 227.02956989247312
215.0 557.8794116102265 32680386.237289015 32549724.994212095 215.08064516129033
387.0833333333333 557.7471073733584 32549724.994212095 40944388.636565834 383.6458333333333
181.78494623655914 565.7984542154036 40944388.636565834 47715295.5143751 179.23387096774192
193.5222222222222 570.9885782249469 47715295.5143751 37085614.15818458 197.55555555555554
387.7043010752688 562.3400328669903 37085614.15818458 51195791.27299149 382.36559139784947
198.6861111111111 573.6564933104594 51195791.27299149 53986613.14701193 197.55555555555554
196.9247311827957 575.7957505585813 53986613.14701193 37175727.768095136 203.13172043010752
178.46774193548387 562.4312796063439 37175727.768095136 34907379.694954485 179.23387096774192
186.20555555555555 560.1344082946925 34907379.694954485 37229270.96208668 185.20833333333334
170.32258064516128 562.4854960767655 37229270.96208668 45066643.303060725 167.28494623655914
201.15555555555557 568.95829872429 45066643.303060725 54297130.05870772 197.55555555555554
217.8763440860215 576.0337720389894 54297130.05870772 61826634.98398556 215.08064516129033
190.0 581.3801224636081 61826634.98398556 58743745.668647446 191.18279569892474
426.94940476190476 579.4422499363881 58743745.668647446 35566963.57802913 436.5625
200.9220430107527 560.8022860849667 35566963.57802913 61590622.56176281 191.18279569892474
164.04722222222222 581.2357531627804 61590622.56176281 38569874.04157299 172.86111111111111
366.4005376344086 563.8429565080123 38569874.04157299 59628130.0415519 358.46774193548384
203.9611111111111 580.0352923126514 59628130.0415519 44088176.789474584 209.90277777777777
260.02150537634407 568.208271787523 44088176.789474584 36254125.30751615 262.8763440860215
177.1505376344086 561.4980884980143 36254125.30751615 62461556.30634588 167.28494623655914
184.13055555555556 581.7685051873924 62461556.30634588 59405114.23710357 185.20833333333334
171.30376344086022 579.8988730705687 59405114.23710357 37866501.1726499 179.23387096774192
201.6472222222222 563.1307391093014 37866501.1726499 48371614.476109706 197.55555555555554
222.2258064516129 571.491668411046 48371614.476109706 35547116.9196664 227.02956989247312
257.9032258064516 560.7821898657112 35547116.9196664 54316677.961434536 250.92741935483872
355.3690476190476 576.048756152803 54316677.961434536 49995769.10962503 357.1875
124.39784946236558 572.7366366421475 49995769.10962503 63081107.65047867 119.48924731182795
90.44722222222222 582.1504008071167 63081107.65047867 41315699.619019195 98.77777777777777
300.73118279569894 566.0830763612722 41315699.619019195 46506721.09305684 298.7231182795699
169.45277777777778 570.0621659681248 46506721.09305684 37532855.56054153 172.86111111111111
167.1290322580645 562.79289808579 37532855.56054153 36929758.245829925 167.28494623655914
157.11290322580646 562.1822171516345 36929758.245829925 41473217.05197986 155.33602150537635
171.01944444444445 566.2038186821288 41473217.05197986 36436039.17182984 172.86111111111111
164.5188172043011 561.6822898298476 36436039.17182984 60732660.10366407 155.33602150537635
195.19444444444446 580.7109357017094 60732660.10366407 54512017.442470804 197.55555555555554
219.18010752688173 576.1984903241384 54512017.442470804 33529554.823243074 227.02956989247312
