0.5553098501812537
0.01758225146158754
0.5003673859942639
0.33036782250565544
0.5085797779140675
0.331126368492904
0.5011837693681862
0.5019009113688693
0.5097740262327441
1.743152923566889
2.338352195675809
2.4101228215884296
0.9351218670410439
0.010277075340119346
0.5007754804250419
0.3787096361611244
0.5003309039176509
3.2477609670011853
3.405286126358503
3.549708584159381
3.6901893406459987
3.808557808932723
3.834553381544994
3.4305154298042737
2.7642395701329723
1.2182032092175605
0.5001473632921067
0.3658873918603591
0.5003161204896154
3.122529103746272
3.3792329518448234
2.2139795127499804
2.5611776571416485
3.215436099414006
3.696309839543651
3.4599312419957
2.688462357302714
0.010539281101628717
0.5005077738405808
0.3784346210439429
0.5001802114090443
2.995857601480044
3.3423220372128655
3.5400300220579886
3.713366875886991
3.8411317856618767
3.833204370272023
3.523113706018549
2.6374399981728764
1.1621550860655372
0.5001605255168107
0.3767864298289476
0.5001712505847467
3.2962128504289767
3.577438542358631
3.730357725955671
3.8481654436589996
3.928784076608587
3.914329335233351
3.683168004700585
2.2793177016941533
0.8309122415438437
0.5002183456314242
0.9451632825282283
0.5000596487604616
3.3049273664552112
3.5355266933260525
3.6899636770122566
3.796463436983675
3.889290002298491
3.7844868040246293
3.542070346246721
3.238384033640278
3.008218580291859
0.4998231904074375
2.310885828179101
0.46980032054653176
3.6946665358834685
3.829542118599479
3.9045376381080796
3.9642280042394047
4.04422642631135
3.9301966926688925
3.7368944453936574
2.7409684836477153
0.21937852016862802
0.5003330512977229
0.331408442255154
0.5004982264114419
0.33086474641566355
0.500483656285982
0.31350084137142886
2.244003456472841
3.1713688554345576
3.8008924279105707
3.527219312230718
1.4788169282839307
0.010358292819673487
0.5004062320206186
0.3833835299398247
0.5003086202328699
3.524172775730194
3.6342671581500223
3.7627638264528835
3.873256967760677
3.9486999704170236
3.9078040859142744
3.734924144982266
3.4363065096053
2.6334969684053977
0.49989084540352646
1.966966408866766
0.4998870241853508
3.696639811099951
3.8303302746022463
3.894411543053649
3.967997538890341
4.051258601475818
3.9912914140520774
3.7033673095753024
2.95749959672784
2.204719010304144
0.49996829141621824
0.7677814573194528
0.5001780851947109
3.339640355342306
3.586328736492707
3.775926885639901
3.900148232988878
4.002932185030641
3.9660871763023495
3.705391548595368
2.231669550295352
0.9733574529271705
0.5001918806362315
0.35180825929468984
0.5015633387878156
3.625620816256911
3.7660255977575403
3.8947471988796094
3.950163540167219
4.0274053456857
3.98380865671912
3.545960724397159
2.026429638665825
1.012434740390694
0.5001865939700725
0.2875672676142571
0.5003373522961567
3.1913988732408467
3.456535429637935
3.663857312492343
3.813340004230554
3.9282770615644784
3.918042192654115
3.4450889355961785
1.471438638707435
0.6314803027649178
0.5002549034818751
0.3795492227774009
0.5004162917794686
2.8146334100780512
0.40469561426692735
0.4537787609041395
2.1275488912163794
2.965000425548774
3.625922177933776
3.5368326142604314
3.186683757619578
2.2908120067937765
0.4999542771470997
0.3780164379817794
0.5003155297013153
3.348545145409254
3.597862327400683
3.7382907453024345
3.854635382399608
3.9801466893240383
3.9259756012149216
3.2462779354601654
0.8571925763466628
0.010265365703114426
0.5008274503692043
0.370088947506547
0.5006336986635427
0.331314761345217
0.5083298738882052
0.5016089942710442
1.2967245891919528
2.3992416690742813
3.0982434051474885
3.3329310672065926
2.3712152135548994
0.010490964795955904
0.5004077806334477
0.3779007896514237
0.5007269370314509
3.3865331129909007
3.559495153058548
3.703634906450614
3.82588639757173
3.9169133766635107
3.8307311174555965
3.6314084816631955
2.6653506902371764
2.2174095268218674
0.49996767860640823
0.34123038807330364
0.5003641710071323
3.009747553730157
3.390423530491139
3.6132233180192426
3.7537055581277863
3.9050411514629095
3.835569125920196
3.5828027581919244
2.5998091421659617
2.0563904302339124
0.49999586167269694
0.36791992090726655
0.500237968828495
3.1028581470246195
3.446799154322047
3.651592531970312
3.795787721896205
3.9053795411437586
3.8659474825525924
3.554619553907192
2.645711960738321
2.0166198528881503
0.5000033210441535
0.36054909595843565
0.5006609124018189
3.6420041700724273
3.7639450329280963
3.877194975972087
3.936436578183378
3.9845372346794488
3.935989475813219
3.5555220679321495
