0.5553098501812537
0.01038070748958475
0.5003714939884105
0.33084245274282154
0.5004315237561707
0.3323162099644348
0.504328566749761
0.5019685927671613
0.23718941331889098
0.27148334938509056
0.2548692775832757
0.23566129973322436
0.3509443047389169
0.010087410795605933
0.5007563661597612
0.3304800042694058
0.5005474548556892
0.33143057548055044
0.3415401294660416
0.09397970061368355
0.383462416811275
0.8195772153380161
0.9201895885465006
0.4379634256590945
0.13197146023394613
0.010117151114259926
0.5006908154864549
0.11971323309701631
0.5003321808294299
0.33135628262990924
0.5019565707962537
0.06567770857717559
0.2524767521919644
0.819110781153392
0.8299473906165855
0.4676560166620991
0.1876129774074622
0.010111557248596803
0.5009072099716514
0.6837870503506958
0.5001949673252843
0.3310586108530922
0.5015272411807876
0.09589767572861074
0.3301579276283162
0.05781549952271625
0.8158993516606285
0.42596402168883873
0.36012248976268424
0.010085458439062833
0.5007303428270404
0.33034868738765066
0.5003798023804942
0.3077154348576405
0.46212761424339455
0.7401069337036112
0.7934208309428277
0.9196652784213342
0.9393308463956802
0.6070330673705886
0.5001869855960415
0.010032514862477804
0.5007740271065595
1.41072517366332
0.5000705238015453
0.4981079691685979
0.3581805959668767
0.6388743276071187
0.6790846887444202
0.8591121971578639
0.8296691567972019
0.5494049262819862
0.3422275287352514
0.015929121146848857
0.8542021873163912
3.058779164718344
1.682643430191749
1.2168452979537996
0.527966424164112
0.8942733583767044
0.9297071426195314
1.0768223763345972
1.0361204367883197
0.7444385406338005
2.610530379070193
0.20023516081396586
0.5003352703814832
0.3309738098012813
0.5008833675997479
0.33090160388329526
0.5004076860569295
0.04062522994381368
0.6397922302717598
0.5168608794364733
0.8357586429797523
0.4719911716821077
0.5002092246729681
0.009910858123627797
0.5009424155471596
0.1856216538268054
0.5002799204255775
0.3315455178455071
0.5193645710031065
0.38970895331206545
0.8384456143046517
0.9604622892808123
0.9530646311609616
0.6797259162149984
0.5400064418004629
0.010217213987094631
0.4505761427479582
2.448014110767234
0.4998949462941056
1.031178564924283
0.6742816499912667
0.8845583047171077
0.9959270417666475
1.1257239430728267
1.117537314432922
0.7526627396527044
0.7472894885370707
2.1992529295353216
0.49996798772126017
0.6889027963791232
0.5001937558465421
0.14916563105266256
0.28279219047692905
0.5840107246444033
0.7407413899631266
1.014348242407972
1.071951978834886
0.7338098278107683
1.9502340916862275
0.953800797394313
0.5001969179640087
0.7371906731720976
0.5001861079921168
0.5362153244844947
0.4210871050218765
0.6415297691502708
0.6440901424412999
0.9342181007847246
1.0086473574098043
0.5533136400929495
1.8456809667951117
0.9931162351201159
0.500189181479695
0.3305955114542014
0.500573029956044
0.1219567195024629
0.25764029794213705
0.5522158262687551
0.6534160613581887
0.8771702448446379
0.9227853783018349
0.3479984229050226
0.5002306140758108
0.009906111915784166
0.5008226937262306
0.33075187761503244
0.5005974412242082
0.33083798527089225
0.5012515999714102
0.12142001194467422
0.19242744103082998
0.31993166564905007
0.838042258747187
0.46169480008622266
0.18923562710600983
0.010167222054936254
0.5004854422061156
1.450896386268179
0.5000636451249925
0.31046378952376763
0.04074089655987123
0.6849053014589712
0.7371516031614265
0.9708581787545962
0.9914372175944979
0.23278426565327237
0.500247430144916
0.00983648419077987
0.5013703868008541
0.3312460517250999
0.5021376658153587
0.3545884238293251
0.5083754900365145
0.5016751144470675
0.33047183052615914
0.09204672997599417
0.6162808964078312
0.23947984473560968
0.39278592581791827
0.010079965182963058
0.5006936010148468
0.4167432502539308
0.5002405266440615
0.4384012052556372
0.4234928198835348
0.6729234165890396
0.708568171854985
0.865866110898287
0.8152669417938072
0.5342691923903207
0.31194448285874987
0.010090055534136333
0.5005215358852615
0.34279955038197585
0.5002524404896365
0.06137582519497098
0.17098489358038016
0.5015119330395166
0.5729534298016032
0.7704839014810352
0.8198680627410946
0.5065889838662301
0.3775517632491754
0.010082858556098806
0.5005505290078149
0.9600002840775059
0.5001482582996344
0.3307081065869202
0.500489242700402
0.48295487040941154
0.5731782702944903
0.7290185292232021
0.8703876948640556
0.4574800497332676
0.35178774571349614
0.01008703371219255
0.5005662949047531
2.0495749787700057
0.4999630630886456
0.6535092227857326
0.6278712437702847
0.8061235403411318
0.7767213972909421
0.8916993917199294
0.9204245233332506
0.5210638142681301
