141.79706129032255 976.4455239431677 673917419.4 916245.154050549 393.71774193548384
248.72363571428556 972.336649806162 916245.154050549 1600920.5987448362 248.60416666666666
262.585732258064 972.3640368239497 1600920.5987448362 1674995.4916624627 260.48118279569894
258.3828488888889 972.3669998196665 1674995.4916624627 1636489.1952376126 254.70833333333334
947.1816526881718 972.3654595678095 1636489.1952376126 20782519.680133894 934.5188172043011
867.2414244444444 973.0217366577815 20782519.680133894 8403784.238214388 868.2916666666666
699.9730989247312 972.6418243432589 8403784.238214388 4460671.877373955 697.3225806451613
365.1731956989247 972.4784268750949 4460671.877373955 2314987.2162152664 361.6182795698925
208.23967555555555 972.3925994886486 2314987.2162152664 1307119.1609713272 203.44722222222222
191.7454935483871 972.3522847664389 1307119.1609713272 1194901.3636554785 186.13709677419354
233.80637000000002 972.3477960545462 1194901.3636554785 1484468.4000727572 231.0222222222222
255.04278064516132 972.3593787360029 1484468.4000727572 1632710.4883297926 254.33870967741936
265.67856774193547 972.3653084195331 1632710.4883297926 22597726.696446672 257.98924731182797
400.60965714285726 973.0721590749013 22597726.696446672 2573371.645479413 409.0595238095238
199.094535483871 972.4029348658191 2573371.645479413 1262569.9085074032 197.54569892473117
256.30642 972.3505027963403 1262569.9085074032 1622687.0329545545 252.48055555555555
596.1371258064516 972.3649074813181 1622687.0329545545 3795437.1903970223 591.3198924731183
413.78348222222223 972.4518174876159 3795437.1903970223 2639366.4172755615 411.23055555555555
204.54393763440856 972.405574656691 2639366.4172755615 1290131.8514565143 201.46236559139786
184.63683655913985 972.3516052740582 1290131.8514565143 1158627.5695232553 180.55645161290323
193.48968666666667 972.3463451027809 1158627.5695232553 1212790.1471949369 188.3111111111111
180.5298870967742 972.3485116058878 1212790.1471949369 1121261.6100522985 174.93279569892474
203.91654 972.344850464402 1121261.6100522985 1289982.7574391768 201.20277777777778
226.8570258064516 972.3515993102975 1289982.7574391768 1452022.1699411096 226.15322580645162
259.14846774193546 972.3580808867977 1452022.1699411096 411325986.17120606 107.0
386.6956250000003 975.9682771363348 411325986.17120606 2482333.6117758327 556.5208333333334
292.095609677419 972.3992933444711 2482333.6117758327 1863997.564611109 290.23118279569894
219.86063333333334 972.3745599025845 1863997.564611109 1387013.3311635735 216.3972222222222
476.1366795698923 972.3554805332465 1387013.3311635735 3033268.328116268 471.64516129032256
697.8506366666667 972.4213307331246 3033268.328116268 4452831.171717527 694.0638888888889
320.0457838709678 972.4781132468687 4452831.171717527 2032322.926169235 317.23924731182797
184.7390655913978 972.3812929170467 2032322.926169235 1158096.9683714204 180.93548387096774
192.71183666666667 972.3463238787348 1158096.9683714204 1207989.464768137 187.5361111111111
179.5339548387097 972.3483195785907 1207989.464768137 1117506.4385083667 173.93817204301075
209.39037 972.3447002575404 1117506.4385083667 1329410.9738152365 206.65555555555557
225.4237129032258 972.3531764389526 1329410.9738152365 1447559.0155221038 224.73655913978496
262.78090645161285 972.3579023606209 1447559.0155221038 229810552.01158538 178.0
448.5950428571433 975.3404353462096 229810552.01158538 2878196.8211987643 542.7767857142857
197.486719354839 972.415127872848 2878196.8211987643 1259477.260682702 196.05376344086022
179.29150333333334 972.3503790904273 1259477.260682702 1128725.8182246964 175.73888888888888
395.62634838709647 972.345149032729 1128725.8182246964 2518516.1383072734 391.31720430107526
568.6525988888889 972.4007406455323 2518516.1383072734 3629406.713106989 565.0944444444444
348.24007526881724 972.4451762685243 3629406.713106989 2210426.3065003497 345.0295698924731
186.65419247311826 972.38841705226 2210426.3065003497 1174289.3418887805 182.90860215053763
193.37082 972.3469715736755 1174289.3418887805 1208921.2938858604 188.2
178.9702451612903 972.3483568517554 1208921.2938858604 1116204.367259169 173.3763440860215
206.99036 972.3446481746903 1116204.367259169 1311516.3459502303 204.26388888888889
223.4200483870968 972.352460653838 1311516.3459502303 1428082.7054828012 222.73387096774192
266.1986709677419 972.3571233082192 1428082.7054828012 1709738.6186940053 266.19354838709677
391.868157142857 972.3683895447477 1709738.6186940053 2516037.887125197 391.70535714285717
141.008006451613 972.400641515485 2516037.887125197 895969.8390159446 139.61021505376345
131.69749333333334 972.3358387935606 895969.8390159446 822107.9071765796 128.175
335.6986193548387 972.332884316287 822107.9071765796 2132158.7997643603 331.48387096774195
191.9712 972.3852863519905 2132158.7997643603 1216403.8750452755 189.51388888888889
190.5747290322581 972.3486561550018 1216403.8750452755 1200985.8600890804 187.01075268817203
174.98280645161287 972.3480394344035 1200985.8600890804 1099524.4459889312 170.90322580645162
185.67882666666668 972.3439809778396 1099524.4459889312 1157026.7261516764 180.51111111111112
172.77965483870966 972.3462810690461 1157026.7261516764 1071839.622484724 167.19354838709677
199.98207 972.3428735848994 1071839.622484724 1267346.4363987537 197.26111111111112
213.7609516129032 972.3506938574559 1267346.4363987537 1365991.9570803542 213.08333333333334
282.40506774193545 972.3546396782832 1365991.9570803542 468557908.19771653 109.0
407.17153571428526 976.0911158163955 468557908.19771653 2616742.700237756 600.7708333333334
191.78264516129 972.4046697080095 2616742.700237756 1216897.8997270283 190.2715053763441
147.24170333333333 972.348675915989 1216897.8997270283 925189.0578481259 143.7861111111111
343.3340258064516 972.3370075623139 925189.0578481259 2179750.987958599 339.1317204301075
185.52103 972.3871900395184 2179750.987958599 1176728.3506787403 183.1027777777778
192.5846612903226 972.3470691340272 1176728.3506787403 1218181.7264388648 188.997311827957
176.91749677419358 972.3487272690576 1218181.7264388648 1108123.113823416 172.83870967741936
188.2360666666667 972.3443249245529 1108123.113823416 1174179.7189625998 183.0611111111111
175.669835483871 972.3469671887584 1174179.7189625998 1091070.7933725799 170.0779569892473
207.4077 972.3436428317349 1091070.7933725799 1315990.9067852353 204.66944444444445
220.5062677419355 972.3526396362714 1315990.9067852353 1412974.8180749854 219.8279569892473
235.44928064516125 972.356518992723 1412974.8180749854 172366163.2715557 172.0
290.81858214285717 975.0144278248266 172366163.2715557 1865952.1096836834 361.54761904761904
73.1590516129032 972.3746380843874 1865952.1096836834 459834.4830055401 71.72311827956989
75.93895333333333 972.3183933793201 459834.4830055401 464023.5291302679 72.44722222222222
120.3960193548387 972.3185609411652 464023.5291302679 756100.171196507 116.79301075268818
139.50169 972.3302440068478 756100.171196507 877877.5014166662 136.6888888888889
169.5318612903226 972.3351151000567 877877.5014166662 1067876.6459654216 165.91397849462365
158.88620967741934 972.3427150658385 1067876.6459654216 999189.9882583923 154.81451612903226
177.90957333333336 972.3399675995303 999189.9882583923 1110072.987454925 172.73333333333332
167.25610322580644 972.3444029194982 1110072.987454925 1037186.2427990747 161.6747311827957
169.87400666666665 972.341487449712 1037186.2427990747 1072269.4854982246 167.23888888888888
45.190435483871 972.3428907794199 1072269.4854982246 291023.6096518228 44.873655913978496
92.17113548387094 972.311640944386 291023.6096518228 593157.3827191947 92.15322580645162
238.17091071428527 972.3237262953087 593157.3827191947 1530618.2699270989 237.94642857142858
351.075725806452 972.3612247307971 1530618.2699270989 2239145.3729357994 348.6801075268817
274.8552233333333 972.3895658149174 2239145.3729357994 1743696.5316726072 271.3388888888889
431.147577419355 972.3697478612669 1743696.5316726072 2741937.486852422 426.9462365591398
365.6476022222222 972.4096774994741 2741937.486852422 2326575.92130255 362.85
513.7844989247312 972.393063036852 2326575.92130255 3272677.7784256255 509.51344086021504
187.47733763440863 972.430907111137 3272677.7784256255 1175658.848089864 184.1263440860215
193.17539 972.3470263539235 1175658.848089864 1208426.8176237629 188.00555555555556
178.0858451612903 972.3483370727049 1208426.8176237629 1105313.1694553494 172.497311827957
206.06024 972.3442125267782 1105313.1694553494 1303670.6863190024 203.33333333333334
221.2187677419355 972.3521468274528 1303670.6863190024 1415070.3569103796 220.53494623655914
321.72649354838734 972.3566028142764 1415070.3569103796 499135858.9618806 137.0
452.1563642857143 976.1522717179238 499135858.9618806 2903913.7199347434 658.4553571428571
228.943296774194 972.4161565487974 2903913.7199347434 1455591.034343807 227.42741935483872
138.8665488888889 972.3582236413737 1455591.034343807 870105.3439677287 135.53333333333333
669.1407365591398 972.3348042137586 870105.3439677287 4268485.165434319 663.7876344086021
326.08258 972.4707394066173 4268485.165434319 2071008.2074849056 324.00555555555553
187.31423010752684 972.3828403282994 2071008.2074849056 1179138.4965947869 184.08064516129033
173.43558064516128 972.3471655398638 1179138.4965947869 1086182.764485225 169.3548387096774
184.43729666666667 972.3434473105793 1086182.764485225 1149191.1403334017 179.26944444444445
171.8282 972.3459676456133 1149191.1403334017 1068741.5312707445 166.24193548387098
200.30777 972.3427496612508 1068741.5312707445 1272517.6361983854 197.58333333333334
211.2812193548387 972.3509007054479 1272517.6361983854 1354693.7901933172 210.61021505376345
225.99315483870967 972.3541877516077 1354693.7901933172 289534069.1445824 119.0
310.7189214285714 975.5975517247963 289534069.1445824 1999758.180896423 430.0892857142857
127.6417677419355 972.3799903272359 1999758.180896423 810594.4011363371 126.09139784946237
102.04239333333334 972.3324237760454 810594.4011363371 634391.2453434314 98.59166666666667
304.4672741935484 972.3253756498137 634391.2453434314 1933267.1928346455 300.2903225806452
143.21332999999998 972.3773306877133 1933267.1928346455 902556.8004080468 140.84166666666667
163.4956870967742 972.3361022720163 902556.8004080468 1027421.1292077497 159.90860215053763
159.36990645161288 972.3410968451683 1027421.1292077497 1000126.5507729728 155.28225806451613
177.72435333333334 972.3400050620309 1000126.5507729728 1106966.9739163036 172.55
166.91966774193548 972.3442786789566 1106966.9739163036 1034693.7479921625 161.33870967741936
196.18152 972.3413877499197 1034693.7479921625 1243778.7183605456 193.45833333333334
111.5066 972.3497511487344 1243778.7183605456 713638.355818316 111.08333333333333
81.79251290322584 972.3285455342327 713638.355818316 526468.852825377 81.95698924731182
133.8988357142857 972.321058754113 526468.852825377 865515.0569300775 133.91666666666666
182.674987096774 972.3346206022771 865515.0569300775 1158926.4616581802 180.53763440860214
145.76669333333334 972.3463570584663 1158926.4616581802 914857.7616461652 142.29444444444445
349.4524967741935 972.3365943104658 914857.7616461652 2217091.1227026577 345.2258064516129
181.78958 972.388683644908 2217091.1227026577 1147985.4333386295 179.4
181.1517419354839 972.3459194173336 1147985.4333386295 1142901.8944113383 177.59408602150538
167.96134516129032 972.3457160757764 1142901.8944113383 1050661.8330381312 163.88709677419354
182.07316333333335 972.3420264733215 1050661.8330381312 1136843.078628774 176.9
169.2299387096774 972.3454737231451 1136843.078628774 1049659.622365045 163.6505376344086
197.42457 972.3419863848945 1049659.622365045 1252497.1074745024 194.70277777777778
204.38624731182793 972.350099884299 1252497.1074745024 1309917.906937905 203.7258064516129
114.55968387096775 972.3523967162774 1309917.906937905 739340.0970652682 114.86827956989248
198.11109642857127 972.3295736038825 739340.0970652682 1275414.884878701 198.05059523809524
161.557690322581 972.3510165953951 1275414.884878701 1022680.3089843135 159.63709677419354
146.24092333333334 972.3409072123593 1022680.3089843135 919197.7485233722 142.7138888888889
317.6809193548387 972.3367679099409 919197.7485233722 2017639.5376419562 313.56451612903226
158.69986 972.3807055815056 2017639.5376419562 1004327.34828263 156.30833333333334
175.5699129032258 972.3401730939313 1004327.34828263 1105914.3984247486 171.9784946236559
164.21942580645157 972.344236575937 1105914.3984247486 1026536.4119579343 160.1451612903226
177.5722 972.3410614564783 1026536.4119579343 1106840.232143693 172.40833333333333
168.0625129032258 972.3442736092857 1106840.232143693 1044687.8230835743 162.4758064516129
196.54877 972.3417875129234 1044687.8230835743 1247260.3630395199 193.82777777777778
220.3441903225806 972.3498904145215 1247260.3630395199 1414248.3884421121 219.63978494623655
156.94033118279572 972.3565699355377 1414248.3884421121 1009742.118221682 157.18817204301075
200.34100595238124 972.3403896847288 1009742.118221682 1288695.4571728294 200.38690476190476
218.209683870968 972.3515478182869 1288695.4571728294 1386222.2866797883 216.1236559139785
189.71687333333335 972.3554488914672 1386222.2866797883 1198271.400152948 186.175
379.614990322581 972.3479308560061 1198271.400152948 2409290.3828428956 375.38978494623655
199.06046 972.3963716153137 2409290.3828428956 1262693.722820071 196.6861111111111
196.3584096774194 972.3505077489127 1262693.722820071 1241560.751855203 192.79032258064515
179.1591935483871 972.3496624300742 1241560.751855203 1123513.2710009168 175.08064516129033
187.3951866666667 972.34494053084 1123513.2710009168 1173434.0070449414 182.2277777777778
172.8011193548387 972.3469373602818 1173434.0070449414 1073602.250962388 167.22043010752688
199.79752 972.3429440900385 1073602.250962388 1266375.961996151 197.07777777777778
226.1675387096774 972.3506550384798 1266375.961996151 1446831.4110754621 225.45698924731184
322.07010967741934 972.357873256443 1446831.4110754621 324856747.427619 202.0
417.6424678571433 975.7274145126015 324856747.427619 2680939.802036359 551.3035714285714
265.645441935484 972.4072375920814 2680939.802036359 1692427.7043910925 263.93548387096774
250.25164333333333 972.3676971081757 1692427.7043910925 1581568.9977296877 246.61388888888888
412.038487096774 972.3632627599092 1581568.9977296877 2616472.008973997 407.8440860215054
681.9255255555556 972.404658880359 2616472.008973997 4351796.211164402 678.0305555555556
450.8186655913978 972.4740718484466 4351796.211164402 2868715.640902466 447.52150537634407
189.561047311828 972.4147486256361 2868715.640902466 1191022.344198624 186.05107526881721
196.11061 972.3476408937679 1191022.344198624 1224030.3142469537 190.9361111111111
179.4267677419355 972.3489612125699 1224030.3142469537 1120509.8397192545 173.83602150537635
204.9243 972.3448203935887 1120509.8397192545 1300072.0726571514 202.20555555555555
220.7113129032258 972.3520028829063 1300072.0726571514 1413375.8047024389 220.0268817204301
237.92648709677425 972.356535032188 1413375.8047024389 310964978.55948687 123.0
320.8185285714286 975.6763418329393 310964978.55948687 2063579.638506208 448.9166666666667
261.362893548387 972.3825431855403 2063579.638506208 1664952.0284254237 259.43548387096774
145.04682333333335 972.366598081137 1664952.0284254237 909910.8269405938 141.7722222222222
339.1549580645161 972.3363964330775 909910.8269405938 2150576.4981726375 334.9623655913978
230.61063555555552 972.3860230599269 2150576.4981726375 1460881.1418342195 228.03333333333333
191.94606021505376 972.3584352456734 1460881.1418342195 1211906.4190786267 188.46774193548387
175.57206451612905 972.3484762567631 1211906.4190786267 1102881.3157652165 171.49462365591398
185.36059666666668 972.3441152526306 1102881.3157652165 1157761.2918055092 180.19444444444446
170.3161806451613 972.3463104516721 1157761.2918055092 1058924.5341383535 164.73924731182797
199.40863 972.3423569813655 1058924.5341383535 1266754.930179573 196.68333333333334
235.69461935483872 972.3506701972071 1266754.930179573 1507653.1170582937 234.95967741935485
351.46606451612934 972.3603061246823 1507653.1170582937 541670949.7582588 151.0
584.4453821428573 976.2373418995165 541670949.7582588 3750389.9711169326 808.6488095238095
442.216364516129 972.4500155988446 3750389.9711169326 2819956.620651422 440.3763440860215
638.5875077777778 972.412798264826 2819956.620651422 4073357.7568342695 634.0
1521.2845688172044 972.4629343102733 4073357.7568342695 1261679277.71229 937.1182795698925
1053.7177277777778 977.050197527122 1261679277.71229 1152997226.164875 938.0
611.5193129032258 976.9762331047194 1152997226.164875 30362240.360042557 938.0
246.93269247311832 973.2809600081828 30362240.360042557 1561185.892485049 253.44086021505376
201.37224222222227 972.3624474356993 1561185.892485049 1257083.2070352824 196.31944444444446
182.2995 972.3502833282814 1257083.2070352824 1137973.189500318 176.70967741935485
214.88332 972.34551892758 1137973.189500318 1363594.7249863076 212.13888888888889
231.3279451612903 972.3545437889994 1363594.7249863076 1481404.8349030714 230.63978494623655
266.7723774193548 972.359256193396 1481404.8349030714 194830818.59382045 195.0
380.9101678571433 975.1514074304501 194830818.59382045 2450041.407103953 460.6934523809524
161.233235483871 972.3980016562841 2450041.407103953 1025768.2040794215 159.75
114.85390333333334 972.3410307281631 1025768.2040794215 713466.314998343 111.44166666666666
324.9960516129032 972.3285386526 713466.314998343 2059168.5740907514 320.7795698924731
231.90093000000002 972.3823667429637 2059168.5740907514 1471245.1436629242 229.28333333333333
191.7878860215054 972.3588498057464 1471245.1436629242 1209539.228839805 188.31451612903226
176.26400967741938 972.3483815691535 1209539.228839805 1108431.660106061 172.18279569892474
186.77780666666666 972.3443372664042 1108431.660106061 1165997.6821528384 181.60833333333332
173.34813548387098 972.3466399072861 1165997.6821528384 1081261.6328404055 167.76075268817203
205.12122 972.3432504653135 1081261.6328404055 1302815.5739549575 202.38611111111112
216.2319935483871 972.3521126229582 1302815.5739549575 1387397.683851779 215.55913978494624
263.90626451612906 972.355495907354 1387397.683851779 133215122.45692144 215.0
332.68792142857137 974.7056955783048 133215122.45692144 2134271.81013516 387.0833333333333
183.452732258065 972.3853708724054 2134271.81013516 1168004.5693822387 181.78494623655914
197.17529333333334 972.3467201827752 1168004.5693822387 1247312.0281240947 193.5222222222222
391.956206451613 972.3498924811249 1247312.0281240947 2494468.8271303074 387.7043010752688
201.03211 972.3997787530852 2494468.8271303074 1269997.13881569 198.6861111111111
200.5044806451613 972.3507998855526 1269997.13881569 1268189.0662469603 196.9247311827957
182.54878709677416 972.3507275626498 1268189.0662469603 1145466.2539720398 178.46774193548387
191.37879 972.3458186501589 1145466.2539720398 1194393.7049308156 186.20555555555555
175.9083193548387 972.3477757481973 1194393.7049308156 1093874.715979209 170.32258064516128
203.88055 972.3437549886391 1093874.715979209 1291817.2253059368 201.15555555555557
218.5590838709677 972.3516726890122 1291817.2253059368 1401680.7089124105 217.8763440860215
267.04267741935485 972.3560672283564 1401680.7089124105 208934293.0843365 190.0
341.2185285714286 975.237404226124 208934293.0843365 2193099.396402231 426.94940476190476
202.624422580645 972.387723975856 2193099.396402231 1287970.7650595324 200.9220430107527
167.54799333333335 972.3515188306023 1287970.7650595324 1056014.5936563397 164.04722222222222
370.649829032258 972.3422405837462 1056014.5936563397 2357495.490096534 366.4005376344086
206.3802 972.3942998196038 2357495.490096534 1310768.3317761405 203.9611111111111
263.8052247311828 972.352430733271 1310768.3317761405 1673033.7112492172 260.02150537634407
181.0746258064516 972.36692134845 1673033.7112492172 1134319.061053031 177.1505376344086
189.30038000000002 972.3453727624421 1134319.061053031 1182838.6029021232 184.13055555555556
176.897064516129 972.3473135441161 1182838.6029021232 1098072.5309767327 171.30376344086022
204.37306 972.343922901239 1098072.5309767327 1297057.1430381106 201.6472222222222
222.9164193548387 972.3518822857214 1297057.1430381106 1425795.6085212522 222.2258064516129
266.7729387096774 972.3570318243408 1425795.6085212522 25563566.957922973 257.9032258064516
345.549442857143 973.154543526609 25563566.957922973 2219064.240467312 355.3690476190476
125.86169354838711 972.3887625696186 2219064.240467312 800892.0178557207 124.39784946236558
93.87381333333335 972.3320356807142 800892.0178557207 585261.3569568644 90.44722222222222
304.9267193548387 972.3234104542782 585261.3569568644 1932848.8212645971 300.73118279569894
171.9187 972.3773139528505 1932848.8212645971 1083586.286086974 169.45277777777778
170.6729774193548 972.3433434514434 1083586.286086974 1072250.0908739904 167.1290322580645
161.18945483870968 972.3428900036349 1072250.0908739904 1009110.626500602 157.11290322580646
176.18500333333333 972.34036442506 1009110.626500602 1099380.3822986523 171.01944444444445
170.11697096774193 972.343975215292 1099380.3822986523 1058403.6791311565 164.5188172043011
197.91431 972.3423361471652 1058403.6791311565 1255363.322479086 195.19444444444446
219.8782419354839 972.3502145328991 1255363.322479086 1405816.1684679945 219.18010752688173
