0.44956754670091925
0.03421300130479921
0.5265387643499162
0.02632666627520397
0.5490388308315453
0.39168974774411414
0.5644331689184714
0.47826874056715596
0.08130489234730476
0.06772511633915457
0.09729535617880813
0.05625172003046597
0.5444152370993205
0.026677567450310136
0.5008310578359465
0.12338547717014059
0.018934490877630772
0.08467892320650083
0.07445908072964968
0.06978757378664469
0.09325649793808743
0.05464825791358141
0.11393260800768168
0.027261010952981835
0.509280403506585
0.010049703924697617
0.5007866242053316
0.08770324391134565
0.04253973652844767
0.38118544432952906
0.485540367559647
0.07478057342591526
0.08823373866143847
0.05999945461080802
0.10740254395892812
0.04064985023768308
0.5228937881894558
0.01003750256584901
0.5009986345608839
0.6628160671437513
0.017293704646854202
0.09303155156893084
0.07466422300212727
0.07401475628594856
0.08884971407468445
0.05924074842288185
0.10846539850742065
0.03708636986947411
0.5162642595956406
0.010028879018658898
0.5007981212757473
1.7682050851584181
0.014143375578717254
0.09643326802589236
0.05504405621350017
0.04821002913128147
0.13535254758195947
0.5644359065623163
0.615442155836587
0.2512969688173179
0.5002432900035023
0.009977449879692735
0.5008558506651823
1.3905250103106201
0.015155302088364131
0.09571432971472671
0.05552851889308741
0.04917183322254104
0.11901291043894258
0.4752655515160198
0.4653803847386371
0.11010947222722312
0.10344249114414161
0.010122192600032776
0.7276513258137571
3.0584346858761453
1.6618290177467174
0.6919289599273073
0.44316242452484644
0.6303336813716109
0.5968836628702272
0.6590870309440628
0.9459952147656865
3.6163495709696716
2.719982897333839
0.2004751336361723
0.5003335577427466
0.22957906836934416
0.04520931093095015
0.08913270117599037
0.0673136346863723
0.07427416180943602
0.0884404949229678
0.059709242976440535
0.10807751288261169
0.03854453080114251
0.5179823814719455
0.01027869314631058
0.5010083180624907
1.819563652936952
0.01390661127088233
0.0827954133014197
0.07355952407318611
0.06764142180183619
0.09622561498116156
0.049881251851453534
0.29846324558153814
0.30293691744876483
0.09446457509240869
0.01015354630003884
0.5005227156143084
2.427582327159478
0.0748015207068935
0.09992835202895822
0.047630987518532564
0.28824349792984627
0.579779628370324
0.6660045939973722
1.006761572078799
1.7035518076058165
2.9325373236335004
2.2046602180405777
0.4999696147233381
1.4231677574612291
0.18207903272044224
0.09588969473998166
0.05603720629747855
0.0494155466796764
0.19430962888718017
0.6385981143294686
1.0877751238729005
1.0771534243861005
1.3719408403974245
0.9545087481344643
0.5001981192798359
1.4121927503812377
0.22388331105300363
0.07873181051783629
0.050068588110400825
0.07641095622993888
0.5827562207203929
0.6213880140840482
0.8244627921186405
1.0636017552209625
1.3655147668725633
0.99352906572219
0.5001898067759658
0.4503530748828499
0.038819639650198745
0.09332589581105033
0.05936697238735977
0.054004177569949796
0.11187435895265985
0.2757631464873018
0.5988361103509927
0.007741318982885659
0.5002877864691557
0.00816776536736974
0.5008918257355788
0.12813704980735263
0.03881697981503951
0.0905298875339069
0.07447334020549334
0.0761421733304859
0.08650888589715677
0.061810255218668786
0.1051056669146968
0.04177980755865196
0.5232801111469447
0.010113257429757105
0.5005581435754163
1.431340228885364
0.015093685660357181
0.09610780194797908
0.05830609263045883
0.054071213947278096
0.11309189126682018
0.37724958428676914
0.6270914235725398
0.01747006077711699
0.5107867936978403
0.01716880928013964
0.5014661593084231
0.14862183689539776
0.5609769725718854
0.3935142713553761
0.5648425224555789
0.23294996567231507
0.08401893387394299
0.06468460517075947
0.10136125605649582
0.049151487022721874
0.5342767888548385
0.003161689282996427
0.5007626801995677
2.1470443373871784
0.01295784468863026
0.0973502062620808
0.0562907769525971
0.049846467850934495
0.11838540056824964
0.5099285657489219
0.5115743858262682
0.19946278762190506
0.5002542265544472
0.01003326327023668
0.5005974400261302
0.32307477133368767
0.018303531052173305
0.09252214162736472
0.060306757514807074
0.05574685495216425
0.10880781313426358
0.13948074853844883
0.5366111987840307
0.13003832784528413
0.5002628062439065
0.010022781334639852
0.5006261992655014
0.940155091074828
0.01651911093397196
0.09386663763613967
0.058613822928260007
0.06215785297268095
0.10170642054521473
0.043971642530345356
0.5119366478220355
0.10179694152016694
0.500270790617459
0.010030864458133948
0.4375015401005946
2.633125657310565
0.01159041429885388
0.09949329712689448
0.04742512351844752
0.2087301362725258
0.5891675382128723
0.5576994578929231
0.6167913144729225
0.12363644615242197
