0.5553098501812537
0.03165393569651709
0.5431689621005322
0.37858743274326745
0.5442644631800313
0.3919257135429586
0.5644285605875012
0.5639633822380441
0.38892361978544354
0.5516311490390722
0.3663525380848647
0.5292150080595883
0.5285020889595051
0.016050717175368767
0.5480834449007466
0.3686198559663376
0.5187383346049721
0.38529788824610556
0.5594825382186945
0.5520723569988322
0.36925669674702366
0.3689728047867522
0.19172078924335878
0.3572020294985032
0.5003470614203538
0.00999764631603739
0.5379114933673392
0.3632847696234762
0.5143802542757712
0.379252922243948
0.5637737578122541
0.5605491762695465
0.3797180752757541
0.5392935889284081
0.035361245884289794
0.3484404200010367
0.5003430123732837
0.009986216299539663
0.5452211144538817
0.46215790359701714
0.5001921076401992
0.37326214324471785
0.559381517510821
0.557875741685339
0.37670585629082165
0.5346891521021959
0.1902605601602927
0.285464987146165
0.5003333258844957
0.009979433877655097
0.24898345268020705
1.794251048900851
0.500007604599106
1.4043608414877569
0.07319868227879578
0.1547802554094888
0.16528009552889156
0.2718212839087144
0.27146486666415726
0.10445147354946638
0.5003051744612081
0.001710038258863733
0.5392896189355412
1.4373839994064523
0.5000692249221288
0.8115686338616035
0.36430585324947806
0.1333570304766729
0.11362741994804892
0.19062587737284975
0.1415403845962926
0.24563902549212102
0.4472143949892642
0.010072339943357989
3.1890244408526875
3.0645311976276943
1.7035152841535135
3.6998592668509764
0.24246365487356147
0.5002490947317648
0.25702143616406126
0.3663579024707717
0.287344576483469
0.9609004651271573
2.713280381296157
0.20047304896322782
0.5003359608146871
0.3518245595061771
0.5260765155127682
0.3787072686506274
0.555081102227005
0.5605166827618753
0.3798255491829181
0.5393545422047872
0.051576445345043354
0.26048949400113397
0.5003283550940418
0.019746120751767293
0.5509614705944221
0.049828135882614255
0.49999007700544595
0.38707755078861084
0.5579036294694637
0.5493830392121914
0.36311969994066207
0.2826303894920956
0.24480099481814754
0.0736802636776579
0.2695031441191986
0.010098880665577958
1.9676747280935607
2.4539850954549793
0.49989528011635365
1.0159276220147389
0.07209379491321943
0.10384241760576707
0.33016105846262533
0.3707757493226316
0.4424085405628899
3.69441063436339
2.957556319709163
2.2046615213599
0.7869883066101542
1.4676181344064028
0.5000612732905019
0.5372322919417618
0.2329691966207843
0.062479702488706934
0.21661767824587663
0.3251107800181643
0.2828937460695977
0.0823968687404788
1.952186328104418
0.9538590531567746
1.244961609603041
1.4592275865561564
0.5000632454604625
2.330385048274687
0.19975290194791118
0.3395882272485027
0.03741875847683218
0.34894024591143324
0.21988385859747162
0.45081951507719076
0.21116099827109558
0.6379021943385625
0.020181486571218876
0.49800455568524526
0.5002283122968514
0.9800921033654437
0.15153052194019878
0.08770353699659506
0.13044255894083534
0.22962012253520214
0.27511629321550757
0.3634900040918856
0.5003466619078276
0.018789671764782412
0.5493410656583428
0.3712634548166953
0.5365430969398419
0.3792878296512274
0.5642657576512073
0.5634214737120757
0.3832305589375222
0.5441648413816553
0.2945829805581681
0.24979529522963873
0.49892235779761407
0.010062355200807005
0.5006234519892754
1.4780840942326683
0.5000582735024217
0.3681033121701729
0.5294907068885175
0.18291455857804273
0.17169700271872035
0.3023764825575519
0.28317328777586237
0.5002653385846045
0.5003742910372351
0.02577001768465781
0.5590404375633673
0.3894729837227402
0.5637623109903043
0.3935142615468594
0.5648401885232133
0.5637703565043743
0.3856126485959024
0.5473266496384941
0.35774081112936074
0.45216485748737245
0.5003605125024739
0.009974362986349128
0.3252571056987623
2.1734123908999714
0.4999401226285496
0.36564505851712426
0.5271660157851805
0.14825249237806482
0.14305322778094354
0.25989061637877064
0.1879141818051604
0.15628403822006742
0.5003124272093871
0.009983565503393521
0.3506260762887763
0.34934727170616675
0.5002522715103854
0.6077281673685926
0.4998039310053164
0.5367160513399813
0.09224600198116839
0.22719179864792416
0.17249366593317816
0.20489747293884086
0.50031999631278
0.009973997165995563
0.18024149695277014
0.9664387087604496
0.5001485268170232
0.3721310534095936
0.5165118729098559
0.5365550934272694
0.002170024478997057
0.22759257045247505
0.2230718776429077
0.23307732969854822
0.5003261719458898
0.009980208098334664
1.584107354527585
2.6592811023385994
0.4998597035281982
2.2393518486299535
0.009106956711405267
0.0013389818542037801
0.08207807501891207
0.118243083105245
0.2321172014973154
0.23228931173322742
