0.5553098501812537
0.010376442773487149
0.5003723382233183
0.3813009089479351
0.5012529268009986
0.3310817646239679
0.5494071763387032
0.16112242477339134
0.33012049478655836
0.5597048420521542
0.3363209497984103
0.1728013462233724
0.29084481713682653
0.010096325082559865
0.5007502969289712
0.3306366106256009
0.5008048725205576
0.13781065088226363
0.43571615736704405
0.6781567807659385
0.7628067572198658
0.8413996119863194
0.9606452921673561
0.4172075282360259
0.15296260039043563
0.010115725353879057
0.5007042307062006
0.33094840317082497
0.5010614301462724
0.3307433934923969
0.5013234609881332
0.7016626262110703
0.7786218572504868
0.8830350633405484
0.8704052055767555
0.44690230351045024
0.22874367795709816
0.010105599433678059
0.5009139477039639
0.33059801359349805
0.5008884042371111
0.33076516495003805
0.501287193234341
0.657587835626078
0.7859849454737771
0.8947971059567577
0.9593034282294726
0.5307462158009866
0.27970600059808337
0.010097795467529203
0.5007164713311614
0.33039458660656607
0.500751153832967
0.26713354848758986
0.5871386942206769
0.8789796712917752
0.8798583763290257
0.9824092847875701
1.0404424662973408
0.6281457008203892
0.5001807537559015
0.01002402252821799
0.5008191665110759
0.33058774091011145
0.5008731528920896
0.053738535042008095
0.5446866206005154
0.8391954120719536
0.8483455628804943
0.9220909712257677
0.8701848843600071
0.466029670009938
0.11975126223477695
0.010155277731689338
0.27374650273141476
0.33018808071685335
0.5005798170771367
0.5815612046001055
0.8183096873624001
1.0537573521873598
2.8663743426893324
3.999812370613318
3.9099431357238106
3.715965678486487
2.699110885606859
0.2004141782950466
0.5003350951877268
0.33080030329360977
0.5013538798304324
0.3309219136428023
0.5004173620919596
0.11396540317383685
0.7870995638791927
0.9132498173766517
0.9175567702499285
0.5347889566288702
0.5001990473830507
0.009920161394230576
0.5009240773545853
0.3306945804182897
0.5006545275065619
0.3313944904436523
0.642523228888269
0.9113930943118773
0.9049541790002658
1.0023297130213913
1.03391778758784
0.7425250670468317
0.4788594594100575
0.010211157253293912
0.500457672140489
0.3303586555379878
0.50063772107573
0.14264342353346926
0.6719687766989084
0.982735636988235
0.9780481380223773
1.083974568692836
1.0366842817476352
2.080663981170695
2.932653107025632
2.204660993138736
0.49996802403942464
0.33028489727066557
0.5008768296049952
0.33065699434960916
0.5314483922241173
0.8436401898736308
0.8899813930298062
1.0564515152361311
1.0720688362292559
3.2308892140154604
2.209635120923538
0.9544510946056768
0.5001961654827811
0.33035652346275324
0.5007906542929543
0.26925388474289225
0.6081259011994726
0.9218538378990413
0.960149378087622
1.0809326316540808
1.583829675303913
3.519084990093658
2.0054986027893005
0.9934706006372673
0.5001890050849029
0.33061002218791913
0.5010836250614839
0.3307547337524248
0.1716975592215082
0.6906149366133763
0.8232346588625816
0.9401490186408452
0.9834990513087929
0.22287950684769609
0.5002500341234049
0.009831604160174479
0.5008988313841307
0.33082836931867465
0.5012329720933293
0.33091035941365377
0.5003885308226899
0.24234489371100132
0.7286574413414924
0.8851105317466939
0.9404533964100863
0.5454252723007045
0.2695908124047417
0.010179757595554229
0.5004752264536219
0.3308064231839367
0.5007656213666207
0.18699616395359886
0.6281453790178473
0.8869155667897539
0.9071473465373443
1.0547104757773984
1.0522086941746789
0.23290427203333852
0.50024649505949
0.009823133664053962
0.5014012296791277
0.3314256889720575
0.5019677879232027
0.39156256897557284
0.5629290428472675
0.5165347043664852
0.33035430100612206
0.7951397898152011
0.7391943317545921
0.3232737279288944
0.3325678643763412
0.010088259817733203
0.5006920940983619
0.33046470087694413
0.5006443356988868
0.39770301707938316
0.5902526419965559
0.8321128558681794
0.8575711518546276
0.970477239015219
0.9366372471438531
0.5763151386704193
0.5001896871723224
0.010056795611866676
0.5005945764368631
0.33054433460343624
0.5010147548245589
0.2418327279174699
0.3579062390275478
0.7414429846194173
0.8055753044218759
0.9378389152154174
0.9616131469782583
0.5278191884950614
0.4994129390735953
0.010065427556050999
0.5006136581990637
0.3306212703843041
0.5008926152368298
0.3307259848623527
0.43452107406145046
0.7799363412533609
0.8476083561276573
0.9381816431319936
0.9718528645391094
0.49952106859718093
0.5002055070758367
0.010051566662541589
0.5006221105627713
0.3303504808058637
0.5006405650708086
0.45144273413750646
0.689902435670982
0.9448754348328534
0.9673544404643262
0.9755546492740472
0.37559464137082976
1.0203250846117817
