0.5553098501812537
0.017582100592740346
0.5003675531733265
0.33137437300229955
0.5346157181592908
0.3383244097965088
0.5014106867033483
0.003453735929187296
0.1635688945262892
0.31424505302112493
0.007538719168306507
0.5003122477105135
0.5003765683955255
0.010037338082341307
0.5008286428062529
0.3318524533515399
0.5037840326236962
0.33142240687320346
0.11828382497614509
1.2230046975872768
2.3118133518169848
2.7784539188872426
3.3595293524719567
3.2941814425533207
2.7424591160418124
0.3198585575876578
0.5003126461085241
0.33090961641936545
0.50171942277795
0.33546371067672265
0.10230624237011732
0.4045896979827406
0.4402166069214246
0.5486790121045289
0.48603438299061796
3.3007953371933025
2.4739972700668886
0.010505761423184268
0.500541647940322
0.33063978616659284
0.5024379035590156
0.33153782324350534
0.114228340110893
0.34838098080016877
0.44763544367623265
0.5604382989572718
0.554676183693994
3.122726591947307
2.615642608862167
0.5503335327004741
0.500271973329399
0.3304675670810697
0.5014309622331812
0.3307517990314226
0.11864062777605167
1.8248247882481814
3.000601347646768
3.530113021651398
3.9106613640981855
3.683168238160783
2.258446796091203
0.8120631267760157
0.5002250775886941
0.33073056888030106
0.501672680529504
0.33135599689190887
0.00989769006134189
1.3838748615318361
2.831286257893364
3.356434631986262
3.621210560236493
3.541107889580882
3.2383843605971654
2.469942129670674
1.5145192588618186
0.7548679401532761
1.6976049512951628
1.1781399634738943
2.6729457975753057
3.592437756796142
3.9414361861095566
4.023354556952244
3.9301395412656883
3.736894109479228
2.7200401545281063
0.21932074866297047
0.5003309230131627
0.330803693705767
0.5039187233523776
0.34265021699161835
0.10282146804620496
0.37679486539659823
0.4516905197571486
0.5788349323152788
0.5533289205714746
0.15805918922244988
0.5002587232423119
0.009862053977959917
0.5010053922791684
0.3315219430343719
0.5020455242784259
0.33165670765767175
1.4602695511875918
2.804568078537275
3.2663101771954635
3.6586170795413286
3.9056017846916307
3.734924188639802
3.4363065655418827
2.633497057864198
1.8918142829307216
0.32984129100963333
0.5004925583661093
0.3305086293548296
2.2541363135767716
3.536837977669749
3.9450916179272166
4.03033012121841
3.9912345234698265
3.7033672304533587
2.9574994620578345
2.2047188197375185
0.26258419929106314
0.3301028274866571
0.5008976072236111
0.33126939010775747
0.124612161977109
1.129016123631982
3.148531060214961
3.755995801943002
3.965237070635772
3.7053911483706883
2.210740903789953
0.9545089524382093
0.5001978373017595
0.3305496991992367
0.5015904931441257
0.3309282000564808
1.3079369771860772
3.229050932570505
3.7848608642035986
4.005573323352823
3.9837517751090443
3.545960652714932
2.0264294781159307
0.993587362406311
0.5001908427389834
0.33085355631273927
0.5017284251275482
0.33175156329995126
0.02281870143776832
0.4721756020633281
0.5274908364475381
0.6684188457245552
2.3833926107139116
3.420324964782532
1.4504510636142363
0.4114415270318341
0.5002960704135644
0.33151740810718255
0.5021412041832924
0.3344319690977482
0.16325500815749638
0.3028014507852097
0.3922657036902022
0.5507519713219544
0.5761673161570462
0.14787975828256972
0.134212192121681
1.287930552439112
0.5001362470119064
0.33057805085563263
0.500766974251353
0.3326063685783831
0.07381443176323454
1.8999323215404837
3.0788073258138793
3.608709207119613
3.923715321984225
3.225406644851237
0.8362619260930715
0.01026210995542165
0.5009495779563622
0.33482671052752266
0.5190913186685293
0.35018624565312084
0.4026297822739755
0.15282358678890784
0.28872157772626394
0.4905928928080865
0.3750208680399867
0.05346308035580449
0.5002944980681452
0.01003473721176551
0.5007603730774468
0.33180511104572386
0.5020913169089116
0.3309521464189604
0.6214187001644937
2.3064795557227393
2.9210202106618786
3.4493216223851304
3.764670608975774
3.6312378428834275
2.644536679208952
2.2172946918275644
0.4999647030166363
0.33059044492082457
0.5010803563805961
0.3314123774730424
0.07120447404495778
0.4417281289185855
0.4880442225628929
0.6243587148334564
0.9634894692238594
3.5746466170560582
2.578937177841773
1.944319461844402
0.5000167742981452
0.33070214677994425
0.5010642389978175
0.33155682900217354
0.014677527419863168
0.4802229757008698
0.509936167771115
1.9377098607192877
3.716632863798714
3.5534321613974464
2.624897193949486
1.9120869372352125
0.5000218461392416
0.3304108848998224
0.500799085406956
0.24777934055603268
2.1749083181548623
3.332498190553398
3.762922780657977
3.963267610888641
3.935932627592873
3.5555783616567593
