150.79706129032255 976.4455239431677 673917419.4 347690480.1788793 275.0
252.72363571428556 975.7953545657035 347690480.1788793 274900446.91487104 285.0
388.585732258064 975.5437516430694 274900446.91487104 461332021.4988212 284.0
273.57729333333333 976.0766640429977 461332021.4988212 297032828.4910183 275.0
853.0579967741933 975.6251206929817 297032828.4910183 1345361978.2901943 310.93548387096774
882.2414244444444 977.1003971075527 1345361978.2901943 1382744349.7481241 696.4638888888888
722.9730989247312 977.1228220454399 1382744349.7481241 1325147128.9153647 531.4086021505376
403.1731956989247 977.0882706232246 1325147128.9153647 1041220966.4027174 284.9758064516129
253.28412000000003 976.8699819072269 1041220966.4027174 509143020.46988994 273.0
238.7454935483871 976.1722860409398 509143020.46988994 192569273.3360747 273.0
257.80637 975.1376175203419 192569273.3360747 111789771.41620304 273.0
274.0427806451613 974.5073126982982 111789771.41620304 106801135.8142282 273.0
279.6140516129032 974.4543601718939 106801135.8142282 112322285.84175697 278.0
405.82394285714304 974.5122433874236 112322285.84175697 389430313.4731132 293.0
248.094535483871 975.9087780257422 389430313.4731132 223820614.497686 283.0
229.63419777777779 975.3116375697005 223820614.497686 51915852.72466768 276.0
619.1371258064516 973.729151013936 51915852.72466768 778693194.2794465 273.0
442.78070444444444 976.5917015714203 778693194.2794465 920736599.0778828 273.0
247.54662580645157 976.7554530409485 920736599.0778828 525528523.49282247 273.0
233.5293096774194 976.2050570469856 525528523.49282247 233987339.4720711 273.0
240.58968666666667 975.3605160551542 233987339.4720711 70220931.37525208 273.0
227.5298870967742 974.0160648865165 70220931.37525208 1424137.8798245178 244.69086021505376
228.91654 972.356965515193 1424137.8798245178 1454732.0536788106 226.23611111111111
245.8570258064516 972.3581892821471 1454732.0536788106 1578183.1282064882 245.16397849462365
273.0839516129032 972.3631273251282 1578183.1282064882 1754719.1028736536 273.1182795698925
394.12419642857174 972.3701887641149 1754719.1028736536 195132960.44318688 314.875
302.095609677419 975.1532497587999 195132960.44318688 157476696.05803314 302.0
243.86063333333334 974.9021616879534 157476696.05803314 35839878.49596621 276.0
486.3490451612902 973.4054517839993 35839878.49596621 486870680.34821194 273.0
717.8506366666667 976.1277413606964 486870680.34821194 1301668306.3512504 280.6666666666667
358.0457838709678 977.0741861465815 1301668306.3512504 1004081540.8550195 279.0698924731183
232.66648494623652 976.8346782707747 1004081540.8550195 504721276.9089032 273.0
239.81183666666666 976.1634425538178 504721276.9089032 212228406.16085747 273.0
226.5339548387097 975.2559057988502 212228406.16085747 18339117.177581564 273.0
233.39037 972.953864366044 18339117.177581564 1484415.386235239 237.0861111111111
245.4237129032258 972.3593766154494 1484415.386235239 1570664.4885757666 244.74462365591398
276.7163903225806 972.362826579543 1570664.4885757666 1778217.4309861637 276.73924731182797
453.809328571429 972.3711286972394 1778217.4309861637 316360030.8319402 324.85714285714283
208.486719354839 975.696176583941 316360030.8319402 32407625.796242457 300.0
204.29150333333334 973.3274460408237 32407625.796242457 1290450.8268077625 212.35833333333332
412.51344516129 972.3516180330723 1290450.8268077625 308679702.780294 272.80645161290323
590.9053766666666 975.6679400837511 308679702.780294 913223040.9670763 273.0
384.24007526881724 976.7479496626543 913223040.9670763 816292898.9700643 273.0
234.57354731182795 976.6361071911193 816292898.9700643 398068083.57116747 273.0
239.43748666666667 975.9322502270956 398068083.57116747 158980259.97509888 273.0
225.9702451612903 974.9139082810555 158980259.97509888 1418535.3685572408 266.86021505376345
228.99036 972.3567414147423 1418535.3685572408 1453096.6922701176 226.30833333333334
242.4200483870968 972.3581238676908 1453096.6922701176 1552677.7333738666 241.73655913978496
279.1664129032258 972.3621071093349 1552677.7333738666 1792161.030705586 279.1774193548387
394.868157142857 972.3716864412282 1792161.030705586 189652892.62121078 317.88392857142856
149.008006451613 975.119834711105 189652892.62121078 945827.7064713084 214.68817204301075
150.69749333333334 972.3378331082588 945827.7064713084 947848.7645974698 147.125
367.6986193548387 972.3379139505838 947848.7645974698 207824989.8842459 273.65860215053766
91.97120000000001 975.230640182221 207824989.8842459 577151.0708124568 165.15555555555557
235.5747290322581 972.3230860428324 577151.0708124568 1491290.013661124 231.61559139784947
224.85377419354836 972.3596516005464 1491290.013661124 1417432.716009475 220.7016129032258
232.77882666666667 972.3566973086404 1417432.716009475 1464907.0046217523 227.54166666666666
220.77965483870966 972.3585962801849 1464907.0046217523 1383493.647725026 215.11021505376345
224.98207 972.355339745909 1383493.647725026 1426453.8825168218 222.3
233.7609516129032 972.3570581553006 1426453.8825168218 1500403.6049076484 233.08870967741936
296.3405516129032 972.3600161441963 1500403.6049076484 32650045.341403775 284.86290322580646
412.38582142857103 973.332955575941 32650045.341403775 212167072.4139366 339.0
202.78264516129 975.255610925067 212167072.4139366 1290899.9762402368 274.3790322580645
168.24170333333333 972.3516359990496 1290899.9762402368 1062270.9964266412 164.73888888888888
375.3340258064516 972.3424908398571 1062270.9964266412 224911018.04752383 273.7069892473118
115.80991888888892 975.3168798944592 224911018.04752383 731931.0300529406 194.16666666666666
249.47175806451617 972.3292772412021 731931.0300529406 1581923.6554678902 245.5215053763441
225.8449161290323 972.3632769462187 1581923.6554678902 1423338.0365796671 221.7231182795699
235.33606666666668 972.3569335214631 1423338.0365796671 1479492.1679802185 230.09166666666667
224.669835483871 972.3591796867191 1479492.1679802185 1410089.376540655 218.98924731182797
231.4077 972.3564035750616 1410089.376540655 1470110.5951731792 228.7138888888889
240.5062677419355 972.3588044238069 1470110.5951731792 1542395.224446511 239.83333333333334
249.384764516129 972.3616958089779 1542395.224446511 1601160.675122594 249.46236559139786
297.1400107142858 972.3640464270048 1601160.675122594 1909226.3760154329 297.17857142857144
77.1590516129032 972.3763690550406 1909226.3760154329 482108.69629852724 75.72849462365592
87.93895333333333 972.3192843478519 482108.69629852724 546003.4844285575 84.41111111111111
150.3960193548387 972.3218401393771 546003.4844285575 945932.1962150763 146.72043010752688
55.501689999999996 972.3378372878485 945932.1962150763 344607.8971645239 53.03888888888889
220.5318612903226 972.3137843158866 344607.8971645239 1396269.65220212 216.53763440860214
271.5958870967742 972.355850786088 1396269.65220212 1714280.7111467994 267.23924731182797
228.10957333333334 972.3685712284458 1714280.7111467994 1434842.0470774123 223.00555555555556
216.25610322580644 972.3573936818831 1434842.0470774123 1354099.0492737384 210.59408602150538
224.20734 972.3541639619709 1354099.0492737384 1420926.9914299352 221.51666666666668
182.72806989247314 972.3568370796571 1420926.9914299352 1166602.0429477687 182.18817204301075
98.17113548387094 972.3466640817179 1166602.0429477687 634035.2377584197 98.46505376344086
242.17091071428527 972.3253614095103 634035.2377584197 1557570.5118995274 241.95238095238096
360.075725806452 972.362302820476 1557570.5118995274 70715575.83032684 329.76344086021504
297.8552233333333 974.0225733661886 70715575.83032684 90226320.7179009 277.0
460.147577419355 974.2741991382381 90226320.7179009 465930814.3465734 273.0
426.5781577777778 976.0858616286931 465930814.3465734 662975600.5269688 273.0
543.7844989247312 976.428533541191 662975600.5269688 1001542563.8300201 273.0
235.37518709677423 976.8322647945153 1001542563.8300201 508845668.72490567 273.0
239.24205666666666 976.1716913374498 508845668.72490567 213170093.70312423 273.0
225.0858451612903 975.2604331428034 213170093.70312423 15838959.795307763 273.0
230.06024 972.8844155498697 15838959.795307763 1463948.7920283212 232.84166666666667
241.2187677419355 972.3585579516811 1463948.7920283212 1543447.5166235976 240.54301075268816
334.6619774193551 972.3617379006649 1543447.5166235976 146464676.22188303 280.88978494623655
457.37065 974.8161302829834 146464676.22188303 484272621.06650275 320.0
239.943296774194 976.122545242133 484272621.06650275 258693236.2101893 290.0
146.00821555555555 975.4792944048567 258693236.2101893 915301.9312307893 231.3972222222222
689.7724569892473 972.3366120772492 915301.9312307893 896187562.9103714 273.64516129032256
358.08535777777774 976.7282933418196 896187562.9103714 818088097.717093 273.0
231.30616559139781 976.638178574289 818088097.717093 425653116.1078507 273.0
222.3388064516129 976.0053062322157 425653116.1078507 155855019.7915557 273.0
231.53729666666666 974.8894923421216 155855019.7915557 2555109.502182517 273.0
219.8282 972.4022043800873 2555109.502182517 1372853.7750543035 214.56989247311827
226.30777 972.3549141510022 1372853.7750543035 1436427.2503191726 223.61666666666667
232.2812193548387 972.3574570900128 1436427.2503191726 1486187.2947013755 231.61827956989248
240.8963806451613 972.359447491788 1486187.2947013755 1546597.096916293 240.9731182795699
315.9332071428571 972.3618638838766 1546597.096916293 2026168.2526621718 315.9017857142857
135.6417677419355 972.3810467301065 2026168.2526621718 859864.5392240363 134.0779569892473
118.04239333333334 972.334394581569 859864.5392240363 739274.427828594 114.55277777777778
337.4672741935484 972.3295709771131 739274.427828594 139070344.24758452 273.5725806451613
136.21332999999998 974.7583620644342 139070344.24758452 860651.069995235 184.4138888888889
228.4956870967742 972.3344260427998 860651.069995235 1446216.268319566 224.66666666666666
237.2731322580645 972.3578486507328 1446216.268319566 1496678.9123288936 233.05913978494624
276.5576866666667 972.3598671564931 1496678.9123288936 1745134.721616 271.175
215.91966774193548 972.3698053888646 1745134.721616 1347670.3471656092 210.3763440860215
216.53152 972.3539068138866 1347670.3471656092 1377706.0666018366 213.86111111111111
51.8049870967742 972.3551082426641 1377706.0666018366 331042.9460413787 51.586021505376344
86.79251290322584 972.3132417178416 331042.9460413787 561856.6250143229 86.8010752688172
135.8988357142857 972.3224742650006 561856.6250143229 872338.3459269867 135.92857142857142
192.674987096774 972.3348935338371 872338.3459269867 1228574.2918532486 190.50806451612902
166.76669333333334 972.349142971674 1228574.2918532486 1047505.6821151281 163.24722222222223
380.4524967741935 972.3419002272846 1047505.6821151281 236288510.01834616 273.7016129032258
125.78958 975.3715793750882 236288510.01834616 789337.7466463025 207.58055555555555
243.1517419354839 972.3315735098658 789337.7466463025 1542040.0161468203 239.24462365591398
235.25166774193548 972.3616816006459 1542040.0161468203 1483977.1147955004 231.08064516129033
230.20649666666668 972.3593590845918 1483977.1147955004 1447886.5632775847 225.00555555555556
218.2299387096774 972.3579154625311 1447886.5632775847 1367281.2800241876 212.56451612903226
224.42457 972.354691251201 1367281.2800241876 1427857.0136375034 221.73611111111111
232.7034516129032 972.3571142805455 1427857.0136375034 1492317.781839432 232.03494623655914
134.4951677419355 972.3596927112735 1492317.781839432 865718.8631836688 134.8252688172043
202.11109642857127 972.3346287545273 865718.8631836688 1301468.1955411872 202.0922619047619
170.557690322581 972.3520587278216 1301468.1955411872 1084368.525614317 168.61827956989248
167.24092333333334 972.3433747410245 1084368.525614317 1051167.7870419042 163.6638888888889
350.6809193548387 972.3420467114817 1051167.7870419042 169257648.62414363 273.7016129032258
59.69986 974.9942003798761 169257648.62414363 369135.17411916057 119.84166666666667
222.5699129032258 972.3147654069647 369135.17411916057 1408816.038645297 218.5779569892473
216.0258774193548 972.3563526415458 1408816.038645297 1364644.4824948737 211.8736559139785
239.13886666666667 972.3545857792998 1364644.4824948737 1506138.4915075093 233.85555555555555
217.0625129032258 972.3602455396602 1506138.4915075093 1356794.7604885455 211.4247311827957
227.54877 972.3542717904195 1356794.7604885455 1444825.2146913675 224.84722222222223
250.3441903225806 972.3577930085876 1444825.2146913675 1603565.06185777 249.63709677419354
238.0559225806452 972.3641426024743 1603565.06185777 1529464.5938348721 238.18279569892474
218.57910119047648 972.3611785837534 1529464.5938348721 1407378.406807996 218.79166666666666
229.209683870968 972.3562951362723 1407378.406807996 1457976.7585017588 227.13440860215053
214.71687333333335 972.35831907034 1457976.7585017588 1357678.9329532436 211.11388888888888
409.614990322581 972.3543071573181 1357678.9329532436 300220038.714285 273.8306451612903
81.06046 975.6368383776261 300220038.714285 504682.51637441065 185.75833333333333
239.3584096774194 972.3201873006549 504682.51637441065 1512515.5714156616 235.36021505376345
228.0624193548387 972.3605006228566 1512515.5714156616 1439469.8994809275 223.90591397849462
234.49518666666665 972.3575787959792 1439469.8994809275 1472135.9424687803 229.26111111111112
222.8011193548387 972.3588854376987 1472135.9424687803 1395872.2852481662 217.1263440860215
224.79752 972.3558348914099 1395872.2852481662 1428885.978650743 222.11944444444444
246.1675387096774 972.357155439146 1428885.978650743 1577441.2769356444 245.46505376344086
335.0055935483871 972.3630976510774 1577441.2769356444 136647612.7310228 284.89516129032256
422.856753571429 974.7374778956575 136647612.7310228 424094309.70318705 306.0
275.645441935484 976.0021886194064 424094309.70318705 266954267.45730308 303.0
274.25164333333333 975.5145377480048 266954267.45730308 178464241.84126484 276.0
445.10837956989224 975.0516112307395 178464241.84126484 488210278.29060704 273.0
829.8255255555555 976.1304205565812 488210278.29060704 1362586496.9913251 358.2055555555556
482.8186655913978 977.1107297522444 1362586496.9913251 1258049369.3614624 314.9758064516129
236.4696494623656 977.0480200176135 1258049369.3614624 665871928.6445181 273.01075268817203
242.17727666666667 976.4330309451002 665871928.6445181 295020171.72943795 273.0
226.4267677419355 975.6177212195936 295020171.72943795 64530305.18468877 273.0
228.9243 973.9301610185107 64530305.18468877 1455978.0016005703 249.24444444444444
240.7113129032258 972.358239120064 1455978.0016005703 1544575.977412684 240.03225806451613
251.861970967742 972.3617830390965 1544575.977412684 1621687.745804774 251.93279569892474
326.03281428571427 972.3648675098322 1621687.745804774 2091410.3266710993 326.0059523809524
271.362893548387 972.3836564130668 2091410.3266710993 1726695.2222250465 269.4166666666667
166.04682333333335 972.369067808889 1726695.2222250465 1041935.402209171 162.72222222222223
371.1549580645161 972.3416774160884 1041935.402209171 215574348.12768564 273.6989247311828
252.1495244444444 975.2719920583062 215574348.12768564 114001363.93465686 273.0
234.94606021505376 974.5277904068023 114001363.93465686 1486264.1722704992 267.73387096774195
223.5075483870968 972.3594505668908 1486264.1722704992 1411321.9484473635 219.35752688172042
232.46059666666667 972.3564528779378 1411321.9484473635 1456176.1885428224 227.225
219.3161806451613 972.3582470475417 1456176.1885428224 1371150.4840356885 213.6505376344086
224.40863 972.3548460193614 1371150.4840356885 1426432.7186069095 221.72222222222223
254.69461935483872 972.3570573087443 1426432.7186069095 1628745.5625251005 253.97043010752688
364.40154838709714 972.3651498225009 1628745.5625251005 223791567.39629748 281.9247311827957
588.659667857143 975.3114979201745 223791567.39629748 891266965.4479485 317.0
450.216364516129 976.722615729363 891266965.4479485 1085578027.2097325 282.0
637.3541744444444 976.9121464136974 1085578027.2097325 1300250989.4609501 348.05833333333334
1521.2845688172044 977.0733359264913 1300250989.4609501 1548608357.4497817 1196.4381720430108
1062.7177277777778 977.2223205503599 1548608357.4497817 1433711092.163867 930.4138888888889
637.5193129032258 977.1533959761032 1433711092.163867 1301247164.9087899 475.508064516129
289.9326924731183 977.0739335122429 1301247164.9087899 798745247.1377773 277.1290322580645
246.42779777777776 976.6158599005436 798745247.1377773 368744497.41682327 273.0
229.2995 975.8525665690674 368744497.41682327 108852219.07832283 273.0
238.88332 974.4766545551992 108852219.07832283 1646362.566687038 273.0
250.3279451612903 972.3658545026675 1646362.566687038 1603160.3234124004 249.69623655913978
280.7078612903226 972.3641264129365 1603160.3234124004 1802585.9909575295 280.73387096774195
386.124453571429 972.3721034396383 1802585.9909575295 209640703.13897258 300.9404761904762
170.233235483871 975.241711604506 209640703.13897258 1082095.098796103 241.85752688172042
131.85390333333334 972.3432838039519 1082095.098796103 822542.0913951773 128.40277777777777
356.9960516129032 972.3329016836558 822542.0913951773 183664053.92686605 273.60752688172045
255.6425966666667 975.0833174019931 183664053.92686605 97671267.63835934 273.0
235.78250967741937 974.3551224743301 97671267.63835934 1493727.5547535552 263.7903225806452
225.167235483871 972.3597491021901 1493727.5547535552 1423348.0805966002 221.01344086021504
233.87780666666666 972.3569339232238 1423348.0805966002 1470882.1743930227 228.63888888888889
221.34813548387098 972.3588352869757 1470882.1743930227 1382898.60007044 215.68010752688173
229.12122 972.3553159440028 1382898.60007044 1453988.068874373 226.425
236.2319935483871 972.3581595227549 1453988.068874373 1513871.1687416837 235.56451612903226
277.8417483870968 972.3605548467497 1513871.1687416837 1783667.053706353 277.84139784946234
337.9022071428571 972.3713466821482 1783667.053706353 53360189.3484689 316.88392857142856
193.452732258065 973.7556279585698 53360189.3484689 1227901.7635383531 210.59408602150538
222.17529333333334 972.3491160705415 1227901.7635383531 1402168.5842740873 218.45833333333334
421.956206451613 972.356086743371 1402168.5842740873 326951371.2298747 273.8494623655914
91.03211 975.735115335404 326951371.2298747 569649.0729430811 203.9388888888889
354.6254483870968 972.3227859629177 569649.0729430811 180571034.99635273 272.502688172043
231.22889462365586 975.0644575304656 180571034.99635273 22184311.465669356 273.0
237.44545666666667 973.0606753184908 22184311.465669356 1491481.2591739844 239.825
222.9083193548387 972.3596592503669 1491481.2591739844 1392219.62658581 217.24193548387098
229.88055 972.3556887850634 1392219.62658581 1457165.1528386308 227.1861111111111
238.5590838709677 972.3582866061136 1457165.1528386308 1527926.1697635935 237.88709677419354
280.9781612903226 972.3611170467905 1527926.1697635935 1803338.060455572 280.9758064516129
349.7542428571429 972.3721335224182 1803338.060455572 67653203.6364232 322.875
213.624422580645 973.9789563068191 67653203.6364232 1358111.1233916362 235.73387096774192
191.54799333333335 972.3543244449356 1358111.1233916362 1209525.982399717 187.98888888888888
401.649829032258 972.348381039296 1209525.982399717 285066609.7647674 272.77150537634407
198.3163111111111 975.5811272417823 285066609.7647674 43316514.97705355 273.0
340.6654397849462 973.5637791341742 43316514.97705355 178610373.52441972 273.0
228.99935698924727 975.0525022775879 178610373.52441972 15835458.067067305 273.0
235.36704666666668 972.8843182796408 15835458.067067305 1476564.5973067493 235.49166666666667
222.897064516129 972.3590625838922 1476564.5973067493 1397637.6706794724 217.2231182795699
227.37306 972.3559055068272 1397637.6706794724 1441016.403187737 224.6888888888889
239.9164193548387 972.3576406561275 1441016.403187737 1539393.6481633987 239.23387096774192
278.7729387096774 972.3615757459265 1539393.6481633987 1790569.3539503936 278.7795698924731
348.549442857143 972.371622774158 1790569.3539503936 55008915.49561618 326.85714285714283
133.8616935483871 973.781389304619 55008915.49561618 849247.4995151088 151.86021505376345
107.87381333333335 972.3339698999806 849247.4995151088 673212.5765109103 104.41666666666667
337.9267193548387 972.3269285030603 673212.5765109103 140124851.19899175 273.5456989247312
74.9187 974.7666003999922 140124851.19899175 463081.6853256762 124.37777777777778
231.6729774193548 972.318523267413 463081.6853256762 1464485.6396642714 227.68548387096774
232.35074516129032 972.3585794255865 1464485.6396642714 1465747.6414217986 228.16129032258064
245.01833666666664 972.3586299056568 1465747.6414217986 1537368.9724370514 239.75277777777777
228.11697096774193 972.3614947588975 1537368.9724370514 1425834.6878447484 222.44623655913978
226.91431 972.3570333875138 1425834.6878447484 1440375.7429968663 224.24166666666667
239.8782419354839 972.3576150297198 1440375.7429968663 1537323.3046171698 239.19623655913978
