151.79706129032255 976.4455239431677 673917419.4 975972.768924367 403.508064516129
252.72363571428556 972.3390389107569 975972.768924367 1625119.399663973 252.61904761904762
1521.5857322580641 972.3650047759866 1625119.399663973 570493254.0309365 1280.3602150537633
512.3772933333333 976.2849274130915 570493254.0309365 3260276.527081639 711.9666666666667
512.743480645161 972.4304110610833 3260276.527081639 3263318.395824528 508.8252688172043
1114.17198 972.4305327358329 3263318.395824528 426549516.43492 922.5333333333333
259.7338516129032 976.0070990328699 426549516.43492 1643976.9736313862 408.1236559139785
224.49040000000002 972.3657590789452 1643976.9736313862 1418845.837300983 220.3951612903226
321.6424533333333 972.356753833492 1418845.837300983 2029814.1420858263 316.05
206.7454935483871 972.3811925656834 2029814.1420858263 1293473.1813865136 201.34408602150538
221.80637000000002 972.3517389272554 1293473.1813865136 1406049.1942463228 219.1
237.04278064516132 972.3562419677698 1406049.1942463228 1520351.9983361997 236.3548387096774
241.90437419354834 972.3608140799334 1520351.9983361997 1551850.9763195114 241.99193548387098
362.5382285714287 972.3620740390528 1551850.9763195114 2326947.5712802946 362.38690476190476
377.094535483871 972.3930779028511 2326947.5712802946 2409162.4633786706 374.9166666666667
381.7397533333334 972.3963664985351 2409162.4633786706 2428288.5037287045 377.90833333333336
376.6048677419355 972.3971315401491 2428288.5037287045 2395548.747729795 372.8467741935484
231.36126000000002 972.3958219499092 2395548.747729795 1468088.4549679596 228.875
210.8208193548387 972.3587235381987 1468088.4549679596 1333371.8380777182 207.27956989247312
199.81963225806456 972.3533348735231 1333371.8380777182 1259041.9709460267 195.69892473118279
203.22302 972.3503616788378 1259041.9709460267 1273838.9702863079 198.04444444444445
193.5298870967742 972.3509535588114 1273838.9702863079 1209287.0493510338 187.9005376344086
190.91654 972.348371481974 1209287.0493510338 1210312.804518554 188.27777777777777
208.8570258064516 972.3484125121807 1210312.804518554 1338410.7948445631 208.16935483870967
235.37427419354836 972.3535364317937 1338410.7948445631 1511967.049557211 235.40860215053763
348.62419642857174 972.3604786819823 1511967.049557211 2241407.610387126 348.49107142857144
471.095609677419 972.3896563044154 2241407.610387126 3007426.1051111016 468.60483870967744
456.5939666666667 972.4202970442044 3007426.1051111016 2904688.0856843214 452.72777777777776
410.558722580645 972.4161875234273 2904688.0856843214 2614056.09455139 406.86021505376345
531.3673033333333 972.404562243782 2614056.09455139 3391250.834202076 527.9694444444444
363.0457838709678 972.4356500333681 3391250.834202076 2309678.3298751633 359.69354838709677
198.3062698924731 972.392387133195 2309678.3298751633 1246000.0095327566 194.55645161290323
202.44517 972.3498400003813 1246000.0095327566 1271085.5252089198 197.26388888888889
191.5339548387097 972.3508434210083 1271085.5252089198 1197742.9099582292 185.91129032258064
195.39037 972.3479097163982 1197742.9099582292 1236813.008916728 192.73333333333332
207.4237129032258 972.3494725203566 1236813.008916728 1328220.9931881248 206.75
239.00671290322575 972.3531288397274 1328220.9931881248 1532784.3594316775 239.02956989247312
409.52361428571476 972.3613113743772 1532784.3594316775 2630829.2453310657 409.24107142857144
365.486719354839 972.4052331698132 2630829.2453310657 2335102.9602241255 363.4569892473118
406.75817 972.393404118409 2335102.9602241255 2583397.8080616975 402.81111111111113
417.51344516129 972.4033359123224 2583397.8080616975 2655830.895565496 413.6720430107527
520.9859322222222 972.4062332358226 2655830.895565496 3323905.563538799 517.6388888888889
390.24007526881724 972.4329562225415 3323905.563538799 2482779.1879190444 386.76881720430106
200.35311720430107 972.3993111675168 2482779.1879190444 1263920.3530067992 196.65860215053763
202.07082 972.3505568141202 1263920.3530067992 1263125.1877126282 196.9
190.9702451612903 972.3505250075085 1263125.1877126282 1187643.1529606543 185.3494623655914
190.99036 972.3475057261184 1187643.1529606543 1207067.497828808 188.34444444444443
203.4200483870968 972.3482826999132 1207067.497828808 1305127.1472417947 202.74462365591398
241.45673548387094 972.3522050858896 1305127.1472417947 1548828.094553398 241.46505376344086
352.6895857142856 972.3619531237821 1548828.094553398 2264137.118418938 352.5625
305.008006451613 972.3905654847367 2264137.118418938 1944769.7983407818 303.0241935483871
367.0308266666667 972.3777907919336 1944769.7983407818 2328538.748715662 363.075
371.6986193548387 972.3931415499486 2328538.748715662 2359622.61635298 367.9220430107527
224.9712 972.3943849046541 2359622.61635298 1428894.0604530745 222.49166666666667
203.5747290322581 972.3571557624181 1428894.0604530745 1282356.7879948453 200.04569892473117
190.2086129032258 972.3512942715198 1282356.7879948453 1194926.6852434305 186.1048387096774
197.44549333333333 972.3477970674097 1194926.6852434305 1233844.4999784427 192.26666666666668
186.77965483870966 972.3493537799991 1233844.4999784427 1163988.7957608271 181.16397849462365
186.98207 972.3465595518304 1163988.7957608271 1184602.1374493504 184.3388888888889
198.7609516129032 972.347384085498 1184602.1374493504 1269367.8996576946 198.09139784946237
264.43732580645155 972.3507747159863 1269367.8996576946 1700493.731610148 264.3763440860215
382.49296428571387 972.3680197492644 1700493.731610148 2454830.8880674154 382.3511904761905
362.78264516129 972.3981932355226 2454830.8880674154 2315391.8636405407 360.6962365591398
402.37503666666663 972.3926156745456 2315391.8636405407 2555077.7206265274 398.43611111111113
379.3340258064516 972.402203108825 2555077.7206265274 2408199.7271602433 375.61559139784947
235.52103 972.3963279890863 2408199.7271602433 1496900.0784877376 233.025
205.5846612903226 972.3598760031394 1496900.0784877376 1298620.8631071304 202.07258064516128
192.11104516129035 972.3519448345243 1298620.8631071304 1209860.2250164615 188.00537634408602
199.00273333333334 972.3483944090007 1209860.2250164615 1246567.848260675 193.82222222222222
189.669835483871 972.3498627139304 1246567.848260675 1185882.8283127574 184.04569892473117
195.4077 972.3474353131325 1185882.8283127574 1241042.6415007398 192.74444444444444
206.5062677419355 972.34964170566 1241042.6415007398 1323631.517302335 205.83602150537635
222.32024838709674 972.3529452606921 1323631.517302335 1430653.5403812958 222.3790322580645
272.67572500000006 972.3572261416152 1430653.5403812958 1750252.820615225 272.7083333333333
243.1590516129032 972.3700101128246 1750252.820615225 1548528.8762554745 241.16935483870967
316.33895333333334 972.3619411550502 1548528.8762554745 2010385.0449477478 312.40833333333336
331.3960193548387 972.3804154017979 2010385.0449477478 2103394.5342298523 327.63978494623655
209.50169 972.3841357813692 2103394.5342298523 1328901.4788129372 206.975
192.5318612903226 972.3531560591525 1328901.4788129372 1214562.452895174 189.002688172043
181.85395161290322 972.3485824981158 1214562.452895174 1141035.2998115325 177.75537634408602
98.99290666666667 972.3456414119925 1141035.2998115325 604633.9048689308 94.18888888888888
42.25610322580645 972.3241853561947 604633.9048689308 238281.852350202 36.99731182795699
45.20734 972.309531274094 238281.852350202 278715.1146813639 42.669444444444444
51.190435483871 972.3111486045872 278715.1146813639 329739.99207936384 50.56182795698925
99.17113548387094 972.3131895996831 329739.99207936384 639627.3831024157 99.15053763440861
242.17091071428527 972.3255850953241 639627.3831024157 1555963.1368673749 241.95535714285714
426.9090591397853 972.3622385254747 1555963.1368673749 2723253.9103595107 424.2956989247312
541.3218899999999 972.4089301564144 2723253.9103595107 3447735.312942105 537.0444444444445
465.147577419355 972.4379094125177 3447735.312942105 2956598.32957491 461.46505376344084
269.20038 972.418263933183 2956598.32957491 1708723.8224077658 266.80555555555554
354.5318107526882 972.3683489528963 1708723.8224077658 2250281.4212091723 350.5833333333333
226.50959569892473 972.3900112568483 2250281.4212091723 1428247.8312677634 222.63440860215053
201.95039000000003 972.3571299132507 1428247.8312677634 1266717.1366860624 196.84166666666667
190.0858451612903 972.3506686854674 1266717.1366860624 1188005.5318360967 184.46774193548387
193.06024 972.3475202212734 1188005.5318360967 1225877.2806904407 190.40555555555557
203.2187677419355 972.3490350912276 1225877.2806904407 1303337.1738197166 202.55107526881721
297.95230000000026 972.3521334869528 1303337.1738197166 1914015.9959873965 297.8252688172043
413.08493571428573 972.3765606398395 1914015.9959873965 2649638.903814332 412.95238095238096
394.943296774194 972.4059855561526 2649638.903814332 2520394.1775918794 392.8333333333333
338.06099333333333 972.4008157671036 2520394.1775918794 2149114.179375159 334.4277777777778
605.955252688172 972.3859645671749 2149114.179375159 3863372.7929351805 601.2983870967741
363.08258 972.4545349117174 3863372.7929351805 2312293.626713211 360.725
200.57229462365586 972.3924917450685 2312293.626713211 1266861.9751752506 197.38172043010752
188.66138709677418 972.350674479007 1266861.9751752506 1187674.4187303993 184.55645161290323
196.20396333333332 972.3475069767492 1187674.4187303993 1224670.2867697892 191.02777777777777
185.8282 972.3489868114708 1224670.2867697892 1159498.2715054716 180.21236559139786
187.30777 972.3463799308602 1159498.2715054716 1188365.4249604363 184.6611111111111
193.2812193548387 972.3475346169984 1188365.4249604363 1236598.0575722232 192.6263440860215
205.1544451612903 972.3494639223029 1236598.0575722232 1315773.9744911117 205.2231182795699
277.0760642857142 972.3526309589796 1315773.9744911117 1783575.1943582937 277.04761904761904
294.6417677419355 972.3713430077743 1783575.1943582937 1875825.7127030317 292.51075268817203
333.4423933333333 972.3750330285081 1875825.7127030317 2117906.4668776784 329.5777777777778
341.4672741935484 972.3847162586751 2117906.4668776784 2171020.770275414 337.71505376344084
231.21332999999998 972.386840830811 2171020.770275414 1465494.0734865956 228.64166666666668
199.4956870967742 972.3586197629394 1465494.0734865956 1262833.6415005475 195.99193548387098
185.24087419354836 972.35051334566 1262833.6415005475 1163355.8054290728 181.1478494623656
192.59102 972.3465342322171 1163355.8054290728 1202993.7450820054 187.41944444444445
181.91966774193548 972.3481197498032 1202993.7450820054 1134193.4978762313 176.31182795698925
187.18152 972.345367739915 1134193.4978762313 1188945.7522697954 184.525
129.1813311827957 972.3475578300908 1188945.7522697954 829762.3185093337 128.69086021505376
87.79251290322584 972.3331904927403 829762.3185093337 563869.865672803 87.98655913978494
135.8988357142857 972.3225547946269 563869.865672803 874351.9740305376 135.92857142857142
271.8604709677418 972.3349740789612 874351.9740305376 1734299.270548279 269.4569892473118
403.4555822222222 972.3693719708219 1734299.270548279 2561904.976244174 399.2888888888889
385.4524967741935 972.4024761990497 2561904.976244174 2448274.4984240066 381.71505376344084
261.78958 972.397930979937 2448274.4984240066 1664196.0143801474 259.22222222222223
206.1517419354839 972.3665678405752 1664196.0143801474 1298577.037719776 202.7016129032258
191.89682903225807 972.3519430815088 1298577.037719776 1205460.9615892384 187.79301075268816
196.93983 972.3482184384635 1205460.9615892384 1231495.1689825119 191.76666666666668
183.2299387096774 972.3492598067593 1231495.1689825119 1145158.250960732 177.6263440860215
185.42457 972.3458063300384 1145158.250960732 1178247.5345067268 182.77777777777777
74.08517204301073 972.3471299013802 1178247.5345067268 474611.4487515598 73.73387096774194
122.55968387096775 972.31898445795 474611.4487515598 790240.9717228053 122.53763440860214
202.11109642857127 972.3316096388688 790240.9717228053 1297985.798742709 202.0625
294.1947870967746 972.3519194319497 1297985.798742709 1871734.713372038 291.88440860215053
378.04092333333335 972.3748693885349 1871734.713372038 2401886.8028722513 374.01666666666665
434.6809193548387 972.3960754721148 2401886.8028722513 2765553.6826475323 430.7123655913978
224.69986 972.4106221473058 2765553.6826475323 1426759.20641914 222.37777777777777
202.5699129032258 972.3570703682567 1426759.20641914 1277288.0535817777 199.04301075268816
188.1549096774193 972.3510915221433 1277288.0535817777 1182462.2244840777 184.05645161290323
193.4722 972.3472984889793 1182462.2244840777 1213007.5835511475 188.30277777777778
182.0625129032258 972.348520303342 1213007.5835511475 1137351.9440491612 176.45698924731184
160.07654777777776 972.3454940777619 1137351.9440491612 1011874.3574968647 157.51111111111112
60.3441903225806 972.3404749742998 1011874.3574968647 389865.19159650174 59.965053763440864
132.37043870967744 972.3155946076638 389865.19159650174 854590.8766556913 132.29301075268816
200.01362500000027 972.3341836350662 854590.8766556913 1284689.7193682266 199.9970238095238
369.41936129032285 972.3513875887747 1284689.7193682266 2358144.9012228954 366.8763440860215
462.8502066666666 972.3943257960489 2358144.9012228954 2945901.6270766123 458.7111111111111
414.614990322581 972.4178360650831 2945901.6270766123 2635815.643862011 410.9193548387097
278.06046 972.4054326257544 2635815.643862011 1769336.3520806327 275.5111111111111
223.3584096774194 972.3707734540832 1769336.3520806327 1410666.3832250845 219.88709677419354
199.19145161290322 972.356426655329 1410666.3832250845 1254302.2191646942 195.1021505376344
200.22852 972.3501720887665 1254302.2191646942 1252216.7920830743 195.0611111111111
188.8011193548387 972.3500886716832 1252216.7920830743 1180154.144798769 183.18279569892474
189.79752 972.3472061657919 1180154.144798769 1206236.1698934855 187.15
218.1675387096774 972.3482494467956 1206236.1698934855 1398014.0002129788 217.45430107526883
326.32817419354836 972.3559205600085 1398014.0002129788 2096075.8331630835 326.1693548387097
405.1424678571433 972.3838430333265 2096075.8331630835 2602759.8849691525 405.1041666666667
434.645441935484 972.4041103953988 2602759.8849691525 2777106.6487304945 432.39784946236557
506.51831000000004 972.4110842659492 2777106.6487304945 3223222.807221357 502.3861111111111
461.038487096774 972.4289289122888 3223222.807221357 2934428.218984914 457.28494623655916
260.64497 972.4173771287594 2934428.218984914 1655187.2939623941 258.26944444444445
305.9772677419355 972.3662074917585 1655187.2939623941 1938756.611909124 302.1774193548387
220.47771397849462 972.3775502644763 1938756.611909124 1390269.1357430895 216.50806451612902
204.8633877777778 972.3556107654297 1390269.1357430895 1286822.3007620831 199.7277777777778
191.4267677419355 972.3514728920304 1286822.3007620831 1193292.9948276498 185.81182795698925
191.9243 972.347731719793 1193292.9948276498 1219559.5979720466 189.275
202.7113129032258 972.3487823839189 1219559.5979720466 1298922.8084467258 202.04301075268816
215.15229354838715 972.3519569123379 1298922.8084467258 1380326.7649690306 215.22043010752688
282.74710000000005 972.3552130705988 1380326.7649690306 1816171.6428717573 282.73214285714283
428.362893548387 972.3726468657148 1816171.6428717573 2734996.6794860004 425.84139784946234
371.24682333333334 972.4093998671794 2734996.6794860004 2355403.383768626 367.5805555555556
375.1549580645161 972.3942161353507 2355403.383768626 2382033.917475063 371.3763440860215
228.93008 972.395281356699 2382033.917475063 1451177.2398578287 226.44722222222222
201.60197419354841 972.3580470895943 1451177.2398578287 1275162.0157244247 198.08602150537635
189.83012903225807 972.3510064806289 1275162.0157244247 1190349.7179036953 185.7258064516129
196.09393 972.3476139887161 1190349.7179036953 1223345.5639793125 190.91944444444445
183.3161806451613 972.3489338225592 1223345.5639793125 1144340.6022030124 177.70967741935485
186.40863 972.3457736240881 1144340.6022030124 1184489.8386468207 183.75833333333333
217.6946193548387 972.3473795935458 1184489.8386468207 1391442.3437871928 216.9758064516129
329.59509677419385 972.3556576937515 1391442.3437871928 2113489.8497712472 329.4274193548387
550.909667857143 972.3845395939908 2113489.8497712472 3535658.8274397478 550.5
613.216364516129 972.4414263530975 3535658.8274397478 3923236.1395911844 610.7795698924731
719.3041744444445 972.4569294455837 3923236.1395911844 4587695.810855528 714.8555555555556
1523.2845688172044 972.4835078324343 4587695.810855528 1298899536.9592783 922.4112903225806
1069.7177277777778 977.0725252171322 1298899536.9592783 1197077810.177144 948.0
644.5166247311828 977.0114443972269 1197077810.177144 43404697.67845304 978.0
294.9353806451614 973.565474955355 43404697.67845304 1867470.2913459658 306.0994623655914
380.62502 972.3746988116538 1867470.2913459658 2411204.119357707 374.96666666666664
195.2995 972.3964481647743 2411204.119357707 1215716.1200207246 190.08870967741936
201.88332 972.3486286448008 1215716.1200207246 1280847.1163650749 199.2111111111111
213.3279451612903 972.3512338846546 1280847.1163650749 1364717.2869335904 212.65591397849462
243.96592580645162 972.3545886914773 1364717.2869335904 1568431.90069986 243.98924731182797
345.0530250000004 972.3627372760279 1568431.90069986 2218871.25082854 344.95238095238096
326.233235483871 972.3887548500331 2218871.25082854 2079304.1846695927 324.1693548387097
335.18723666666665 972.3831721673868 2079304.1846695927 2130189.102006704 331.39444444444445
361.9960516129032 972.3852075640802 2130189.102006704 2302191.3835281385 358.1774193548387
218.52593000000002 972.3920876553411 2302191.3835281385 1383356.2464488042 216.04722222222222
203.4438 972.355334249858 1383356.2464488042 1282335.05864102 199.8978494623656
192.45755806451615 972.3512934023456 1282335.05864102 1213422.476537879 188.34408602150538
198.54447333333331 972.3485368990615 1213422.476537879 1245209.1181957568 193.36666666666667
187.34813548387098 972.3498083647278 1245209.1181957568 1168590.676530083 181.73387096774192
192.12122 972.3467436270612 1168590.676530083 1215254.2213182554 189.4638888888889
201.2319935483871 972.3486101688527 1215254.2213182554 1285956.281455389 200.56720430107526
254.64820000000003 972.3514382512582 1285956.281455389 1633117.3920431267 254.61827956989248
316.7593499999999 972.3653246956817 1633117.3920431267 2037791.569248394 316.75892857142856
349.452732258065 972.3815116627699 2037791.569248394 2232104.3845010693 347.25
443.24195999999995 972.38928417538 2232104.3845010693 2818017.0943612494 439.125
426.956206451613 972.4127206837744 2818017.0943612494 2717065.0535407765 423.1693548387097
250.03211 972.4086826021417 2717065.0535407765 1586518.3531934891 247.60833333333332
214.5044806451613 972.3634607341277 1586518.3531934891 1356824.4104343236 210.99462365591398
196.77459354838706 972.3542729764173 1356824.4104343236 1236827.6197359127 192.6747311827957
201.11212333333333 972.3494731047894 1236827.6197359127 1260743.7922429414 195.93333333333334
188.9083193548387 972.3504297516897 1260743.7922429414 1180012.1531879907 183.29301075268816
190.88055 972.3472004861275 1180012.1531879907 1210272.7396774823 188.23055555555555
203.5590838709677 972.3484109095871 1210272.7396774823 1306254.9620605242 202.88440860215053
251.9781612903226 972.3522501984824 1306254.9620605242 1615371.4634447936 251.96236559139786
323.07567142857147 972.3646148585377 1615371.4634447936 2073224.3244042262 323.05357142857144
372.624422580645 972.3829289729762 2073224.3244042262 2379727.7999648545 370.36559139784947
407.94799333333333 972.3951891119985 2379727.7999648545 2591217.176126406 404.0138888888889
405.649829032258 972.403648687045 2591217.176126406 2580652.632641047 401.85215053763443
256.3802 972.4032261053056 2580652.632641047 1625640.3297145786 253.88333333333333
210.8159774193548 972.3650256131885 1625640.3297145786 1333821.2114104284 207.33333333333334
194.93752903225806 972.3533528484564 1333821.2114104284 1224319.8501140377 190.83602150537635
199.03371333333334 972.3489727940046 1224319.8501140377 1247588.6045182813 193.85833333333332
188.897064516129 972.3499035441807 1247588.6045182813 1179975.46489351 183.2768817204301
190.37306 972.3471990185957 1179975.46489351 1206132.7905331138 187.725
204.9164193548387 972.3482453116213 1206132.7905331138 1315332.1201182818 204.23655913978496
255.57939032258065 972.3526132848046 1315332.1201182818 1643867.2948941896 255.55645161290323
325.19230000000016 972.3657546917957 1643867.2948941896 2088919.4436811989 325.17559523809524
291.8616935483871 972.3835567777472 2088919.4436811989 1860140.1387988315 289.85215053763443
334.47381333333334 972.3744056055519 1860140.1387988315 2123187.4561408777 330.6
341.9267193548387 972.3849274982456 2123187.4561408777 2167330.819121362 338.1774193548387
215.9187 972.3866932327649 2167330.819121362 1365287.6517581495 213.3972222222222
198.6729774193548 972.3546115060703 1365287.6517581495 1251284.7055220031 195.13709677419354
187.06042258064517 972.3500513882209 1251284.7055220031 1173429.4528445632 182.95698924731184
193.11833666666666 972.3469371781138 1173429.4528445632 1209662.412371523 187.94722222222222
187.11697096774193 972.3483864964949 1209662.412371523 1163108.0569874174 181.49193548387098
219.91431 972.3465243222795 1163108.0569874174 1393860.6690166914 217.1638888888889
179.89437096774196 972.3557544267607 1393860.6690166914 1154419.1454472684 179.3494623655914
