151.79706129032255 976.4455239431677 673917419.4 974653.9486922071 403.3279569892473
252.72363571428556 972.3389861579476 974653.9486922071 1623801.1551523218 252.61904761904762
449.585732258064 972.3649520462061 1623801.1551523218 2874324.6814325196 446.9274193548387
430.24396 972.4149729872573 2874324.6814325196 2738230.971599127 426.4194444444444
651.0633731182793 972.4095292388639 2738230.971599127 4150774.9300153996 646.4704301075269
887.2414244444444 972.4660309972006 4150774.9300153996 9218442.856331589 881.5166666666667
727.9730989247312 972.6757684523471 9218442.856331589 4643001.588659364 725.5268817204301
407.1731956989247 972.4857200635464 4643001.588659364 2587261.7321809796 403.53225806451616
245.02856444444447 972.4034904692872 2587261.7321809796 1538807.4497179599 240.19444444444446
230.7454935483871 972.3615522979887 1538807.4497179599 1442611.3653961807 225.06451612903226
250.80637000000002 972.3577044546158 1442611.3653961807 1596167.411387121 248.0611111111111
269.0427806451613 972.3638466964554 1596167.411387121 1722791.7320530075 268.3440860215054
278.67856774193547 972.368911669282 1722791.7320530075 1793199.7957426286 278.752688172043
402.5025142857144 972.3717279918296 1793199.7957426286 2587389.5886671897 402.3452380952381
379.094535483871 972.4034955835467 2587389.5886671897 2421323.585066832 377.008064516129
320.20642 972.3968529434027 2421323.585066832 2031038.2386638874 316.6
450.96777096774196 972.3812415295465 2031038.2386638874 2871941.7804172747 446.8037634408602
446.78070444444444 972.4148776712167 2871941.7804172747 2846671.6075982233 443.7638888888889
250.54393763440856 972.4138668643039 2846671.6075982233 1587846.9996082967 247.3790322580645
224.95135268817208 972.3635138799843 1587846.9996082967 1422067.6961525164 220.83333333333334
233.25635333333332 972.356882707846 1422067.6961525164 1467019.9261814684 228.01944444444445
225.5298870967742 972.3586807970472 1467019.9261814684 1414720.5772734203 219.84139784946237
234.91654 972.3565888230909 1414720.5772734203 1490548.5752419545 232.2138888888889
265.8570258064516 972.3596219430096 1490548.5752419545 1704522.365635402 265.1263440860215
304.0516935483871 972.3681808946254 1704522.365635402 1955506.9320494165 304.05913978494624
427.33848214285746 972.3782202772819 1955506.9320494165 2744584.3488920797 427.1845238095238
471.095609677419 972.4097833739556 2744584.3488920797 3006300.1242001196 468.7930107526882
396.86063333333334 972.420252004968 3006300.1242001196 2525048.0208967733 393.2055555555556
408.558722580645 972.4010019208358 2525048.0208967733 2600567.934266973 404.7258064516129
426.21452555555555 972.4040227173707 2600567.934266973 2715650.8431908456 423.1611111111111
362.0457838709678 972.4086260337276 2715650.8431908456 2300075.1021928876 358.4462365591398
225.08315161290318 972.3920030040877 2300075.1021928876 1420361.7109501327 221.2311827956989
233.51183666666665 972.356814468438 1420361.7109501327 1464146.4059854373 228.275
225.5339548387097 972.3585658562394 1464146.4059854373 1415537.959513949 219.84408602150538
240.39037 972.3566215183805 1415537.959513949 1527331.2543152552 237.66944444444445
266.4237129032258 972.3610932501725 1527331.2543152552 1703587.9427232326 265.7069892473118
303.813164516129 972.3681435177089 1703587.9427232326 1949282.3564486408 303.8225806451613
488.13075714285753 972.3779712942579 1949282.3564486408 3135748.6614763853 487.8154761904762
376.486719354839 972.4254299464591 3135748.6614763853 2404066.7665743413 374.61290322580646
361.95817 972.396162670663 2404066.7665743413 2296567.6482688757 358.1972222222222
416.51344516129 972.3918627059307 2296567.6482688757 2645781.0260281675 412.5698924731183
258.73870999999997 972.4058312410411 2645781.0260281675 1642722.7173313065 256.2583333333333
341.8798602150538 972.3657089086933 1642722.7173313065 2174043.250900869 337.9489247311828
226.06010645161288 972.386961730036 2174043.250900869 1423859.3338967091 222.15860215053763
230.03748666666667 972.3569543733558 1423859.3338967091 1447075.629401942 224.8138888888889
217.9702451612903 972.3578830251761 1447075.629401942 1363414.5532635099 212.30645161290323
219.99036 972.3545365821305 1363414.5532635099 1394961.8499551306 217.31666666666666
233.4200483870968 972.3557984739982 1394961.8499551306 1491975.858666314 232.73924731182797
273.3922193548387 972.3596790343466 1491975.858666314 1759800.7194704432 273.39247311827955
389.3324428571427 972.3703920287788 1759800.7194704432 2501008.131837082 389.19642857142856
319.008006451613 972.4000403252735 2501008.131837082 2036119.0356724223 317.0698924731183
308.29749333333336 972.3814447614269 2036119.0356724223 1959101.2332144685 304.5833333333333
370.6986193548387 972.3783640493285 1959101.2332144685 2353496.2974651605 366.7876344086022
242.9712 972.3941398518986 2353496.2974651605 1541683.7521432485 240.43055555555554
229.5747290322581 972.3616673500857 1541683.7521432485 1449606.4711850376 225.997311827957
216.27312903225805 972.3579842588474 1449606.4711850376 1361456.6648444147 212.13709677419354
224.37882666666667 972.3544582665937 1361456.6648444147 1407006.8823480813 219.15555555555557
214.77965483870966 972.3562802752939 1407006.8823480813 1345891.7099897708 209.11290322580646
220.98207 972.3538356683996 1345891.7099897708 1404318.4548107258 218.29722222222222
236.7609516129032 972.3561727381924 1404318.4548107258 1519932.2613292115 236.07258064516128
306.98571290322576 972.3607972904531 1519932.2613292115 1968822.7534866019 306.9193548387097
427.88582142857103 972.3787529101394 1968822.7534866019 2750089.002482568 427.73511904761904
372.78264516129 972.4100035600993 2750089.002482568 2378078.9489877378 370.7768817204301
325.90837 972.3951231579595 2378078.9489877378 2070497.9118317065 322.2638888888889
378.3340258064516 972.3828199164733 2070497.9118317065 2402215.8192966282 374.43817204301075
243.52103 972.3960886327718 2402215.8192966282 1545267.0625976746 240.99722222222223
242.5846612903226 972.3618106825039 1545267.0625976746 1535903.3422165802 238.96236559139786
221.07878709677422 972.3614361336886 1535903.3422165802 1393221.8267628036 216.95698924731184
237.30273333333335 972.3557288730705 1393221.8267628036 1491792.7280861991 232.0388888888889
240.669835483871 972.3596717091234 1491792.7280861991 1507836.4913764917 234.93010752688173
269.4077 972.360313459655 1507836.4913764917 1712707.2583679995 266.6277777777778
290.5062677419355 972.3685082903347 1712707.2583679995 1860069.3600946565 289.7956989247312
298.73960322580643 972.3744027744037 1860069.3600946565 1915542.997757938 298.8198924731183
167.6578678571429 972.3766217199103 1915542.997757938 1078065.4616700413 168.16369047619048
158.89292258064512 972.3431226184667 1078065.4616700413 1007649.7925547771 156.90591397849462
203.67506444444444 972.3403059917022 1007649.7925547771 1284174.4758428005 199.9388888888889
152.58956774193547 972.3513669790336 1284174.4758428005 957114.041526935 149.18279569892474
182.36002333333332 972.338284561661 957114.041526935 1157558.7548293793 179.48055555555555
105.97809784946239 972.3463023501931 1157558.7548293793 658726.0905107002 102.68548387096774
61.27868279569893 972.3263490436204 658726.0905107002 369408.7690728207 57.41129032258065
46.942906666666666 972.3147763507628 369408.7690728207 274079.31253105844 42.05
42.25610322580645 972.3109631725011 274079.31253105844 239474.34085239994 36.873655913978496
45.20734 972.3095789736341 239474.34085239994 279909.52805935004 42.669444444444444
51.190435483871 972.3111963811224 279909.52805935004 330933.2871503556 50.56182795698925
98.17113548387094 972.313237331486 330933.2871503556 633541.7604056101 98.15322580645162
242.17091071428527 972.3253416704162 633541.7604056101 1557072.3048270044 241.95238095238096
428.8741129032262 972.3622828921931 1557072.3048270044 2735547.8679028642 426.255376344086
456.4552233333333 972.4094219147161 2735547.8679028642 2907529.6552125416 452.48333333333335
464.147577419355 972.4163011862084 2907529.6552125416 2952662.340477608 460.26612903225805
270.20038 972.4181064936191 2952662.340477608 1716998.1072325872 267.8
428.44847741935484 972.3686799242893 1716998.1072325872 2722476.5937500345 424.247311827957
226.07948817204306 972.40889906375 2722476.5937500345 1425870.8969990422 222.38172043010752
229.84205666666668 972.35703483588 1425870.8969990422 1440180.974817103 224.62222222222223
217.0858451612903 972.3576072389926 1440180.974817103 1360537.5067227718 211.4220430107527
220.06024 972.3544215002689 1360537.5067227718 1400280.0695761607 217.38333333333333
231.2187677419355 972.3560112027831 1400280.0695761607 1477724.1560650098 230.54569892473117
326.95230000000026 972.3591089662426 1477724.1560650098 2097897.3863038984 326.8225806451613
448.5135071428572 972.3839158954521 2097897.3863038984 2880885.828783358 448.36309523809524
409.943296774194 972.4152354331513 2880885.828783358 2618892.060078222 407.8736559139785
298.86099333333334 972.4047556824031 2618892.060078222 1897411.3259701352 295.40555555555557
455.2993387096774 972.3758964530388 1897411.3259701352 2893960.3748279796 451.0725806451613
362.08258 972.4157584149931 2893960.3748279796 2303497.298577259 359.35555555555555
226.35455268817202 972.3921398919431 2303497.298577259 1428491.4153654298 223.07258064516128
214.72590322580643 972.3571396566145 1428491.4153654298 1355685.3821908259 210.58602150537635
223.13729666666666 972.3542274152876 1355685.3821908259 1399161.4940983674 217.91666666666666
213.8282 972.3559664597639 1399161.4940983674 1335720.0891067141 208.16397849462365
222.30777 972.3534288035643 1335720.0891067141 1414764.000423593 219.61388888888888
238.2812193548387 972.3565905600169 1414764.000423593 1526247.9478592684 237.59408602150538
259.3157354838709 972.3610499179143 1526247.9478592684 1667308.2087672006 259.36290322580646
340.29034999999993 972.3666923283506 1667308.2087672006 2185733.1076184083 340.2440476190476
304.6417677419355 972.3874293243047 2185733.1076184083 1944520.9160602225 302.6290322580645
271.90905999999995 972.3777808366424 1944520.9160602225 1719628.133154034 268.2916666666667
340.4672741935484 972.3687851253261 1719628.133154034 2164861.569058 336.5698924731183
223.21332999999998 972.3865944627623 2164861.569058 1419278.3914088444 220.6638888888889
247.4956870967742 972.3567711356563 1419278.3914088444 1567908.2905778394 243.80913978494624
232.56345483870965 972.3627163316231 1567908.2905778394 1468340.2648792302 228.41129032258064
273.3799088888889 972.3587336105951 1468340.2648792302 1722519.0273261433 268.0
41.91966774193548 972.368900761093 1722519.0273261433 238860.24989721036 37.07795698924731
42.18152 972.3095544099958 238860.24989721036 254610.21507417224 39.65555555555556
52.8049870967742 972.3101844086029 254610.21507417224 338051.2502584001 52.163978494623656
87.79251290322584 972.3135220500103 338051.2502584001 568943.7876688975 87.8010752688172
135.8988357142857 972.3227577515067 568943.7876688975 872225.8028729394 135.93154761904762
219.70993333333314 972.3348890321149 872225.8028729394 1400101.9430439023 217.46236559139786
322.5666933333333 972.3560040777218 1400101.9430439023 2045972.2860591176 318.55833333333334
384.4524967741935 972.3818388914424 2045972.2860591176 2446978.5652531437 380.5241935483871
243.78958 972.3978791426101 2446978.5652531437 1551238.5403800367 241.28055555555557
260.1517419354839 972.3620495416152 1551238.5403800367 1649346.4461887334 256.4704301075269
236.31618387096773 972.3659738578475 1649346.4461887334 1494171.806980497 232.18010752688173
291.13982999999996 972.3597668722792 1494171.806980497 1839063.9154261476 285.6972222222222
253.8078956989247 972.373562556617 1839063.9154261476 1595606.8955150149 248.14247311827958
43.42457 972.3638242758205 1595606.8955150149 264867.96966514795 41.416666666666664
52.7034516129032 972.3105947187865 264867.96966514795 335602.1440460922 52.06720430107527
122.55968387096775 972.3134240857618 335602.1440460922 788027.277868031 122.48655913978494
202.11109642857127 972.3315210911147 788027.277868031 1302973.165076969 202.0595238095238
296.2297333333337 972.352118926603 1302973.165076969 1887799.7453634865 293.9139784946237
324.90759 972.3755119898145 1887799.7453634865 2063965.802812934 321.0777777777778
353.6809193548387 972.3825586321125 2063965.802812934 2243841.409632246 349.8682795698925
228.69986 972.3897536563852 2243841.409632246 1451115.1539044296 226.1638888888889
249.56991290322583 972.3580446061561 1451115.1539044296 1576679.3858326175 245.88978494623655
226.76781290322577 972.3630671754332 1576679.3858326175 1431719.8531329583 222.63978494623655
261.80553333333336 972.3572687941253 1431719.8531329583 1647564.5286115974 256.4583333333333
265.2372440860215 972.3659025811444 1647564.5286115974 1667088.6348377685 259.4543010752688
42.54877 972.3666835453935 1667088.6348377685 256905.12074286374 40.57222222222222
60.3441903225806 972.3102762048296 256905.12074286374 383839.353784812 59.685483870967744
132.37043870967744 972.3153535741513 383839.353784812 855764.2301365513 132.29032258064515
200.01362500000027 972.3342305692054 855764.2301365513 1285863.3756662607 199.9970238095238
363.8145225806454 972.3514345350267 1285863.3756662607 2325227.4723656853 361.2876344086022
372.38354000000004 972.3930090988946 2325227.4723656853 2369189.2778268405 368.5527777777778
413.614990322581 972.394767571113 2369189.2778268405 2631410.644095099 409.7069892473118
249.06045999999998 972.4052564257638 2631410.644095099 1583747.606379268 246.60555555555555
236.3584096774194 972.3633499042552 1583747.606379268 1497434.2737317262 232.7715053763441
219.44951612903225 972.3598973709493 1497434.2737317262 1381386.9530098215 215.31989247311827
226.12851999999998 972.3552554781204 1381386.9530098215 1418831.7633093488 220.90555555555557
215.8011193548387 972.3567532705323 1418831.7633093488 1353041.127246481 210.13440860215053
220.79752 972.3541216450898 1353041.127246481 1401548.8553656512 218.11666666666667
248.1675387096774 972.3560619542146 1401548.8553656512 1592280.8280741118 247.44892473118279
342.7797870967742 972.363691233123 1592280.8280741118 2198051.6703835703 342.6559139784946
428.3924678571433 972.3879220668153 2198051.6703835703 2750667.7481446895 428.3363095238095
446.645441935484 972.4100267099258 2750667.7481446895 2854836.855307503 444.4166666666667
431.8516433333333 972.4141934742123 2854836.855307503 2748514.2841504393 428.0138888888889
445.038487096774 972.409940571366 2748514.2841504393 2830302.165036375 441.1639784946237
267.64497 972.4132120866014 2830302.165036375 1701399.935907345 265.2055555555556
280.9073752688172 972.3680559974363 1701399.935907345 1783555.1264909739 277.2096774193548
229.0449182795699 972.3713422050596 1783555.1264909739 1444031.6665931926 224.98655913978496
232.77727666666667 972.3577612666637 1444031.6665931926 1458634.2836473028 227.55277777777778
218.4267677419355 972.3583453713459 1458634.2836473028 1364180.506779628 212.76612903225808
218.9243 972.3545672202712 1364180.506779628 1392302.8022228342 216.25277777777777
230.7113129032258 972.3556921120888 1392302.8022228342 1478852.8004996865 230.03494623655914
244.15229354838715 972.35915411202 1478852.8004996865 1569750.053219703 244.21774193548387
318.17567142857143 972.3627900021288 1569750.053219703 2045748.834140246 318.1458333333333
441.362893548387 972.3818299533656 2045748.834140246 2820694.338409289 438.88709677419354
324.6468233333334 972.4128277735364 2820694.338409289 2061219.0792282182 321.1777777777778
374.1549580645161 972.3824487631691 2061219.0792282182 2379046.6674988316 370.26881720430106
239.93008 972.3951618666999 2379046.6674988316 1524838.5003503023 237.40833333333333
228.60197419354841 972.360993540014 1524838.5003503023 1443823.6829635266 225.0215053763441
215.89464516129033 972.3577529473185 1443823.6829635266 1358184.606798868 211.75806451612902
226.12726333333333 972.3543273842719 1358184.606798868 1421192.5237834298 220.89444444444445
217.3161806451613 972.3568477009513 1421192.5237834298 1359722.6816259238 211.6451612903226
227.40863 972.354388907265 1359722.6816259238 1444840.9030570036 224.70833333333334
273.6946193548387 972.3577936361222 1444840.9030570036 1752597.3263441692 272.9274193548387
395.40154838709714 972.3701038930537 1752597.3263441692 2537447.673038424 395.2123655913978
620.659667857143 972.4014979069215 2537447.673038424 3982215.191859935 620.2440476190476
621.216364516129 972.4592886076744 3982215.191859935 3967586.7729478157 618.9247311827957
495.6930633333333 972.458703470918 3967586.7729478157 3153466.232379689 492.05833333333334
1231.4458591397852 972.4261386492951 3153466.232379689 36677110.001500495 1211.497311827957
1068.7177277777778 973.4244797727614 36677110.001500495 19331490.67684055 1070.775
642.5193129032258 972.9814302965789 19331490.67684055 4095899.6126782587 644.1317204301075
293.9326924731183 972.4638359845071 4095899.6126782587 1860767.656288842 290.5
238.09446444444444 972.3744307062515 1860767.656288842 1494516.8541036488 233.00833333333333
221.2995 972.3597806741641 1494516.8541036488 1384562.5238955156 215.63978494623655
228.88332 972.3553825009558 1384562.5238955156 1451542.1760986529 226.1888888888889
240.3279451612903 972.3580616870439 1451542.1760986529 1543113.1882443381 239.6478494623656
271.0627 972.3617245275298 1543113.1882443381 1741768.8984533027 271.08870967741933
375.0530250000004 972.369670755938 1741768.8984533027 2410130.75132098 374.94642857142856
340.233235483871 972.3964052300528 2410130.75132098 2168282.42023969 338.1989247311828
289.45390333333336 972.3867312968096 2168282.42023969 1836881.1445438606 285.85833333333335
360.9960516129032 972.3734752457817 1836881.1445438606 2292890.877624288 357.0725806451613
238.52593000000002 972.3917156351049 2292890.877624288 1517381.8957100762 235.975
229.4438 972.3606952758283 1517381.8957100762 1449332.8227193146 225.85752688172042
217.55433225806453 972.3579733129087 1449332.8227193146 1368392.3763618171 213.41397849462365
225.47780666666665 972.3547356950544 1368392.3763618171 1414005.0975587082 220.25277777777777
215.34813548387098 972.3565602039023 1414005.0975587082 1346294.1230267163 209.68279569892474
224.12122 972.353851764921 1346294.1230267163 1420494.3013056654 221.42777777777778
236.2319935483871 972.3568197720522 1420494.3013056654 1516383.9872747979 235.55107526881721
285.6159419354839 972.3606553594909 1516383.9872747979 1837195.849703127 285.5967741935484
346.7593499999999 972.3734878339881 1837195.849703127 2230994.3744123084 346.76488095238096
362.452732258065 972.3892397749764 2230994.3744123084 2310261.6386611587 360.28494623655916
378.9086266666667 972.3924104655464 2310261.6386611587 2408127.6733448105 375.05
425.956206451613 972.3963251069338 2408127.6733448105 2706503.902070851 422.02150537634407
259.03211 972.4082601560829 2706503.902070851 1642639.0106229372 256.575
241.5044806451613 972.3657055604249 1642639.0106229372 1529434.4120449896 237.9220430107527
221.87136774193544 972.3611773764818 1529434.4120449896 1397387.429335768 217.74462365591398
229.07879 972.3558954971734 1397387.429335768 1437898.1964560342 223.85
217.9083193548387 972.3575159278582 1437898.1964560342 1361519.7906898824 212.24193548387098
224.88055 972.3544607916276 1361519.7906898824 1429588.1280148083 222.1888888888889
237.5590838709677 972.3571835251206 1429588.1280148083 1522467.3079990805 236.8790322580645
287.7846129032258 972.3608986923199 1522467.3079990805 1848820.6917408237 287.76344086021504
353.07567142857147 972.3739528276697 1848820.6917408237 2266999.348539471 353.07142857142856
383.624422580645 972.3906799739416 2266999.348539471 2447336.390104061 381.4059139784946
349.1479933333334 972.3978934556042 2447336.390104061 2219901.600933432 345.4472222222222
404.649829032258 972.3887960640374 2219901.600933432 2572605.722284908 400.71774193548384
253.3802 972.4029042288914 2572605.722284908 1609796.799054528 250.88888888888889
236.8159774193548 972.3643918719622 1609796.799054528 1495080.5690077618 233.23924731182797
220.03430322580644 972.3598032227603 1495080.5690077618 1387949.9316342971 215.9005376344086
225.96704666666668 972.3555179972653 1387949.9316342971 1417819.0791344251 220.74722222222223
215.897064516129 972.3567127631653 1417819.0791344251 1349305.2323324692 210.2311827956989
218.37306 972.3539722092933 1349305.2323324692 1389655.5164938811 215.69722222222222
232.9164193548387 972.3555862206597 1389655.5164938811 1491641.8102239703 232.23387096774192
273.9664870967742 972.3596656724089 1491641.8102239703 1764032.4154943048 273.96505376344084
344.1208714285716 972.3705612966197 1764032.4154943048 2211306.6536326753 344.1041666666667
303.8616935483871 972.3884522661452 2211306.6536326753 1941172.2728885661 301.86021505376345
265.47381333333334 972.3776468909156 1941172.2728885661 1678893.3360080046 261.8777777777778
340.9267193548387 972.3671557334403 1678893.3360080046 2165602.240860144 337.01344086021504
225.9187 972.3866240896343 2165602.240860144 1435208.0041093088 223.36111111111111
220.6729774193548 972.3574083201644 1435208.0041093088 1394496.5776207785 217.08602150537635
211.18945483870968 972.3557798631048 1394496.5776207785 1329519.0592825508 207.05107526881721
122.46833666666666 972.3531807623713 1329519.0592825508 757098.1902602516 117.64166666666667
45.17611075268818 972.3302839276104 757098.1902602516 256565.1004806678 39.96236559139785
44.91431 972.3102626040192 256565.1004806678 272523.2677677884 42.38611111111111
59.8782419354839 972.3109009307107 272523.2677677884 382926.61376755114 59.225806451612904
