150.79706129032255 976.4455239431677 673917419.4 967205.1789438893 402.3252688172043
251.72363571428556 972.3386882071577 967205.1789438893 1616234.082731721 251.61904761904762
598.585732258064 972.3646493633092 1616234.082731721 3824771.6977223125 595.4784946236559
1790.5106266666667 972.4529908679089 3824771.6977223125 158282102.72496754 1709.986111111111
1073.235416129032 974.9084539275389 158282102.72496754 19510998.31710177 1118.3010752688172
557.17198 972.9864166199195 19510998.31710177 3553219.4919215576 560.1944444444445
264.7338516129032 972.4421287796769 3553219.4919215576 1674359.6669019808 261.78494623655916
232.0387870967742 972.366974386676 1674359.6669019808 1466921.3671970742 227.92741935483872
232.84245333333334 972.3586768546878 1466921.3671970742 1462915.0919471437 227.625
218.7454935483871 972.3585166036778 1462915.0919471437 1371213.8945546595 213.08333333333334
238.80637000000002 972.3548485557822 1371213.8945546595 1513537.858873315 236.075
255.04278064516132 972.3605415143548 1513537.858873315 1632974.3689542213 254.3494623655914
260.2269548387096 972.3653189747581 1632974.3689542213 1673119.0327318932 260.31182795698925
384.7882285714287 972.3669247613093 1673119.0327318932 2472427.3366181706 384.6279761904762
742.094535483871 972.3988970934647 2472427.3366181706 4742106.300994261 738.8763440860215
854.5953088888889 972.4896842520398 4742106.300994261 7841853.92223194 848.7388888888889
614.8414268817205 972.6184105800929 7841853.92223194 3916938.489304394 612.2768817204301
450.8140377777778 972.4566775395722 3916938.489304394 2873922.1709991363 448.18611111111113
236.8208193548387 972.41495688684 2873922.1709991363 1496408.6289522983 233.71505376344086
173.6287720430108 972.359856345158 1496408.6289522983 1091785.7766233464 169.66397849462365
126.50357555555556 972.3436714310649 1091785.7766233464 782015.874726444 121.56944444444444
100.78795161290324 972.3312806349891 782015.874726444 615758.4691997555 95.35483870967742
72.32487333333333 972.324630338768 615758.4691997555 451050.71626742865 69.84444444444445
71.33014408602149 972.3180420286507 451050.71626742865 455486.75457570795 70.71505376344086
97.04631720430105 972.318219470183 455486.75457570795 625295.6976166859 97.07795698924731
235.8414583333336 972.3250118279046 625295.6976166859 1514277.6406073398 235.63690476190476
459.75958817204264 972.3605711056242 1514277.6406073398 2933002.570826611 457.03225806451616
647.8134111111111 972.4173201028331 2933002.570826611 4126508.7732856325 643.2388888888889
942.6904430107525 972.4650603509314 4126508.7732856325 11606732.126924997 934.8037634408602
452.25341444444445 972.7668536701924 11606732.126924997 2881192.081105806 452.5833333333333
236.0538483870968 972.4152476832442 2881192.081105806 1496329.506955225 232.9516129032258
212.87347419354833 972.3598531802782 1496329.506955225 1342413.8463312348 208.76612903225808
219.17850333333334 972.3536965538532 1342413.8463312348 1371929.7088350437 213.96944444444443
207.5339548387097 972.3548771883534 1371929.7088350437 1297505.9588046833 201.88440860215053
214.39037 972.3519002383522 1297505.9588046833 1362132.708721748 211.70833333333334
70.66564838709677 972.3544853083488 1362132.708721748 450963.194384665 70.39247311827957
109.90725053763435 972.3180385277753 450963.194384665 710113.8296929385 109.90591397849462
301.8986142857147 972.3284045531876 710113.8296929385 1939509.112994663 301.5565476190476
378.28241827957015 972.3775803645198 1939509.112994663 2415255.6517710476 375.9569892473118
794.3665033333333 972.3966102260708 2415255.6517710476 5442223.394748001 788.875
649.1935526881716 972.5184259747812 5442223.394748001 4138397.9791794773 645.6155913978495
379.73870999999997 972.4655359191672 4138397.9791794773 2415067.1737416815 377.43333333333334
236.8099677419355 972.3966026869497 2415067.1737416815 1498670.4065274564 233.53225806451613
215.5681709677419 972.3599468162611 1498670.4065274564 1360261.8431209929 211.4516129032258
218.80415333333335 972.3544104737248 1360261.8431209929 1371287.631348357 213.6027777777778
206.9702451612903 972.3548515052539 1371287.631348357 1294702.6256105218 201.32258064516128
210.99036 972.3517881050244 1294702.6256105218 1337626.913473708 208.31944444444446
79.20499462365594 972.3535050765389 1337626.913473708 505854.91002685396 78.90053763440861
103.10189677419353 972.3202341964011 505854.91002685396 666607.8445946432 103.13709677419355
223.60029999999986 972.3266643137838 666607.8445946432 1438752.7174326077 223.44345238095238
326.88703870967754 972.3575501086973 1438752.7174326077 2084803.8213522858 324.5295698924731
563.6336044444444 972.3833921528541 2084803.8213522858 3590868.9436138743 559.0305555555556
413.11528602150537 972.4436347577446 3590868.9436138743 2630184.5378539567 409.6639784946237
407.3850888888889 972.4052073815142 2630184.5378539567 2595012.042574944 404.40555555555557
225.5747290322581 972.403800481703 2595012.042574944 1426133.4292858571 222.40322580645162
144.79732258064513 972.3570453371714 1426133.4292858571 906811.766975993 140.91129032258064
92.43160444444446 972.336272470679 906811.766975993 562293.2303040202 87.56388888888888
64.8092247311828 972.3224917292122 562293.2303040202 386956.5102187222 59.44086021505376
45.11262555555555 972.3154782604087 386956.5102187222 275582.7995027461 42.63333333333333
52.7609516129032 972.3110233119801 275582.7995027461 334695.9414494311 52.12903225806452
120.27603548387094 972.313387837658 334695.9414494311 776014.5078306876 120.20698924731182
209.67153571428528 972.3310405803132 776014.5078306876 1351672.4320367237 209.5952380952381
405.85522580645124 972.3540668972814 1351672.4320367237 2589448.3890309082 403.22849462365593
633.9611477777777 972.4035779355612 2589448.3890309082 4039713.506306979 629.3027777777778
594.6028430107526 972.4615885402523 4039713.506306979 3789511.84660317 590.6908602150538
466.3099188888889 972.4515804738642 3789511.84660317 2975675.906187304 463.5805555555556
231.5846612903226 972.4190270362475 2975675.906187304 1462880.462696075 228.53494623655914
165.92824946236564 972.3585152185078 1462880.462696075 1043596.122766149 161.9784946236559
100.77217777777778 972.3417438449106 1043596.122766149 619094.5054496826 95.92222222222222
73.1187602150538 972.324763780218 619094.5054496826 435440.4395894184 67.73924731182795
59.4327 972.3174176175835 435440.4395894184 368109.09277860203 56.925
59.5331494623656 972.3147243637111 368109.09277860203 382353.11988654867 58.916666666666664
73.32024838709674 972.3152941247954 382353.11988654867 470387.5622904334 73.38172043010752
121.86917738095241 972.3188155024916 470387.5622904334 786671.0308668816 121.89583333333333
157.83915913978493 972.3314668412346 786671.0308668816 998979.8282814111 155.747311827957
202.17506444444444 972.3399591931312 998979.8282814111 1272548.2935358651 198.44166666666666
150.3960193548387 972.3509019317414 1272548.2935358651 944449.0698258795 146.99193548387098
180.42113444444445 972.337777962793 944449.0698258795 1141939.6368429507 177.54444444444445
103.6823989247312 972.3456775854737 1141939.6368429507 643068.7598955703 100.39247311827957
60.332446236559136 972.3257227503958 643068.7598955703 364116.59673014155 56.46236559139785
46.00401777777778 972.3145646638692 364116.59673014155 265389.96151131886 41.11388888888889
41.25610322580645 972.3106155984605 265389.96151131886 235362.1730932702 35.873655913978496
44.20734 972.3094144869237 235362.1730932702 270655.6980799465 41.672222222222224
50.190435483871 972.3108262279231 270655.6980799465 322195.33722258813 49.56182795698925
98.17113548387094 972.3128878134888 322195.33722258813 632003.6971862654 98.15053763440861
241.17091071428527 972.3252801478874 632003.6971862654 1548215.8628875036 240.95535714285714
426.9977688172047 972.3619286345155 1548215.8628875036 2729759.3908649096 424.3790322580645
859.9357788888889 972.4091903756346 2729759.3908649096 8081955.702062003 853.1777777777778
1193.7362870967743 972.6284148209193 8081955.702062003 32010867.75977808 1177.8333333333333
402.20038 973.3184288127222 32010867.75977808 2559765.949895348 410.5472222222222
236.2065419354839 972.4023906379958 2559765.949895348 1497341.7504799804 232.98387096774192
214.20583225806453 972.3598936700191 1497341.7504799804 1350904.2275665519 210.09408602150538
218.60872333333333 972.3540361691026 1350904.2275665519 1374636.8662899386 213.40277777777777
206.0858451612903 972.3549854746516 1374636.8662899386 1287641.1654332245 200.44354838709677
211.06024 972.3515056466173 1287641.1654332245 1338757.4152931378 208.38611111111112
221.2187677419355 972.3535502966117 1338757.4152931378 1414148.7481211533 220.5483870967742
316.27488064516155 972.3565659499249 1414148.7481211533 2033475.7652232829 316.14516129032256
436.33493571428573 972.381339030609 2033475.7652232829 2800631.8667822722 436.1904761904762
642.8250172043015 972.4120252746712 2800631.8667822722 4107927.23222842 640.0268817204301
742.3054377777778 972.4643170892891 4107927.23222842 4732043.760083868 737.8472222222222
684.6165430107527 972.4892817504034 4732043.760083868 4366511.908310447 680.6505376344086
365.04646888888885 972.4746604763324 4366511.908310447 2328249.9099645857 362.875
161.36261720430105 972.3931299963986 2328249.9099645857 1014015.6268708626 158.31451612903226
97.97321505376345 972.3405606250748 1014015.6268708626 604304.8785435867 94.10483870967742
79.37896333333333 972.3241721951417 604304.8785435867 478781.4431675404 74.44722222222222
58.67497419354839 972.3191512577266 478781.4431675404 346363.1222272449 53.30107526881721
45.37999222222222 972.313854524889 346363.1222272449 279419.29962795845 42.88333333333333
50.2812193548387 972.3111767719851 279419.29962795845 322062.98724096664 49.655913978494624
63.864122580645144 972.3128825194896 322062.98724096664 411663.43451931997 63.924731182795696
113.21892142857138 972.3164665373807 411663.43451931997 730630.7481726672 113.24404761904762
139.77886451612903 972.3292252299269 730630.7481726672 883113.1171736398 137.72043010752688
291.96183777777776 972.3353245246869 883113.1171736398 1848355.1175994584 287.8638888888889
340.5425430107527 972.3739342047039 1848355.1175994584 2163593.5994054545 336.69354838709677
280.2994411111111 972.3865437439762 2163593.5994054545 1782384.345900352 277.56111111111113
123.51450430107528 972.371295373836 1782384.345900352 768651.0488388367 120.39516129032258
62.95055161290321 972.3307460419535 768651.0488388367 379478.1027579866 59.11827956989247
45.81879777777778 972.3151791241103 379478.1027579866 269147.1969142353 40.93333333333333
40.91966774193548 972.3107658878765 269147.1969142353 232505.1082811143 35.54032258064516
41.18152 972.3093002043312 232505.1082811143 250327.09110031172 38.65555555555556
51.8049870967742 972.310013083644 250327.09110031172 334279.6668446835 51.163978494623656
86.79251290322584 972.3133711866737 334279.6668446835 557893.4006002516 86.80376344086021
135.8988357142857 972.3223157360239 557893.4006002516 875574.7516133168 135.92559523809524
217.80401935483852 972.3350229900645 875574.7516133168 1384946.0429019537 215.56451612903226
409.05836 972.355397841716 1384946.0429019537 2600486.7521494334 404.7361111111111
568.323464516129 972.4040194700859 2600486.7521494334 3623331.830826847 563.9650537634409
460.0756911111111 972.444933273233 3623331.830826847 2936144.247878904 457.3027777777778
225.1517419354839 972.4174457699152 2936144.247878904 1419986.595626372 222.11021505376345
178.16564623655916 972.356799463825 1419986.595626372 1120682.815605292 174.15591397849462
85.01483 972.3448273126241 1120682.815605292 517354.863805821 80.25833333333334
53.98800322580645 972.3206941945522 517354.863805821 315734.2637389652 48.64784946236559
42.43845888888889 972.3126293705495 315734.2637389652 262474.0865948402 39.93888888888889
51.7034516129032 972.3104989634637 262474.0865948402 333719.0288598816 51.06720430107527
122.55968387096775 972.3133487611543 333719.0288598816 786143.8513106493 122.48655913978494
202.11109642857127 972.3314457540524 786143.8513106493 1301090.1845953215 202.0595238095238
350.9609161290326 972.3520436073837 1301090.1845953215 2242397.903924754 348.47849462365593
610.4687011111112 972.3896959161569 2242397.903924754 3887100.478620179 605.7611111111111
466.8475860215054 972.4554840191448 3887100.478620179 2968660.6216284917 463.3225806451613
446.44430444444447 972.4187464248652 2968660.6216284917 2842586.9826165764 443.46666666666664
168.4650741935484 972.4137034793047 2842586.9826165764 1061820.701297573 165.58333333333334
77.59845806451608 972.3424728280519 1061820.701297573 472265.7603306469 73.8225806451613
53.72497777777778 972.3188906304132 472265.7603306469 317230.77510170965 48.84444444444444
42.08939462365591 972.312689231004 317230.77510170965 240090.336355298 36.723118279569896
41.54877 972.3096036134542 240090.336355298 251509.64932788798 39.025
59.3441903225806 972.3100603859731 251509.64932788798 378957.6608489369 58.685483870967744
131.37043870967744 972.3151583064339 378957.6608489369 843603.8901573305 131.29301075268816
200.01362500000027 972.3337441556063 843603.8901573305 1288102.0429482933 199.99107142857142
442.11828602150564 972.3515240817179 1288102.0429482933 2825435.138377252 439.35752688172045
650.4113177777778 972.413017405535 2825435.138377252 4143225.15648329 645.7861111111112
713.2816569892476 972.4657290062594 4143225.15648329 4548519.730042293 708.997311827957
405.67157111111106 972.4819407892016 4548519.730042293 2586759.646890906 403.43611111111113
232.3584096774194 972.4034703858756 2586759.646890906 1466887.4577966197 229.16129032258064
209.64306451612902 972.3586754983119 1466887.4577966197 1318761.0219793424 205.53763440860214
214.86185333333333 972.3527504408792 1318761.0219793424 1343959.0330573653 209.6611111111111
201.8011193548387 972.3537583613222 1343959.0330573653 1262847.238760022 196.16397849462365
120.42252 972.3505138895504 1262847.238760022 762033.2239436918 118.03333333333333
65.17022688172041 972.3304813289577 762033.2239436918 420459.84970896854 64.68548387096774
158.94107741935483 972.3168183939883 420459.84970896854 1018881.117093323 158.81451612903226
230.81211071428615 972.3407552446837 1018881.117093323 1483498.3795060576 230.7827380952381
640.9814634408604 972.3593399351802 1483498.3795060576 4099225.670573978 637.6962365591398
769.7071988888889 972.463969026823 4099225.670573978 4909710.9276594855 765.1472222222222
895.5089172043009 972.4963884371064 4909710.9276594855 9503982.94276024 888.9623655913979
418.71441444444446 972.6876659559483 9503982.94276024 2670457.61574151 418.34444444444443
239.0579129032258 972.4068183046296 2670457.61574151 1511246.1373471667 235.86827956989248
217.74921935483871 972.3604498454938 1511246.1373471667 1375479.8556930942 213.6290322580645
221.54394333333335 972.3550191942277 1375479.8556930942 1392289.2572819337 216.3361111111111
207.4267677419355 972.3556915702912 1392289.2572819337 1297604.3427295114 201.78494623655914
209.9243 972.3519041737092 1297604.3427295114 1329918.1276260447 207.25833333333333
221.7113129032258 972.353196725105 1329918.1276260447 1421097.2964364595 221.03494623655914
234.4426161290323 972.3568438918575 1421097.2964364595 1504030.9402872326 234.51075268817203
184.11614761904764 972.3601612376115 1504030.9402872326 1186723.721083897 184.4077380952381
360.28493655913974 972.3474689488434 1186723.721083897 2296798.7081272956 357.73387096774195
370.88849000000005 972.391871948325 2296798.7081272956 2357915.543441429 367.0527777777778
812.3350655913978 972.3943166217376 2357915.543441429 6141161.045559548 806.5564516129032
455.28285777777774 972.5475483768982 6141161.045559548 2902671.9505967465 453.4972222222222
227.60197419354841 972.4161068780238 2902671.9505967465 1440669.9986884403 224.53763440860214
141.19034408602153 972.3576267999475 1440669.9986884403 884673.9606958549 137.32258064516128
88.56337444444445 972.3353869584278 884673.9606958549 537246.3660515825 83.70277777777778
61.047363440860224 972.321489854642 537246.3660515825 361550.073376864 55.685483870967744
44.47529666666667 972.314462002935 361550.073376864 269974.9550992072 41.98888888888889
74.6946193548387 972.310798998204 269974.9550992072 478554.4798694166 74.00268817204301
188.33703225806485 972.3191421791947 478554.4798694166 1211023.1796867594 188.16129032258064
419.7608583333335 972.3484409271874 1211023.1796867594 2696990.745309241 419.3184523809524
911.1518483870967 972.4078796298123 2696990.745309241 10231110.871187305 905.5322580645161
1346.1569522222223 972.7179629529661 10231110.871187305 53343624.52069245 1319.888888888889
1395.609837634409 973.7553691331358 53343624.52069245 62397140.46646756 1381.3548387096773
402.66495 973.8968303197886 62397140.46646756 2562757.9468037416 422.6777777777778
250.57576451612897 972.4025103178722 2562757.9468037416 1583897.364457801 247.30645161290323
224.91118709677423 972.3633558945783 1583897.364457801 1418679.7399060954 220.79301075268816
226.65835333333334 972.3567471895963 1418679.7399060954 1423346.757912228 221.44722222222222
210.2995 972.3569338703164 1423346.757912228 1313196.7469728852 204.65860215053763
219.88332 972.3525278698788 1313196.7469728852 1398776.9942762225 217.1888888888889
231.3279451612903 972.355951079771 1398776.9942762225 1480578.7052289813 230.65322580645162
261.32076451612903 972.3592231482091 1480578.7052289813 1678466.0162819212 261.3467741935484
365.0887392857147 972.3671386406512 1678466.0162819212 2345657.8821006906 364.98214285714283
727.233235483871 972.3938263152841 2345657.8821006906 4651266.475862089 724.010752688172
755.04557 972.4860506590345 4651266.475862089 4817075.689891229 750.75
474.05519139784946 972.4926830275956 4817075.689891229 3014608.602881527 470.85215053763443
343.3898188888889 972.4205843441152 3014608.602881527 2188538.2580675264 340.76944444444445
201.63197204301076 972.3875415303227 2188538.2580675264 1271203.3479857107 198.39247311827958
121.76132150537637 972.3508481339194 1271203.3479857107 761359.9517698158 117.90053763440861
96.43614000000001 972.3304543980707 761359.9517698158 592680.4070015496 91.49444444444444
68.67340430107527 972.32370721628 592680.4070015496 410358.6577758566 63.30107526881721
52.33510888888889 972.316414346311 410358.6577758566 320713.52334818046 49.84166666666667
55.231993548387095 972.3128285409339 320713.52334818046 351359.91503543995 54.61021505376344
101.77723225806454 972.3140543966014 351359.91503543995 657629.2214629329 101.75806451612904
135.18792142857137 972.3263051688584 657629.2214629329 868185.1962388821 135.25892857142858
364.21886129032305 972.3347274078495 868185.1962388821 2320580.285624889 361.5376344086022
462.0391822222223 972.392823211425 2320580.285624889 2939832.0424996666 457.8888888888889
611.6578193548388 972.4175932817 2939832.0424996666 3897694.2015347495 607.2768817204301
475.03211 972.4559077680614 3897694.2015347495 3028474.799165466 472.31666666666666
234.5044806451613 972.4211389919666 3028474.799165466 1486740.8211253462 231.46236559139786
211.09717419354834 972.3594696328449 1486740.8211253462 1333199.604901842 206.99193548387098
216.81212333333335 972.3533279841961 1333199.604901842 1358507.5424659378 211.60833333333332
203.9083193548387 972.3543403016986 1358507.5424659378 1274051.6098220889 198.2688172043011
190.74999444444444 972.3509620643929 1274051.6098220889 1210936.8415316527 188.13611111111112
57.60478279569888 972.3484374736612 1210936.8415316527 366689.2730154684 57.30913978494624
104.91364516129033 972.3146675709206 366689.2730154684 678572.3800376189 104.89247311827957
149.65900476190478 972.3271428952015 678572.3800376189 964875.8974951067 149.69940476190476
397.22926129032237 972.3385950358997 964875.8974951067 2534912.417833745 394.48387096774195
457.08966 972.4013964967133 2534912.417833745 2909903.817229758 453.0388888888889
655.1175709677419 972.4163961526891 2909903.817229758 4174865.9915446057 650.5752688172043
465.3802 972.4669946396617 4174865.9915446057 2968887.9202284515 462.8027777777778
231.8159774193548 972.4187555168091 2968887.9202284515 1463108.4590121226 228.76344086021504
209.26010967741934 972.3585243383604 1463108.4590121226 1320237.5566982238 205.15322580645162
215.73371333333336 972.3528095022679 1320237.5566982238 1355516.6866671538 210.52777777777777
140.902440860215 972.3542206674666 1355516.6866671538 872861.356699221 135.5188172043011
54.534171111111114 972.334914454268 872861.356699221 336885.28485261946 52.21111111111111
58.954053763440854 972.313475411394 336885.28485261946 377202.59167573083 58.32795698924731
102.70842258064513 972.315088103667 377202.59167573083 664845.5917828636 102.69623655913979
151.37384761904775 972.3265938236713 664845.5917828636 974293.7542842458 151.4047619047619
310.3106182795699 972.3389717501714 974293.7542842458 1976042.7598901705 307.8306451612903
380.94881333333336 972.3790417103955 1976042.7598901705 2417542.463756258 376.9555555555556
335.9267193548387 972.3967016985503 2417542.463756258 2132998.469327448 332.30645161290323
250.56870000000004 972.385319938773 2132998.469327448 1593269.8502254672 247.91666666666666
127.38803118279566 972.363730794009 1593269.8502254672 798545.9501918314 124.18279569892474
72.74053010752688 972.3319418380077 798545.9501918314 447548.7187127603 68.88172043010752
54.82111444444444 972.3179019487485 447548.7187127603 321287.58742568176 49.92777777777778
44.11697096774194 972.312851503497 321287.58742568176 251154.15013875993 38.744623655913976
43.91431 972.3100461660055 251154.15013875993 269182.8484715078 41.38611111111111
58.8782419354839 972.3107673139389 269182.8484715078 380099.64931251894 58.225806451612904
