2260
2260
2260
1925.2027777777778
1429.8494623655913
1094.1472222222221
777.9086021505376
369.002688172043
164.84722222222223
225.70698924731184
416.35833333333335
1001.744623655914
651.0
2260
2260
898.2777777777778
784.8387096774194
517.9861111111111
196.55107526881721
96.99462365591398
118.46666666666667
201.78494623655914
361.43333333333334
568.260752688172
0.0
2260
2260
1640.35
684.5
781.1444444444444
306.1720430107527
78.93548387096774
96.4888888888889
180.06182795698925
357.44444444444446
517.8951612903226
145.0
2260
2260
2260
825.3978494623656
728.9888888888889
365.741935483871
115.77956989247312
90.62222222222222
143.03494623655914
326.00555555555553
1648.7983870967741
1588.0
2260
2260
2260
1362.736559139785
358.0444444444444
158.29032258064515
81.2258064516129
231.31666666666666
178.36827956989248
345.6722222222222
465.23118279569894
0.0
2260
2260
827.1888888888889
567.1693548387096
538.5888888888888
384.5376344086022
257.0698924731183
243.34444444444443
253.93010752688173
415.74444444444447
653.9677419354839
131.0
2260
2260
1478.638888888889
436.4489247311828
288.6777777777778
174.30376344086022
62.81720430107527
157.1472222222222
147.21774193548387
321.81388888888887
1479.744623655914
1617.8521505376343
2260
2260
2260
856.3252688172043
592.4472222222222
655.2204301075269
239.45698924731184
185.29166666666666
250.03225806451613
396.28333333333336
848.5618279569892
0.0
2260
2260
1417.4194444444445
978.6989247311828
562.7527777777777
248.36559139784947
123.51612903225806
147.38055555555556
169.54569892473117
338.0888888888889
458.68817204301075
0.0
2260
2260
823.1
539.2688172043011
258.81388888888887
124.1774193548387
44.52150537634409
81.85833333333333
160.3548387096774
353.8666666666667
433.19086021505376
962.1747311827957
2260
2260
1335.9555555555555
743.0
300.7861111111111
139.2768817204301
54.0
81.3638888888889
165.91935483870967
338.0083333333333
545.4408602150538
1306.717741935484
2260
2004.0591397849462
957.1333333333333
531.241935483871
243.675
112.84408602150538
36.876344086021504
65.24444444444444
141.1747311827957
337.86944444444447
1208.0564516129032
1493.0913978494623
2260
2260
1226.7583333333334
691.8037634408602
339.30555555555554
180.56989247311827
80.98924731182795
97.33333333333333
166.60752688172042
338.68055555555554
520.9086021505376
433.0
2260
2260
2260
904.9247311827957
885.6
529.4301075268817
154.2688172043011
150.11111111111111
197.68817204301075
380.26944444444445
495.1209677419355
0.0
2260
2260
1507.2277777777779
538.9005376344086
331.9277777777778
152.02956989247312
44.59139784946237
81.94166666666666
145.42741935483872
340.46944444444443
876.0887096774194
53.0
2260
2260
2260
1324.8118279569892
1308.9833333333333
1154.8978494623657
379.752688172043
271.61944444444447
226.91397849462365
366.5472222222222
495.60752688172045
376.0
2260
2260
2260
573.0322580645161
581.8583333333333
386.9301075268817
244.01075268817203
253.81666666666666
180.8548387096774
460.27222222222224
679.4543010752689
815.6720430107526
2260
2260
1726.8416666666667
787.0618279569892
572.6111111111111
396.2930107526882
257.81451612903226
254.79722222222222
180.8548387096774
460.27222222222224
760.2876344086021
357.0
2260
2260
2260
757.8145161290323
583.2166666666667
228.06989247311827
57.553763440860216
239.76666666666668
191.91666666666666
336.9527777777778
911.9462365591398
1722.505376344086
2260
2260
2260
455.508064516129
242.625
103.4274193548387
12.806451612903226
53.63055555555555
130.13978494623655
457.46666666666664
771.4247311827957
