1742.0
1748.0
1737.0
1707.0
1724.0
1724.0
1720.0
1704.0
1668.0
1620.0
1532.0
1553.0
1750.0
1744.0
1750.0
1738.0
1719.0
1717.0
1680.0
1584.0
1399.0
1133.0
873.0
875.0
1749.0
1779.0
1745.0
1723.0
1716.0
1714.0
1671.0
1569.0
1396.0
1084.0
946.0
899.0
1757.0
1746.0
1741.0
1739.0
1730.0
1733.0
1731.0
1724.0
1708.0
1675.0
1628.0
1593.0
1742.0
1741.0
1738.0
1946.361111111111
2100.021505376344
1739.675
1726.0
1691.0
1596.0
1456.0
1285.0
1230.0
1743.0
1750.0
1741.0
1727.0
1669.0
1645.0
1511.0
1223.0
779.0
529.0
506.0
830.0
1740.0
1739.0
1732.0
1685.0
1504.0
1209.0
451.0
0.0
0.0
0.0
0.0
424.0
1743.0
1740.0
1736.0
1736.0
1737.0
1736.0
1735.0
1731.0
1721.0
1699.0
1664.0
1649.0
1743.0
1741.0
1738.0
1734.0
1736.0
1734.0
1722.0
1686.0
1566.0
1378.0
1118.0
1065.0
1749.0
1764.0
1732.0
1703.0
1475.0
1192.0
145.0
0.0
0.0
0.0
0.0
0.0
1742.0
1761.0
1735.0
1688.0
1483.0
1251.0
371.0
0.0
0.0
0.0
0.0
0.0
1750.0
1748.0
1733.0
1704.0
1537.0
1345.0
878.0
0.0
0.0
0.0
0.0
707.0
1740.0
1746.0
1740.0
1734.0
1720.0
1725.0
1710.0
1674.0
1600.0
1480.0
1366.0
1394.0
1739.0
1741.0
1737.0
1738.0
1736.0
1819.6055555555556
1823.0591397849462
1732.0
1725.0
1705.0
1674.0
1643.0
1745.0
1743.0
1740.0
1738.0
1691.0
1720.0
1684.0
1598.0
1450.0
1149.0
887.0
939.0
1744.0
1743.0
1741.0
1738.0
1734.0
2227.7833333333333
2260
1829.029569892473
1728.0
1718.0
1699.0
1684.0
1739.0
1741.0
1736.0
1739.0
1731.0
1731.0
1718.0
1688.0
1629.0
1505.0
1360.0
1348.0
1748.0
1752.0
1742.0
1730.0
1710.0
1719.0
1702.0
1662.0
1596.0
1525.0
1373.0
1373.0
1740.0
1740.0
1739.0
1733.0
1724.0
1727.0
1809.9327956989248
1743.6505376344087
1681.0
1643.0
1601.0
1564.0
1740.0
1741.0
1739.0
1736.0
1722.0
1696.0
1613.0
1442.0
1208.0
937.0
964.0
1036.0
