252
248.60416666666666
252
252
252
252
252
252
203.44722222222222
186.13709677419354
231.0222222222222
252
252
252
197.54569892473117
252
252
252
201.46236559139786
180.55645161290323
188.3111111111111
174.93279569892474
201.20277777777778
226.15322580645162
107.0
252
252
216.3972222222222
252
252
252
180.93548387096774
187.5361111111111
173.93817204301075
206.65555555555557
224.73655913978496
178.0
252
196.05376344086022
175.73888888888888
252
252
252
182.90860215053763
188.2
173.3763440860215
204.26388888888889
222.73387096774192
252
252
139.61021505376345
128.175
252
189.51388888888889
187.01075268817203
170.90322580645162
180.51111111111112
167.19354838709677
197.26111111111112
213.08333333333334
109.0
252
190.2715053763441
143.7861111111111
252
183.1027777777778
188.997311827957
172.83870967741936
183.0611111111111
170.0779569892473
204.66944444444445
219.8279569892473
172.0
252
71.72311827956989
72.44722222222222
116.79301075268818
136.6888888888889
165.91397849462365
154.81451612903226
172.73333333333332
161.6747311827957
167.23888888888888
44.873655913978496
92.15322580645162
237.94642857142858
252
252
252
252
252
184.1263440860215
188.00555555555556
172.497311827957
203.33333333333334
220.53494623655914
137.0
252
227.42741935483872
135.53333333333333
252
252
184.08064516129033
169.3548387096774
179.26944444444445
166.24193548387098
197.58333333333334
210.61021505376345
119.0
252
126.09139784946237
98.59166666666667
252
140.84166666666667
159.90860215053763
155.28225806451613
172.55
161.33870967741936
193.45833333333334
111.08333333333333
81.95698924731182
133.91666666666666
180.53763440860214
142.29444444444445
252
179.4
177.59408602150538
163.88709677419354
176.9
163.6505376344086
194.70277777777778
203.7258064516129
114.86827956989248
198.05059523809524
159.63709677419354
142.7138888888889
252
156.30833333333334
171.9784946236559
160.1451612903226
172.40833333333333
162.4758064516129
193.82777777777778
219.63978494623655
157.18817204301075
200.38690476190476
216.1236559139785
186.175
252
196.6861111111111
192.79032258064515
175.08064516129033
182.2277777777778
167.22043010752688
197.07777777777778
225.45698924731184
202.0
252
252
246.61388888888888
252
252
252
186.05107526881721
190.9361111111111
173.83602150537635
202.20555555555555
220.0268817204301
123.0
252
252
141.7722222222222
252
228.03333333333333
188.46774193548387
171.49462365591398
180.19444444444446
164.73924731182797
196.68333333333334
234.95967741935485
151.0
252
252
252
252
252
252
252
196.31944444444446
176.70967741935485
212.13888888888889
230.63978494623655
195.0
252
159.75
111.44166666666666
252
229.28333333333333
188.31451612903226
172.18279569892474
181.60833333333332
167.76075268817203
202.38611111111112
215.55913978494624
215.0
252
181.78494623655914
193.5222222222222
252
198.6861111111111
196.9247311827957
178.46774193548387
186.20555555555555
170.32258064516128
201.15555555555557
217.8763440860215
190.0
252
200.9220430107527
164.04722222222222
252
203.9611111111111
252
177.1505376344086
184.13055555555556
171.30376344086022
201.6472222222222
222.2258064516129
252
252
124.39784946236558
90.44722222222222
252
169.45277777777778
167.1290322580645
157.11290322580646
171.01944444444445
164.5188172043011
195.19444444444446
219.18010752688173
