1131.9032258064517
962.0
755.0
296.0
215.0
210.0
211.0
210.0
210.0
210.0
210.0
210.0
2040
1613.9285714285713
891.0
316.0
216.0
211.0
211.0
211.0
210.0
210.0
210.0
210.0
2040
1527.142857142857
785.0
286.0
216.0
211.0
211.0
211.0
210.0
210.0
210.0
210.0
2040
1617.607142857143
594.0
257.0
214.0
210.0
211.0
210.0
210.0
210.0
210.0
210.0
2040
1410.0
668.0
305.0
216.0
212.0
213.0
211.0
211.0
210.0
210.0
210.0
2040
1584.3214285714287
1068.0
329.0
217.0
213.0
212.0
211.0
211.0
210.0
210.0
210.0
2040
1554.7142857142858
1329.4193548387098
452.0
251.0
239.0
217.0
211.0
210.0
210.0
210.0
210.0
1209.6774193548388
1016.7142857142857
996.4516129032259
289.0
213.0
211.0
211.0
211.0
210.0
210.0
210.0
210.0
2040
1566.1785714285713
702.0
295.0
216.0
212.0
211.0
211.0
210.0
210.0
210.0
210.0
1908.3736774193549
1324.2857142857142
1093.6774193548388
436.0
271.0
239.0
215.0
211.0
210.0
210.0
210.0
210.0
947.8064516129032
797.8928571428571
732.0645161290323
339.0
251.0
234.0
216.0
211.0
210.0
210.0
210.0
210.0
540.7096774193549
572.1785714285714
671.6774193548387
371.0
236.0
226.0
220.0
212.0
211.0
210.0
210.0
210.0
1345.741935483871
1170.4285714285713
1136.0
299.0
216.0
211.0
214.0
212.0
211.0
210.0
210.0
210.0
2040
1511.0
726.0
275.0
214.0
210.0
211.0
211.0
210.0
210.0
210.0
210.0
2040
1680.6845714285714
996.0
321.0
215.0
211.0
211.0
211.0
211.0
210.0
210.0
210.0
2040
1429.0
584.0
253.0
214.0
210.0
210.0
210.0
210.0
210.0
210.0
210.0
2040
1303.0
510.0
323.0
216.0
211.0
211.0
211.0
211.0
210.0
210.0
210.0
2040
1688.3531428571428
1017.0
332.0
215.0
210.0
210.0
211.0
211.0
210.0
210.0
210.0
2040
1666.672
1049.0
283.0
213.0
210.0
210.0
211.0
210.0
210.0
210.0
210.0
2040
1825.272
787.0
310.0
257.0
239.0
227.0
215.0
211.0
210.0
210.0
210.0
