252
251.61904761904762
252
252
252
252
252
227.92741935483872
227.625
213.08333333333334
236.075
252
252
252
252
252
252
252
233.71505376344086
169.66397849462365
121.56944444444444
95.35483870967742
69.84444444444445
70.71505376344086
97.07795698924731
235.63690476190476
252
252
252
252
232.9516129032258
208.76612903225808
213.96944444444443
201.88440860215053
211.70833333333334
70.39247311827957
109.90591397849462
252
252
252
252
252
233.53225806451613
211.4516129032258
213.6027777777778
201.32258064516128
208.31944444444446
78.90053763440861
103.13709677419355
223.44345238095238
252
252
252
252
222.40322580645162
140.91129032258064
87.56388888888888
59.44086021505376
42.63333333333333
52.12903225806452
120.20698924731182
209.5952380952381
252
252
252
252
228.53494623655914
161.9784946236559
95.92222222222222
67.73924731182795
56.925
58.916666666666664
73.38172043010752
121.89583333333333
155.747311827957
198.44166666666666
146.99193548387098
177.54444444444445
100.39247311827957
56.46236559139785
41.11388888888889
35.873655913978496
41.672222222222224
49.56182795698925
98.15053763440861
240.95535714285714
252
252
252
252
232.98387096774192
210.09408602150538
213.40277777777777
200.44354838709677
208.38611111111112
220.5483870967742
252
252
252
252
252
252
158.31451612903226
94.10483870967742
74.44722222222222
53.30107526881721
42.88333333333333
49.655913978494624
63.924731182795696
113.24404761904762
137.72043010752688
252
252
252
120.39516129032258
59.11827956989247
40.93333333333333
35.54032258064516
38.65555555555556
51.163978494623656
86.80376344086021
135.92559523809524
215.56451612903226
252
252
252
222.11021505376345
174.15591397849462
80.25833333333334
48.64784946236559
39.93888888888889
51.06720430107527
122.48655913978494
202.0595238095238
252
252
252
252
165.58333333333334
73.8225806451613
48.84444444444444
36.723118279569896
39.025
58.685483870967744
131.29301075268816
199.99107142857142
252
252
252
252
229.16129032258064
205.53763440860214
209.6611111111111
196.16397849462365
118.03333333333333
64.68548387096774
158.81451612903226
230.7827380952381
252
252
252
252
235.86827956989248
213.6290322580645
216.3361111111111
201.78494623655914
207.25833333333333
221.03494623655914
234.51075268817203
184.4077380952381
252
252
252
252
224.53763440860214
137.32258064516128
83.70277777777778
55.685483870967744
41.98888888888889
74.00268817204301
188.16129032258064
252
252
252
252
252
247.30645161290323
220.79301075268816
221.44722222222222
204.65860215053763
217.1888888888889
230.65322580645162
252
252
252
252
252
252
198.39247311827958
117.90053763440861
91.49444444444444
63.30107526881721
49.84166666666667
54.61021505376344
101.75806451612904
135.25892857142858
252
252
252
252
231.46236559139786
206.99193548387098
211.60833333333332
198.2688172043011
188.13611111111112
57.30913978494624
104.89247311827957
149.69940476190476
252
252
252
252
228.76344086021504
205.15322580645162
210.52777777777777
135.5188172043011
52.21111111111111
58.32795698924731
102.69623655913979
151.4047619047619
252
252
252
247.91666666666666
124.18279569892474
68.88172043010752
49.92777777777778
38.744623655913976
41.38611111111111
58.225806451612904
