2260
2260
2260
2260
1019.6827956989247
665.9194444444445
742.6344086021505
446.72849462365593
249.13888888888889
177.5752688172043
192.15833333333333
673.9704301075269
0.0
2260
2260
995.4833333333333
496.0456989247312
158.6472222222222
82.15053763440861
77.95430107526882
70.26388888888889
71.16129032258064
86.75
214.88978494623655
0.0
2260
2260
1694.2611111111112
547.1962365591398
165.81944444444446
65.66397849462365
103.04838709677419
105.82222222222222
74.6989247311828
84.37222222222222
164.5268817204301
0.0
2260
2260
2260
767.9811827956989
247.04166666666666
121.53225806451613
77.73655913978494
41.672222222222224
12.451612903225806
51.31944444444444
1295.4596774193549
460.0
2260
2260
2260
1324.8870967741937
217.0888888888889
80.64516129032258
53.61021505376344
192.8527777777778
49.486559139784944
71.05833333333334
111.86290322580645
0.0
2260
2260
711.4111111111112
503.5806451612903
419.5861111111111
297.4623655913978
238.7768817204301
195.1611111111111
123.34946236559139
141.05833333333334
300.60215053763443
0.0
2260
2260
1265.65
451.56720430107526
165.40277777777777
96.64516129032258
61.083333333333336
111.06388888888888
28.776881720430108
60.358333333333334
1283.3037634408602
0.0
2260
2260
2260
804.7096774193549
471.77777777777777
663.3951612903226
349.5698924731183
210.48333333333332
166.747311827957
113.31666666666666
505.51344086021504
80.0
2260
2260
1605.5694444444443
625.9569892473119
267.45
140.90860215053763
117.59139784946237
101.1
39.91935483870968
63.475
105.3225806451613
0.0
2260
2260
635.8027777777778
428.3682795698925
126.0
48.40860215053763
42.96236559139785
35.73888888888889
41.89784946236559
69.55277777777778
179.2688172043011
0.0
2260
2260
1209.3583333333333
645.8629032258065
157.88888888888889
58.973118279569896
39.11021505376344
34.3
36.36290322580645
52.825
213.59139784946237
0.0
2260
2260
1237.263888888889
487.1747311827957
112.09722222222223
31.357526881720432
10.78763440860215
26.919444444444444
23.4247311827957
53.58888888888889
865.0779569892474
0.0
2260
2260
1130.1833333333334
641.997311827957
199.08333333333334
100.26344086021506
52.17741935483871
47.40277777777778
36.87096774193548
64.06388888888888
167.60752688172042
0.0
2260
2260
2260
865.3951612903226
311.4888888888889
319.10215053763443
252.76075268817203
163.01111111111112
123.74462365591398
98.04722222222222
152.0752688172043
0.0
2260
2260
1129.0333333333333
662.9569892473119
167.66944444444445
51.43279569892473
38.60215053763441
23.283333333333335
26.053763440860216
66.69444444444444
522.7231182795699
0.0
2260
2260
1683.1222222222223
896.5295698924731
1489.7055555555555
1729.9005376344087
941.1774193548387
468.1666666666667
176.66129032258064
108.21111111111111
384.26881720430106
329.0
2260
2260
1664.2305555555556
547.1182795698925
1268.8722222222223
1170.258064516129
602.0698924731183
281.25
65.16397849462365
175.84444444444443
405.38709677419354
0.0
2260
2260
1427.7805555555556
1104.720430107527
2260
1674.5860215053763
792.0483870967741
351.4555555555556
71.12903225806451
186.5
516.9274193548387
0.0
2260
2260
1616.1583333333333
2260
2260
1493.3602150537633
611.0430107526881
341.40833333333336
61.06989247311828
61.56666666666667
708.2903225806451
551.0
2260
2260
794.8666666666667
384.2016129032258
89.12777777777778
279.38440860215053
188.68010752688173
51.075
13.96236559139785
173.10833333333332
444.2258064516129
