209.0
40.0
612
612
612
389.0388888888889
223.79301075268816
205.0
191.0
189.0
188.0
186.0
161.0
198.05357142857142
570.5322580645161
418.4194444444444
225.7258064516129
218.01666666666668
205.0
189.0
187.0
185.0
184.0
182.0
143.0
40.0
513.4704301075269
612
339.98924731182797
220.44166666666666
213.0
190.0
187.0
185.0
183.0
182.0
146.0
40.0
412.8790322580645
559.9111111111112
365.4301075268817
226.59166666666667
248.0
229.0
192.0
191.0
189.0
189.0
184.0
159.0
315.0
192.0
194.0
194.0
192.0
191.0
190.0
190.0
188.0
185.0
165.0
40.0
315.0
183.0
198.0
197.0
195.0
191.0
189.0
186.0
184.0
183.0
153.0
40.0
127.0
168.0
204.0
196.0
192.0
188.0
186.0
185.0
45.05555555555556
40.0
159.67741935483872
158.0
315.0
210.0
473.8467741935484
219.9611111111111
194.0
207.0
190.0
189.0
189.0
188.0
183.0
137.0
612
345.35
194.61290322580646
214.0
191.0
190.0
189.0
188.0
184.0
181.0
157.0
40.0
315.0
177.0
197.0
196.0
189.0
186.0
185.0
183.0
150.05833333333334
40.0
163.78494623655914
81.0
315.0
203.0
205.0
205.0
197.0
189.0
186.0
184.0
52.53333333333333
40.0
159.58064516129033
78.0
315.0
198.0
207.0
207.0
205.0
195.0
190.0
186.0
47.544444444444444
40.0
177.4247311827957
149.0
315.0
197.0
199.0
200.0
198.0
193.0
191.0
190.0
190.0
188.0
177.0
93.0
315.0
466.9472222222222
464.76075268817203
225.34444444444443
233.0
215.0
191.0
190.0
189.0
188.0
175.0
40.0
315.0
228.65277777777777
221.002688172043
197.0638888888889
195.0
191.0
188.0
186.0
183.0
182.0
151.0
515.2321428571429
612
612
612
317.5444444444444
252.0
224.0
192.0
190.0
189.0
188.0
185.0
135.0
315.0
191.0
195.0
196.0
195.0
193.0
192.0
191.0
188.0
186.0
164.0
40.0
315.0
190.0
200.0
200.0
199.0
196.0
193.0
190.0
188.0
186.0
163.0
40.0
315.0
252.33055555555555
325.85215053763443
202.51111111111112
201.0
198.0
192.0
191.0
189.0
188.0
176.0
72.0
315.0
193.0
196.0
198.0
198.0
195.0
192.0
188.0
184.0
183.0
