250.92741935483872
396.875
334.5698924731183
234.59722222222223
262.8763440860215
487.0
487.0
250.92741935483872
222.25
227.02956989247312
234.59722222222223
227.02956989247312
286.7741935483871
487.0
334.5698924731183
234.59722222222223
238.9784946236559
222.25
227.02956989247312
227.02956989247312
234.59722222222223
227.02956989247312
234.59722222222223
227.02956989247312
262.8763440860215
370.4166666666667
418.2123655913978
246.94444444444446
227.02956989247312
296.3333333333333
238.9784946236559
238.9784946236559
222.25
227.02956989247312
234.59722222222223
227.02956989247312
286.7741935483871
436.5625
322.6209677419355
197.55555555555554
238.9784946236559
222.25
227.02956989247312
227.02956989247312
234.59722222222223
227.02956989247312
234.59722222222223
227.02956989247312
274.8252688172043
383.6458333333333
250.92741935483872
148.16666666666666
238.9784946236559
222.25
227.02956989247312
227.02956989247312
234.59722222222223
203.13172043010752
197.55555555555554
215.08064516129033
286.7741935483871
383.6458333333333
334.5698924731183
160.51388888888889
227.02956989247312
234.59722222222223
227.02956989247312
227.02956989247312
234.59722222222223
203.13172043010752
209.90277777777777
227.02956989247312
227.02956989247312
277.8125
191.18279569892474
86.43055555555556
155.33602150537635
197.55555555555554
203.13172043010752
203.13172043010752
209.90277777777777
191.18279569892474
185.20833333333334
59.744623655913976
95.59139784946237
238.125
454.05913978494624
246.94444444444446
227.02956989247312
222.25
227.02956989247312
238.9784946236559
222.25
227.02956989247312
234.59722222222223
227.02956989247312
310.6720430107527
463.0208333333333
358.46774193548384
148.16666666666666
227.02956989247312
222.25
227.02956989247312
238.9784946236559
222.25
227.02956989247312
222.25
215.08064516129033
227.02956989247312
291.0416666666667
250.92741935483872
123.47222222222223
227.02956989247312
234.59722222222223
227.02956989247312
215.08064516129033
209.90277777777777
191.18279569892474
185.20833333333334
143.38709677419354
95.59139784946237
132.29166666666666
262.8763440860215
172.86111111111111
238.9784946236559
222.25
227.02956989247312
238.9784946236559
222.25
191.18279569892474
185.20833333333334
179.23387096774192
155.33602150537635
211.66666666666666
286.7741935483871
172.86111111111111
238.9784946236559
222.25
238.9784946236559
215.08064516129033
209.90277777777777
203.13172043010752
185.20833333333334
179.23387096774192
167.28494623655914
198.4375
358.46774193548384
222.25
227.02956989247312
222.25
238.9784946236559
227.02956989247312
222.25
215.08064516129033
209.90277777777777
227.02956989247312
298.7231182795699
423.3333333333333
394.31451612903226
246.94444444444446
227.02956989247312
234.59722222222223
227.02956989247312
227.02956989247312
234.59722222222223
227.02956989247312
222.25
227.02956989247312
274.8252688172043
304.2708333333333
382.36559139784947
172.86111111111111
227.02956989247312
234.59722222222223
227.02956989247312
227.02956989247312
222.25
215.08064516129033
197.55555555555554
238.9784946236559
310.6720430107527
487.0
442.11021505376345
246.94444444444446
487.0
487.0
477.9569892473118
238.9784946236559
234.59722222222223
227.02956989247312
222.25
238.9784946236559
310.6720430107527
370.4166666666667
286.7741935483871
135.81944444444446
227.02956989247312
222.25
238.9784946236559
227.02956989247312
222.25
203.13172043010752
209.90277777777777
227.02956989247312
262.8763440860215
317.5
298.7231182795699
222.25
227.02956989247312
234.59722222222223
227.02956989247312
227.02956989247312
234.59722222222223
215.08064516129033
209.90277777777777
227.02956989247312
262.8763440860215
317.5
334.5698924731183
185.20833333333334
227.02956989247312
234.59722222222223
227.02956989247312
227.02956989247312
234.59722222222223
227.02956989247312
209.90277777777777
227.02956989247312
262.8763440860215
317.5
250.92741935483872
111.125
227.02956989247312
222.25
238.9784946236559
215.08064516129033
197.55555555555554
203.13172043010752
209.90277777777777
227.02956989247312
