209.0
106.0
560.3817204301075
612
612
389.0361111111111
207.002688172043
206.0
206.0
206.0
206.0
206.0
170.0
128.58333333333334
570.5322580645161
418.4194444444444
225.7258064516129
206.05
206.0
206.0
206.0
206.0
206.0
207.0
164.0
40.0
399.4301075268817
612
339.991935483871
206.54444444444445
206.0
206.0
207.0
206.0
206.0
206.0
161.0
40.0
315.4489247311828
559.4055555555556
365.4301075268817
207.76388888888889
206.0
206.0
206.0
206.0
206.0
207.0
154.0
40.0
315.0
195.0
206.0
211.0
206.0
206.0
206.0
206.0
207.0
206.0
165.0
40.0
315.0
193.0
206.0
206.0
206.0
206.0
206.0
206.0
206.0
206.0
158.0
40.0
127.0
194.0
206.0
207.0
206.0
207.0
195.59722222222223
40.0
40.0
40.0
126.68817204301075
40.0
315.0
258.0388888888889
528.5752688172043
212.54722222222222
206.01344086021504
206.0
207.0
206.0
206.0
206.0
156.0
47.125
612
345.35
206.51612903225808
206.0
206.0
206.0
209.0
206.0
206.0
206.0
162.0
40.0
315.0
198.0
207.0
206.0
207.0
207.0
207.0
121.7741935483871
40.0
40.0
118.6747311827957
40.0
315.0
201.0
208.0
208.0
206.0
206.0
208.0
187.67741935483872
40.0
40.0
167.8494623655914
40.0
315.0
201.0
209.0
207.0
206.0
208.0
207.0
184.06451612903226
40.0
40.0
179.15591397849462
40.0
315.0
201.0
207.0
206.0
206.0
209.0
207.0
206.0
206.0
206.0
164.0
40.0
315.0
509.4861111111111
464.76344086021504
207.6638888888889
206.0
206.0
206.0
209.0
207.0
206.0
162.0
40.0
315.0
224.66666666666666
221.00537634408602
206.0361111111111
210.0
207.0
206.0
206.0
206.0
206.0
156.0
372.9702380952381
612
612
612
274.25555555555553
206.2284946236559
206.0
206.0
207.0
206.0
206.0
160.0
40.0
315.0
216.90555555555557
206.45698924731184
206.0
206.0
207.0
206.0
206.0
206.0
206.0
155.0
40.0
315.0
193.0
211.30645161290323
206.94722222222222
207.0
206.0
206.0
207.0
206.0
206.0
157.0
40.0
315.0
194.0
299.6639784946237
206.4777777777778
206.0
206.0
206.0
207.0
206.0
206.0
158.0
40.0
315.0
192.0
206.0
207.0
206.0
209.0
207.0
206.0
206.0
207.0
