2260
2260
2260
2260
1056.8413978494623
1050.7111111111112
531.733870967742
304.48924731182797
335.77222222222224
240.8252688172043
281.98333333333335
790.4731182795699
1578.497311827957
2260
2260
937.5583333333333
509.21774193548384
304.39444444444445
229.40860215053763
215.68279569892474
217.54722222222222
204.5994623655914
226.15277777777777
359.4462365591398
1177.0806451612902
2260
2260
1311.9055555555556
574.2903225806451
565.9444444444445
368.2795698924731
199.6478494623656
191.67777777777778
182.502688172043
210.62222222222223
312.747311827957
1477.225806451613
2260
2260
1992.425
791.7258064516129
638.1555555555556
434.05645161290323
230.68010752688173
185.35833333333332
145.51344086021504
185.9361111111111
1439.6317204301076
2260
2260
2260
2260
1352.0510752688172
355.1111111111111
222.83333333333334
192.03225806451613
331.65833333333336
192.41129032258064
201.5638888888889
261.85752688172045
1459.978494623656
2260
2260
1085.7944444444445
539.6747311827957
565.675
444.96505376344084
367.43817204301075
348.3861111111111
257.05913978494624
280.0416666666667
444.5
1284.0698924731182
2260
2260
1595.013888888889
538.1774193548387
314.97777777777776
241.40591397849462
192.4811827956989
176.31944444444446
36.50268817204301
63.36388888888889
1288.5779569892472
2260
2260
2260
2260
839.4811827956989
469.31388888888887
530.766129032258
354.96505376344084
281.14166666666665
263.60752688172045
250.23055555555555
650.0268817204301
1766.5806451612902
2260
2260
1441.1444444444444
857.489247311828
558.5277777777778
303.252688172043
246.6236559139785
249.5888888888889
179.11290322580646
193.83055555555555
251.11827956989248
735.5860215053764
2260
2260
949.0777777777778
466.3709677419355
289.8027777777778
199.24193548387098
178.35752688172042
184.73333333333332
176.21774193548387
214.3
262.5268817204301
729.5698924731183
2260
2260
1518.3138888888889
684.755376344086
327.09166666666664
208.15322580645162
178.03494623655914
188.29444444444445
171.21505376344086
193.29444444444445
240.09139784946237
1118.258064516129
2260
2260
1102.35
560.5322580645161
266.8611111111111
184.7741935483871
160.31451612903226
162.725
161.41129032258064
171.94722222222222
871.755376344086
2260
2260
2260
1439.575
676.8709677419355
385.68333333333334
253.20430107526883
200.3709677419355
191.52777777777777
175.40591397849462
202.86666666666667
323.75
1759.6801075268818
2260
2260
2203.5333333333333
898.1774193548387
464.22777777777776
386.9704301075269
278.51075268817203
237.9138888888889
210.6720430107527
234.19444444444446
292.0537634408602
732.1155913978495
2260
2260
1168.1972222222223
528.1263440860215
297.46666666666664
204.08333333333334
167.63440860215053
171.82777777777778
160.66397849462365
201.27777777777777
664.7069892473119
1932.5752688172042
2260
2260
1966.4611111111112
1545.274193548387
2260
2260
1051.3763440860216
666.375
256.21505376344084
224.975
531.3333333333334
1508.3763440860216
2260
2260
1587.2444444444445
547.3360215053764
550.2666666666667
455.1747311827957
554.6962365591398
406.5138888888889
192.91666666666666
324.9138888888889
554.3870967741935
1512.4274193548388
2260
2260
1855.3222222222223
772.9811827956989
1433.025
1657.6559139784947
934.2715053763441
501.8861111111111
205.1451612903226
320.8777777777778
676.1263440860215
1625.2069892473119
2260
2260
2072.266666666667
1696.774193548387
2260
1631.1397849462367
755.1102150537635
493.8861111111111
201.9516129032258
200.96666666666667
857.7795698924731
1937.5618279569892
2260
2260
1205.475
402.5833333333333
228.5888888888889
162.0241935483871
141.86827956989248
155.17222222222222
201.85752688172042
567.8138888888889
573.8709677419355
