247.0
252
252
235.0
252
252
252
247.95430107526883
229.0
229.0
229.0
229.0
252
252
252
241.775
229.0
229.0
229.0
229.0
229.0
229.0
229.0
229.0
252
252
252
240.0
230.0
252
248.29569892473117
229.0
229.0
229.0
229.0
229.0
252
252
252
202.9638888888889
228.92741935483872
229.0
229.0
229.0
229.0
229.0
229.0
229.0
252
252
252
148.4
228.78494623655914
229.0
229.0
229.0
228.2
201.13172043010752
205.31944444444446
216.09408602150538
252
252
252
167.0388888888889
228.83064516129033
229.0
229.0
229.0
229.0
205.31720430107526
212.7277777777778
222.83870967741936
233.04032258064515
252
193.3252688172043
84.70555555555555
148.71236559139786
201.55
206.92741935483872
197.98387096774192
206.23611111111111
196.61021505376345
189.0
55.25268817204301
98.15322580645162
241.95238095238096
252
247.0
229.0
229.0
229.0
229.0
229.0
229.0
229.0
229.0
252
252
252
145.85555555555555
228.7741935483871
229.0
229.0
229.0
229.0
229.0
220.4
213.6263440860215
223.58602150537635
252
252
115.84722222222223
231.68817204301075
229.0
229.0
213.61021505376345
207.08055555555555
196.27956989247312
186.0
146.28225806451613
87.99193548387096
135.92857142857142
252
165.43333333333334
236.80645161290323
229.0
229.0
229.0
225.32777777777778
197.58870967741936
182.0
176.0
161.69086021505376
202.0595238095238
252
165.97222222222223
238.80376344086022
230.0
229.0
223.45698924731184
206.93333333333334
198.41129032258064
195.0
177.0
162.11559139784947
199.99404761904762
252
213.44722222222222
229.95430107526883
229.0
229.0
229.0
229.0
214.3951612903226
206.13888888888889
228.47043010752688
252
252
252
242.0
229.0
229.0
229.0
229.0
229.0
229.0
229.0
229.0
252
252
252
165.01666666666668
228.8279569892473
229.0
229.0
229.0
229.0
209.5779569892473
204.74444444444444
228.93548387096774
252
252
252
241.0
252
252
252
236.38172043010752
229.0
229.0
229.0
229.0
252
252
252
129.69444444444446
228.7311827956989
229.0
229.0
229.0
229.0
203.68010752688173
210.44722222222222
218.56989247311827
252
252
252
219.73888888888888
228.9731182795699
229.0
229.0
229.0
229.0
220.61559139784947
209.2111111111111
221.88709677419354
252
252
252
189.2722222222222
228.89247311827958
229.0
229.0
229.0
229.0
229.0
210.28055555555557
223.23655913978496
252
252
248.98387096774192
105.7
228.66935483870967
229.0
229.0
217.35752688172042
206.61666666666667
201.45430107526883
205.25277777777777
222.19354838709677
