217.0
210.0
458.3198924731183
612
612
389.0388888888889
212.9220430107527
213.0
215.0
218.0
222.0
221.0
210.0
210.0
392.36290322580646
418.4194444444444
225.7231182795699
212.0361111111111
214.0
219.0
229.0
243.0
256.0
256.0
210.0
205.0
315.0
390.73055555555555
339.991935483871
213.48333333333332
215.0
220.0
229.0
245.0
252.0
255.0
209.0
210.0
315.0
211.0
317.0698924731183
212.70833333333334
212.0
212.0
213.0
215.0
217.0
219.0
211.0
211.0
315.0
211.0
212.0
212.0
212.0
214.0
219.0
226.0
235.0
238.0
211.0
210.0
315.0
212.0
224.0
216.0
223.0
238.0
261.0
274.0
275.0
107.14516129032258
121.73387096774194
166.14583333333334
127.19354838709677
170.85833333333332
97.44623655913979
55.272222222222226
40.03225806451613
40.0
40.0
40.0
40.0
40.0
107.79838709677419
211.0
315.0
211.0
404.241935483871
213.13611111111112
212.0
212.0
212.0
213.0
215.0
216.0
211.0
211.0
423.6532258064516
345.35
212.4784946236559
212.0
212.0
214.0
220.0
230.0
243.0
246.0
210.0
207.0
315.0
212.0
244.0
239.0
268.0537634408602
40.0
40.0
40.0
40.0
40.0
67.03494623655914
208.0
315.0
214.0
246.0
236.0
282.0
258.5779569892473
40.0
40.0
40.0
40.0
165.6720430107527
210.0
315.0
213.0
243.0
232.0
256.0
271.1747311827957
40.0
40.0
40.0
40.0
175.6048387096774
210.0
315.0
212.0
214.0
212.0
213.0
215.0
219.0
225.0
231.0
229.0
211.0
211.0
315.0
211.0
249.8494623655914
213.5388888888889
212.0
212.0
212.0
213.0
215.0
216.0
210.0
211.0
315.0
211.0
212.0
212.0
214.0
219.0
226.0
242.0
255.0
252.0
211.0
211.0
612
612
612
274.25555555555553
212.19623655913978
212.0
212.0
212.0
213.0
214.0
211.0
211.0
315.0
211.0
212.0
212.0
212.0
214.0
217.0
223.0
231.0
232.0
210.0
209.0
315.0
212.0
216.0
212.0
213.0
215.0
219.0
222.0
230.0
230.0
211.0
211.0
315.0
212.0
214.0
212.0
212.0
213.0
214.0
216.0
218.0
220.0
211.0
211.0
315.0
212.0
213.0
214.0
115.66129032258064
40.05913978494624
40.0
40.0
40.0
40.0
