890.0
2260
2260
890.0
322.0
296.0
291.0
290.0
290.0
326.8682795698925
569.7194444444444
1048.6612903225807
1738.1881720430108
2260
2260
911.0
512.7956989247311
1527.4972222222223
1267.9301075268818
906.4247311827957
651.3944444444444
457.60752688172045
352.4638888888889
458.55645161290323
1165.0
2260
2260
833.6666666666666
1833.1021505376343
1822.963888888889
1384.231182795699
1024.720430107527
788.9277777777778
584.233870967742
513.3805555555556
502.80645161290323
1234.3467741935483
2260
2260
2260
2260
2033.0111111111112
1686.6021505376343
1573.481182795699
1567.85
1517.3978494623657
1293.5
1871.779569892473
2260
2260
2260
2260
2260
1412.2083333333333
904.8064516129032
628.3279569892474
531.95
338.14516129032256
292.0
290.0
908.7043010752689
2260
2260
1007.0
319.0
1188.0555555555557
1480.1586021505377
1062.0940860215053
742.6861111111111
457.5940860215054
353.5527777777778
505.1747311827957
989.0
2260
2260
1018.0
317.0
290.0
290.0
290.0
291.0
293.0
290.0
290.0
1036.0
2260
2260
2260
2260
2198.925
1793.034946236559
1419.6747311827958
1043.3194444444443
756.016129032258
592.1833333333333
854.0752688172043
1602.3870967741937
2260
2260
1929.8194444444443
2029.233870967742
1487.9138888888888
911.6209677419355
552.4408602150538
371.1138888888889
293.3467741935484
291.0
290.0
1106.0
2260
2260
868.0
318.0
291.0
290.0
290.0
291.0
293.0
291.0
290.0
843.0
2260
2260
858.0
314.0
291.0
290.0
290.0
291.0
296.0
291.0
290.0
1210.0
2260
2260
910.0
317.0
292.0
290.0
290.0
293.0
298.0
292.0
290.0
1052.0
2260
2260
2076.386111111111
2260
2014.4194444444445
1664.744623655914
1537.228494623656
1315.763888888889
974.4139784946236
680.3333333333334
602.1666666666666
1406.483870967742
2260
2260
1986.1055555555556
2260
2183.347222222222
1747.4059139784947
1593.4327956989248
1321.1027777777779
961.8360215053764
743.5416666666666
703.236559139785
1221.0
2260
2260
863.0
316.0
322.9888888888889
1238.758064516129
1116.782258064516
764.2388888888889
479.5833333333333
342.84166666666664
661.2016129032259
1482.3897849462367
2260
2260
2260
2260
2260
1912.1370967741937
1745.7903225806451
1725.7583333333334
1415.6774193548388
1083.1805555555557
961.0940860215054
1398.3709677419354
2260
2171.0
1481.1305555555555
1887.4408602150538
1836.5111111111112
1616.994623655914
1217.5591397849462
898.575
540.2822580645161
451.06666666666666
569.1801075268817
1068.510752688172
2260
2260
863.0
349.7043010752688
1775.0166666666667
1877.029569892473
1738.1612903225807
1584.786111111111
1136.760752688172
909.725
899.6989247311828
1307.6263440860216
2260
2260
833.0
439.26075268817203
1902.4611111111112
1710.516129032258
1528.6639784946237
1666.55
1595.284946236559
1259.6027777777779
1336.1317204301076
1837.0725806451612
2260
2260
984.0
330.28225806451616
976.8527777777778
918.489247311828
649.3655913978495
445.93888888888887
307.55645161290323
294.8833333333333
544.4139784946236
