406.26344086021504
251.35416666666666
298.7231182795699
487.0
487.0
487.0
487.0
382.36559139784947
209.90277777777777
143.38709677419354
123.47222222222223
119.48924731182795
179.23387096774192
370.4166666666667
487.0
432.15277777777777
358.46774193548384
74.08333333333333
59.744623655913976
59.744623655913976
49.388888888888886
47.795698924731184
49.388888888888886
59.744623655913976
95.59139784946237
198.4375
487.0
308.68055555555554
394.31451612903226
86.43055555555556
59.744623655913976
119.48924731182795
111.125
71.69354838709677
61.736111111111114
59.744623655913976
95.59139784946237
291.0416666666667
487.0
382.7638888888889
394.31451612903226
86.43055555555556
71.69354838709677
59.744623655913976
49.388888888888886
47.795698924731184
49.388888888888886
59.744623655913976
95.59139784946237
198.4375
487.0
358.06944444444446
346.51881720430106
74.08333333333333
59.744623655913976
47.795698924731184
49.388888888888886
35.846774193548384
49.388888888888886
47.795698924731184
119.48924731182795
211.66666666666666
487.0
185.20833333333334
358.46774193548384
74.08333333333333
59.744623655913976
59.744623655913976
37.041666666666664
47.795698924731184
49.388888888888886
59.744623655913976
71.69354838709677
92.60416666666667
487.0
123.47222222222223
250.92741935483872
49.388888888888886
47.795698924731184
47.795698924731184
37.041666666666664
35.846774193548384
37.041666666666664
47.795698924731184
95.59139784946237
238.125
487.0
296.3333333333333
442.11021505376345
283.9861111111111
487.0
215.08064516129033
123.47222222222223
83.64247311827957
49.388888888888886
59.744623655913976
155.33602150537635
264.5833333333333
487.0
487.0
334.5698924731183
61.736111111111114
47.795698924731184
59.744623655913976
37.041666666666664
35.846774193548384
49.388888888888886
47.795698924731184
59.744623655913976
119.0625
487.0
135.81944444444446
322.6209677419355
49.388888888888886
47.795698924731184
47.795698924731184
37.041666666666664
35.846774193548384
37.041666666666664
47.795698924731184
83.64247311827957
145.52083333333334
487.0
209.90277777777777
358.46774193548384
74.08333333333333
59.744623655913976
47.795698924731184
37.041666666666664
35.846774193548384
37.041666666666664
59.744623655913976
119.48924731182795
198.4375
487.0
487.0
334.5698924731183
61.736111111111114
47.795698924731184
35.846774193548384
49.388888888888886
35.846774193548384
37.041666666666664
59.744623655913976
131.43817204301075
198.4375
487.0
246.94444444444446
394.31451612903226
74.08333333333333
71.69354838709677
47.795698924731184
49.388888888888886
35.846774193548384
49.388888888888886
59.744623655913976
155.33602150537635
224.89583333333334
487.0
456.84722222222223
430.16129032258067
98.77777777777777
250.92741935483872
203.13172043010752
123.47222222222223
95.59139784946237
49.388888888888886
59.744623655913976
83.64247311827957
119.0625
487.0
407.4583333333333
487.0
74.08333333333333
47.795698924731184
59.744623655913976
37.041666666666664
35.846774193548384
49.388888888888886
71.69354838709677
191.18279569892474
383.6458333333333
487.0
432.15277777777777
487.0
487.0
487.0
274.8252688172043
172.86111111111111
119.48924731182795
74.08333333333333
71.69354838709677
119.48924731182795
264.5833333333333
487.0
487.0
346.51881720430106
61.736111111111114
59.744623655913976
47.795698924731184
49.388888888888886
47.795698924731184
37.041666666666664
59.744623655913976
95.59139784946237
145.52083333333334
487.0
259.2916666666667
406.26344086021504
86.43055555555556
71.69354838709677
47.795698924731184
49.388888888888886
47.795698924731184
49.388888888888886
47.795698924731184
107.54032258064517
145.52083333333334
487.0
296.3333333333333
418.2123655913978
86.43055555555556
59.744623655913976
59.744623655913976
49.388888888888886
35.846774193548384
49.388888888888886
59.744623655913976
95.59139784946237
145.52083333333334
487.0
395.1111111111111
322.6209677419355
61.736111111111114
47.795698924731184
35.846774193548384
49.388888888888886
35.846774193548384
37.041666666666664
59.744623655913976
