274.8252688172043
291.0416666666667
286.7741935483871
271.6388888888889
310.6720430107527
487.0
487.0
286.7741935483871
271.6388888888889
274.8252688172043
271.6388888888889
274.8252688172043
274.8252688172043
291.0416666666667
286.7741935483871
271.6388888888889
274.8252688172043
271.6388888888889
274.8252688172043
274.8252688172043
271.6388888888889
238.9784946236559
234.59722222222223
238.9784946236559
274.8252688172043
317.5
298.7231182795699
271.6388888888889
274.8252688172043
283.9861111111111
274.8252688172043
274.8252688172043
271.6388888888889
274.8252688172043
234.59722222222223
250.92741935483872
274.8252688172043
330.7291666666667
298.7231182795699
209.90277777777777
274.8252688172043
271.6388888888889
274.8252688172043
262.8763440860215
283.9861111111111
262.8763440860215
222.25
238.9784946236559
286.7741935483871
317.5
215.08064516129033
148.16666666666666
274.8252688172043
160.51388888888889
227.02956989247312
227.02956989247312
222.25
215.08064516129033
222.25
238.9784946236559
286.7741935483871
330.7291666666667
274.8252688172043
172.86111111111111
262.8763440860215
197.55555555555554
250.92741935483872
215.08064516129033
234.59722222222223
215.08064516129033
234.59722222222223
238.9784946236559
250.92741935483872
291.0416666666667
71.69354838709677
86.43055555555556
155.33602150537635
49.388888888888886
215.08064516129033
262.8763440860215
222.25
215.08064516129033
222.25
179.23387096774192
95.59139784946237
251.35416666666666
322.6209677419355
283.9861111111111
274.8252688172043
271.6388888888889
274.8252688172043
262.8763440860215
271.6388888888889
274.8252688172043
234.59722222222223
238.9784946236559
286.7741935483871
317.5
286.7741935483871
234.59722222222223
274.8252688172043
271.6388888888889
274.8252688172043
274.8252688172043
271.6388888888889
215.08064516129033
222.25
227.02956989247312
238.9784946236559
317.5
143.38709677419354
111.125
274.8252688172043
185.20833333333334
215.08064516129033
238.9784946236559
271.6388888888889
203.13172043010752
222.25
47.795698924731184
83.64247311827957
145.52083333333334
191.18279569892474
160.51388888888889
274.8252688172043
197.55555555555554
238.9784946236559
238.9784946236559
222.25
215.08064516129033
222.25
227.02956989247312
131.43817204301075
211.66666666666666
167.28494623655914
160.51388888888889
274.8252688172043
123.47222222222223
215.08064516129033
215.08064516129033
234.59722222222223
203.13172043010752
234.59722222222223
238.9784946236559
238.9784946236559
224.89583333333334
227.02956989247312
209.90277777777777
274.8252688172043
185.20833333333334
238.9784946236559
215.08064516129033
234.59722222222223
215.08064516129033
222.25
250.92741935483872
274.8252688172043
317.5
298.7231182795699
271.6388888888889
274.8252688172043
358.06944444444446
322.6209677419355
262.8763440860215
271.6388888888889
274.8252688172043
246.94444444444446
250.92741935483872
250.92741935483872
317.5
274.8252688172043
160.51388888888889
274.8252688172043
271.6388888888889
262.8763440860215
227.02956989247312
222.25
215.08064516129033
222.25
250.92741935483872
286.7741935483871
317.5
274.8252688172043
358.06944444444446
487.0
487.0
477.9569892473118
274.8252688172043
271.6388888888889
274.8252688172043
271.6388888888889
250.92741935483872
274.8252688172043
304.2708333333333
238.9784946236559
135.81944444444446
274.8252688172043
271.6388888888889
262.8763440860215
215.08064516129033
234.59722222222223
215.08064516129033
222.25
238.9784946236559
274.8252688172043
317.5
215.08064516129033
222.25
262.8763440860215
209.90277777777777
274.8252688172043
274.8252688172043
234.59722222222223
215.08064516129033
234.59722222222223
238.9784946236559
274.8252688172043
317.5
238.9784946236559
185.20833333333334
274.8252688172043
271.6388888888889
274.8252688172043
274.8252688172043
234.59722222222223
215.08064516129033
222.25
238.9784946236559
286.7741935483871
317.5
155.33602150537635
111.125
274.8252688172043
123.47222222222223
227.02956989247312
227.02956989247312
234.59722222222223
227.02956989247312
222.25
238.9784946236559
