1132.3548387096773
963.2142857142857
919.4193548387096
1022.3
0.0
0.0
0.0
0.0
0.0
0.0
0.0
0.0
218.0
2040
1885.7839999999999
0.0
0.0
0.0
0.0
0.0
0.0
0.0
0.0
0.0
261.0
2040
2040
0.0
0.0
0.0
0.0
0.0
0.0
0.0
0.0
0.0
275.0
2040
1902.864
0.0
0.0
0.0
0.0
0.0
0.0
0.0
0.0
0.0
422.0
2040
2040
0.0
0.0
0.0
0.0
0.0
0.0
0.0
0.0
0.0
426.0
2040
2040
27.0
0.0
0.0
0.0
0.0
0.0
0.0
0.0
0.0
439.0
2040
2040
25.0
0.0
0.0
0.0
0.0
0.0
0.0
0.0
0.0
327.0
2040
2040
4.0
0.0
0.0
0.0
0.0
0.0
0.0
0.0
0.0
339.0
2040
1868.216
0.0
0.0
0.0
0.0
0.0
0.0
0.0
0.0
0.0
377.0
2040
2040
38.0
0.0
0.0
0.0
0.0
0.0
0.0
0.0
0.0
261.0
2040
2040
12.0
0.0
0.0
0.0
0.0
0.0
0.0
0.0
0.0
191.0
2040
2040
0.0
0.0
0.0
0.0
0.0
0.0
0.0
0.0
0.0
223.0
2040
2040
21.0
0.0
0.0
0.0
0.0
0.0
0.0
0.0
0.0
369.0
2040
2040
0.0
0.0
0.0
0.0
0.0
0.0
0.0
0.0
0.0
355.0
2040
2040
0.0
0.0
0.0
0.0
0.0
0.0
0.0
0.0
0.0
437.0
2040
1868.216
0.0
356.7741935483871
1844.0112
1314.6129032258063
531.258064516129
147.26666666666668
5.290322580645161
0.0
255.1290322580645
609.741935483871
2040
2040
0.0
0.0
0.0
20.967741935483872
222.3548387096774
63.46666666666667
0.0
0.0
91.74193548387096
505.258064516129
2040
2040
77.0
0.0
954.4
1315.5806451612902
568.8064516129032
145.1
3.4838709677419355
0.0
123.83870967741936
554.483870967742
2040
2040
81.0
1063.0645161290322
2040
1437.483870967742
574.1612903225806
150.2
4.548387096774194
0.0
167.67741935483872
533.2258064516129
2040
2040
77.0
0.0
0.0
0.0
0.0
0.0
62.0
238.0
21.0
