252
251.61904761904762
252
252
252
252
252
252
210.51111111111112
144.81451612903226
120.2611111111111
112.95430107526882
183.43279569892474
252
252
252
252
75.35
65.40591397849462
58.505376344086024
53.519444444444446
46.13709677419355
46.391666666666666
64.20161290322581
96.03763440860214
188.11309523809524
252
252
252
81.53055555555555
66.65053763440861
122.33064516129032
109.2611111111111
74.4758064516129
53.21666666666667
62.795698924731184
99.65860215053763
252
252
252
252
87.78333333333333
68.41397849462365
58.96774193548387
52.375
44.58064516129032
46.458333333333336
59.776881720430104
102.09677419354838
191.07738095238096
252
252
252
72.95833333333333
57.18010752688172
49.873655913978496
45.71944444444444
40.39247311827957
42.452777777777776
52.12903225806452
119.20967741935483
208.59821428571428
252
188.25833333333333
252
72.52777777777777
59.18279569892473
51.803763440860216
48.272222222222226
42.27956989247312
48.86388888888889
58.87096774193548
73.38172043010752
93.41964285714286
252
120.99166666666666
250.56720430107526
53.291666666666664
45.134408602150536
41.55107526881721
39.98888888888889
34.876344086021504
41.669444444444444
49.56182795698925
97.15053763440861
240.95238095238096
252
252
252
252
252
213.0779569892473
124.91388888888889
76.58064516129032
48.05277777777778
59.58064516129032
157.45967741935485
252
252
252
252
61.705555555555556
54.465053763440864
48.325268817204304
44.480555555555554
39.44086021505376
42.775
49.655913978494624
63.924731182795696
113.24404761904762
252
138.0222222222222
252
53.19166666666667
45.096774193548384
42.034946236559136
39.80277777777778
34.54032258064516
38.65277777777778
51.163978494623656
86.80376344086021
135.92559523809524
252
197.73611111111111
252
70.81388888888888
56.755376344086024
47.696236559139784
43.15277777777778
36.8494623655914
39.897222222222226
51.06720430107527
121.48655913978494
201.0625
252
252
252
56.69722222222222
48.16935483870968
42.01881720430107
40.68333333333333
35.68010752688172
39.022222222222226
58.685483870967744
131.29301075268816
198.99404761904762
252
249.49166666666667
252
78.13055555555556
62.956989247311824
53.05107526881721
47.43888888888889
40.416666666666664
42.269444444444446
63.505376344086024
157.81182795698925
219.14285714285714
252
252
252
96.72777777777777
247.45430107526883
206.41397849462365
130.6638888888889
86.44086021505376
56.69166666666667
59.12096774193548
75.85215053763442
131.3720238095238
252
252
252
70.36666666666666
56.204301075268816
49.494623655913976
45.4
37.93817204301075
41.87777777777778
73.00537634408602
187.16129032258064
252
252
252
252
252
252
252
171.675
113.47043010752688
82.74444444444444
68.86290322580645
114.81720430107526
252
252
252
252
68.5
58.03763440860215
51.1505376344086
46.81944444444444
40.95967741935484
46.580555555555556
54.60215053763441
100.76344086021506
135.2529761904762
252
252
252
87.09722222222223
66.11559139784946
55.47043010752688
50.38333333333333
41.526881720430104
46.34166666666667
56.924731182795696
103.89516129032258
143.77083333333334
252
252
252
82.5
63.42204301075269
53.63709677419355
48.30555555555556
41.51075268817204
44.84166666666667
58.27150537634409
101.70161290322581
145.875
252
252
252
55.888888888888886
48.26881720430107
42.85752688172043
41.361111111111114
37.72849462365591
41.38333333333333
58.22849462365591
