426.05645161290323
256.25892857142856
487.0
487.0
487.0
487.0
408.4569892473118
224.31182795698925
312.2388888888889
204.69354838709677
216.55277777777778
238.80913978494624
242.2983870967742
358.4375
379.758064516129
376.2
370.39784946236557
231.53333333333333
204.58064516129033
194.94623655913978
201.44444444444446
185.19892473118279
191.37222222222223
204.58064516129033
239.04301075268816
345.4642857142857
472.0
448.39444444444445
409.38709677419354
487.0
360.4516129032258
194.83870967741936
196.3
185.09677419354838
191.26666666666668
209.4516129032258
239.51612903225808
413.45238095238096
357.03225806451616
403.18055555555554
414.26075268817203
487.0
384.80645161290323
199.70967741935485
196.3
185.09677419354838
186.23333333333332
204.58064516129033
240.54569892473117
355.11607142857144
305.4032258064516
356.5888888888889
370.60215053763443
221.46666666666667
199.70967741935485
185.09677419354838
191.26666666666668
185.09677419354838
181.0
199.2688172043011
263.3010752688172
387.75
357.63440860215053
396.72222222222223
375.47849462365593
231.6611111111111
204.69354838709677
185.19892473118279
196.3
184.99462365591398
190.95
203.90322580645162
224.7311827956989
270.5238095238095
246.48387096774192
310.78333333333336
326.89516129032256
206.48055555555555
189.96774193548387
175.3548387096774
95.42222222222222
38.70967741935484
39.977777777777774
53.255376344086024
99.0
242.98214285714286
424.38709677419354
487.0
458.3763440860215
271.8
350.7096774193548
219.19354838709677
196.3
185.09677419354838
191.26666666666668
204.58064516129033
297.43548387096774
418.2142857142857
389.9489247311828
329.875
487.0
362.4
199.70967741935485
185.09677419354838
191.26666666666668
180.2258064516129
181.2
194.7311827956989
205.29032258064515
279.61309523809524
288.21774193548384
328.3833333333333
342.28494623655916
226.75
195.05376344086022
180.3252688172043
191.1611111111111
175.06451612903226
185.71944444444443
126.43548387096774
86.9247311827957
143.08333333333334
261.9596774193548
402.7083333333333
380.7741935483871
257.125
204.80645161290323
185.19892473118279
196.3
175.25806451612902
181.1
77.89247311827957
123.22311827956989
196.66666666666666
296.03225806451616
371.0
430.3010752688172
221.95555555555555
199.93010752688173
185.19892473118279
186.23333333333332
180.1263440860215
155.94722222222222
58.41935483870968
134.8790322580645
203.21428571428572
361.4462365591398
457.1111111111111
411.4193548387097
277.2916666666667
219.43548387096774
194.94623655913978
196.3
180.0268817204301
190.2111111111111
218.2258064516129
327.0376344086022
402.9166666666667
436.1290322580645
487.0
458.3763440860215
261.73333333333335
302.0
214.32258064516128
201.33333333333334
185.09677419354838
191.26666666666668
199.70967741935485
215.44354838709677
285.07142857142856
421.16129032258067
370.80555555555554
370.39784946236557
226.5
199.70967741935485
185.09677419354838
191.26666666666668
175.3548387096774
186.13055555555556
214.20430107526883
331.16129032258067
487.0
487.0
487.0
487.0
487.0
487.0
306.8709677419355
377.5
189.96774193548387
196.3
214.32258064516128
244.6021505376344
347.1815476190476
325.44086021505376
329.4611111111111
355.7768817204301
216.43333333333334
199.70967741935485
189.96774193548387
191.26666666666668
180.1263440860215
190.73888888888888
203.79032258064515
253.42741935483872
324.0
342.61290322580646
433.3333333333333
424.4758064516129
246.63333333333333
214.32258064516128
189.96774193548387
196.3
184.99462365591398
185.925
203.90322580645162
254.15322580645162
321.9107142857143
369.241935483871
401.65555555555557
404.9596774193548
251.66666666666666
209.4516129032258
189.96774193548387
196.3
180.1263440860215
190.73888888888888
203.90322580645162
254.75806451612902
326.8125
292.5
324.8333333333333
336.83870967741933
216.67222222222222
194.94623655913978
180.2258064516129
190.0
181.11290322580646
219.0
176.84408602150538
