707.0
1116.4642857142858
1021.5806451612902
650.0
560.0
558.0
558.0
558.0
558.0
558.0
558.0
558.0
911.0
1667.3342857142857
1289.0
717.0
561.0
558.0
558.0
558.0
558.0
558.0
558.0
557.0
1086.0
1479.9642857142858
1331.2903225806451
763.0
562.0
558.0
558.0
558.0
558.0
558.0
558.0
558.0
1382.0
1483.5
1672.1974193548385
786.0
563.0
558.0
558.0
558.0
558.0
557.0
558.0
558.0
1025.0
2040
2040
933.0
565.0
557.0
558.0
558.0
558.0
558.0
558.0
558.0
1222.4516129032259
1070.357142857143
1208.8387096774193
906.0
567.0
558.0
558.0
557.0
558.0
558.0
558.0
557.0
1309.4516129032259
1127.607142857143
1044.258064516129
980.7666666666667
569.0
555.0
557.0
558.0
538.4333333333333
354.64516129032256
212.6
199.38709677419354
276.61290322580646
399.85714285714283
590.0967741935484
812.5
563.0
558.0
558.0
558.0
558.0
558.0
558.0
558.0
1152.0
1433.0
1351.0645161290322
755.0
565.0
558.0
558.0
558.0
557.0
558.0
557.0
558.0
529.5806451612904
514.9642857142857
555.1935483870968
685.3666666666667
575.0
557.0
555.0
526.8387096774194
346.3333333333333
177.83870967741936
75.0
88.38709677419355
183.96774193548387
295.67857142857144
401.7096774193548
492.8666666666667
565.4516129032259
553.1666666666666
458.1290322580645
326.0967741935484
201.76666666666668
85.64516129032258
15.566666666666666
46.38709677419355
159.61290322580646
321.9642857142857
507.67741935483866
700.5333333333333
570.0
558.0
557.0
558.0
557.0
551.7096774193549
404.8666666666667
314.7096774193548
371.16129032258067
525.0714285714286
925.8709677419355
1008.0
566.0
558.0
558.0
557.0
558.0
558.0
558.0
558.0
1507.0
2040
1723.8152258064515
757.0
561.0
558.0
558.0
558.0
558.0
558.0
558.0
558.0
1429.0
2040
1624.774193548387
937.0
564.0
558.0
558.0
558.0
558.0
558.0
558.0
558.0
1190.0
1974.0422857142855
1195.0
587.0
558.0
558.0
558.0
558.0
558.0
558.0
558.0
558.0
1184.0
2040
1789.1599999999999
770.0
565.0
558.0
558.0
558.0
558.0
558.0
558.0
558.0
1301.0
2040
2040
1045.0
566.0
558.0
558.0
558.0
557.0
558.0
558.0
557.0
1464.0
2040
2040
832.0
561.0
558.0
558.0
558.0
558.0
558.0
558.0
558.0
1045.0
2040
2040
931.0
571.0
557.0
557.0
557.0
557.0
558.0
557.0
558.0
