0.0
1297.1785714285713
752.0
0.0
0.0
0.0
0.0
0.0
0.0
0.0
0.0
0.0
2040
0.0
547.0
0.0
0.0
0.0
0.0
0.0
0.0
0.0
0.0
0.0
2040
0.0
0.0
0.0
0.0
0.0
0.0
0.0
0.0
0.0
0.0
0.0
2040
0.0
0.0
0.0
0.0
0.0
0.0
0.0
0.0
0.0
0.0
0.0
2040
0.0
400.0
0.0
0.0
0.0
0.0
0.0
0.0
0.0
0.0
0.0
2040
0.0
246.0
0.0
0.0
0.0
0.0
0.0
0.0
0.0
0.0
0.0
2040
0.0
466.0
0.0
0.0
0.0
0.0
0.0
0.0
0.0
0.0
0.0
2040
0.0
0.0
0.0
0.0
0.0
0.0
0.0
0.0
0.0
0.0
0.0
2040
15.0
523.0
0.0
0.0
0.0
0.0
0.0
0.0
0.0
0.0
0.0
2040
0.0
311.0
0.0
0.0
0.0
0.0
0.0
0.0
0.0
0.0
0.0
2040
0.0
322.0
0.0
0.0
0.0
0.0
0.0
0.0
0.0
0.0
0.0
2040
1056.0
235.0
0.0
0.0
0.0
0.0
0.0
0.0
0.0
0.0
0.0
2040
0.0
339.0
0.0
0.0
0.0
0.0
0.0
0.0
0.0
0.0
0.0
2040
0.0
9.0
0.0
0.0
0.0
0.0
0.0
0.0
0.0
0.0
0.0
2040
0.0
684.0
0.0
0.0
0.0
0.0
0.0
0.0
0.0
0.0
0.0
2040
0.0
73.0
0.0
0.0
220.46666666666667
1001.3870967741935
504.0322580645161
140.13333333333333
4.419354838709677
0.0
248.74193548387098
2040
262.0
240.0
0.0
0.0
985.0333333333333
945.3870967741935
384.64516129032256
69.7
0.0
0.0
85.87096774193549
2040
0.0
376.0
0.0
421.93548387096774
1911.9082666666666
1416.8064516129032
570.483870967742
140.3
2.838709677419355
0.0
118.0
2040
0.0
643.0
50.233333333333334
2040
2040
1448.4516129032259
569.6129032258065
144.93333333333334
3.774193548387097
0.0
161.61290322580646
2040
267.0
416.0
0.0
0.0
7.266666666666667
319.93548387096774
216.7741935483871
32.53333333333333
0.0
0.0
28.838709677419356
