1863.0
2260
2260
1698.0
1616.0
1615.0
1615.0
1615.0
1615.0
1615.0
1615.0
921.1075268817204
1643.3440860215053
2260
2260
790.7583333333333
370.4139784946237
274.93333333333334
230.29569892473117
223.3548387096774
230.34166666666667
231.40322580645162
263.63055555555553
381.11290322580646
1287.3844086021506
2260
2260
1265.2333333333333
387.8279569892473
333.51666666666665
227.93548387096774
208.4731182795699
198.53333333333333
208.93548387096774
248.17777777777778
329.89516129032256
1644.489247311828
2260
2260
1744.0
1537.9596774193549
360.96666666666664
258.60752688172045
222.5188172043011
201.6861111111111
172.69623655913978
228.23888888888888
1461.6236559139784
2260
2260
2260
1886.0
1616.0
693.875
228.83870967741936
209.20967741935485
353.6972222222222
199.52956989247312
213.69444444444446
275.60483870967744
1392.282258064516
2260
2260
792.575
379.13709677419354
545.6027777777778
446.4193548387097
384.241935483871
365.74444444444447
263.94086021505376
294.3611111111111
465.2204301075269
1308.1639784946237
2260
2260
1347.7166666666667
358.9166666666667
283.31944444444446
234.58870967741936
196.51344086021504
259.8722222222222
167.8709677419355
201.29722222222222
1304.018817204301
2260
2260
2260
1768.0
1611.0
1328.0222222222221
402.2123655913978
342.80645161290323
286.4583333333333
290.0376344086022
287.85277777777776
671.6989247311828
1912.6666666666667
2260
2260
1292.2694444444444
501.8790322580645
395.9527777777778
300.1290322580645
273.997311827957
261.81666666666666
210.42741935483872
229.6611111111111
270.68817204301075
756.1263440860215
2260
2260
697.5944444444444
336.3279569892473
276.4583333333333
209.1236559139785
189.10752688172042
185.24722222222223
180.99193548387098
210.48888888888888
277.05913978494624
557.9247311827957
2260
2260
1268.4583333333333
530.8091397849462
274.175
207.11827956989248
204.96774193548387
195.8527777777778
176.20698924731184
193.75277777777777
333.66129032258067
1062.6935483870968
2260
2260
874.4388888888889
366.0537634408602
241.425
200.70967741935485
167.93817204301075
166.62777777777777
171.91129032258064
195.29444444444445
985.0725806451613
2238.2258064516127
2260
2260
1187.0111111111112
485.0698924731183
312.09166666666664
248.41129032258064
207.83870967741936
197.61666666666667
196.36559139784947
218.9777777777778
332.0967741935484
1719.8252688172042
2260
2260
1781.5027777777777
670.1962365591398
411.60277777777776
300.5268817204301
262.8037634408602
249.55833333333334
237.58064516129033
260.31111111111113
317.44354838709677
811.502688172043
2260
2260
1057.4138888888888
375.494623655914
282.4472222222222
210.58602150537635
184.80913978494624
183.29722222222222
186.29569892473117
210.1027777777778
686.4650537634409
1980.255376344086
2260
2260
1786.0
1546.5725806451612
1225.5916666666667
710.010752688172
660.5456989247311
385.4888888888889
255.84408602150538
245.80833333333334
547.1102150537635
1562.1424731182797
2260
2260
1372.3277777777778
408.7043010752688
534.1888888888889
455.8037634408602
384.98655913978496
355.175
200.38978494623655
339.7472222222222
490.69086021505376
1516.2016129032259
2260
2260
1719.3194444444443
567.0967741935484
556.1777777777778
644.3306451612904
725.8897849462365
390.53055555555557
211.81989247311827
340.51944444444445
685.7876344086021
1626.1209677419354
2260
2260
1726.75
1023.7284946236559
1605.8472222222222
1615.0
1599.0376344086021
414.1694444444444
222.24462365591398
217.17777777777778
868.3118279569892
1936.491935483871
2260
2260
749.425
274.4731182795699
213.52777777777777
182.01612903225808
153.46236559139786
145.34444444444443
160.06182795698925
337.7861111111111
582.6586021505376
