406.26344086021504
251.35416666666666
487.0
487.0
487.0
487.0
262.8763440860215
227.02956989247312
234.59722222222223
215.08064516129033
234.59722222222223
250.92741935483872
262.8763440860215
383.6458333333333
487.0
487.0
487.0
444.5
238.9784946236559
167.28494623655914
123.47222222222223
95.59139784946237
61.736111111111114
71.69354838709677
95.59139784946237
238.125
454.05913978494624
487.0
487.0
456.84722222222223
238.9784946236559
203.13172043010752
222.25
191.18279569892474
222.25
71.69354838709677
107.54032258064517
291.0416666666667
382.36559139784947
487.0
487.0
370.4166666666667
238.9784946236559
215.08064516129033
209.90277777777777
203.13172043010752
209.90277777777777
71.69354838709677
107.54032258064517
224.89583333333334
322.6209677419355
487.0
406.26344086021504
407.4583333333333
227.02956989247312
143.38709677419354
86.43055555555556
59.744623655913976
37.041666666666664
59.744623655913976
119.48924731182795
198.4375
406.26344086021504
487.0
487.0
469.19444444444446
227.02956989247312
167.28494623655914
98.77777777777777
59.744623655913976
61.736111111111114
59.744623655913976
71.69354838709677
119.0625
155.33602150537635
197.55555555555554
143.38709677419354
185.20833333333334
95.59139784946237
59.744623655913976
37.041666666666664
35.846774193548384
49.388888888888886
47.795698924731184
95.59139784946237
238.125
430.16129032258067
487.0
487.0
419.80555555555554
227.02956989247312
215.08064516129033
209.90277777777777
203.13172043010752
209.90277777777777
215.08064516129033
322.6209677419355
423.3333333333333
487.0
487.0
487.0
358.06944444444446
155.33602150537635
95.59139784946237
74.08333333333333
59.744623655913976
37.041666666666664
47.795698924731184
71.69354838709677
105.83333333333333
143.38709677419354
283.9861111111111
334.5698924731183
283.9861111111111
119.48924731182795
59.744623655913976
37.041666666666664
35.846774193548384
37.041666666666664
59.744623655913976
83.64247311827957
132.29166666666666
215.08064516129033
407.4583333333333
487.0
456.84722222222223
227.02956989247312
167.28494623655914
86.43055555555556
47.795698924731184
37.041666666666664
47.795698924731184
131.43817204301075
198.4375
346.51881720430106
487.0
466.008064516129
444.5
167.28494623655914
71.69354838709677
49.388888888888886
35.846774193548384
37.041666666666664
59.744623655913976
131.43817204301075
198.4375
442.11021505376345
487.0
487.0
407.4583333333333
227.02956989247312
203.13172043010752
209.90277777777777
203.13172043010752
111.125
71.69354838709677
155.33602150537635
224.89583333333334
487.0
487.0
487.0
419.80555555555554
238.9784946236559
215.08064516129033
209.90277777777777
203.13172043010752
209.90277777777777
215.08064516129033
238.9784946236559
185.20833333333334
358.46774193548384
358.06944444444446
487.0
456.84722222222223
227.02956989247312
131.43817204301075
86.43055555555556
47.795698924731184
49.388888888888886
71.69354838709677
191.18279569892474
410.1041666666667
487.0
487.0
487.0
432.15277777777777
250.92741935483872
215.08064516129033
222.25
203.13172043010752
222.25
227.02956989247312
262.8763440860215
370.4166666666667
487.0
487.0
466.008064516129
345.72222222222223
203.13172043010752
107.54032258064517
98.77777777777777
59.744623655913976
49.388888888888886
59.744623655913976
95.59139784946237
132.29166666666666
370.4166666666667
456.84722222222223
487.0
481.5416666666667
227.02956989247312
215.08064516129033
209.90277777777777
191.18279569892474
185.20833333333334
59.744623655913976
107.54032258064517
145.52083333333334
394.31451612903226
456.84722222222223
487.0
469.19444444444446
227.02956989247312
203.13172043010752
209.90277777777777
143.38709677419354
49.388888888888886
59.744623655913976
95.59139784946237
158.75
310.6720430107527
370.4166666666667
334.5698924731183
246.94444444444446
119.48924731182795
71.69354838709677
49.388888888888886
35.846774193548384
49.388888888888886
59.744623655913976
