157.0
40.0
612
612
612
389.0388888888889
224.78225806451613
224.0
224.0
224.0
224.0
224.0
78.0
112.95833333333333
570.5322580645161
418.4194444444444
225.7258064516129
224.0
224.0
224.0
224.0
224.0
224.0
226.0
40.0
40.0
398.7903225806452
612
339.991935483871
224.41944444444445
224.0
224.0
224.0
224.0
224.0
224.0
40.0
40.0
315.0
558.1666666666666
365.4301075268817
224.60555555555555
224.0
224.0
224.0
225.0
224.0
224.0
40.0
40.0
315.0
56.0
222.0
225.0
224.0
224.0
224.0
224.0
224.0
224.0
40.0
40.0
315.0
81.28888888888889
234.88709677419354
224.025
224.0
225.0
224.0
224.0
224.0
225.0
40.0
40.0
127.0
40.0
219.0
285.0
226.0
224.0
224.0
174.53763440860214
40.0
40.0
40.0
40.0
315.0
376.3777777777778
528.5779569892474
225.84166666666667
224.0
224.0
224.0
224.0
224.0
224.0
40.0
45.086309523809526
612
345.35277777777776
221.43010752688173
224.0
224.0
224.0
225.0
225.0
225.0
224.0
40.0
40.0
315.0
124.0
228.0
248.0
275.0
224.0
219.35
40.0
40.0
40.0
40.0
40.0
315.0
94.0
231.0
238.0
224.0
224.0
226.0
224.0
52.333333333333336
40.0
40.0
40.0
315.0
40.0
218.0
224.0
236.0
224.0
230.0
235.0
151.275
56.76881720430107
40.0
40.0
315.0
40.0
220.0
224.0
224.0
226.0
224.0
224.0
224.0
224.0
40.0
40.0
319.0698924731183
612
464.76075268817203
225.34444444444443
224.0
224.0
224.0
224.0
224.0
224.0
40.0
40.0
315.0
227.21944444444443
222.34408602150538
224.0
224.0
224.0
224.0
224.0
224.0
224.0
40.0
369.2083333333333
612
612
612
274.25555555555553
224.13172043010752
224.0
224.0
224.0
224.0
224.0
40.0
40.0
315.0
232.11666666666667
221.33870967741936
224.0
224.0
224.0
224.0
224.0
224.0
224.0
40.0
40.0
315.0
40.0
337.1209677419355
224.76944444444445
224.0
224.0
226.0
224.0
224.0
227.0
40.0
40.0
315.0
156.9361111111111
325.8494623655914
224.36388888888888
224.0
224.0
224.0
224.0
224.0
224.0
40.0
40.0
315.0
57.0
228.0
240.0
242.0
234.0
227.0
224.0
226.0
197.43010752688173
