252
252
252
252
252
252
252
252
240.19444444444446
225.06451612903226
248.0611111111111
252
252
252
252
252
252
252
247.3790322580645
220.83333333333334
228.01944444444445
219.84139784946237
232.2138888888889
252
252
252
252
252
252
252
252
221.2311827956989
228.275
219.84408602150538
237.66944444444445
252
252
252
252
252
252
252
252
222.15860215053763
224.8138888888889
212.30645161290323
217.31666666666666
232.73924731182797
252
252
252
252
252
240.43055555555554
225.997311827957
212.13709677419354
219.15555555555557
209.11290322580646
218.29722222222222
236.07258064516128
252
252
252
252
252
240.99722222222223
238.96236559139786
216.95698924731184
232.0388888888889
234.93010752688173
252
252
252
168.16369047619048
156.90591397849462
199.9388888888889
149.18279569892474
179.48055555555555
102.68548387096774
57.41129032258065
42.05
36.873655913978496
42.669444444444444
50.56182795698925
98.15322580645162
241.95238095238096
252
252
252
252
252
222.38172043010752
224.62222222222223
211.4220430107527
217.38333333333333
230.54569892473117
252
252
252
252
252
252
223.07258064516128
210.58602150537635
217.91666666666666
208.16397849462365
219.61388888888888
237.59408602150538
252
252
252
252
252
220.6638888888889
243.80913978494624
228.41129032258064
252
37.07795698924731
39.65555555555556
52.163978494623656
87.8010752688172
135.93154761904762
217.46236559139786
252
252
241.28055555555557
252
232.18010752688173
252
248.14247311827958
41.416666666666664
52.06720430107527
122.48655913978494
202.0595238095238
252
252
252
226.1638888888889
245.88978494623655
222.63978494623655
252
252
40.57222222222222
59.685483870967744
132.29032258064515
199.9970238095238
252
252
252
246.60555555555555
232.7715053763441
215.31989247311827
220.90555555555557
210.13440860215053
218.11666666666667
247.44892473118279
252
252
252
252
252
252
252
224.98655913978496
227.55277777777778
212.76612903225808
216.25277777777777
230.03494623655914
244.21774193548387
252
252
252
252
237.40833333333333
225.0215053763441
211.75806451612902
220.89444444444445
211.6451612903226
224.70833333333334
252
252
252
252
252
252
252
252
252
233.00833333333333
215.63978494623655
226.1888888888889
239.6478494623656
252
252
252
252
252
235.975
225.85752688172042
213.41397849462365
220.25277777777777
209.68279569892474
221.42777777777778
235.55107526881721
252
252
252
252
252
252
237.9220430107527
217.74462365591398
223.85
212.24193548387098
222.1888888888889
236.8790322580645
252
252
252
252
252
250.88888888888889
233.23924731182797
215.9005376344086
220.74722222222223
210.2311827956989
215.69722222222222
232.23387096774192
252
252
252
252
252
223.36111111111111
217.08602150537635
207.05107526881721
117.64166666666667
39.96236559139785
42.38611111111111
59.225806451612904
