1132.0
962.4285714285714
918.3870967741935
1020.4666666666667
1364.0645161290322
1558.0666666666666
1345.4516129032259
1005.1290322580646
700.2
463.2903225806452
340.7
385.16129032258067
528.9677419354839
681.25
859.483870967742
1137.7666666666667
1364.8064516129032
1347.9666666666667
1123.8709677419354
837.1612903225806
590.6333333333333
387.51612903225805
257.8
255.74193548387098
342.0
466.4642857142857
658.2903225806451
929.5
1269.6451612903227
1433.2666666666667
1265.741935483871
957.741935483871
671.8666666666667
440.51612903225805
296.43333333333334
294.3225806451613
399.0967741935484
569.8928571428571
1060.3870967741937
1782.8485333333333
2040
2040
1853.0092903225807
1424.516129032258
1021.4000000000001
687.1612903225806
463.96666666666664
376.93548387096774
405.16129032258067
515.75
644.6451612903226
737.7333333333333
799.8387096774194
837.6666666666666
766.1612903225806
592.516129032258
415.1666666666667
259.8709677419355
164.3
176.41935483870967
281.9032258064516
446.82142857142856
800.3548387096774
1217.5
1436.1935483870968
1394.1
1130.0645161290322
809.6451612903226
547.4666666666667
338.19354838709677
216.46666666666667
240.6451612903226
363.06451612903226
498.82142857142856
627.258064516129
717.5
753.5806451612904
711.0666666666667
585.6451612903226
434.61290322580646
290.96666666666664
159.61290322580646
83.96666666666667
114.83870967741936
221.5483870967742
363.0357142857143
565.2903225806451
950.8333333333334
1534.8709677419354
1723.9144000000001
1532.5483870967741
1125.8064516129032
760.5666666666667
475.4516129032258
293.73333333333335
261.06451612903226
338.258064516129
481.17857142857144
720.2903225806451
1020.0666666666666
1140.3870967741937
975.6
717.2258064516129
499.06451612903226
321.1
170.80645161290323
79.96666666666667
94.29032258064517
181.41935483870967
285.10714285714283
402.80645161290323
585.0333333333333
749.9677419354839
708.0333333333333
530.6129032258065
364.03225806451616
219.16666666666666
91.51612903225806
16.666666666666668
49.67741935483871
158.48387096774192
278.2857142857143
389.5483870967742
483.6666666666667
568.258064516129
558.5
442.3225806451613
311.5806451612903
187.86666666666667
72.61290322580645
6.633333333333334
38.354838709677416
153.41935483870967
317.35714285714283
503.9032258064516
696.9
906.7741935483871
1007.1333333333334
877.3225806451613
635.4193548387096
417.26666666666665
238.96774193548387
129.66666666666666
135.38709677419354
254.74193548387098
447.9642857142857
874.8387096774194
1576.1
2040
1859.4645333333333
1574.741935483871
1174.225806451613
815.5
523.2903225806451
326.5
278.258064516129
361.3225806451613
521.1428571428571
870.1935483870968
1388.6333333333334
1987.7130322580645
1926.1253333333332
1598.6451612903227
1187.2903225806451
816.7666666666667
518.258064516129
324.56666666666666
276.16129032258067
340.51612903225805
451.89285714285717
607.516129032258
1060.2
1588.4193548387098
1677.8634666666667
1460.0
1068.774193548387
724.3666666666667
448.35483870967744
263.1666666666667
226.93548387096774
330.51612903225805
518.6071428571429
970.7096774193549
1660.2629333333334
2040
2040
1689.0570322580643
1316.741935483871
933.2333333333333
613.8064516129032
402.6
365.48387096774195
446.2258064516129
555.5357142857143
708.1935483870968
958.4666666666667
1255.1935483870968
1429.1666666666667
1326.6774193548388
1025.2903225806451
714.5
459.4516129032258
292.03333333333336
257.258064516129
337.5483870967742
493.64285714285717
734.1612903225806
1116.9333333333334
1818.44
2040
1690.080258064516
1341.9032258064517
950.2666666666667
620.5806451612904
398.3
330.38709677419354
398.96774193548384
557.8214285714286
948.4516129032259
1842.5634666666667
2040
2040
1958.637677419355
1440.0967741935483
1017.3333333333334
667.8387096774194
432.43333333333334
361.4516129032258
414.80645161290323
534.5714285714286
720.1612903225806
916.3666666666667
1060.9354838709678
1103.0666666666666
969.0
729.5806451612904
507.16666666666663
311.5483870967742
179.73333333333332
182.70967741935485
