1132.3548387096773
963.2142857142857
919.5483870967741
1022.5999999999999
1366.4193548387098
1560.7333333333333
1349.8709677419354
1012.1290322580645
709.0666666666667
472.83870967741933
349.4
391.61290322580646
533.5483870967741
685.0
862.2903225806451
1140.6
1367.774193548387
1351.6
1129.0967741935483
844.6451612903226
599.8333333333334
397.35483870967744
266.53333333333336
262.38709677419354
346.7741935483871
470.17857142857144
661.1935483870968
932.4333333333333
1272.7096774193549
1436.6666666666667
1270.5483870967741
965.0645161290323
680.9
450.16129032258067
305.1666666666667
300.96774193548384
403.741935483871
573.6785714285714
1062.967741935484
1644.2077333333332
1614.0
1608.0
1609.0
1609.0
1616.0
1507.1290322580646
1042.3
753.9032258064516
649.1935483870968
676.8928571428571
751.7741935483871
808.7333333333333
847.516129032258
870.4666666666667
790.1612903225806
612.258064516129
432.1333333333333
274.7741935483871
176.3
185.06451612903226
288.06451612903226
451.42857142857144
803.9354838709677
1220.6666666666667
1439.3548387096773
1397.9
1135.5806451612902
817.6451612903226
557.0
348.1290322580645
225.43333333333334
247.25806451612902
367.80645161290323
502.35714285714283
630.4516129032259
720.9333333333333
757.516129032258
715.6666666666666
591.8064516129032
442.96774193548384
300.73333333333335
169.74193548387098
92.83333333333333
121.58064516129032
226.3548387096774
366.75
568.2258064516129
953.6666666666666
1489.1612903225807
1609.0
1571.0645161290322
1206.6451612903227
818.7
516.8387096774194
322.93333333333334
280.93548387096774
351.64516129032256
490.4642857142857
727.0
1025.4
1145.3548387096773
981.0333333333333
723.8064516129032
507.64516129032256
331.3
181.41935483870967
89.16666666666667
101.12903225806451
186.38709677419354
288.92857142857144
406.03225806451616
588.5333333333333
753.6451612903226
712.5
536.6129032258065
372.2903225806452
229.03333333333333
101.87096774193549
25.933333333333334
56.41935483870968
163.3548387096774
282.14285714285717
392.6774193548387
487.03333333333336
572.1935483870968
563.2333333333333
448.5483870967742
319.93548387096774
197.83333333333334
83.12903225806451
13.766666666666667
45.354838709677416
158.90322580645162
321.39285714285717
507.38709677419354
700.3333333333334
910.3548387096774
1011.2333333333333
882.9677419354839
643.3548387096774
426.76666666666665
248.96774193548387
138.7
141.93548387096774
259.51612903225805
451.67857142857144
877.6129032258065
1551.3333333333333
1615.0
1609.0
1609.0
1595.9354838709678
1231.7333333333333
800.0645161290323
508.16666666666663
396.93548387096774
438.48387096774195
572.5714285714286
904.5806451612904
1411.1
1613.0
1609.0
1609.0
1576.1935483870968
1172.0333333333333
754.741935483871
480.0
377.9032258064516
406.741935483871
496.07142857142856
637.1935483870968
1079.9
1563.0645161290322
1609.0
1507.1935483870968
1118.8064516129032
761.7333333333333
476.38709677419354
283.73333333333335
241.16129032258064
340.3225806451613
525.4285714285714
975.6451612903226
1579.7666666666667
1613.0
1609.0
1609.0
1609.0
1594.6
1197.225806451613
785.6333333333333
615.0645161290323
607.741935483871
662.6071428571429
779.3225806451613
1005.4000000000001
1286.3870967741937
1451.0
1343.516129032258
1040.3548387096773
728.6
472.4516129032258
302.8666666666667
265.1290322580645
343.1290322580645
497.82142857142856
737.5806451612904
1119.8666666666666
1569.9354838709678
1609.0
1609.0
1609.0
1386.4333333333334
915.3870967741935
591.5
456.741935483871
481.19354838709677
612.3571428571429
984.7741935483871
1647.1032
1614.0
1609.0
1609.0
1610.0
1615.0
1570.516129032258
1120.4333333333334
810.7741935483871
705.3225806451613
726.5714285714286
847.4193548387096
999.9
1115.6129032258063
1140.2
996.7741935483871
751.5806451612904
525.8666666666667
327.51612903225805
192.36666666666667
191.80645161290323
