406.26344086021504
251.35416666666666
454.05913978494624
419.80555555555554
487.0
487.0
487.0
406.26344086021504
246.94444444444446
215.08064516129033
259.2916666666667
262.8763440860215
274.8252688172043
410.1041666666667
370.4166666666667
321.02777777777777
442.11021505376345
444.5
250.92741935483872
215.08064516129033
234.59722222222223
215.08064516129033
234.59722222222223
262.8763440860215
310.6720430107527
423.3333333333333
466.008064516129
395.1111111111111
406.26344086021504
419.80555555555554
358.46774193548384
227.02956989247312
222.25
227.02956989247312
234.59722222222223
262.8763440860215
298.7231182795699
487.0
382.36559139784947
358.06944444444446
406.26344086021504
259.2916666666667
334.5698924731183
227.02956989247312
222.25
215.08064516129033
209.90277777777777
238.9784946236559
274.8252688172043
383.6458333333333
322.6209677419355
296.3333333333333
370.4166666666667
246.94444444444446
215.08064516129033
215.08064516129033
222.25
203.13172043010752
222.25
238.9784946236559
310.6720430107527
423.3333333333333
370.4166666666667
321.02777777777777
370.4166666666667
246.94444444444446
238.9784946236559
215.08064516129033
234.59722222222223
227.02956989247312
271.6388888888889
286.7741935483871
298.7231182795699
171.97916666666666
155.33602150537635
197.55555555555554
155.33602150537635
172.86111111111111
107.54032258064517
59.744623655913976
37.041666666666664
35.846774193548384
49.388888888888886
47.795698924731184
95.59139784946237
238.125
430.16129032258067
456.84722222222223
454.05913978494624
271.6388888888889
418.2123655913978
227.02956989247312
222.25
215.08064516129033
222.25
227.02956989247312
322.6209677419355
449.7916666666667
406.26344086021504
296.3333333333333
454.05913978494624
358.06944444444446
227.02956989247312
203.13172043010752
222.25
203.13172043010752
222.25
238.9784946236559
262.8763440860215
330.7291666666667
310.6720430107527
259.2916666666667
346.51881720430106
209.90277777777777
250.92741935483872
227.02956989247312
271.6388888888889
35.846774193548384
37.041666666666664
47.795698924731184
95.59139784946237
132.29166666666666
215.08064516129033
321.02777777777777
382.36559139784947
234.59722222222223
262.8763440860215
227.02956989247312
283.9861111111111
250.92741935483872
37.041666666666664
59.744623655913976
119.48924731182795
198.4375
298.7231182795699
321.02777777777777
346.51881720430106
234.59722222222223
238.9784946236559
227.02956989247312
246.94444444444446
262.8763440860215
49.388888888888886
47.795698924731184
143.38709677419354
198.4375
358.46774193548384
370.4166666666667
406.26344086021504
246.94444444444446
227.02956989247312
215.08064516129033
222.25
215.08064516129033
222.25
238.9784946236559
346.51881720430106
423.3333333333333
454.05913978494624
419.80555555555554
442.11021505376345
271.6388888888889
274.8252688172043
227.02956989247312
222.25
215.08064516129033
209.90277777777777
238.9784946236559
238.9784946236559
317.5
442.11021505376345
321.02777777777777
370.4166666666667
234.59722222222223
227.02956989247312
215.08064516129033
209.90277777777777
215.08064516129033
222.25
274.8252688172043
394.31451612903226
487.0
487.0
487.0
487.0
487.0
487.0
286.7741935483871
234.59722222222223
215.08064516129033
222.25
238.9784946236559
274.8252688172043
370.4166666666667
346.51881720430106
283.9861111111111
358.46774193548384
234.59722222222223
227.02956989247312
215.08064516129033
209.90277777777777
215.08064516129033
222.25
238.9784946236559
286.7741935483871
343.9583333333333
358.46774193548384
370.4166666666667
430.16129032258067
246.94444444444446
238.9784946236559
215.08064516129033
234.59722222222223
203.13172043010752
222.25
238.9784946236559
286.7741935483871
357.1875
382.36559139784947
345.72222222222223
394.31451612903226
259.2916666666667
227.02956989247312
215.08064516129033
222.25
215.08064516129033
209.90277777777777
238.9784946236559
274.8252688172043
343.9583333333333
298.7231182795699
259.2916666666667
334.5698924731183
222.25
215.08064516129033
215.08064516129033
111.125
47.795698924731184
37.041666666666664
59.744623655913976
