66.0
612
350.0
404.7111111111111
612
389.0388888888889
192.83602150537635
135.49193548387098
87.97777777777777
61.516129032258064
124.68611111111112
191.81720430107526
612
134.0
315.0
40.0
40.0
40.0
40.0
40.0
40.0
40.0
40.0
40.0
612
40.0
315.0
40.0
40.0
113.70277777777778
99.59946236559139
71.31720430107526
42.30555555555556
40.005376344086024
40.0
77.61827956989248
612
40.0
315.0
40.0
40.0
40.0
40.0
40.0
40.0
40.0
40.0
40.0
612
96.0
315.0
40.0
40.0
40.0
40.0
40.0
40.0
40.0
40.0
40.0
612
40.0
315.0
40.0
40.0
40.0
40.0
40.0
40.0
40.0
40.0
40.0
612
40.0
241.20967741935485
40.99722222222222
40.0
40.0
40.0
40.0
40.0
40.0
40.0
40.0
295.61290322580646
40.0
315.0
240.60833333333332
528.5752688172043
212.54722222222222
117.07795698924731
75.84139784946237
40.45
40.0
40.0
48.14247311827957
612
150.0
315.0
40.0
40.0
40.0
40.0
40.0
40.0
40.0
40.0
40.0
612
40.0
315.0
40.0
40.0
40.0
40.0
40.0
40.0
40.0
40.0
40.0
540.013440860215
79.0
315.0
40.0
40.0
40.0
40.0
40.0
40.0
40.0
40.0
40.0
612
529.3363095238095
315.0
40.0
40.0
40.0
40.0
40.0
40.0
40.0
40.0
40.0
612
79.0
315.0
40.0
40.0
40.0
40.0
40.0
40.0
40.0
40.0
40.0
612
40.0
315.0
40.0
231.3951612903226
203.65277777777777
119.83870967741936
84.38709677419355
50.227777777777774
40.026881720430104
40.0
47.266129032258064
612
124.77380952380952
503.0
40.0
40.0
40.0
40.0
40.0
40.0
40.0
40.0
40.0
612
40.0
434.258064516129
612
612
274.2583333333333
158.44086021505376
111.55913978494624
67.33888888888889
40.115591397849464
51.56111111111111
112.87096774193549
612
296.5982142857143
315.0
40.0
40.0
40.0
40.0
40.0
40.0
40.0
40.0
40.0
612
79.88095238095238
315.0
40.0
40.0
40.0
40.0
40.0
40.0
40.0
40.0
40.0
612
72.0
352.0
40.0
40.0
40.0
40.0
40.0
40.0
40.0
40.0
40.0
612
302.2172619047619
315.0
40.0
40.0
40.0
40.0
40.0
40.0
40.0
40.0
40.0
