252
252
252
252
252
252
252
252
252
252
252
252
252
252
252
252
252
252
252
252
252
244.69086021505376
226.23611111111111
245.16397849462365
252
252
252
252
252
252
252
252
252
252
237.0861111111111
244.74462365591398
252
252
252
212.35833333333332
252
252
252
252
252
252
226.30833333333334
241.73655913978496
252
252
214.68817204301075
147.125
252
165.15555555555557
231.61559139784947
220.7016129032258
227.54166666666666
215.11021505376345
222.3
233.08870967741936
252
252
252
164.73888888888888
252
194.16666666666666
245.5215053763441
221.7231182795699
230.09166666666667
218.98924731182797
228.7138888888889
239.83333333333334
249.46236559139786
252
75.72849462365592
84.41111111111111
146.72043010752688
53.03888888888889
216.53763440860214
252
223.00555555555556
210.59408602150538
221.51666666666668
182.18817204301075
98.46505376344086
241.95238095238096
252
252
252
252
252
252
252
252
232.84166666666667
240.54301075268816
252
252
252
231.3972222222222
252
252
252
252
252
214.56989247311827
223.61666666666667
231.61827956989248
240.9731182795699
252
134.0779569892473
114.55277777777778
252
184.4138888888889
224.66666666666666
233.05913978494624
252
210.3763440860215
213.86111111111111
51.586021505376344
86.8010752688172
135.92857142857142
190.50806451612902
163.24722222222223
252
207.58055555555555
239.24462365591398
231.08064516129033
225.00555555555556
212.56451612903226
221.73611111111111
232.03494623655914
134.8252688172043
202.0922619047619
168.61827956989248
163.6638888888889
252
119.84166666666667
218.5779569892473
211.8736559139785
233.85555555555555
211.4247311827957
224.84722222222223
249.63709677419354
238.18279569892474
218.79166666666666
227.13440860215053
211.11388888888888
252
185.75833333333333
235.36021505376345
223.90591397849462
229.26111111111112
217.1263440860215
222.11944444444444
245.46505376344086
252
252
252
252
252
252
252
252
252
252
249.24444444444444
240.03225806451613
251.93279569892474
252
252
162.72222222222223
252
252
252
219.35752688172042
227.225
213.6505376344086
221.72222222222223
252
252
252
252
252
252
252
252
252
252
252
252
249.69623655913978
252
252
241.85752688172042
128.40277777777777
252
252
252
221.01344086021504
228.63888888888889
215.68010752688173
226.425
235.56451612903226
252
252
210.59408602150538
218.45833333333334
252
203.9388888888889
252
252
239.825
217.24193548387098
227.1861111111111
237.88709677419354
252
252
235.73387096774192
187.98888888888888
252
252
252
252
235.49166666666667
217.2231182795699
224.6888888888889
239.23387096774192
252
252
151.86021505376345
104.41666666666667
252
124.37777777777778
227.68548387096774
228.16129032258064
239.75277777777777
222.44623655913978
224.24166666666667
239.19623655913978
