252
252
252
252
252
252
252
220.3951612903226
252
201.34408602150538
219.1
236.3548387096774
241.99193548387098
252
252
252
252
228.875
207.27956989247312
195.69892473118279
198.04444444444445
187.9005376344086
188.27777777777777
208.16935483870967
235.40860215053763
252
252
252
252
252
252
194.55645161290323
197.26388888888889
185.91129032258064
192.73333333333332
206.75
239.02956989247312
252
252
252
252
252
252
196.65860215053763
196.9
185.3494623655914
188.34444444444443
202.74462365591398
241.46505376344086
252
252
252
252
222.49166666666667
200.04569892473117
186.1048387096774
192.26666666666668
181.16397849462365
184.3388888888889
198.09139784946237
252
252
252
252
252
233.025
202.07258064516128
188.00537634408602
193.82222222222222
184.04569892473117
192.74444444444444
205.83602150537635
222.3790322580645
252
241.16935483870967
252
252
206.975
189.002688172043
177.75537634408602
94.18888888888888
36.99731182795699
42.669444444444444
50.56182795698925
99.15053763440861
241.95535714285714
252
252
252
252
252
222.63440860215053
196.84166666666667
184.46774193548387
190.40555555555557
202.55107526881721
252
252
252
252
252
252
197.38172043010752
184.55645161290323
191.02777777777777
180.21236559139786
184.6611111111111
192.6263440860215
205.2231182795699
252
252
252
252
228.64166666666668
195.99193548387098
181.1478494623656
187.41944444444445
176.31182795698925
184.525
128.69086021505376
87.98655913978494
135.92857142857142
252
252
252
252
202.7016129032258
187.79301075268816
191.76666666666668
177.6263440860215
182.77777777777777
73.73387096774194
122.53763440860214
202.0625
252
252
252
222.37777777777777
199.04301075268816
184.05645161290323
188.30277777777778
176.45698924731184
157.51111111111112
59.965053763440864
132.29301075268816
199.9970238095238
252
252
252
252
219.88709677419354
195.1021505376344
195.0611111111111
183.18279569892474
187.15
217.45430107526883
252
252
252
252
252
252
252
216.50806451612902
199.7277777777778
185.81182795698925
189.275
202.04301075268816
215.22043010752688
252
252
252
252
226.44722222222222
198.08602150537635
185.7258064516129
190.91944444444445
177.70967741935485
183.75833333333333
216.9758064516129
252
252
252
252
252
252
252
252
252
190.08870967741936
199.2111111111111
212.65591397849462
243.98924731182797
252
252
252
252
216.04722222222222
199.8978494623656
188.34408602150538
193.36666666666667
181.73387096774192
189.4638888888889
200.56720430107526
252
252
252
252
252
247.60833333333332
210.99462365591398
192.6747311827957
195.93333333333334
183.29301075268816
188.23055555555555
202.88440860215053
251.96236559139786
252
252
252
252
252
207.33333333333334
190.83602150537635
193.85833333333332
183.2768817204301
187.725
204.23655913978496
252
252
252
252
252
213.3972222222222
195.13709677419354
182.95698924731184
187.94722222222222
181.49193548387098
217.1638888888889
179.3494623655914
