371.0
612
612
464.0
217.0
206.0
205.0
205.0
205.0
205.0
205.0
205.0
579.0
612
572.236559139785
430.4527777777778
217.0
160.0361111111111
108.75537634408602
91.25806451612904
64.40833333333333
45.473118279569896
40.02777777777778
83.03494623655914
200.66397849462365
486.73511904761904
612
425.76944444444445
215.0
205.0
205.0
205.0
205.0
46.24193548387097
49.56388888888889
86.79032258064517
212.79569892473117
612
566.6801075268817
342.0
213.0
206.0
205.0
205.0
206.0
58.784946236559136
40.0
68.40322580645162
220.8790322580645
496.36011904761904
365.4166666666667
387.4138888888889
213.0
139.175
81.40591397849462
59.02956989247312
40.13055555555555
40.0
40.0
40.0
246.07258064516128
555.0565476190476
548.2688172043011
448.7888888888889
217.0
160.04444444444445
87.97043010752688
65.4489247311828
47.025
40.026881720430104
40.0
65.78763440860214
121.68010752688173
166.68154761904762
127.0
170.91944444444445
97.15053763440861
55.327777777777776
40.09139784946237
40.0
40.0
40.0
40.0
40.0
107.92204301075269
612
612
354.0
210.0
205.0
205.0
205.0
205.0
205.0
205.0
205.0
448.8817204301075
612
612
355.31388888888887
148.48655913978496
89.28888888888889
69.00806451612904
53.846774193548384
40.07222222222222
40.0
40.0
40.0
44.13709677419355
232.77083333333334
321.0752688172043
275.0861111111111
118.01881720430107
57.53333333333333
40.09139784946237
40.0
40.0
40.0
40.0
40.0
65.12903225806451
308.16964285714283
514.8709677419355
444.2861111111111
214.0
177.9777777777778
76.71774193548387
51.75806451612903
40.013888888888886
40.0
40.0
40.0
222.40322580645162
529.8869047619048
440.1666666666667
445.74444444444447
161.8951612903226
72.69166666666666
47.85752688172043
40.026881720430104
40.0
40.0
40.0
40.0
255.90860215053763
521.8154761904761
612
380.6111111111111
214.0
206.0
205.0
205.0
117.625
40.00268817204301
40.0
50.54032258064516
410.3360215053763
589.0595238095239
612
374.06944444444446
212.0
206.0
205.0
205.0
205.0
206.0
206.0
94.91397849462365
129.9220430107527
265.9017857142857
612
441.35277777777776
216.0
134.80555555555554
77.97043010752688
57.73118279569893
40.06666666666667
40.0
40.0
70.54301075268818
507.93548387096774
612
612
336.0
212.0
205.0
205.0
205.0
205.0
205.0
205.0
205.0
604.0
612
440.05913978494624
324.8638888888889
186.18817204301075
111.98055555555555
84.21774193548387
63.325268817204304
42.21388888888889
40.0
40.0
40.0
212.76612903225808
305.5684523809524
517.7016129032259
443.0
213.0
205.0
205.0
205.0
185.86944444444444
40.045698924731184
40.0
45.365591397849464
226.6048387096774
334.1517857142857
584.4677419354839
438.0
213.0
205.0
205.0
138.00537634408602
47.16111111111111
40.03763440860215
40.0
45.00268817204301
219.44892473118279
342.2232142857143
315.0
241.65
118.71505376344086
66.80277777777778
48.26075268817204
40.0
40.0
40.0
40.0
40.0
