0.0
1309.607142857143
793.0
0.0
0.0
0.0
0.0
0.0
0.0
0.0
0.0
0.0
264.0
2040
1823.808
0.0
0.0
0.0
0.0
0.0
0.0
0.0
0.0
0.0
370.0
2040
1893.5919999999999
0.0
0.0
0.0
0.0
0.0
0.0
0.0
0.0
0.0
421.0
2040
1889.6879999999999
0.0
0.0
0.0
0.0
0.0
0.0
0.0
0.0
0.0
531.0
2040
2040
0.0
0.0
0.0
0.0
0.0
0.0
0.0
0.0
0.0
345.0
2040
2040
0.0
0.0
0.0
0.0
0.0
0.0
0.0
0.0
0.0
474.0
2040
2040
0.0
0.0
0.0
0.0
0.0
0.0
0.0
0.0
0.0
188.0
2040
1908.72
0.0
0.0
0.0
0.0
0.0
0.0
0.0
0.0
0.0
495.0
2040
2030.232
0.0
0.0
0.0
0.0
0.0
0.0
0.0
0.0
0.0
392.0
2040
2040
0.0
0.0
0.0
0.0
0.0
0.0
0.0
0.0
0.0
101.0
2040
1943.856
4.0
0.0
0.0
0.0
0.0
0.0
0.0
0.0
0.0
123.0
2040
1917.016
48.0
0.0
0.0
0.0
0.0
0.0
0.0
0.0
0.0
114.0
2040
1981.432
0.0
0.0
0.0
0.0
0.0
0.0
0.0
0.0
0.0
369.0
2040
2040
0.0
0.0
0.0
0.0
0.0
0.0
0.0
0.0
0.0
395.0
2040
2040
0.0
0.0
0.0
0.0
0.0
0.0
0.0
0.0
0.0
519.0
2040
1707.664
0.0
0.0
0.0
159.25806451612902
407.51612903225805
139.2
5.161290322580645
0.0
255.8709677419355
611.258064516129
2040
2040
0.0
0.0
0.0
0.0
0.0
0.0
0.0
0.0
0.0
517.0
2040
2040
0.0
0.0
0.0
330.4516129032258
486.2903225806452
140.2
3.4838709677419355
0.0
124.64516129032258
558.0645161290323
2040
2040
0.0
560.4516129032259
1965.1490666666666
1425.1935483870968
574.258064516129
151.16666666666666
4.709677419354839
0.0
168.74193548387098
535.2258064516129
2040
2040
0.0
0.0
0.0
0.0
0.0
0.0
0.0
0.0
0.0
