612
298.0
315.0
612
206.0
192.0
289.0
187.0
185.0
185.0
184.0
184.0
208.0
277.0
315.0
195.0
184.0
184.0
183.0
184.0
184.0
184.0
184.0
184.0
209.0
269.0
316.0
497.8833333333333
339.991935483871
183.74722222222223
183.0
183.0
183.0
184.0
184.0
184.0
197.0
258.0
315.0
480.2472222222222
365.4301075268817
184.07777777777778
183.0
183.0
183.0
184.0
184.0
185.0
197.0
275.0
315.0
191.0
185.0
183.0
184.0
184.0
184.0
187.0
190.0
197.0
200.0
293.0
315.0
202.0
185.0
184.0
184.0
184.0
185.0
188.0
195.0
202.0
206.0
289.0
310.0
198.0
186.0
184.0
92.33870967741936
40.0
40.0
40.0
40.0
40.0
105.83333333333333
303.0
315.0
209.0
326.3252688172043
212.54722222222222
183.07258064516128
183.0
184.0
184.0
184.0
184.0
196.0
253.0
577.3091397849462
345.35
184.69623655913978
183.0
184.0
184.0
184.0
184.0
186.0
188.0
200.0
274.0
315.0
219.0
193.0
187.0
186.0
185.0
188.0
117.3763440860215
40.0
40.0
119.18548387096774
295.73809523809524
315.0
231.0
189.0
187.0
186.0
184.0
185.0
62.38172043010753
40.0
40.0
163.63709677419354
268.0
397.0
208.0
194.0
189.0
186.0
184.0
159.52777777777777
40.0
40.0
40.0
180.20967741935485
308.0
315.0
241.0
199.0
189.0
186.0
186.0
187.0
194.0
214.0
208.0
199.0
291.0
330.0
203.0
274.9193548387097
203.65277777777777
183.05107526881721
183.0
184.0
184.0
184.0
184.0
197.0
262.0
315.0
199.0
184.0
183.0
183.0
183.0
184.0
184.0
187.0
189.0
202.0
453.79761904761904
612
612
612
274.2583333333333
354.0
184.0
184.0
184.0
185.0
186.0
196.0
260.0
315.0
190.0
184.0
184.0
184.0
184.0
184.0
187.0
199.0
204.0
196.0
279.0
315.0
202.0
187.0
184.0
184.0
184.0
184.0
187.0
193.0
202.0
200.0
274.0
315.0
214.0
186.0
184.0
184.0
184.0
185.0
187.0
199.0
202.0
199.0
286.0
315.0
201.0
189.0
187.0
185.0
187.0
218.0
162.01612903225808
40.0
40.0
