394.31451612903226
251.35416666666666
262.8763440860215
259.2916666666667
487.0
487.0
487.0
370.4166666666667
197.55555555555554
191.18279569892474
222.25
262.8763440860215
250.92741935483872
410.1041666666667
203.13172043010752
246.94444444444446
487.0
407.4583333333333
203.13172043010752
179.23387096774192
185.20833333333334
179.23387096774192
197.55555555555554
227.02956989247312
107.54032258064517
487.0
286.7741935483871
222.25
466.008064516129
487.0
310.6720430107527
179.23387096774192
185.20833333333334
179.23387096774192
209.90277777777777
227.02956989247312
167.28494623655914
487.0
203.13172043010752
172.86111111111111
394.31451612903226
487.0
334.5698924731183
191.18279569892474
185.20833333333334
179.23387096774192
197.55555555555554
227.02956989247312
262.8763440860215
396.875
131.43817204301075
135.81944444444446
322.6209677419355
197.55555555555554
179.23387096774192
179.23387096774192
172.86111111111111
167.28494623655914
197.55555555555554
215.08064516129033
107.54032258064517
487.0
191.18279569892474
135.81944444444446
346.51881720430106
172.86111111111111
191.18279569892474
179.23387096774192
172.86111111111111
179.23387096774192
197.55555555555554
227.02956989247312
167.28494623655914
357.1875
71.69354838709677
74.08333333333333
119.48924731182795
135.81944444444446
167.28494623655914
155.33602150537635
172.86111111111111
155.33602150537635
172.86111111111111
47.795698924731184
83.64247311827957
238.125
358.46774193548384
271.6388888888889
418.2123655913978
370.4166666666667
487.0
191.18279569892474
185.20833333333334
167.28494623655914
209.90277777777777
215.08064516129033
143.38709677419354
487.0
238.9784946236559
135.81944444444446
487.0
321.02777777777777
191.18279569892474
167.28494623655914
172.86111111111111
167.28494623655914
197.55555555555554
215.08064516129033
119.48924731182795
423.3333333333333
131.43817204301075
98.77777777777777
298.7231182795699
135.81944444444446
167.28494623655914
155.33602150537635
172.86111111111111
155.33602150537635
197.55555555555554
107.54032258064517
83.64247311827957
132.29166666666666
179.23387096774192
148.16666666666666
346.51881720430106
172.86111111111111
179.23387096774192
167.28494623655914
172.86111111111111
167.28494623655914
197.55555555555554
203.13172043010752
107.54032258064517
198.4375
167.28494623655914
135.81944444444446
310.6720430107527
160.51388888888889
167.28494623655914
167.28494623655914
172.86111111111111
155.33602150537635
197.55555555555554
215.08064516129033
167.28494623655914
198.4375
215.08064516129033
185.20833333333334
370.4166666666667
197.55555555555554
191.18279569892474
179.23387096774192
185.20833333333334
167.28494623655914
197.55555555555554
227.02956989247312
203.13172043010752
487.0
262.8763440860215
246.94444444444446
406.26344086021504
487.0
454.05913978494624
179.23387096774192
197.55555555555554
167.28494623655914
209.90277777777777
215.08064516129033
119.48924731182795
449.7916666666667
262.8763440860215
148.16666666666666
322.6209677419355
234.59722222222223
191.18279569892474
167.28494623655914
185.20833333333334
155.33602150537635
197.55555555555554
238.9784946236559
155.33602150537635
487.0
442.11021505376345
487.0
487.0
487.0
487.0
250.92741935483872
197.55555555555554
179.23387096774192
209.90277777777777
227.02956989247312
203.13172043010752
449.7916666666667
167.28494623655914
111.125
322.6209677419355
222.25
191.18279569892474
167.28494623655914
185.20833333333334
167.28494623655914
197.55555555555554
227.02956989247312
215.08064516129033
383.6458333333333
179.23387096774192
197.55555555555554
382.36559139784947
197.55555555555554
203.13172043010752
179.23387096774192
185.20833333333334
167.28494623655914
197.55555555555554
215.08064516129033
191.18279569892474
436.5625
191.18279569892474
172.86111111111111
358.46774193548384
209.90277777777777
262.8763440860215
167.28494623655914
185.20833333333334
179.23387096774192
197.55555555555554
227.02956989247312
250.92741935483872
357.1875
119.48924731182795
98.77777777777777
298.7231182795699
172.86111111111111
167.28494623655914
155.33602150537635
172.86111111111111
155.33602150537635
197.55555555555554
227.02956989247312
