7158.413629629629
8861.410857142857
6089.960365591398
3956.3250138888893
1798.1836881720433
1737.3009444444442
1145.012451612903
851.921698924731
838.4803222222222
700.6922688172043
748.3031333333333
1327.063698924731
2222.93776344086
5312.507154761905
4046.6165591397857
1626.3127000000004
1161.067225806452
925.8855444444443
771.6007311827956
684.6194408602148
600.3377555555562
578.5233655913974
539.5063777777777
729.9009139784948
1640.1084193548381
6857.851452380953
6060.327215053763
1959.6948888888887
1219.309870967742
1106.9650777777774
816.2071182795701
596.1469462365596
544.3497444444448
495.512591397849
533.6543555555552
702.023924731183
1914.545193548387
7135.474084249085
6426.30749327957
2789.6000740740737
1603.1528064516128
1431.3460888888885
1175.7106129032263
917.6669139784947
821.7386666666664
604.3839304751991
772.0741111111112
2078.2224946236556
3640.0952932551327
7253.198154761904
6863.126924731183
3548.4439
2075.741043010752
1015.645211111111
849.7638817204304
664.3467096774191
765.5884000000003
585.3452258064516
567.8175888888888
618.4795268817204
2039.528752688172
6605.466178571429
5485.129569892473
1832.7976444444444
1268.7228602150535
1263.4302666666658
1043.80011827957
898.8040107526876
831.5326111111111
751.0715913978493
762.7477333333337
963.494935483871
1756.5743440860213
5893.397761904762
4952.039408602151
2066.561622222222
926.7710322580647
644.3458777777778
462.0890752688176
390.4137311827959
340.45771111111145
189.733720430108
238.54692222222187
1552.8115698924732
3607.4614771968854
7020.67430952381
7213.393086021505
4317.196
1125.096860215054
762.2852555555559
792.862709677419
600.3609247311829
507.25146666666666
474.2510430107525
494.33398888888854
901.2295268817201
2160.336903225806
6263.450190476191
4886.726634408602
1800.6745111111113
1162.936247311828
859.9351444444449
591.5019784946239
546.6967204301075
534.975455555556
451.29948387096744
475.66195555555555
559.4334731182795
1351.9546666666665
5766.15
5322.706494623655
1318.0118444444447
804.8401935483876
616.1432777777778
519.756580645161
473.0024946236564
456.18203333333327
434.66796774193585
472.80920000000003
657.9930107526881
1252.2404731182792
5745.494726190476
5629.360784946238
2051.226538888889
1402.7347674991329
1016.0916833333335
587.6452258064517
519.3834301075271
504.3769777777775
477.5190215053759
480.66581111111145
693.8739139784943
1854.970258064516
6720.583249084246
5239.243505376344
1807.9998999999998
1077.688158064516
955.861127777778
817.063096774194
731.5609552549433
649.375603950617
501.1460322580647
499.66852222222224
1390.114860215054
3659.3353548387095
6476.31825
5964.990387096774
2027.912633333333
1161.1897741935486
842.6096000000003
706.5857204301078
658.2278387096775
608.1138444444448
586.8256236559137
627.2255666666667
910.20135483871
2698.371333333334
7559.075190476191
7282.944301075269
3166.7519333333335
1717.4400645161286
1226.3682444444448
1089.982043010753
991.787655913979
850.6766222222219
814.7479784946238
822.8776111111115
908.4676989247312
1398.3112688172046
5989.647154761905
5706.6612043010755
1892.3668888888892
1172.6514086021505
883.1768666666667
827.1738172043014
745.5615698924736
713.4968777777777
677.6499462365587
831.9679111111109
1498.8764086021508
2756.075365591398
7543.577297619051
6266.346419354839
2909.386611111111
2347.0984838709683
3821.9792666666663
3146.9234946236556
1769.5006666666666
1332.6401851851851
857.8718924731188
826.542033333333
1231.8511720430104
2468.475440860215
7863.822988095234
5717.288225806452
2440.5107777777775
1313.5952473118284
1314.2503333333336
1183.1076666666668
1253.474526881721
1083.8409555555559
843.4435698924736
977.3334222222219
1250.8903548387095
2534.4738064516087
7211.913583333334
6621.988107526881
2846.7831555555554
1709.6544086021509
2368.7224333333334
2576.8620752688175
1821.694344086022
1296.584811111111
934.7495161290326
1064.8132777777778
1455.8545698924736
2466.503344086022
6326.270821428571
7207.099612903226
2898.8395333333337
2515.604612903226
3638.5289777777784
2364.464559139785
1444.0429892473114
1167.4488111111111
833.6810645161288
852.1738333333337
1723.8270860215052
2902.3541182795702
7596.166309523809
7771.704817204301
1928.7595
1057.3639462365593
873.784622222222
812.4310967741931
744.9009892473115
722.8455555555552
764.9643655913975
1140.2773222222218
1347.9444838709674
