7060.413629629629
6659.410857142857
6276.242623655914
3253.675013888889
1751.0250860215056
1345.5092777777775
1343.9129892473115
979.160946236559
734.8469888888889
616.4422688172043
644.4781333333333
1205.561010752688
643.440451612903
6938.691678571429
6938.328924731183
1675.2377000000004
1137.8951827956992
773.1383222222222
615.3426666666666
535.8909462365589
438.0544222222229
426.08519354838666
388.1036
580.3444623655915
463.027774193548
7175.9705
9165.66323655914
2332.050444444444
1182.215784946237
699.8400777777774
505.5915268817206
487.5474838709682
443.4941888888892
369.7088279569888
394.4043555555552
549.8034946236561
437.319387096774
7143.878846153846
9131.334375
4804.888962962963
1568.4081827956988
1033.2321999999997
854.1864193548391
752.723365591398
662.0525555555553
452.3221025182098
623.4574444444445
1928.0504516129029
1174.4904545454551
7205.74875
8779.906494623656
3348.360566666667
2038.5770645161288
870.6229888888888
697.5757096774196
514.9246666666664
609.7828444444448
423.42049462365594
424.3120333333333
464.4849032258065
579.550258064516
7032.787607142857
7648.863440860215
1450.4143111111111
1222.6287741935482
1110.341377777777
886.2974301075269
758.142720430107
662.3076111111111
596.3619139784944
609.7644000000004
814.5970860215054
472.504451612903
6820.5555
6226.5797311827955
1729.197733333333
831.1608172043013
487.7708777777778
310.3283225806456
249.01588172043034
262.20215555555586
167.0079139784951
224.5413666666663
1541.5373763440862
617.138896551724
7050.284428571429
8300.089322580645
5544.846
1080.32535483871
756.7491444444447
914.4917419354836
581.9657634408603
421.5931333333333
359.390827956989
345.42009999999965
751.716086021505
473.756258064516
6772.1615
8062.941688172043
1955.0995111111113
922.4039892473119
562.857366666667
421.15789247311864
406.66446236559136
372.48656666666704
295.10593548387067
333.3064
409.6377741935483
615.36864516129
6969.6678571428565
7288.483376344086
996.7368444444448
757.8375053763446
446.3405
360.9232473118276
327.6073333333338
293.18758888888885
284.3480752688176
317.06197777777777
569.734946236559
522.670580645161
6933.634607142857
7298.936053763442
1734.2709833333333
1353.8422943808534
839.8889055555559
429.46511827956994
370.45869892473144
337.382533333333
325.6668709677415
328.19636666666696
662.3739139784943
735.712193548387
6346.59515384615
6730.867161290324
1932.913788888889
995.3306311827957
794.0972388888893
654.6464301075274
570.0340735345131
497.57004839506146
345.1594731182797
369.3101888888889
1377.4374408602152
830.49664516129
7246.461107142857
7780.084473118279
1710.5209666666665
1116.31611827957
650.0096000000003
545.6448602150541
498.03429032258066
448.9888444444448
429.2906774193545
475.4227888888889
749.0588817204305
937.691225806452
7436.6079285714295
9875.589462365591
3704.4436
1674.6578064516125
1066.6293555555558
1012.1137634408606
952.037655913979
758.7738444444442
706.820559139785
672.7303888888893
763.4892043010752
665.195677419355
7144.07275
6795.604752688172
1843.2030000000004
1296.482053763441
746.3796444444445
665.5232795698927
604.5293118279575
548.9524333333333
524.0397311827952
683.3845777777775
1350.8925376344089
822.500096774194
7528.36003571429
10847.674376344086
2618.0477222222225
1690.353860215054
2210.5014888888886
2420.4181182795696
1644.3017419354837
1115.4318518518517
756.3181290322586
695.7781444444441
1079.786655913978
1288.099096774193
7255.01346428571
7009.366182795699
2508.496888888889
1303.3775053763445
2021.8558888888892
1883.191
1285.8481827956994
940.577066666667
694.6908817204306
813.2639777777774
1096.8903548387095
1021.04638709677
7339.499892857143
7015.856387096774
2411.2414888888884
2030.3936559139788
3335.3668777777775
2582.7921827956993
1664.4712258064521
1127.1542555555557
779.7333870967745
915.4355
1290.6556451612905
840.29635483871
7292.761892857143
7579.244774193548
2434.7312
3975.357301075269
3763.017866666667
2215.6849892473115
1285.9757849462362
996.9710333333333
671.7993440860213
698.7738333333338
1569.3378387096773
1514.792290322581
6931.2675
7530.589225806451
1510.1511666666665
1029.9822258064519
727.3235111111107
918.7913118279565
778.7128172043008
602.748333333333
557.0692043010749
732.5717666666663
1212.299322580645
