1813.413629629629
2973.410857142857
2993.304451612903
2651.602791666667
2585.342290322581
2520.589833333333
2441.278580645161
2371.432451612903
2316.7081
2211.867
2044.3198000000002
1974.590580645161
2298.440451612903
2917.691678571429
2873.783225806452
2459.754366666667
2382.849483870968
2200.4911
1956.192129032258
1886.93664516129
1585.790533333334
1423.923903225806
1197.3536
1160.454677419355
1584.0277741935479
2967.9705
3154.184741935484
2471.789333333333
2375.019548387097
2136.020633333333
1887.927548387097
1824.499096774194
1582.671966666667
1294.009903225806
1114.032133333333
1130.2766129032261
1544.3193870967739
2808.878846153846
3058.334375
2666.175074074074
2663.427
2632.190533333333
2569.654161290323
2513.986806451613
2472.380333333333
2287.870489614984
2399.138
2387.590774193548
2548.490454545455
2776.7487499999997
2637.984451612903
2598.735566666667
2576.689967741935
2511.5341
2474.930548387097
2318.314451612903
2265.930066666667
2169.933935483871
1841.2537
1352.622
1572.5502580645161
2390.7876071428573
2765.3741935483868
2440.0032
2441.0481290322577
2347.755266666666
2180.835064516129
1897.365838709677
1647.1465
1389.012451612903
1085.706066666667
1120.994935483871
1475.504451612903
2034.5555
1915.743709677419
1242.5477333333329
1527.5936129032261
892.3681
374.683161290323
301.932548387097
426.138266666667
664.2310322580649
321.183033333333
778.233612903226
2196.138896551724
2484.284428571429
2433.089322580645
2173.254333333333
2134.615677419355
2136.971366666667
2111.096580645161
2087.395870967742
2070.1098
2053.643516129032
2093.1034333333328
2097.20264516129
2238.756258064516
2442.1615
2315.245451612903
2216.530066666667
2156.447
2146.407366666667
2133.249290322581
2123.073064516129
2012.386566666667
1672.186580645161
1123.8314
837.315193548387
1437.36864516129
1821.667857142857
1949.2441290322581
1470.934066666667
1356.469225806452
970.3405
484.51464516129
295.644967741936
307.4487
476.450225806452
448.5092
695.466129032258
1460.670580645161
1749.634607142857
2487.301645161291
2274.91265
2313.979391155047
2010.0000166666669
1140.492
584.348483870968
532.082533333333
612.303967741935
519.371366666667
715.782516129032
1678.712193548387
2545.59515384615
2727.907483870968
2422.6499
2163.1558999999997
2103.000016666667
1782.288903225807
1252.246439125911
904.650603950617
736.734741935484
654.7212999999999
1004.359483870968
2232.49664516129
2802.461107142857
2680.821032258064
2456.337633333333
2339.318806451613
2308.926266666667
2302.381419354839
2301.856870967742
2255.586066666667
2239.419709677419
2192.3589
2139.45135483871
2379.691225806452
2931.607928571429
2942.191612903226
2828.2186
2672.26264516129
2605.1404666666667
2540.011612903226
2553.276903225807
2455.762733333333
2444.075935483871
2421.683166666667
2382.413935483871
2333.195677419355
2649.0727500000003
2819.4972258064518
2496.169666666667
2434.525064516129
2339.7102
2287.090483870968
2078.927161290323
1816.6691
1553.985967741935
1377.690133333333
1448.169419354839
2044.500096774194
3389.36003571429
2950.419
2788.9255000000003
2646.824290322581
2548.795933333333
2539.517580645161
2559.1243225806447
2512.265185185185
2444.656838709678
2451.567033333333
2551.517838709677
2808.0990967741927
3024.01346428571
2829.255967741936
2711.266333333333
2617.259225806452
2612.983666666667
2573.932935483871
2534.778290322581
2479.3270666666667
2357.526903225807
2031.419533333333
1783.503258064516
2250.04638709677
2902.499892857143
2925.203161290322
2741.460933333333
2757.673225806452
2772.697433333333
2739.206161290323
2669.422838709678
2534.6987
2397.60435483871
2192.9355
2009.728225806452
2239.29635483871
2947.761892857143
2902.543161290323
2679.572866666667
2673.8304193548393
2615.909533333334
2560.324774193548
2462.932774193548
2407.5627
2352.729451612903
2293.207166666667
2379.047516129032
2601.792290322581
2792.2675
2950.387612903226
2583.2844999999998
2467.780612903226
2406.195733333333
2275.4069032258058
1884.032709677419
1419.673333333333
1089.106838709677
1001.463433333333
1332.073516129032
