1634.413629629629
4585.410857142857
5303.304451612903
1711.6027916666671
1046.342290322581
968.589833333333
884.278580645161
809.432451612903
756.7081000000001
739.7352795698926
1003.0392444444444
1574.2518709677418
2380.6286236559135
4511.691678571429
4291.783225806452
1583.754366666667
1145.6451827956992
2130.9883222222225
1787.1222365591398
1345.3613763440858
994.1849777777784
783.5314301075264
633.8174888888889
818.0111290322582
1626.0277741935479
4991.9705
3734.184741935484
1466.4559999999997
2456.1216989247314
2345.984522222222
1809.158731182796
1390.2195268817209
1100.5997444444447
848.243774193548
803.4126888888886
881.0830645161293
1669.6661612903222
4037.878846153846
4327.103192204301
4493.850074074075
3525.37323655914
2809.2016444444444
2405.2563118279572
2229.467989247312
2161.230333333333
1921.2683390773498
1843.638
2499.370344086021
3528.5092717497564
4405.74875
3739.984451612903
3314.499455555556
3051.0501827956987
2054.7424333333333
1508.737
1071.6424086021502
926.8800666666671
684.0790967741935
626.2537
635.6220000000001
1486.2545591397848
3426.7876071428573
4540.374193548387
1738.0032
1029.048129032258
1869.8108222222218
2055.9936666666667
1563.4599247311821
1186.8326111111112
903.6065376344084
804.2588444444448
1013.1696666666667
1459.504451612903
4159.5555
4499.743709677419
1474.5477333333329
686.593612903226
604.3681
490.683161290323
460.932548387097
419.138266666667
399.231032258065
434.183033333333
545.233612903226
1652.138896551724
3930.284428571429
3662.089322580645
3502.726555555555
3435.2258924731186
2472.8963666666673
2031.1315268817202
1633.0706021505378
1228.4292444444443
916.6596451612901
803.2867666666663
1093.2779139784943
1994.1433548387097
3260.1615
3690.245451612903
2272.3495111111115
2313.680870967742
1772.3212555555558
1176.8702580645165
823.5139247311829
619.5004555555558
519.5333548387093
541.8314
588.315193548387
1720.36864516129
3798.667857142857
4296.244129032258
1220.934066666667
638.469225806452
602.3405
589.51464516129
557.644967741936
525.4486999999999
505.45022580645195
518.5092
674.466129032258
1363.670580645161
4180.634607142857
4469.301645161291
1375.91265
1013.9793911550469
964.000016666667
648.492
604.348483870968
570.082533333333
555.303967741935
547.371366666667
732.782516129032
1944.712193548387
4007.59515384615
3425.907483870968
1599.6499
816.1559
965.000016666667
901.288903225807
833.246439125911
741.650603950617
590.734741935484
588.7212999999999
798.359483870968
1881.49664516129
3763.461107142857
3660.821032258064
2647.723744444444
2875.361817204301
2453.3457111111115
2094.126043010753
1962.085365591398
1689.3499555555559
1333.8336881720427
1071.6922333333334
1176.6180215053766
2343.175096774194
4786.6079285714295
4237.191612903226
2935.3241555555555
3564.95888172043
2927.4876888888894
2427.4175268817207
2275.709698924732
1891.865511111111
1514.9119569892473
1299.2248333333337
1307.650494623656
1885.195677419355
4768.07275
4455.497225806452
1571.1696666666671
942.525064516129
893.6990888888888
1838.848548387097
1663.7094193548392
1265.907988888889
948.5693010752684
941.5317999999997
1484.3710322580648
2303.889881720431
4450.36003571429
3963.0937311827956
4534.303277777778
4033.133430107527
3144.232044444444
2595.654677419355
2434.91464516129
2350.0235185185184
1964.3342580645167
1649.7475888888887
1650.6119247311824
2356.4700645161283
5296.01346428571
3079.255967741936
2319.3968888888885
2632.7000860215057
2583.494777777778
2321.927559139785
1887.3374301075273
1535.902066666667
1141.8091612903231
1071.4861999999996
1254.6833655913977
2088.557139784942
5082.499892857143
4821.203161290322
1840.4609333333328
1269.3775268817208
2695.7140999999997
2778.2357311827964
2596.5841290322587
2338.484811111111
1815.3651075268822
1620.6605
1668.4271505376348
2146.922698924732
5032.761892857143
5337.543161290323
1646.5728666666669
1243.091172043011
2662.370644444445
2425.840903225806
2188.596752688172
2298.1126999999997
2173.014397849462
1875.809944444445
2191.1792365591396
2799.8648709677423
5278.2675
4212.387612903226
1692.2845
966.0628709677421
1605.0485111111107
1545.896150537634
1223.3983010752686
974.6122222222218
823.6632903225802
837.3467666666663
1307.4874946236555
