2486.413629629629
2554.410857142857
2593.304451612903
2526.602791666667
2446.342290322581
2394.589833333333
2309.278580645161
2219.432451612903
2129.7081
2028.8670000000002
1965.3198
2078.590580645161
2392.440451612903
2401.691678571429
2416.783225806452
2409.754366666667
2349.849483870968
2320.4911
2198.192129032258
2021.93664516129
1740.790533333334
1460.923903225806
1158.3536
1235.454677419355
2210.027774193548
2543.9705
2468.184741935484
2354.789333333333
2340.019548387097
2237.020633333333
2094.927548387097
1933.499096774194
1708.671966666667
1351.009903225806
1240.032133333333
1278.2766129032261
2192.319387096774
2475.878846153846
2539.334375
2521.175074074074
2520.427
2509.190533333333
2448.654161290323
2378.986806451613
2301.380333333333
2081.870489614984
2180.138
2221.590774193548
2455.490454545455
2581.7487499999997
2470.984451612903
2672.096677777778
2804.711473118279
2382.2091
2327.930548387097
2131.314451612903
1988.930066666667
1799.933935483871
1619.2537
1575.622
2320.550258064516
2348.7876071428573
2516.3741935483868
2457.0032
2377.0481290322577
2325.755266666666
2086.835064516129
1726.365838709677
1228.1465
984.0124516129031
962.7060666666671
1338.994935483871
2210.504451612903
2202.5555
2227.7437096774192
2141.547733333333
1872.5936129032261
1522.3681000000001
655.683161290323
183.932548387097
147.138266666667
131.231032258065
160.183033333333
681.233612903226
2359.138896551724
2315.284428571429
2243.089322580645
2044.2543333333329
2002.615677419355
2010.971366666667
1974.0965806451609
1944.395870967742
1905.1098
1858.643516129032
1874.103433333333
1889.20264516129
2134.756258064516
2209.1615
2121.245451612903
2077.530066666667
2021.4470000000001
2018.407366666667
1986.249290322581
1954.073064516129
1810.386566666667
1601.186580645161
1369.8314
1363.315193548387
2363.3686451612903
2298.667857142857
2132.244129032258
2054.934066666667
1793.469225806452
1502.3405
452.51464516129
279.644967741936
251.44869999999997
234.450225806452
242.50920000000002
389.466129032258
2262.670580645161
2373.634607142857
2528.301645161291
2204.91265
2180.979391155047
1923.0000166666669
733.492
325.348483870968
296.082533333333
280.303967741935
270.371366666667
447.782516129032
2484.712193548387
2774.59515384615
2480.907483870968
2392.6499
2034.1558999999997
2017.0000166666669
1490.288903225807
553.246439125911
462.650603950617
312.734741935484
309.7213
1216.359483870968
2569.49664516129
2618.461107142857
2482.821032258064
2306.337633333333
2183.318806451613
2164.926266666667
2139.381419354839
2099.856870967742
1974.586066666667
1841.419709677419
1758.3589
1969.45135483871
2675.691225806452
2716.607928571429
2673.191612903226
2687.2186
2535.26264516129
2564.7460222222226
2502.0707526881724
2413.276903225807
2295.762733333333
2258.075935483871
2228.683166666667
2247.413935483871
2409.195677419355
2561.0727500000003
2575.4972258064518
2445.169666666667
2314.525064516129
2287.7102
2282.090483870968
2143.927161290323
1950.6691
1618.985967741935
1488.690133333333
1763.169419354839
2565.500096774194
2903.36003571429
2891.419
2665.9255000000003
2517.824290322581
2942.579266666666
3301.3831720430107
2519.153892473118
2353.265185185185
2267.656838709678
2266.567033333333
2373.517838709677
2697.0990967741927
2794.01346428571
2644.255967741936
2576.266333333333
2477.259225806452
2477.983666666667
2421.932935483871
2355.778290322581
2265.3270666666667
2105.526903225807
1980.419533333333
2033.503258064516
2768.04638709677
2736.499892857143
2684.203161290322
2706.460933333333
2626.673225806452
2638.697433333333
2602.206161290323
2521.422838709678
2349.6987
2204.60435483871
2084.9355
2141.728225806452
2579.29635483871
2653.761892857143
2657.543161290323
2544.572866666667
2524.8304193548393
2486.909533333334
2524.257569892473
2402.5833118279565
2313.5627
2223.729451612903
2218.207166666667
2420.047516129032
2702.792290322581
2500.2675
2678.387612903226
2443.2844999999998
2355.780612903226
2323.195733333333
2239.4069032258058
2014.032709677419
1735.673333333333
1455.106838709677
1508.463433333333
1800.073516129032
