6665.413629629629
6652.410857142857
7344.602838709678
2739.8055694444447
2144.1917526881725
1757.7370555555551
1358.1871827956986
869.435139784946
603.5553222222222
610.5739892473118
835.6781333333333
1523.335204301075
1293.440451612903
5815.691678571429
5422.280537634409
1564.0321444444448
1406.6881935483875
1113.477211111111
701.7432043010751
511.931268817204
432.2572000000007
499.70884946236515
626.7869333333333
922.715430107527
461.027774193548
5948.9705
7492.1847419354835
2266.139333333333
1299.519548387097
1296.1650777777772
718.0995913978497
417.43458064516176
379.1608555555559
415.07173118279525
632.4765777777775
891.1717741935486
580.319387096774
6113.878846153846
7733.334375
4208.54174074074
1607.8248494623656
1497.179422222222
1073.3960967741941
750.7663763440861
658.0025555555553
523.9054358515432
865.1435555555556
2273.389161290322
2301.490454545455
7152.74875
7632.984451612903
5741.974455555556
2060.42652688172
991.5785444444443
746.2208709677421
497.5402580645159
601.2467333333336
494.30221505376346
663.9259222222222
805.853182795699
577.550258064516
6207.787607142857
6062.979032258064
1551.192088888889
1266.2174838709675
1211.3441555555548
949.3726989247311
741.4357311827953
664.4909444444445
673.9425591397847
851.4505111111115
1156.9626774193548
601.504451612903
5398.5555
4746.4130645161285
1928.186622222222
793.0425376344087
589.0458777777778
355.9869247311832
198.74975268817226
253.28548888888918
219.44877419354884
447.9969222222219
1728.97823655914
2233.9910470893583
5478.284428571429
5460.226419354838
3806.9543333333327
1111.9409462365593
858.4185888888892
883.3170107526879
435.85286021505385
345.4014666666667
384.67577419354814
592.3867666666663
1083.7644731182793
391.756258064516
6314.1615
7055.016956989247
1753.9495111111114
1255.1459247311827
838.1601444444448
499.6148817204305
370.5891935483871
365.7671222222226
363.73227956989217
571.9202888888889
751.0033655913978
614.36864516129
4516.6678571428565
3660.0667096774196
1168.034066666667
846.738043010753
556.1543888888889
403.6920645161287
272.16647311828007
280.3070333333333
340.8050645161294
564.3758666666668
812.6569892473117
1482.8453118279567
3457.3310357142855
3489.9118602150547
1846.8682055555555
1431.9793911550469
961.7861277777781
478.76888172043016
332.348483870968
325.4464222222219
394.22332258064466
577.3797000000003
983.2233763440859
2041.4299354838708
4312.086225274721
2749.966623655914
1639.7832333333333
1018.397835483871
904.675016666667
704.1329892473124
538.1227832119325
476.8950483950614
401.9094731182797
617.5907444444445
1711.4159354838712
2322.5880430107522
5850.461107142857
5173.146301075269
1793.0959666666663
1146.1225698924732
769.2318222222225
595.9513118279573
481.84611827956996
443.91940000000034
501.0272365591394
716.0394555555556
1091.3599569892476
1369.6912258064522
7177.6079285714295
7763.191612903226
4433.360266666667
1696.1873763440858
1622.740466666667
1199.4417204301076
817.5457204301081
697.8738444444441
727.7641075268818
922.9526111111115
1095.5349032258064
664.195677419355
6805.07275
7644.913892473119
2208.397444444445
1153.4256021505375
890.6379777777778
736.1200537634411
556.5185591397855
552.6107666666667
585.4133870967737
925.1595777777775
1695.2581290322582
874.500096774194
7369.36003571429
8095.419
3651.3255
2101.63611827957
2017.7792666666664
1830.4154301075268
1055.877010752688
877.8846296296294
754.5708172043016
922.1142555555552
1181.1253655913974
1334.099096774193
7485.01346428571
7919.255967741936
3600.8218888888887
1310.291483870968
1320.8420000000003
1080.8630430107528
896.7890430107531
870.1437333333336
756.3817419354845
1066.6917555555551
1360.9575591397847
1835.7184301075226
6881.499892857143
7601.5526236559135
2698.3025999999995
1695.735053763441
1485.3085444444441
1287.4991720430112
1102.2373548387102
989.4959222222224
836.4591935483875
1159.2077222222224
1525.015860215054
1196.2963548387102
7019.761892857143
7800.543161290323
3285.383977777778
1550.6449354838714
1335.1262000000006
930.3946666666664
688.4865376344081
853.3293666666666
749.6461182795696
942.1599444444448
1763.9937526881718
2685.2976666666673
6798.2675
7777.387612903226
3503.8206111111112
1079.288677419355
859.820733333333
711.8343225806447
562.8391612903222
544.3038888888885
615.2466236559136
984.9300999999996
1530.4982473118275
