4050.428288665189 312.5358064514652 22393561032.0 32883434327.170086 139.0
3084.331210228666 317.9943034410623 32883434327.170086 20067681611.84509 8367.0
3115.125155913983 311.204602570882 20067681611.84509 6782332579.198134 8026.0
2668.6823233333334 301.7137723580065 6782332579.198134 11750242065.662882 675.0
2156.6009774193553 305.7294762617974 11750242065.662882 17245497459.277935 0.0
1903.54054 309.50680331267387 17245497459.277935 21835909756.90044 0.0
1646.2208290322574 312.2166379103139 21835909756.90044 25796631501.25022 0.0
1284.9036559139786 314.4835345130782 25796631501.25022 28867205462.770775 0.0
1088.21244 316.0497750860709 28867205462.770775 31408165545.787365 0.0
1040.2912000000001 317.28002592514156 31408165545.787365 33957891776.884743 0.0
953.66636 318.51452105010395 33957891776.884743 36336369675.83505 0.0
1406.199961290323 319.66610326127386 36336369675.83505 40170799802.018555 0.0
2064.7632451612944 321.28551565690907 40170799802.018555 43615150418.851494 785.0
2248.596767857144 322.6934802093684 43615150418.851494 32145430703.457664 6972.0
2009.6271010752694 317.6369859123936 32145430703.457664 15344518049.79471 8220.0
2106.46578 308.20010864022186 15344518049.79471 18075104322.10647 958.0
1639.816035483871 310.0641622722679 18075104322.10647 22146188715.15 0.0
1385.966501111111 312.39422431041095 22146188715.15 25364393136.95493 0.0
1143.8455236559143 314.2361453393744 25364393136.95493 27955043396.171513 0.0
1027.5868000000003 315.6081356619403 27955043396.171513 30325157340.680683 0.0
1007.1963611111112 316.75566831639424 30325157340.680683 32650108462.691822 0.0
831.6060612903227 317.88133459024493 32650108462.691822 34637410657.52091 0.0
645.4207222222223 318.84352215431437 34637410657.52091 36216528776.739395 0.0
711.7065419354838 319.6080801669117 36216528776.739395 38189894434.185814 0.0
1362.7764967741937 320.4757709909466 38189894434.185814 39756121091.537155 784.0
3441.753392857143 321.1160053514936 39756121091.537155 30035186420.539944 7443.0
2983.703622580644 316.61527375837125 30035186420.539944 16519559165.387924 7968.0
1783.0182433333334 309.0078080597937 16519559165.387924 18601014850.823112 883.0
1902.4465881720428 310.36516417743996 18601014850.823112 23369669245.434254 0.0
1633.670768888889 313.09447644541797 23369669245.434254 27218771752.94608 0.0
1226.487858064516 315.25165670230757 27218771752.94608 30014907851.2395 0.0
1009.4996612903226 316.60545552979545 30014907851.2395 32324023202.92172 0.0
998.0345666666667 317.72345463489967 32324023202.92172 34616394006.031456 0.0
928.6742096774194 318.83334657017116 34616394006.031456 36856105764.83055 0.0
735.4427033333333 319.91774269624796 36856105764.83055 38665428217.7434 0.0
735.9652602150543 320.67015733113914 38665428217.7434 40705973410.173325 0.0
1761.208484723773 321.504281268636 40705973410.173325 43313201616.21333 794.0
3773.718857142857 322.5700510762556 43313201616.21333 34289044613.357845 7486.0
4115.578136328721 318.6748545624856 34289044613.357845 24551772832.27042 7682.0
3316.3084285714303 313.7710467217665 24551772832.27042 30635079014.102554 851.0
1869.952183870968 316.90572238505985 30635079014.102554 35240006723.42067 0.0
1602.54135 319.1352797150289 35240006723.42067 38929226855.81564 0.0
1307.0017981767185 320.77799162930194 38929226855.81564 41849251603.71424 0.0
1056.0365225806452 321.97162485504055 41849251603.71424 44212672302.202675 0.0
993.71912 322.937732239625 44212672302.202675 46444049698.09203 0.0
976.9224570276497 323.8498636182417 46444049698.09203 48773122573.15757 0.0
1060.5899966666666 324.80193047001944 48773122573.15757 51409622016.12198 0.0
2392.727085944699 325.8796656286096 51409622016.12198 53701082889.68262 1567.4596774193549
4212.6124035268795 326.7086251715364 53701082889.68262 55297205931.221756 3623.8790322580644
3821.227073952381 327.27497771000503 55297205931.221756 47063283219.652695 7204.0
3898.5465001236557 324.102990824221 47063283219.652695 35558559101.24047 8112.0
3492.743432 319.28951249212764 35558559101.24047 41297958509.73148 1139.0
2232.8187967741947 321.7462699998902 41297958509.73148 46809917354.8955 0.0
1370.4874277777778 323.999421183361 46809917354.8955 49828637651.626854 0.0
1145.5339548387096 325.233398685772 49828637651.626854 52092123743.5182 54.56989247311828
917.1299956989249 326.13771799645815 52092123743.5182 52322817455.585365 637.8682795698925
837.374357794378 326.21957507516555 52322817455.585365 52308169452.11957 699.2166666666667
494.63642012903233 326.21437752226365 52308169452.11957 52048651692.301865 478.61290322580646
407.3430433333333 326.1222928030877 52048651692.301865 52021437845.184235 373.48333333333335
431.4994516129033 326.11263651031106 52021437845.184235 52101781579.852104 431.46774193548384
1390.9719208976157 326.1411448877325 52101781579.852104 52881548648.72643 1106.8736559139784
1847.9394612554074 326.4178297343126 52881548648.72643 41922574517.39684 6358.0
1537.465455568356 322.00159743182866 41922574517.39684 25059146664.06297 7760.0
1796.6752888888889 314.06143925369906 25059146664.06297 26688922913.31202 1053.0
1569.6475978494627 314.99423243664836 26688922913.31202 30516188217.706055 0.0
1686.8558551555557 316.84815929975116 30516188217.706055 34454348603.25787 0.0
1372.3481159525606 318.7548894176711 34454348603.25787 37582120637.81582 0.0
1189.9452787841192 320.2273282345616 37582120637.81582 40327358757.24305 0.0
1135.538246683267 321.34951304969735 40327358757.24305 42941445032.97454 0.0
812.476772580645 322.41808626501205 42941445032.97454 44842425881.19958 0.0
649.5645288888888 323.195159782477 44842425881.19958 46419190735.281876 0.0
768.1607999999998 323.8397018947875 46419190735.281876 48552855671.39707 0.0
1299.2784967741927 324.71189085899863 48552855671.39707 50031487291.24825 754.0
1178.8955559523806 325.3163185548092 50031487291.24825 36118560772.14111 6911.0
1137.7415537634404 319.560647221914 36118560772.14111 15866539617.064478 8634.0
1899.6933399102577 308.55893567298904 15866539617.064478 18183660409.55001 910.0
1078.8446956989242 310.1262937325721 18183660409.55001 20756525099.490578 0.0
961.2775411111111 311.5988582300198 20756525099.490578 22887967139.098858 0.0
811.867452688172 312.8187769797956 22887967139.098858 24614510110.51868 0.0
601.225464516129 313.80695404677124 24614510110.51868 25867577018.44061 0.0
532.1133 314.5241397770379 25867577018.44061 26983782769.720695 0.0
316.4574387096775 315.13788262308543 26983782769.720695 27614285511.011875 0.0
283.70103 315.44315169507695 27614285511.011875 28266143044.368053 0.0
1609.1173279569928 315.7587600679617 28266143044.368053 32636665060.991573 0.0
3117.1271591397854 317.8748257291525 32636665060.991573 39270713519.76405 646.0
2984.107416666662 320.9175828531533 39270713519.76405 30041873572.082127 6782.0
3792.506596774188 316.6185114612579 30041873572.082127 16424086057.922596 8815.0
4267.160213555556 308.94218178300974 16424086057.922596 24968329493.005707 867.0
1560.065489098999 314.009460561473 24968329493.005707 28780780161.20961 0.0
1874.48776 316.0079307452356 28780780161.20961 33215200580.091526 0.0
1594.4790182795696 318.15493394988454 33215200580.091526 36945384938.12869 0.0
1198.11337311828 319.960968789643 36945384938.12869 39716045921.09825 0.0
1096.2737066666666 321.09962362219574 39716045921.09825 42231061627.62324 0.0
1097.5202024471641 322.12769926187076 42231061627.62324 44896596725.16031 0.0
1071.8414881831363 323.21730347124685 44896596725.16031 47567144549.36442 0.0
1304.135411034841 324.3089567581541 47567144549.36442 51138010166.29181 0.0
2077.986097064071 325.7686374845177 51138010166.29181 53369012604.429016 1252.0537634408602
2844.3438160298315 326.59079663068536 53369012604.429016 44805088178.35819 6364.0
2903.9315191909777 323.1798970615989 44805088178.35819 32756729199.33285 7323.0
2482.123169884564 317.93295690875027 32756729199.33285 35958878990.60861 1115.0
1840.768109971963 319.483334458511 35958878990.60861 40453872419.32209 0.0
1448.903250196078 321.40122867665434 40453872419.32209 43714019372.82956 0.0
1085.4336100271594 322.7338953697355 43714019372.82956 46007821719.00878 0.0
787.7107148834722 323.67154450974607 46007821719.00878 47631035143.29123 0.0
595.2904747556313 324.3350736380806 47631035143.29123 48817833117.54824 0.0
368.9636032258065 324.82020702447807 48817833117.54824 49513364898.50219 0.0
283.99914 325.1045230542998 49513364898.50219 50137274279.6753 0.0
322.97699247311834 325.3595616349674 50137274279.6753 51081318101.42852 0.0
556.2002440860217 325.74546318357886 51081318101.42852 50859302340.762955 646.0
1223.6537321428573 325.65470868269364 50859302340.762955 38309375277.99411 6392.0
1803.124790322579 320.5246117773514 38309375277.99411 20351367299.315067 8439.0
1024.2153933333334 311.3669684634358 20351367299.315067 20085480994.23919 1024.0
1196.415721505377 311.2147899463365 20085480994.23919 22959491702.110085 0.0
909.6316466666667 312.8597136573432 22959491702.110085 24941611182.907375 0.0
707.7677161290324 313.99416848838564 24941611182.907375 26372762775.64518 0.0
523.0111913978494 314.8132799769031 26372762775.64518 27405368053.577534 0.0
385.2745988888889 315.3420006069418 27405368053.577534 28134853093.836216 0.0
268.3141838709678 315.69519371251874 28134853093.836216 28632480047.516495 0.0
219.7675611111111 315.9361286179512 28632480047.516495 29117333513.31847 0.0
356.1264150537628 316.1708790129362 29117333513.31847 30131053855.85246 0.0
780.6727365591399 316.6616896755362 30131053855.85246 30655894457.46342 590.0
2114.9607571428587 316.9158005507231 30655894457.46342 20387258545.48939 6345.0
2560.218798709677 311.3875106144055 20387258545.48939 6272250315.383345 7781.0
1542.4181366666667 301.28469912128475 6272250315.383345 8726693150.506615 523.0
1219.911733333334 303.34933811449076 8726693150.506615 11745083623.540083 0.0
793.15686 305.72593045335447 11745083623.540083 13511493306.417599 0.0
637.2198483870968 306.9401246263525 13511493306.417599 14856796635.613314 0.0
474.8644322580644 307.86485883668774 14856796635.613314 15839882660.331072 0.0
363.83322999999996 308.5406122218388 15839882660.331072 16570364707.3535 0.0
246.9992268817204 309.0427307584228 16570364707.3535 17056468898.802645 0.0
199.4843088888889 309.37686891586657 17056468898.802645 17505990631.360954 0.0
380.2278731182797 309.6858610333798 17505990631.360954 18572370566.3552 0.0
1270.2830784946234 310.34876978385716 18572370566.3552 20585466808.533966 523.0
3184.2322499999973 311.50095398840085 20585466808.533966 12208191349.760624 6635.0
1921.2256258064522 306.0442613072317 12208191349.760624 428807810.07043946 6281.2446236559135
1374.7574177777778 295.4209715786871 428807810.07043946 2717037529.6711345 436.0
1335.453869892473 297.84854395254735 2717037529.6711345 6092897575.806177 0.0
1052.9831955555555 301.13383039687596 6092897575.806177 8577881507.7191925 0.0
982.2967225806451 303.2241600838822 8577881507.7191925 10891028464.41035 0.0
796.2183623655912 305.1388702669854 10891028464.41035 12761001685.683474 0.0
581.5044666666666 306.4242519148223 12761001685.683474 14070614909.744328 0.0
408.780864516129 307.3244534710918 14070614909.744328 14999946229.454802 0.0
337.9773577777778 307.9632569627817 14999946229.454802 15811547013.540306 0.0
1186.6007064516125 308.52113487320617 15811547013.540306 19037001827.948055 0.0
3129.877677419352 310.61469884841347 19037001827.948055 25878869439.590168 580.0
2752.2149035714215 314.53060293016836 25878869439.590168 15156921269.537178 7171.0
3379.806532258062 308.0711584200833 15156921269.537178 3239078076.837173 7786.0
2363.4397200000008 298.4023743654118 3239078076.837173 7450183848.922001 672.0
1554.5775580645163 302.2755584193489 7450183848.922001 11371569658.951162 0.0
1248.6143299999999 305.4691845332356 11371569658.951162 14316803306.6446 0.0
1254.142319354839 307.49367837960176 14316803306.6446 17298917314.214348 0.0
982.308829032258 309.5435230369909 17298917314.214348 19618450431.25465 0.0
980.2265488888888 310.94748765525105 19618450431.25465 21923598575.834538 0.0
977.290535483871 312.2668261079639 21923598575.834538 24340329787.190243 0.0
1024.0621222222221 313.65002849541565 24340329787.190243 26914527473.177086 0.0
1089.0168053763439 315.10435144435803 26914527473.177086 29890043816.210907 0.0
2683.1104333333296 316.54500039518297 29890043816.210907 34656384392.681656 909.0
3434.3763119047635 318.8527086243254 34656384392.681656 22579657015.26285 8411.0
3601.182592150539 312.64231743089675 22579657015.26285 10927132674.518253 7898.0
3232.502213333333 305.16368756840683 10927132674.518253 17191397638.346428 727.0
2166.929316129032 309.4696161935293 17191397638.346428 22675535171.374638 0.0
1861.5700366666667 312.6971927491842 22675535171.374638 27118232292.646175 0.0
1417.7933365591398 315.2029787414768 27118232292.646175 30425526395.788757 0.0
1111.6339258064513 316.8042637725326 30425526395.788757 33004823777.66389 0.0
1027.399442222222 318.05307629401756 33004823777.66389 35370113122.35188 0.0
1022.1419365591398 319.19827303299695 35370113122.35188 37857033120.46719 0.0
1087.0955022222222 320.3397055949586 37857033120.46719 40575997833.306564 0.0
1142.368770967742 321.451150497332 40575997833.306564 43707221278.34452 0.0
1616.881429032258 322.7311164784076 43707221278.34452 45738276632.633354 865.0
2096.9175857142864 323.5613612069628 45738276632.633354 32783154039.005653 7434.0
2296.842725806452 317.9457509630123 32783154039.005653 14357672967.937922 9114.0
1986.374868888889 307.52177135547015 14357672967.937922 16724517455.374357 981.0
1573.0615870967745 309.14869222942974 16724517455.374357 20626561314.0452 0.0
1385.6293755555555 311.5244741953097 20626561314.0452 23854890590.62921 0.0
1100.580806451613 313.37219012742054 23854890590.62921 26343011392.17222 0.0
961.4539462365592 314.7962519414905 26343011392.17222 28546497739.916763 0.0
948.8730103448277 315.89449876049036 28546497739.916763 30728516795.2538 0.0
956.509211827957 316.9509619421196 30728516795.2538 33056703302.45057 0.0
1054.6787722222223 318.078194685025 33056703302.45057 35698066723.52136 0.0
1416.4636677419358 319.3570575789297 35698066723.52136 39559422272.46411 0.0
2223.6024331322246 321.03559978435646 39559422272.46411 43238939571.634186 856.0
3104.0812102286654 322.5396946062001 43238939571.634186 32440530234.915104 7550.0
3646.9471936135037 317.7798635784425 32440530234.915104 21386183844.79197 7708.0
3669.5822287991464 311.9592398379075 21386183844.79197 28410026328.507675 847.0
2273.619189889271 315.8284237089705 28410026328.507675 34106475634.50131 0.0
2307.2919662666663 318.5864605570356 34106475634.50131 39623947856.23486 0.0
1904.985212726754 321.0619762322802 39623947856.23486 44134699817.94654 0.0
1312.8296873862696 322.9058590344515 44134699817.94654 47171025375.593155 0.0
1180.2826911277116 324.1470331280528 47171025375.593155 49872912449.37067 0.0
1062.94205 325.2514971178787 49872912449.37067 52184649245.57478 88.13440860215054
1098.5464266666668 326.17054883192577 52184649245.57478 52598846637.873055 894.1833333333333
1166.5235 326.3175185444418 52598846637.873055 52738156643.137505 1144.6666666666667
2525.704290322581 326.36694993103436 52738156643.137505 53853407933.45804 2116.4139784946237
4418.686403571424 326.76267468587173 53853407933.45804 47394166184.600075 7068.0
2045.9760409274195 324.2382475206159 47394166184.600075 32155904772.92597 7655.0
2680.81556213248 317.6420571186821 32155904772.92597 35848958724.34391 1125.0
1529.8199451612904 319.43011461428483 35848958724.34391 39514101655.136795 0.0
1578.9836329333334 321.0170738473103 39514101655.136795 43116125449.16077 0.0
1322.0873632643886 322.48949125868404 43116125449.16077 46045836169.3768 0.0
1195.5366766335815 323.68708386811966 46045836169.3768 48758067107.238785 0.0
1161.138246683267 324.7957761713743 48758067107.238785 51403953470.57777 0.0
1018.4448205791034 325.87734846869233 51403953470.57777 52439120941.816154 519.0241935483871
1090.230319733995 326.2608430557318 52439120941.816154 52604722064.69188 981.7416666666667
1014.0706846529808 326.3196033228748 52604722064.69188 52611727098.29251 1041.5833333333333
1579.6201101382494 326.3220889198235 52611727098.29251 53062436487.2246 1418.3978494623657
2066.5900516483484 326.4820141886719 53062436487.2246 41783271501.11845 6709.0
2482.404741439209 321.9446538361296 41783271501.11845 25751826556.10498 8394.0
2440.4988954658133 314.45789065711136 25751826556.10498 28807057741.047405 1144.0
1636.2401576312066 316.0206535010397 28807057741.047405 32799143308.472244 0.0
1728.1280773777778 317.9534924510856 32799143308.472244 36828756956.62758 0.0
1516.9206965977219 319.9045012862533 36828756956.62758 40324319765.77772 0.0
1214.6818379239041 321.34827078584726 40324319765.77772 43120092390.92186 0.0
1158.999357794378 322.4911128454511 43120092390.92186 45783464133.2686 0.0
1017.9690141274905 323.5798327292282 45783464133.2686 48224487313.61907 0.0
1200.4219864006618 324.57766207124365 48224487313.61907 51223896554.970985 0.0
1443.5082658103079 325.80374569626827 51223896554.970985 52900911665.256805 847.4489247311828
2419.3913290322585 326.42470031588994 52900911665.256805 53772545357.46481 2101.0564516129034
1596.540557142857 326.73398220791796 53772545357.46481 40410516078.59089 7100.0
3645.7321398500626 321.38350568684734 40410516078.59089 26443259272.073845 8787.0
3002.4461176880354 314.85362824637923 26443259272.073845 31100324364.03404 1085.0
1671.2724156957227 317.13097916337466 31100324364.03404 35171883515.86711 0.0
1769.3336329333333 319.10229665724177 35171883515.86711 39292519868.1849 0.0
1208.3901488479262 320.9264967440461 39292519868.1849 41946733347.65584 0.0
1008.0991612903226 322.011472958573 41946733347.65584 44181569454.40322 0.0
1157.138246683267 322.9250181718503 44181569454.40322 46835793345.048775 0.0
1012.7996592887807 324.0099986422055 46835793345.048775 49259499829.96283 0.0
1068.9453066666667 325.0007493513951 49259499829.96283 51894269617.11121 8.780555555555555
1605.5900715609948 326.06751339203805 51894269617.11121 53070659805.693504 1196.5456989247311
3101.9979000000003 326.48493206979276 53070659805.693504 54346825216.64768 2632.6612903225805
4569.610972133427 326.93775400218135 54346825216.64768 46578706330.29352 7760.0
3783.0654731833965 323.9049078881156 46578706330.29352 33060053450.175945 8750.0
1711.668318888889 318.0798167183964 33060053450.175945 34121339122.979103 1172.0
1316.3538 318.5936569782992 34121339122.979103 37226664321.974846 0.0
1042.3283066666668 320.08202656573434 37226664321.974846 39455875445.97273 0.0
1011.449452688172 320.99327242647746 39455875445.97273 41583333149.16162 0.0
962.9938806451612 321.86292402881656 41583333149.16162 43699759226.98838 0.0
944.4998344444443 322.7280661780849 43699759226.98838 45805914179.59486 0.0
715.5311462365592 323.58900974775645 45805914179.59486 47438155161.84133 0.0
682.0108752895505 324.25622911643603 47438155161.84133 49095684899.61297 0.0
846.7206314017058 324.933785897103 49095684899.61297 51442221421.058716 0.0
