3919.6944176974466 312.5358064514652 22393561032.0 27949966678.566605 1850.0
3056.670495942951 315.6056776791743 27949966678.566605 30995824944.32706 1782.0
2959.705801075273 317.0803839180435 30995824944.32706 34063072620.78883 1742.0
2622.1656566666666 318.5654462190321 34063072620.78883 35741047382.741165 1842.0
1902.592912903226 319.37786742652327 35741047382.741165 35496653739.32791 1837.0
2065.7599844444444 319.2595399144611 35496653739.32791 35652955311.21921 1830.0
1817.817603225806 319.3352160894835 35652955311.21921 35325662620.10219 1737.0
1335.4735483870968 319.1767515348611 35325662620.10219 34237561816.395332 1586.0
942.1124399999999 318.6499282542826 34237561816.395332 34033654651.6835 906.0
690.780447311828 318.5512029881299 34033654651.6835 35639447951.18158 0.0
627.1830266666668 319.328676261829 35639447951.18158 35030424964.48964 826.0
1186.22415483871 319.0338069935556 35030424964.48964 38274215251.875015 0.0
1936.4890516129076 320.5102392363571 38274215251.875015 38253913602.684265 1950.0
2073.3378392857157 320.50194042894844 38253913602.684265 38666311873.9744 1885.0
1880.0518322580647 320.6705185477481 38666311873.9744 38441207295.04508 1885.0
1749.81578 320.57850141506134 38441207295.04508 37782518252.77325 1865.0
1603.0257129032261 320.3092457771249 37782518252.77325 36872715050.887115 1782.0
1532.0970566666665 319.92578437633733 36872715050.887115 36067468275.50031 1665.0
1354.6842333333336 319.5359098845262 36067468275.50031 35205638722.352394 1473.0
994.6109935483873 319.1186398384586 35205638722.352394 35977072895.25877 549.0
733.98525 319.49214335976507 35977072895.25877 37120300753.80627 174.0
553.3963838709677 320.0385477941707 37120300753.80627 36540299138.130424 676.0
465.72072222222226 319.76483932319667 36540299138.130424 37651353710.56898 0.0
604.550627956989 320.25562898647047 37651353710.56898 36777186285.42594 956.0
1306.2926258064517 319.87953243218067 36777186285.42594 35207756848.38225 1898.0
3314.399226190476 319.1196653667 35207756848.38225 38860435128.217705 1787.0
2783.3084612903212 320.74987128827536 38860435128.217705 41168472292.226845 1841.0
1741.58491 321.6933392664778 41168472292.226845 40403358688.901665 1893.0
1569.8471258064512 321.3805799246089 40403358688.901665 39235254752.91469 1840.0
1563.045768888889 320.90308819440577 39235254752.91469 38319542720.84008 1733.0
1442.947535483871 320.5287679741818 38319542720.84008 37030098575.33031 1715.0
1112.9028870967743 320.0016753952842 37030098575.33031 36226350003.97869 1253.0
804.6845666666668 319.6128352880695 36226350003.97869 38001419282.302315 0.0
596.2333494623656 320.3987270536731 38001419282.302315 36976792586.35807 884.0
498.87603666666666 319.97617535894165 36976792586.35807 38173167566.922516 0.0
596.9840774193553 320.4689334651543 38173167566.922516 37314023199.07378 943.0
1689.6708503151708 320.1177366939939 37314023199.07378 36760953168.38649 1902.0
3566.891476190476 319.87167288098505 36760953168.38649 40929077425.513336 1826.0
3995.8899642857104 321.59548062086657 40929077425.513336 46333047915.22642 1894.0
2840.5584285714303 323.8044888602915 46333047915.22642 48253841225.96472 1944.0
1796.1537967741938 324.58966121786267 48253841225.96472 47368164546.30903 1944.0
1613.5830166666667 324.2276186999492 47368164546.30903 46032093310.94408 1927.0
1488.8566368863958 323.68146613064886 46032093310.94408 44397878406.59929 1869.0
1405.6816838709678 323.0134398718896 44397878406.59929 43153652127.12272 1695.0
1356.1357866666667 322.5048312278741 43153652127.12272 42966674398.477234 1299.0
1361.196650576037 322.42839939984077 42966674398.477234 43746431960.37 968.0
1464.4899966666667 322.74714482642185 43746431960.37 44806316914.89335 1015.0
2798.995903149 323.18039933842215 44806316914.89335 49261310805.51379 1164.0
3738.7038013763413 325.00148963299375 49261310805.51379 53940951426.90352 1998.483870967742
2945.9681453809526 326.7937377546007 53940951426.90352 54228160777.14168 2805.7916666666665
3442.858328080645 326.8956482842692 54228160777.14168 54597176768.127815 3209.8924731182797
3256.7850986666667 327.0265862745064 54597176768.127815 54400039962.00454 3164.7361111111113
2048.8403021505387 326.9566361969323 54400039962.00454 53364730998.8348 2240.5134408602153
1198.1929833333334 326.5892773880368 53364730998.8348 51100817079.30132 1856.6055555555556
1017.6522344086022 325.7534338789895 51100817079.30132 48649804235.20195 1690.0
757.436447311828 324.7515210118008 48649804235.20195 46464745009.76594 1390.0
718.9049133499336 323.8583233450467 46464745009.76594 45852363452.4607 821.0
425.4455599139785 323.60799705101266 45852363452.4607 44326271095.09796 891.0
383.62637666666666 322.98416859044744 44326271095.09796 43072579956.52951 827.0
432.45375268817213 322.471690948302 43072579956.52951 41203461306.84556 1157.0
1372.5848241234223 321.70764190223963 41203461306.84556 39689319002.155 1944.0
1739.5525564935028 321.08869832490325 39689319002.155 39247694530.667305 1904.0
1469.7934125576035 320.90817326502275 39247694530.667305 38151016618.88937 1800.0
1825.4030666666667 320.45987871054206 38151016618.88937 38077042417.343 1715.0
1614.0884580645165 320.42963990353303 38077042417.343 38172657517.208275 1416.0
1787.8502996 320.46872496956325 38172657517.208275 39720408671.6196 1007.0
1577.452954662238 321.1014070057036 39720408671.6196 41877967780.1824 554.0
1164.872698138958 321.98336331115235 41877967780.1824 43629168753.11671 338.0
855.7549133499336 322.6992105544829 43629168753.11671 42164011501.99263 1292.0
574.4848370967742 322.10029084425366 42164011501.99263 42005969769.66561 533.0
506.45897333333335 322.03568732919973 42005969769.66561 39423331996.93023 1464.0
685.2091870967739 320.9799694768757 39423331996.93023 38362247101.2958 1107.0
1282.4532279569885 320.54622445890277 38362247101.2958 36608763887.3265 1943.0
1133.8181749999999 319.7979877444207 36608763887.3265 34703945443.995476 1904.0
1075.2442419354834 318.8757361498961 34703945443.995476 32509030027.24274 1821.0
1946.8433399102578 317.81302896641944 32509030027.24274 33017702920.756622 1622.0
1021.8581365591392 318.0593119593089 33017702920.756622 31629189603.43596 1391.0
942.1414299999999 317.3870386382473 31629189603.43596 31254159663.261635 922.0
695.8486354838709 317.2054612487952 31254159663.261635 31895635955.933945 265.0
424.3437440860215 317.51604336009194 31895635955.933945 29813682588.869 1055.0
331.59663333333333 316.50802875417304 29813682588.869 28350499247.620003 790.0
129.18324516129042 315.799602618195 28350499247.620003 26518321190.37046 732.0
124.87880777777781 314.8965895091406 26518321190.37046 24584660100.38351 840.0
1457.8135645161326 313.7898695629484 24584660100.38351 25729712954.73746 1051.0
2964.957804301075 314.44523406292205 25729712954.73746 28474968139.404327 1945.0
2852.291940476186 315.85986643720554 28474968139.404327 30794051546.908478 1878.0
3565.76734946236 316.98269175312697 30794051546.908478 35530904177.43113 1724.0
4189.696324666666 319.2761228708391 35530904177.43113 41681476321.87718 1677.0
1673.836994475343 321.9030425079209 41681476321.87718 40629002989.08922 1898.0
1660.4322044444443 321.4728176818732 40629002989.08922 39682526331.34586 1839.0
1629.4333193548384 321.0859216506387 39682526331.34586 39267744768.543 1570.0
1498.672512903226 320.9163693017617 39267744768.543 39628340789.172195 1198.0
1224.4237066666665 321.0637719536063 39628340789.172195 41021466127.63631 562.0
886.4368691138307 321.6332468160388 41021466127.63631 42035611521.199844 408.0
660.2137104053586 322.04780413729384 42035611521.199844 40418507107.76848 1245.0
1010.7698196369915 321.3867722200988 40418507107.76848 42577978674.71417 231.0
1817.3812583543936 322.2695102907947 42577978674.71417 42239512699.376396 1950.0
2570.099768410784 322.13115384904336 42239512699.376396 43831766126.707504 1893.0
2713.9368955350633 322.782027303464 43831766126.707504 45737382287.931435 1917.0
2150.1731698845642 323.56099562117373 45737382287.931435 45891162765.347084 1938.0
1603.3810131977698 323.6238572415917 45891162765.347084 44645485325.247116 1891.0
1358.2588057516336 323.11465539933795 44645485325.247116 43066782840.1604 1772.0
985.059954113181 322.469321231841 43066782840.1604 41227928586.24433 1450.0
685.6999621953003 321.71764351529265 41227928586.24433 40757550816.547745 692.0
505.7960303111869 321.5253648248594 40757550816.547745 41231330186.59273 197.0
321.5523129032258 321.7190340046025 41231330186.59273 39402664833.80965 906.0
269.64080666666666 320.97152125649666 39402664833.80965 40002168592.38923 0.0
327.4097881720431 321.216583427874 40002168592.38923 37907814801.69205 1135.0
542.3454053763444 320.36046387860415 37907814801.69205 34252071420.02787 1913.0
1216.9037321428573 318.6569533359291 34252071420.02787 32808403136.241074 1797.0
1776.640919354837 317.9579757607442 32808403136.241074 33043217497.4979 1616.0
1103.38206 318.0716652936467 33043217497.4979 32356101544.32082 1240.0
1043.2705602150545 317.7389859321782 32356101544.32082 32700366270.505173 765.0
944.5066466666667 317.9056677982498 32700366270.505173 34706226429.06568 0.0
684.732769892473 318.87684052922714 34706226429.06568 33444510806.773083 957.0
481.8149548387097 318.26595855852287 33444510806.773083 34323475994.05145 0.0
335.3245988888889 318.69152512542433 34323475994.05145 32309360205.947456 999.0
206.2254741935484 317.71635528514935 32309360205.947456 32625896517.69105 0.0
116.40645 317.8696119481413 32625896517.69105 29713717114.32956 1206.0
205.04308172042943 316.45962869871676 29713717114.32956 27008385566.503353 1237.0
617.7775752688173 315.1497945030035 27008385566.503353 23469189462.170723 1944.0
1970.886352380954 313.15143627642556 23469189462.170723 23821874370.167324 1811.0
2488.097830967741 313.35329348109394 23821874370.167324 25874339237.096558 1658.0
1563.0320255555555 314.52801009449206 25874339237.096558 25970300223.10421 1411.0
1025.9977548387103 314.5829328200001 25970300223.10421 28179495283.52319 64.0
790.1901933333334 315.71680801952317 28179495283.52319 28021268658.194393 695.0
575.8892032258065 315.64019979577535 28021268658.194393 29075378701.09492 0.0
425.4450774193548 316.15056584733946 29075378701.09492 29830771911.01289 0.0
298.28323 316.51630285223825 29830771911.01289 30324493747.645798 0.0
183.00460322580642 316.7553470260704 30324493747.645798 29254686338.514954 498.0
181.47042 316.2373808165561 29254686338.514954 27373042705.47426 875.0
316.14185161290345 315.3263497169915 27373042705.47426 25474955094.430893 1046.0
1111.4658741935482 314.299424848003 25474955094.430893 23306057439.959972 1926.0
3018.107249999997 313.0580685897207 23306057439.959972 26152755328.97077 1827.0
1875.2363784946242 314.6873599639256 26152755328.97077 26497327455.864967 1681.0
1400.9601955555556 314.8845738643916 26497327455.864967 27070488590.248688 1063.0
1201.980751612903 315.1798627821481 27070488590.248688 29406332305.88465 190.0
1190.0887511111112 316.3108028981721 29406332305.88465 29911376410.044487 835.0
978.5709161290322 316.5553289484093 29911376410.044487 32024723242.926495 0.0
717.7640612903225 317.57854325696064 32024723242.926495 32399638594.177135 428.0
473.3127999999999 317.7600651661553 32399638594.177135 32088038514.018322 482.0
332.71097204301077 317.60919846713387 32088038514.018322 30479030143.134537 847.0
296.8356911111111 316.83016855966616 30479030143.134537 28596646371.965637 990.0
1076.5227494623653 315.9187791091148 28596646371.965637 30235294382.167374 487.0
2960.67068817204 316.71215957304514 30235294382.167374 32967401425.051228 1946.0
2612.6553797618976 318.0349575990371 32967401425.051228 34653409248.19782 1899.0
3277.631801075266 318.8512681554168 34653409248.19782 38370213831.373695 1813.0
2185.039720000001 320.54948105928884 38370213831.373695 39062307182.084 1778.0
1714.1420741935485 320.83239154465895 39062307182.084 38669086618.88804 1697.0
1547.13933 320.67165279420414 38669086618.88804 38286813137.33312 1512.0
1437.5240397849464 320.5153889374573 38286813137.33312 39665113589.93225 710.0
1361.9378612903226 321.0788037566149 39665113589.93225 42246296072.795654 229.0
1347.0154377777778 322.133926722767 42246296072.795654 42163593563.14043 1251.0
1341.0486 322.1001200012837 42163593563.14043 44541977589.22929 351.0
1039.0676777777778 323.0723440206687 44541977589.22929 43115602303.24834 1549.0
928.9254075268816 322.48927740969407 43115602303.24834 42373208933.62383 1233.0
1984.696454838706 322.18580553220755 42373208933.62383 42485562506.43121 1949.0
2879.9834547619066 322.23173286814193 42485562506.43121 44759421326.803535 1921.0
3201.4594738709693 323.1612295926435 44759421326.803535 47993249118.21166 1907.0
2760.596657777778 324.4831376692512 47993249118.21166 49725372919.79417 1934.0
1867.0906064516125 325.1911866411476 49725372919.79417 49010183441.36806 1948.0
1649.45337 324.89883503530507 49010183441.36806 47728358275.619514 1938.0
1531.2261322580646 324.3748569051449 47728358275.619514 46232187231.28047 1855.0
1444.7387645161286 323.7632595304321 46232187231.28047 45287539371.019104 1618.0
1408.4549977777774 323.37711106595685 45287539371.019104 45309959832.548935 1267.0
1336.448388172043 323.3862759909588 45309959832.548935 45785800268.881256 1054.0
1025.17328 323.5807876831508 45785800268.881256 45679211566.44593 1025.0
880.7504913978494 323.53721688231883 45679211566.44593 45147621251.56196 1107.0
960.5077731182795 323.31991603143285 45147621251.56196 42535828397.035065 1942.0
1617.3729428571437 322.25228030945703 42535828397.035065 41840651513.490685 1886.0
1862.5282096774204 321.9681093528372 41840651513.490685 41787352391.304344 1800.0
1833.747091111111 321.94632200216824 41787352391.304344 41580922402.93888 1768.0
1618.1906193548389 321.861938575939 41580922402.93888 40805059454.98868 1739.0
1521.8071533333332 321.5447851703183 40805059454.98868 40290022603.245605 1533.0
1413.317365591398 321.33425096194804 40290022603.245605 40985985535.74703 936.0
1343.134053763441 321.6187432357598 40985985535.74703 43245052570.63903 328.0
1080.2507881226054 322.54219344759736 43245052570.63903 42514787974.33057 1233.0
747.9984591397849 322.2436795098776 42514787974.33057 43950636897.129715 110.0
565.9926611111111 322.8306187070976 43950636897.129715 41729573124.70442 1383.0
976.030872043011 321.92270328029883 41729573124.70442 42454647647.62465 732.0
1865.8900675408265 322.21909564557484 42454647647.62465 42270203680.64402 1941.0
2639.744900704856 322.14369955606105 42270203680.64402 44011530288.48201 1901.0
3415.724075333934 322.85551040542936 44011530288.48201 47729564688.29245 1941.0
2645.0600065769245 324.37535005653046 47729564688.29245 49096911253.47348 1960.0
2348.40413612583 324.93428719994824 49096911253.47348 49644078809.03468 1958.0
2446.7975218222223 325.15795563797576 49644078809.03468 50374875472.28799 1955.0
1893.7755353073994 325.4566870713808 50374875472.28799 49578709260.75534 1948.0
1572.8619454507857 325.1312341984284 49578709260.75534 48153381586.76261 1919.0
1533.6938022388226 324.5485958250835 48153381586.76261 47230913538.15992 1753.0
1449.6624801075268 324.1715139139501 47230913538.15992 46831910372.95527 1492.0
1503.318648888889 324.0084113801425 46831910372.95527 47234677059.22347 1306.0
1355.515435483871 324.1730523474139 47234677059.22347 46966429705.420166 1484.0
1848.1102043010756 324.0633995253114 46966429705.420166 46708502132.85954 1951.0
3693.677474999996 323.9579651721731 46708502132.85954 50931010365.4695 1928.0
1594.5889441532258 325.68402113318007 50931010365.4695 49748355132.30364 1945.0
2372.1850065769245 325.2005811959273 49748355132.30364 50529930317.61799 1910.0
1597.7312354838712 325.52006962159066 50529930317.61799 49210973159.77074 1903.0
1818.3614107111111 324.98091285996895 49210973159.77074 48731341313.883606 1796.0
1669.2271482106253 324.7848513341941 48731341313.883606 48169877823.20984 1640.0
1438.5904400744416 324.55533907475535 48169877823.20984 47929639993.92953 1344.0
1066.9938022388226 324.4571358470893 47929639993.92953 47433083496.32618 1122.0
662.2243904715765 324.254155946175 47433083496.32618 45970674337.3422 1102.0
669.1969864006617 323.65635958741336 45970674337.3422 44975418002.29725 1012.0
750.2938029325508 323.24952364176204 44975418002.29725 43643467536.83483 1275.0
1406.4023682027655 322.7050555403331 43643467536.83483 42212378170.77978 1947.0
1917.566242124539 322.1200619310995 42212378170.77978 42168433030.73652 1917.0
2350.2918382134026 322.1020982548316 42168433030.73652 43245023929.384735 1865.0
2390.2933399102576 322.54218173976756 43245023929.384735 44289978240.92676 1838.0
1774.9686522548623 322.96933297762365 44289978240.92676 43762672695.2571 1797.0
1810.9002996 322.7537836334339 43762672695.2571 43397792509.75378 1757.0
1670.678761113851 322.6046297219323 43397792509.75378 43399531339.68779 1445.0
1549.5716228701408 322.6053405122037 43399531339.68779 44089003555.17659 1117.0
1509.7215800166005 322.8871795429254 44089003555.17659 45006838491.91681 1024.0
1377.646433482329 323.26236755358366 45006838491.91681 45714175757.9518 1009.0
1257.3636530673284 323.5515093710118 45714175757.9518 45719556477.597336 1214.0
1248.7340722619208 323.55370887488647 45719556477.597336 45174559906.630356 1480.0
1735.539178494624 323.33092788116784 45174559906.630356 44604007216.5939 1955.0
1107.5941285714287 323.097700183919 44604007216.5939 42544160555.664825 1940.0
3274.3181613554393 322.25568628791314 42544160555.664825 46011019164.38334 1895.0
2554.26556213248 323.67285154559886 46011019164.38334 47270552492.99805 1914.0
1782.5761791365828 324.18771732919936 47270552492.99805 46426266052.63001 1917.0
1823.9502996 323.8425941079016 46426266052.63001 45848866799.42547 1846.0
1423.2557402457755 323.6065677065372 45848866799.42547 44435882973.41777 1721.0
1369.4217419354839 323.0289751901149 44435882973.41777 43866466550.28705 1406.0
1521.5271355721559 322.796211970413 43866466550.28705 44127680200.97452 1290.0
1403.1356807941572 322.90298959026074 44127680200.97452 43881966010.56546 1392.0
1481.0953066666666 322.8025477628691 43881966010.56546 43728366303.485374 1500.0
2018.3212543566938 322.73976003685186 43728366303.485374 44860601071.23276 1623.0
2627.384996774194 323.20258934646387 44860601071.23276 46673591601.70024 1957.0
3140.8490673715223 323.9436946184903 46673591601.70024 49503463534.172035 1951.0
3345.5278387747944 325.1004756237248 49503463534.172035 53002725451.59167 1947.0
1544.0627633333334 326.46082691442973 53002725451.59167 51532118169.07546 1947.0
1473.0150903225808 325.92973899812324 51532118169.07546 49845033927.93234 1914.0
1410.9283066666667 325.2401010742331 49845033927.93234 48143300040.68584 1860.0
1174.0757967741933 324.5444747407082 48143300040.68584 45955189954.53084 1756.0
714.3083967741935 323.65002995824943 45955189954.53084 43125357354.484634 1594.0
464.38039000000003 322.4932650311287 43125357354.484634 40639533849.08449 1296.0
275.1413612903226 321.4771224345624 40639533849.08449 36926591024.67956 1565.0
352.180319733995 319.95186938349934 36926591024.67956 34013083050.859272 1440.0
590.7985883909531 318.54124288315063 34013083050.859272 31796255331.039238 1442.0
