4087.925600493146 312.5358064514652 22393561032.0 32825834985.452873 198.0
3063.417519752475 317.96641569935747 32825834985.452873 21659688367.061966 7664.0
3057.205801075273 312.1157785983642 21659688367.061966 9464998047.738737 7558.0
2681.8878788888887 303.97038866734414 9464998047.738737 15759928364.280262 168.0
2668.4988268817206 308.48565326112197 15759928364.280262 22592759063.124203 0.0
2570.4016511111113 312.6498163136013 22592759063.124203 28866920128.06158 0.0
2116.2530870967735 316.04963693621653 28866920128.06158 34023642631.38278 0.0
1426.8848387096778 318.5463554911314 34023642631.38278 37422530743.511345 0.0
944.6457733333334 320.1620918695373 37422530743.511345 39554691157.65127 0.0
650.4524903225806 321.03366582272156 39554691157.65127 41033670061.26271 0.0
545.2885822222223 321.63823547946424 41033670061.26271 42345139343.046936 0.0
1098.3316817204307 322.1743313842677 42345139343.046936 45359924659.950005 0.0
1856.6153956989288 323.4067003651519 45359924659.950005 49809451616.505875 202.0
2193.138434523811 325.2255559135465 49809451616.505875 37350769188.08287 7324.0
2062.783015053764 320.132757537028 37350769188.08287 21512760327.29428 7907.0
2132.3296688888886 312.03168516901 21512760327.29428 26167442987.239628 226.0
2094.498831182796 314.6957663617443 26167442987.239628 31399379168.878605 0.0
1828.7248344444445 317.2757718451044 31399379168.878605 35698175754.640526 0.0
1380.4261688172046 319.3571103682776 35698175754.640526 38837918587.86063 0.0
995.2238967741937 320.74066708864717 38837918587.86063 41055976275.05665 0.0
713.3963611111112 321.6473537028437 41055976275.05665 42575125005.84554 0.0
510.84530860215057 322.268343782196 42575125005.84554 43670770777.29315 0.0
408.40961111111113 322.7162164234745 43670770777.29315 44624338230.09281 0.0
521.6017032258063 323.1060109947239 44624338230.09281 46095742965.36345 0.0
1212.0695075268818 323.7074845205192 46095742965.36345 48840321859.47249 194.0
3312.0123214285713 324.82939986080083 48840321859.47249 38897142967.31683 7403.0
2897.002009677418 320.7648765365786 38897142967.31683 24242419231.898056 8297.0
2181.9543544444446 313.59398994499657 24242419231.898056 29119097891.066807 184.0
2329.054115053763 316.1717332676803 29119097891.066807 34959219157.62997 0.0
2175.720768888889 318.99933144070394 34959219157.62997 40131297988.72719 0.0
1594.7808688172042 321.2693683017007 40131297988.72719 43810522972.18155 0.0
1089.851811827957 322.77334363217665 43810522972.18155 46253149291.668335 0.0
776.9095666666666 323.77182829745266 46253149291.668335 47915370466.748276 0.0
538.6634569892474 324.4513028205811 47915370466.748276 49067669804.09351 0.0
430.9704811111111 324.92233402538227 49067669804.09351 50072852314.503944 0.0
505.16956129032314 325.3332275437405 50072852314.503944 51505038723.66073 0.0
1580.1762266592568 325.91866959680914 51505038723.66073 53010089516.205185 1025.282258064516
3633.578976190476 326.46343990639764 53010089516.205185 44321168684.089096 7205.0
4032.5781363287206 322.9820828521961 44321168684.089096 33674699461.282845 7928.0
3827.094539682541 318.37740847355616 33674699461.282845 42669365611.721146 218.0
2617.183366666667 322.3068669893941 42669365611.721146 49200183118.07721 0.0
2349.3607944444443 324.97650216027137 49200183118.07721 53199576571.21268 592.7361111111111
2059.496421832632 326.53067562182656 53199576571.21268 53272558023.42612 1780.5483870967741
1803.012329032258 326.5565716396438 53272558023.42612 53110216320.74286 1668.72311827957
1713.1913422222221 326.4989679129754 53110216320.74286 53069952000.56728 1583.786111111111
1396.984284984639 326.4846809192113 53069952000.56728 52831344408.13483 1372.255376344086
1017.8205522222222 326.400015757344 52831344408.13483 52564564297.7446 1076.1083333333333
2102.7512794930863 326.305354137406 52564564297.7446 53513807236.71317 1778.6693548387098
3109.1016508387074 326.6421741281693 53513807236.71317 54372771297.727066 2795.5403225806454
2601.6854072857145 326.94696045337605 54372771297.727066 42031379606.745575 7683.0
3154.659403349462 322.0460742363042 42031379606.745575 28495159981.406925 8133.0
3463.0267653333335 315.86964267522364 28495159981.406925 36605176178.07094 206.0
2161.7919150537646 319.7962506914258 36605176178.07094 41953884116.498375 0.0
1333.4540944444443 322.0143960143746 41953884116.498375 44906543600.82324 0.0
1034.9371806451613 323.2213695057187 44906543600.82324 47056881793.05995 0.0
752.3369849462366 324.1003740808257 47056881793.05995 48579675914.47097 0.0
667.6549133499336 324.7228543048662 48579675914.47097 49949787420.85049 0.0
373.4643771182796 325.28292168722595 49949787420.85049 50653595694.51664 0.0
293.0319322222222 325.5706209406663 50653595694.51664 51299461176.2722 0.0
334.49407526881726 325.83463462717214 51299461176.2722 51969377847.700485 114.22849462365592
1299.6950391771857 326.0941640548924 51969377847.700485 52800982306.76215 996.236559139785
1754.9960088744551 326.38924236911635 52800982306.76215 39290644615.33011 7320.0
1486.497713632872 320.92573018749016 39290644615.33011 21940382400.938923 7894.0
2195.169733333333 312.2764322349696 21940382400.938923 26757714224.5913 225.0
2162.1475978494627 315.0284275319993 26757714224.5913 32166649494.79501 0.0
2163.3002996 317.64725936612524 32166649494.79501 37324695522.59011 0.0
1608.961019178367 320.1220992734392 37324695522.59011 41062255419.178665 0.0
1105.8135583540115 321.64992046021746 41062255419.178665 43563079764.57971 0.0
796.6021355721559 322.67219502571726 43563079764.57971 45287222811.6958 0.0
512.2886005376344 323.3769816644076 45287222811.6958 46377722956.8407 0.0
411.2395288888889 323.82275090210135 46377722956.8407 47335197259.92894 0.0
594.8301548387094 324.2141424962238 47335197259.92894 49005218079.869675 0.0
1167.1225827956982 324.89680531947255 49005218079.869675 51627319566.252045 195.0
1052.7705559523808 325.96865495282134 51627319566.252045 38034861098.76804 6652.0
1057.2039193548383 320.412397233452 38034861098.76804 19863966959.11313 7773.0
1885.1988954658132 311.08800764601256 19863966959.11313 23958774484.112476 199.0
1078.6215774193543 313.4316474840387 23958774484.112476 26492460378.174824 0.0
978.1608744444445 314.88178822010923 26492460378.174824 28626518594.904167 0.0
761.2249795698924 315.9332422750577 28626518594.904167 30170250364.01504 0.0
552.4270774193549 316.68066735935656 30170250364.01504 31257953134.717335 0.0
483.6355222222222 317.2072979252045 31257953134.717335 32224698149.027096 0.0
248.23163225806456 317.675364650444 32224698149.027096 32637805470.04266 6.0
213.8982522222222 317.8753778783977 32637805470.04266 33094169003.099842 3.0
1529.0877580645194 318.0963343677253 33094169003.099842 37236123468.420975 7.0
3037.7965139784947 320.0858932286773 37236123468.420975 44888157241.660286 187.0
2906.0181309523764 323.2138536210629 44888157241.660286 33433232535.293217 7623.0
3749.3936935483816 318.26049798358343 33433232535.293217 21668350147.94748 8075.0
4519.051880222222 312.12073611947545 21668350147.94748 32515433592.20032 217.0
2842.815489098999 317.8161293658373 32515433592.20032 39706812202.01259 0.0
2746.1294266666664 321.0958491083305 39706812202.01259 46323686195.84725 0.0
2257.328480645161 323.80066202310144 46323686195.84725 51725736249.57315 0.021505376344086023
1466.9789645161293 326.00771267615477 51725736249.57315 52761965803.78988 886.5376344086021
979.8959288888891 326.3753981384866 52761965803.78988 52447655052.56459 957.0194444444444
669.4933207267338 326.2638712153161 52447655052.56459 52199953135.457855 648.8870967741935
464.1887104053585 326.1759791130871 52199953135.457855 52075928384.4252 467.64166666666665
844.4714325402173 326.1319713951655 52075928384.4252 52447093152.28511 735.9408602150538
1746.2737314726733 326.26367183616964 52447093152.28511 53193279395.86281 1474.736559139785
2607.4539350774508 326.5284411943095 53193279395.86281 42757778484.65007 6901.0
2914.057863276999 322.34300796483853 42757778484.65007 28153416425.438087 8291.0
2679.80372544012 315.70418147837614 28153416425.438087 34235034760.870956 208.0
2058.233163735404 318.64870473558193 34235034760.870956 39320882926.32897 0.0
1525.6726946405224 320.9380908542018 39320882926.32897 42786324947.037056 0.0
979.3798465862992 322.35467704607044 42786324947.037056 44803882268.06942 0.0
670.2134030555153 323.17940411557544 44803882268.06942 46120100076.28569 0.0
496.22103031118695 323.7174410994491 46120100076.28569 47056801819.17288 0.0
273.2458612903226 324.10034138949703 47056801819.17288 47502235027.60887 0.0
201.22969555555557 324.2824233659663 47502235027.60887 47914284946.52856 0.0
245.02269139784954 324.4508590870126 47914284946.52856 48647480349.9684 0.0
468.93142688172065 324.7505710655273 48647480349.9684 49460890333.852776 172.0
1142.6894464285715 325.08307276216897 49460890333.852776 36065349067.71101 6661.0
1747.2807043010735 319.5348838325317 36065349067.71101 20772809007.2809 7389.0
1029.20706 311.6081782321892 20772809007.2809 22652569219.878693 198.0
1218.0447537634416 312.68404831723825 22652569219.878693 25567167352.638313 0.0
941.8733133333334 314.3522020104386 25567167352.638313 27613808155.049988 0.0
683.679006451613 315.44292057473126 27613808155.049988 28958715478.528194 0.0
482.3445247311828 316.0940812813635 28958715478.528194 29866758484.125626 0.0
326.31071 316.533726389138 29866758484.125626 30430220184.173027 1.0
204.8464419354839 316.80653635333255 30430220184.173027 30749863272.982292 0.0
156.78700555555557 316.96129721747957 30749863272.982292 31068667029.775448 0.0
280.81727526881656 317.1156517041616 31068667029.775448 31861022366.481014 8.0
697.3125215053764 317.4992845775545 31861022366.481014 33279971938.81647 173.0
2032.1065904761917 318.18629415068096 33279971938.81647 21646030822.23815 6826.0
2513.304820215053 312.10796178012714 21646030822.23815 9494430345.047972 6998.0
1550.3320255555554 303.9951466563324 9494430345.047972 12857425880.383 171.0
1312.637539784947 306.4905319496721 12857425880.383 16092367226.196798 0.0
1089.2374155555556 308.7141649891372 16092367226.196798 18588551571.76369 0.0
731.2037193548388 310.35803089043253 18588551571.76369 20137193391.283535 0.0
462.224647311828 311.2443872431797 20137193391.283535 21049276621.10558 0.0
307.26378555555556 311.7664129012738 21049276621.10558 21599635148.15025 3.0
182.23040967741935 312.0814074794816 21599635148.15025 21873624765.443455 7.0
127.7093088888889 312.23822388132066 21873624765.443455 22119553298.204224 4.0
295.73324946236573 312.3789796807487 22119553298.204224 22932192323.109985 12.0
1179.7696376344084 312.844089012769 22932192323.109985 25654841334.15666 168.0
3098.1042738095207 314.4023817159779 25654841334.15666 16763483796.645086 6760.0
1870.4863784946244 309.1754769017357 16763483796.645086 4400257510.557297 6441.0
1698.2713066666665 299.63426428024326 4400257510.557297 8261898116.25448 139.0
1496.9243 302.9583597882356 8261898116.25448 12023042283.84113 0.0
1467.7304177777778 305.9169935962614 12023042283.84113 15528768171.424212 0.0
1032.535969892473 308.326758435128 15528768171.424212 17908598507.21861 0.0
708.7855666666666 309.9626055177472 17908598507.21861 19493823599.082508 0.0
489.8961333333333 310.87615819544556 19493823599.082508 20454136863.60274 30.0
324.1034451612903 311.42578804006564 20454136863.60274 21101190398.106255 11.0
263.57735777777776 311.7961254567916 21101190398.106255 21689823943.438686 8.0
1101.3023193548383 312.133026524404 21689823943.438686 24658096333.67556 13.0
3033.969075268815 313.8319003741275 24658096333.67556 32323910523.721733 177.0
2669.836927380945 317.7234000792688 32323910523.721733 19674189913.814827 7884.0
3332.1183602150513 310.97938983162476 19674189913.814827 9216070990.10914 7186.0
2707.248053333334 303.7609951128105 9216070990.10914 15528988307.445776 187.0
2597.1743322580646 308.32690975216235 15528988307.445776 22173025582.767735 0.0
2357.0004411111113 312.40958423922143 22173025582.767735 27898938288.74448 0.0
2025.142319354839 315.58097138023845 27898938288.74448 32814957513.90032 2.0
1684.1314096774195 317.9611491788033 32814957513.90032 36908176282.40923 0.0
1193.501548888889 319.9429535597992 36908176282.40923 39686157803.131546 0.0
818.9652666666666 321.087406105654 39686157803.131546 41615297122.977165 0.0
579.4204555555556 321.87599010341074 41615297122.977165 43014444793.07829 0.0
584.7775580645159 322.44792674468385 43014444793.07829 44653712173.353264 0.0
1793.5701107526845 323.11801832948083 44653712173.353264 48952966505.32724 195.0
2801.4120261904777 324.875446180131 48952966505.32724 36795321864.3788 7808.0
3322.5266781720447 319.88831309401513 36795321864.3788 23295614009.058117 8293.0
3436.7105466666662 313.0520913513382 23295614009.058117 31369519847.067028 204.0
2918.8083483870964 317.26131492547063 31369519847.067028 38770697275.66165 0.0
2639.367258888889 320.7131886942342 38770697275.66165 45117399968.95461 0.0
2191.554089247312 323.3075623255026 45117399968.95461 50352787782.89435 0.0
1764.7790870967738 325.4476581753213 50352787782.89435 52903150143.725845 619.9462365591398
1229.1966644444442 326.4254945954851 52903150143.725845 52660352648.38561 1178.4472222222223
810.1768827956989 326.339342729845 52660352648.38561 52326226712.49752 821.6639784946236
584.1205022222223 326.22078478222215 52326226712.49752 52181251643.59799 595.6055555555556
548.6671580645161 326.1693432603914 52181251643.59799 52206299902.1855 569.3172043010753
693.2604612903225 326.1782311371189 52206299902.1855 52308361456.95746 662.1612903225806
1454.4860380952389 326.2144456513643 52308361456.95746 40151439032.14315 6460.0
1884.8884247311837 321.2776014574778 40151439032.14315 23674133040.606636 7965.0
1899.1887577777775 313.2687345699443 23674133040.606636 27755638107.41995 210.0
2498.185243010753 315.51159005878765 27755638107.41995 34055737878.487644 0.0
2153.57382 318.56189497360685 34055737878.487644 39176344371.93698 0.0
1683.6829569892475 320.8790071012142 39176344371.93698 43099789530.44695 0.0
1150.201258064516 322.4828135428997 43099789530.44695 45707624609.18864 0.0
798.9035659003831 323.5488314249306 45707624609.18864 47428965306.85235 0.0
528.536093548387 324.2524725331185 47428965306.85235 48555799452.801926 0.0
388.1287722222222 324.71309420335274 48555799452.801926 49450653694.99563 0.0
827.4932376344088 325.0788882797366 49450653694.99563 51745010419.813095 0.3629032258064516
1817.8416804440524 326.01455173239174 51745010419.813095 53220589607.17675 1273.967741935484
2807.9829959429517 326.53813168000596 53220589607.17675 41768153422.84536 7522.0
3664.0681613554393 321.93847394311706 41768153422.84536 30204871346.47373 7905.0
3961.2350065769247 316.6974297213488 30204871346.47373 39568564743.378716 216.0
3420.1837060183034 321.03933699824717 39568564743.378716 48261562223.950325 0.0
3054.8558551555557 324.59281736910356 48261562223.950325 53671481386.409386 754.3027777777778
2484.745965414926 326.69812166642754 53671481386.409386 53646081575.24931 2241.5080645161293
2057.679149751861 326.6891090482566 53646081575.24931 53338126924.43119 1977.225806451613
1826.3326911277113 326.57983746098864 53338126924.43119 53174649443.54193 1744.2583333333334
1214.7780715053764 326.5218307259973 53174649443.54193 52684973163.37217 1283.8763440860216
838.9075377777777 326.3480788302571 52684973163.37217 52409540766.072586 900.6027777777778
759.3756505376344 326.2503471182729 52409540766.072586 52391605623.86172 796.1344086021505
1442.736548387097 326.24398318951893 52391605623.86172 52938818831.08248 1245.47311827957
3473.4036654761867 326.4381509202812 52938818831.08248 43666648533.80466 7286.0
1526.7824925403224 322.71453135323804 43666648533.80466 25188987967.530502 8351.0
2595.012784354702 314.1357531865445 25188987967.530502 31120836568.160793 187.0
1871.2876870967743 317.1409105103906 31120836568.160793 35726350154.434555 0.0
2104.0752996 319.37075150306697 35726350154.434555 40708475416.41366 0.0
1734.8481159525606 321.5053040263307 40708475416.41366 44757274430.09186 0.0
1297.4775368486353 323.1603519948597 44757274430.09186 47749070604.29054 0.0
953.5021355721558 324.3833235880735 47749070604.29054 49861979918.10337 0.0
548.7432076758776 325.2470281720003 49861979918.10337 51034768838.87023 0.0
551.8747641784394 325.72643500703236 51034768838.87023 52044289101.00063 118.225
623.3287491691099 326.1207448242706 52044289101.00063 52262062499.54256 572.0241935483871
1307.6604327188945 326.1980173865138 52262062499.54256 52820842185.8054 1106.0698924731182
1859.5126706959675 326.39628925248127 52820842185.8054 39289976281.00731 7433.0
2333.695064019854 320.9254569891023 39289976281.00731 24405941670.038902 7819.0
2546.218339910258 313.6875810840424 24405941670.038902 30140759952.839424 216.0
2489.4337060183034 316.6663890543427 30140759952.839424 36402858385.13764 0.0
2634.703077377778 319.6982949477765 36402858385.13764 42751976652.98692 0.0
2268.7163955224532 322.34063632088305 42751976652.98692 48210554411.15188 0.0
1939.641515343259 324.5719666485155 48210554411.15188 52533276283.14471 136.22043010752688
1508.0299133499336 326.2942522072721 52533276283.14471 52871899849.026474 1232.8972222222221
924.4018098264153 326.4144060495082 52871899849.026474 52430508570.31547 975.7822580645161
785.9275419562173 326.257787126875 52430508570.31547 52353094922.940605 771.2777777777778
900.3389109715982 326.2303184326943 52353094922.940605 52506044543.95429 873.3172043010753
1489.552619354839 326.2845895658491 52506044543.95429 52982879709.70927 1318.5698924731182
942.7131761904762 326.4537850473554 52982879709.70927 37159645982.45528 7464.0
3233.4095592049016 320.05463114148597 37159645982.45528 24000826519.471745 8076.0
3137.9405621324795 313.4557157277196 24000826519.471745 31280503550.72698 211.0
2598.8100501043245 317.2182161086119 31280503550.72698 37827690176.9608 0.0
2529.578077377778 320.32771093212733 37827690176.9608 43896441514.894455 0.0
1956.7503639016895 322.8084649876936 43896441514.894455 48514138906.09085 0.0
1756.435182795699 324.69606441180986 48514138906.09085 52417306440.45479 109.51344086021506
1844.5688022388226 326.2531026134852 52417306440.45479 53143744419.20501 1419.5777777777778
1537.337293697383 326.51086469234633 53143744419.20501 52951067710.85435 1495.3360215053763
1093.3258622222222 326.4424971918227 52951067710.85435 52632903715.61346 1171.4
1360.173404894328 326.3296030215962 52632903715.61346 52900469071.05416 1290.470430107527
2020.7720935483876 326.42454327013365 52900469071.05416 53441675088.16355 1825.7876344086021
2727.7359721334274 326.6165794688773 53441675088.16355 41470954366.68175 7656.0
3014.5547204952245 321.8169863877974 41470954366.68175 27716769657.314987 8075.0
1463.3766522222222 315.49277121008765 27716769657.314987 30585820522.774155 235.0
1500.7301440860215 316.8818730138347 30585820522.774155 34205154668.272327 0.0
1372.5921955555557 318.6342377594037 34205154668.272327 37306940151.110634 0.0
1074.3661193548387 320.1148413207974 37306940151.110634 39617990622.35849 0.0
791.0879666666666 321.0595410637792 39617990622.35849 41286417886.386154 0.0
568.25539 321.7415524811498 41286417886.386154 42429186753.92124 0.0
384.93168387096773 322.2086878677972 42429186753.92124 43188628712.68015 0.0
432.4275419562172 322.5191287829459 43188628712.68015 44205021172.96535 0.0
660.9195561328886 322.9346046489843 44205021172.96535 46049368786.64875 0.0
