3452.4175359770165 312.5358064514652 22393561032.0 31227965803.884182 159.0
3277.8133530858086 317.1927790277351 31227965803.884182 23732532022.50606 6361.0
3307.695048387101 313.3021588956651 23732532022.50606 17901056784.662964 5426.0
2144.1489899999997 309.9574214906949 17901056784.662964 22458948737.769684 283.0
1580.1117301075271 312.57323073361357 22458948737.769684 25975649290.169056 137.0
1465.6072066666666 314.58599432816453 25975649290.169056 28995280608.43751 146.0
1178.6724419354832 316.11178493678585 28995280608.43751 31281582226.59832 138.0
758.519247311828 317.2187383686445 31281582226.59832 32544248081.553196 138.0
565.8402177777778 317.8300804113262 32544248081.553196 33366146950.49245 136.0
591.9686193548387 318.22801730923425 33366146950.49245 34346568018.938362 136.0
758.655248888889 318.7027055383647 34346568018.938362 35867119136.46955 136.0
1320.0332946236563 319.43890729953984 35867119136.46955 39105809996.7518 136.0
2025.1772236559182 320.85017440935485 39105809996.7518 43716273797.40649 310.0
3887.257482142859 322.7348169222264 43716273797.40649 36768268964.2374 6741.0
2728.61903655914 319.87521495315065 36768268964.2374 27555875231.06892 6096.0
1063.8213355555556 315.41487132326375 27555875231.06892 29172962683.303673 320.0
1026.5687236559143 316.19781286109406 29172962683.303673 31169043178.05323 137.0
887.8359455555556 317.16425059458373 31169043178.05323 32687332456.66017 136.0
607.014878494624 317.89935724637365 32687332456.66017 33424570357.660854 136.0
527.2077677419356 318.25630403682624 33424570357.660854 34061723294.912643 136.0
533.0908055555556 318.56479291900484 34061723294.912643 34792178296.25934 136.0
569.9232655913979 318.9184556484261 34792178296.25934 35708504026.52041 136.0
696.0929444444445 319.36211098408074 35708504026.52041 37065129321.11848 136.0
867.4431010752687 320.0159950897064 37065129321.11848 39092143415.33507 136.0
1586.1743462365594 320.8445878520241 39092143415.33507 42499871535.41372 320.0
4903.4111309523805 322.23758204200044 42499871535.41372 36829899851.478165 7229.0
3820.596095698924 319.9050546390424 36829899851.478165 27317725979.763046 7300.0
1350.33491 315.2995671442641 27317725979.763046 29684539572.82521 317.0
932.3363731182794 316.44550187509697 29684539572.82521 31425862494.87006 137.0
994.9318800000001 317.28859421655375 31425862494.87006 33219117231.936012 136.0
714.8104387096773 318.15683026626124 33219117231.936012 34239701480.332867 136.0
500.7577258064516 318.6509642104836 34239701480.332867 34801201816.4693 136.0
510.0623444444444 318.92282454559376 34801201816.4693 35468812219.35721 136.0
546.8758225806453 319.24605994933535 35468812219.35721 36321072777.38552 136.0
686.598258888889 319.6586969968943 36321072777.38552 37652277515.70352 136.0
810.9249376344092 320.25600661494894 37652277515.70352 39528365344.29294 136.0
1901.5928933259233 321.02290448737955 39528365344.29294 43789123204.95899 317.0
5745.3379047619055 322.7645959415284 43789123204.95899 39400072146.94497 7541.0
5299.002867511516 320.9704614308264 39400072146.94497 36404482712.32042 6339.0
2044.2139841269855 319.69908139455816 36404482712.32042 40605029358.14441 284.0
1132.508635483871 321.4630178599854 40605029358.14441 42824214874.02364 134.0
911.8913499999999 322.3701655023942 42824214874.02364 44348851086.006226 129.0
786.5609379616648 322.9933987270771 44348851086.006226 45485507156.15163 133.0
538.4558774193548 323.45803535474244 45485507156.15163 46085400687.03561 135.0
507.6663422222223 323.70325685530815 46085400687.03561 46700056002.89046 136.0
508.7772957373272 323.95451260507855 46700056002.89046 47412817078.260735 136.0
666.2955522222222 324.2458715403709 47412817078.260735 48558223996.877945 182.0
2034.0120321812583 324.7140852964483 48558223996.877945 52570672197.998505 565.4166666666666
3262.4107906236536 326.3075214044171 52570672197.998505 54457225029.526505 2565.1774193548385
6977.203264428572 326.97692718159374 54457225029.526505 52862612320.85148 7615.0
6500.522306575269 326.4111105547242 52862612320.85148 48916866371.58218 7882.0
2867.7017653333337 324.8606893466067 48916866371.58218 53440404150.87065 959.5833333333334
1682.8026677419366 326.61612850203875 53440404150.87065 53019005820.12501 1646.282258064516
668.23465 326.4666036796327 53019005820.12501 52144538623.424995 790.2361111111111
577.0070731182797 326.15631637485143 52144538623.424995 51996986186.246086 383.491935483871
500.00096344086023 326.1039603251117 51996986186.246086 51972874098.13592 316.4247311827957
657.4160244610448 326.0954046298717 51972874098.13592 52142260288.35004 448.5777777777778
542.2788932473118 326.15550795293177 52142260288.35004 52080669176.298546 452.38440860215053
677.6458211111111 326.1336535709389 52080669176.298546 52246164240.123665 569.3611111111111
757.6930000000001 326.1923762051357 52246164240.123665 52382778206.45594 736.733870967742
1705.1466520804115 326.2408509558967 52382778206.45594 53156198719.49709 1423.4381720430108
2704.38291363636 326.5152838532767 53156198719.49709 45610686294.583595 5803.0
2078.2450254608293 323.5092054617456 45610686294.583595 29693505164.44589 7943.0
1312.9114 316.4498427251118 29693505164.44589 30917316346.84712 717.0
944.3680279569896 317.0423725897391 30917316346.84712 32506969895.84531 203.0
813.8669662666666 317.8120315173067 32506969895.84531 33776192749.725784 155.0
787.6384385332058 318.4265482471801 33776192749.725784 34962627016.17746 145.0
671.0447411497105 319.0009814157923 34962627016.17746 35969021483.368324 138.0
658.4160244610448 319.48824512606194 35969021483.368324 37009947828.97489 138.0
614.0278478494624 319.99222805702277 37009947828.97489 38030971013.39854 138.0
754.6923066666666 320.41080706365926 38030971013.39854 39531199730.0083 138.0
949.7952086021503 321.0240631135066 39531199730.0083 41773022500.17175 139.0
1498.343012903225 321.9404643003836 41773022500.17175 44999604889.52356 300.0
2306.4253178571425 323.2594106374943 44999604889.52356 35656952734.13067 6150.0
1847.8006935483866 319.3371515126032 35656952734.13067 20666571641.843258 7377.0
1702.4488954658132 311.5473738792601 20666571641.843258 23762419333.814293 401.0
859.535555913978 313.3192647286025 23762419333.814293 24425891107.565956 482.0
662.1553188888889 313.69899903134495 24425891107.565956 25334706102.84518 164.0
482.8459473118279 314.2191541339544 25334706102.84518 25778606260.121655 144.0
459.73352903225805 314.4732178686594 25778606260.121655 26277774033.909584 138.0
393.9383 314.75891370988415 26277774033.909584 26680449129.48354 137.0
346.0542129032259 314.9893825145854 26680449129.48354 27024898816.202473 137.0
436.2399188888889 315.157789685389 27024898816.202473 27717817237.443844 137.0
1680.72216666667 315.4932784145656 27717817237.443844 31912573343.730732 137.0
3124.874470967742 317.5242438964514 31912573343.730732 39486005680.13068 303.0
2941.0657499999957 321.0055889140744 39486005680.13068 27920695467.08415 7705.0
3785.9017580645104 315.59150550357515 27920695467.08415 15690607668.59316 8292.0
3852.2241024444443 308.43800362152405 15690607668.59316 24531250757.635395 339.0
1044.3584998516872 313.7593010288664 24531250757.635395 26601261381.494762 138.0
870.2210933333333 314.94405985662473 26601261381.494762 28101814418.49798 137.0
1059.5005236559136 315.67919745255057 28101814418.49798 30082630827.93977 136.0
655.2988569892476 316.6382448087246 30082630827.93977 31079746311.94335 137.0
594.8014844444444 317.1210159349004 31079746311.94335 31983056470.30004 136.0
626.4207400815726 317.55836955083765 31983056470.30004 33060587972.06769 136.0
719.0470437386919 318.08007551663974 33060587972.06769 34480316302.01984 136.0
1170.9848734004322 318.76746213906256 34480316302.01984 37318321380.53416 136.0
2122.3113658812754 320.1194936832814 37318321380.53416 42169856970.151436 317.0
4283.013458886974 322.10268032571935 42169856970.151436 35093957390.044945 7190.0
3663.9557127393646 319.06456734290936 35093957390.044945 28168730089.745335 6178.0
1552.8120587734531 315.7115958602427 28168730089.745335 31083146849.375523 306.0
1110.4052067461566 317.1226623653411 31083146849.375523 33291368105.060467 137.0
922.2476946405225 318.19181180645904 33291368105.060467 34884454617.03544 136.0
658.5035025002776 318.9631328638692 34884454617.03544 35741586800.20447 136.0
555.2429729479884 319.3781285950443 35741586800.20447 36439309096.337135 136.0
563.7738080889646 319.7159432053535 36439309096.337135 37238559072.81077 136.0
537.2404849462366 320.08688884295304 37238559072.81077 38058844520.68715 136.0
669.7102511111111 320.4222010576456 38058844520.68715 39341493800.819115 137.0
747.651723655914 320.9465160651938 39341493800.819115 41046848592.49731 137.0
990.2405666666668 321.64362253406347 41046848592.49731 42936348021.91636 291.0
1812.6239702380954 322.41600273412575 42936348021.91636 32574754297.24242 6078.0
2147.8022096774175 317.84485053609103 32574754297.24242 17291792179.34818 7790.0
990.85706 309.5386253638632 17291792179.34818 18463687562.050426 441.0
849.921097849463 310.28656568340796 18463687562.050426 19983115385.710766 165.0
598.7177577777777 311.156201571492 19983115385.710766 20798980205.408367 149.0
549.3806193548387 311.6231571688464 20798980205.408367 21475577621.713284 138.0
480.36334193548385 312.0104038585813 21475577621.713284 22061381964.87939 137.0
469.7273766666667 312.3456856483971 22061381964.87939 22680440098.262264 137.0
298.97547419354845 312.70000005623984 22680440098.262264 22914741866.393723 137.0
117.77867222222221 312.83410134294513 22914741866.393723 22788909551.690914 137.0
252.2527591397843 312.7620819320575 22788909551.690914 23150756106.47744 137.0
668.5195107526882 312.96918275324947 23150756106.47744 24270910109.379574 255.0
1987.7911142857158 313.61029653696176 24270910109.379574 16330150093.578463 5257.0
2463.7268632258056 308.87761210721646 16330150093.578463 5800377642.825935 6349.0
1443.2848033333335 300.887767196186 5800377642.825935 7852066949.676357 581.0
1045.2880774193554 302.6136162093509 7852066949.676357 9984782528.838226 160.0
552.3179711111111 304.40762325777104 9984782528.838226 10766792302.55822 146.0
540.3999559139785 305.05347285026 10766792302.55822 11512332679.888014 138.0
325.4235720430107 305.56594217754196 11512332679.888014 11755805579.134079 137.0
192.52211888888888 305.7333005080658 11755805579.134079 11711067361.74672 137.0
101.33256021505372 305.70254836523696 11711067361.74672 11462807837.01092 137.0
183.83430888888887 305.53189980547904 11462807837.01092 11526238186.972366 137.0
316.37841075268835 305.57550054094884 11526238186.972366 12047462250.531075 137.0
1088.2400677419353 305.93377938584763 12047462250.531075 14334637590.26285 238.0
3013.9286785714257 307.5059373042775 14334637590.26285 9888523831.372162 4841.0
1908.0267010752696 304.3266519442902 9888523831.372162 427312453.6636311 5403.860215053764
1188.9629733333334 295.4193851619601 427312453.6636311 2486274991.5215974 339.0
861.6581709677419 297.60372903832126 2486274991.5215974 4195537018.7716007 152.0
599.3609733333333 299.41707725309954 4195537018.7716007 5155121179.31078 144.0
541.2107010752688 300.3449875330676 5155121179.31078 5950657514.722469 142.0
461.9818032258064 301.0141802781986 5950657514.722469 6603013269.211294 137.0
473.9239111111111 301.56293175404716 6603013269.211294 7315240960.974273 137.0
522.1088215053763 302.1620465687872 7315240960.974273 8211914347.147932 137.0
643.6273577777778 302.91631422202886 8211914347.147932 9471831639.523537 137.0
1291.2404913978492 303.97613697806486 9471831639.523537 12603228734.796513 137.0
3120.0524086021474 306.31580198982437 12603228734.796513 20282386159.60489 257.0
2701.9649035714215 311.32748749977384 20282386159.60489 10318259920.128428 6809.0
3457.553844086019 304.68813923294783 10318259920.128428 3037720725.0430646 6136.0
1463.039720000001 298.18875527800026 3037720725.0430646 5642593538.879942 394.0
1050.2899236559142 300.7550416713324 5642593538.879942 7803896521.6645355 161.0
671.7559966666666 302.5730959973625 7803896521.6645355 8915857393.608057 145.0
598.3385559139787 303.5084601224832 8915857393.608057 9837432014.35116 137.0
502.40560322580654 304.28367430547706 9837432014.35116 10568612194.311481 136.0
503.83766 304.8987316573952 10568612194.311481 11337580402.814388 136.0
539.1023634408602 305.44582100825846 11337580402.814388 12263597605.091843 136.0
668.9399 306.08234644287313 12263597605.091843 13584649961.262392 136.0
818.1996010752687 306.99041102643827 13584649961.262392 15453104599.305758 137.0
2069.562046236555 308.2747488309773 15453104599.305758 20214542360.406166 296.0
6488.06678809524 311.2886574864962 20214542360.406166 17464599073.62662 7612.0
4429.580441612905 309.65740931648793 17464599073.62662 10285373958.108992 7060.0
2049.06888 304.6604760751253 10285373958.108992 14598862859.821997 300.0
1224.6121118279566 307.68756039305885 14598862859.821997 17225825872.26764 135.0
893.6394811111111 309.493281462928 17225825872.26764 18862180254.57091 134.0
913.7906483870968 310.51464071346777 18862180254.57091 20535359506.068817 135.0
575.0290870967738 311.47227535832695 20535359506.068817 21382850099.392487 136.0
555.1244422222219 311.95733178765596 21382850099.392487 22228593321.20562 136.0
575.2225817204302 312.4413881188219 22228593321.20562 23205793899.160797 136.0
704.5177244444444 313.00068332140614 23205793899.160797 24601804810.094017 136.0
792.8257602150537 313.7996822402095 24601804810.094017 26416858158.087612 136.0
1030.3007838709677 314.8385177186857 26416858158.087612 28311362796.260777 328.0
5855.021752380953 315.78065401193993 28311362796.260777 23118204690.98859 7987.0
3223.39380107527 312.95055213541013 23118204690.98859 9686398457.745842 8185.0
1208.9304244444443 304.1566272356543 9686398457.745842 11788741722.09052 317.0
894.1395440860217 305.75594014441197 11788741722.09052 13549176454.627098 137.0
655.47382 306.96602725778604 13549176454.627098 14594637059.537888 136.0
572.0539247311829 307.68465566369116 14594637059.537888 15393372359.898474 136.0
479.1985698924732 308.23369010166243 15393372359.898474 16021136176.612787 136.0
488.7118992337165 308.6652022110344 16021136176.612787 16721901277.079441 136.0
526.6651258064516 309.14689392155583 16721901277.079441 17591309069.048195 136.0
672.48155 309.7445071962113 17591309069.048195 18912774943.92811 136.0
1194.8695817204302 310.54359829666214 18912774943.92811 21796583529.379486 137.0
2203.2395299064183 312.19412976727307 21796583529.379486 26837312018.882393 326.0
6123.05442451438 315.06696621423566 26837312018.882393 22399737670.60048 7943.0
4815.882677484472 312.5393416154994 22399737670.60048 22343723490.230255 4776.0
1889.4433399102577 312.5072822173937 22343723490.230255 26389247607.97278 217.0
2079.315426448411 314.82271497709064 26389247607.97278 31221464374.906513 134.0
1882.439188488889 317.18963124571826 31221464374.906513 35342450413.40962 123.0
1246.0766105762166 319.1848796423984 35342450413.40962 37776865001.01408 131.0
767.7947411497105 320.3069348689252 37776865001.01408 39032946996.27032 135.0
680.2688022388226 320.8203898336028 39032946996.27032 40122869495.32857 136.0
592.8963510752689 321.26592294399586 40122869495.32857 41082399937.63464 136.0
700.2742044444444 321.6581550365041 41082399937.63464 42442987279.93995 136.0
794.4401666666668 322.2143291783376 42442987279.93995 44279134691.92419 136.0
1596.5860107526883 322.9649004054738 44279134691.92419 47672962223.750336 336.0
7759.079260714281 324.35221238196635 47672962223.750336 46645283657.44172 8164.0
4265.062062432796 323.93212303751534 46645283657.44172 39992376095.77062 6665.0
1732.86556213248 321.21258049970186 39992376095.77062 43156382569.76741 367.0
880.7312354838713 322.5059473646685 43156382569.76741 44675372953.559006 139.0
926.7669662666667 323.12687271572105 44675372953.559006 46206478548.29775 137.0
809.0766105762166 323.7527504625825 46206478548.29775 47373644904.43566 139.0
679.7678594292804 324.22985893354775 47373644904.43566 48233430336.002396 175.0
672.1826911277115 324.58131775555347 48233430336.002396 48036181671.82091 611.0
561.7351431597485 324.5006874254616 48036181671.82091 48249710567.52671 374.0
963.930319733995 324.58797270780485 48249710567.52671 49794619508.824646 325.0
1045.3072437927658 325.2194929181733 49794619508.824646 52185645936.32331 182.2284946236559
1723.3324757296473 326.1709024878287 52185645936.32331 53162392933.52898 1365.7069892473119
4556.697194505491 326.5174817470164 53162392933.52898 48493267606.77697 6466.0
3356.9208704714665 324.68753274565074 48493267606.77697 33227707405.581234 8975.0
2638.1822287991463 318.1609893510125 33227707405.581234 34713479167.6657 1934.0
1228.2320931150775 318.8803520711076 34713479167.6657 36602573731.36689 366.0
843.5225218222222 319.79499067074994 36602573731.36689 37802494694.22701 201.0
753.7862879955713 320.3174116477287 37802494694.22701 38792741931.32769 173.0
664.8726981389578 320.72219999918013 38792741931.32769 39744145234.3546 144.0
651.6271355721559 321.111109920025 39744145234.3546 40746729284.041 140.0
544.0227775683508 321.52094125250346 40746729284.041 41565480320.196075 139.0
804.4636530673283 321.8556262379872 41565480320.196075 43190164655.1673 138.0
1068.9007389285875 322.5197566378937 43190164655.1673 45751692718.13053 140.0
1750.9881032258068 323.5668453678146 45751692718.13053 49572810090.550674 331.0
5099.677461904762 325.12882276490694 49572810090.550674 43357778503.01447 7649.0
4883.828914043612 322.58827299482806 43357778503.01447 32754815446.225376 8764.0
2151.5322287991467 317.93203033127986 32754815446.225376 35252211609.38226 1057.0
1118.2105877387335 319.1411889267853 35252211609.38226 37383616619.69076 164.0
850.3836329333333 320.1461847471143 37383616619.69076 38661062461.92667 176.0
583.6482133640552 320.66837271914153 38661062461.92667 39223027684.43481 161.0
486.970129032258 320.89809007402977 39223027684.43481 39712871601.64994 138.0
654.7188022388225 321.09832603964435 39712871601.64994 40731340767.346725 137.0
545.339981869426 321.51465081101514 40731340767.346725 41556339016.23106 138.0
669.6008622222222 321.8518895011164 41556339016.23106 42834281415.73446 137.0
1232.2352328513173 322.37428045335923 42834281415.73446 45838522051.94045 138.0
2104.973706451613 323.60233903199634 45838522051.94045 50532866860.253044 359.0
7161.771686419142 325.5212700069163 50532866860.253044 48327442090.350845 8053.0
6560.409559204902 324.61974741396 48327442090.350845 37928894093.807365 10359.0
1723.6627633333333 320.3690805670285 37928894093.807365 36493867691.57685 2140.0
814.7624021505377 319.74235871578236 36493867691.57685 37697989359.96981 205.0
461.2171955555557 320.27469247580177 37697989359.96981 37903267303.824486 201.0
519.8473021505375 320.35860497499294 37903267303.824486 38263143502.33035 175.0
431.3245258064517 320.5057133815221 38263143502.33035 38585767208.96327 147.0
455.88316777777777 320.63759389929004 38585767208.96327 39081572291.35382 142.0
510.72200645161286 320.84026664042256 39081572291.35382 39814133130.36273 140.0
797.6580975117728 321.13971922483825 39814133130.36273 41420813276.96107 139.0
905.5674055952542 321.796489961968 41420813276.96107 43543113724.79241 140.0
