3971.0626972673394 312.5358064514652 22393561032.0 32585118834.8962 171.0
3097.1466864191416 317.84986871061113 32585118834.8962 24202076397.12919 6547.0
3196.662790322585 313.57089995256933 24202076397.12919 15299294175.107841 6463.0
2613.7267677777777 308.16902266642 15299294175.107841 19710694439.174667 815.0
2038.775708602151 311.0002829894544 19710694439.174667 24464805306.632427 139.0
1779.4599844444444 313.7212713522392 24464805306.632427 28365030219.51666 123.0
1663.7692161290315 315.80663804566507 28365030219.51666 31990484437.588955 123.0
1390.505806451613 317.5619659327922 31990484437.588955 34973662670.35749 124.0
1108.7291066666667 319.0063245232679 34973662670.35749 37219846646.89325 124.0
925.4632430107526 320.0792396703474 37219846646.89325 39113049020.61202 123.0
854.4274711111112 320.85313354160456 39113049020.61202 40909115120.11247 123.0
1385.0548000000003 321.58732052872836 40909115120.11247 44361341066.00296 123.0
2083.4352881720474 322.99850431911824 44361341066.00296 48159261751.678925 672.0
2316.221767857144 324.55099948971747 48159261751.678925 38981224285.634865 6091.0
1938.5249505376348 320.79924688062465 38981224285.634865 25884121834.801697 6756.0
1638.6213355555556 314.53360910874636 25884121834.801697 27330900265.125057 964.0
1477.1117344086024 315.30594570791374 27330900265.125057 30530640066.65403 141.0
1402.1776122222223 316.8551564184439 30530640066.65403 33410340486.843307 125.0
1144.0605774193552 318.2494143927778 33410340486.843307 35609225788.41952 123.0
1067.3233591397852 319.3140436663211 35609225788.41952 37699184144.993164 127.0
888.6019166666665 320.2751808740945 37699184144.993164 39354145158.295334 128.0
655.5254161290322 320.9516876243202 39354145158.295334 40518457302.80448 123.0
592.3207222222222 321.4276293648199 40518457302.80448 41633793719.12026 123.0
728.1474021505373 321.88355105019224 41633793719.12026 43326424130.05171 123.0
1405.1904752688174 322.57545610984533 43326424130.05171 45339478131.66042 660.0
3522.5182738095236 323.39834233478416 45339478131.66042 38886994134.30309 6171.0
2927.746633333332 320.76072794698314 38886994134.30309 24282429859.342903 8309.0
1702.2543544444443 313.61688980044806 24282429859.342903 25641424915.19322 1065.0
1462.035297849462 314.394702904758 25641424915.19322 28814039824.685974 140.0
1394.854102222222 316.0240340005258 28814039824.685974 31688810336.159798 124.0
1206.3480731182794 317.4159050722184 31688810336.159798 34064881374.411907 124.0
1041.5319193548387 318.566321959142 34064881374.411907 36100782374.02083 125.0
997.6206777777777 319.5520394955073 36100782374.02083 38052110282.73434 125.0
746.311306451613 320.41944826927414 38052110282.73434 39463503661.41597 123.0
662.0815922222222 320.9963906505311 39463503661.41597 40760880471.30805 123.0
738.8765505376349 321.52672590460884 40760880471.30805 42481489407.82004 123.0
1792.243430960332 322.2300678871045 42481489407.82004 45407939404.244835 706.0
3848.787309523809 323.4263275940502 45407939404.244835 39577628914.745544 6240.0
4056.072759984635 321.04304220523727 39577628914.745544 31853192301.235725 6864.0
3127.4445396825413 317.4954935127509 31853192301.235725 36787829651.3022 1092.0
1647.207560215054 319.8846856063243 36787829651.3022 40389867146.25426 139.0
1293.0857944444444 321.3750649187577 40389867146.25426 42927327272.73553 124.0
1303.4587874240303 322.41231527704133 42927327272.73553 45379053317.323654 161.0
1108.3160924731183 323.4145196827866 45379053317.323654 47400056778.49564 173.0
1050.7524533333333 324.2406554483563 47400056778.49564 49411569711.3143 137.0
1041.3418118663594 325.0629117228427 49411569711.3143 51574147101.024506 123.0
1205.9677744444443 325.94691937635554 51574147101.024506 52655228692.40659 744.3833333333333
2575.382999923194 326.33752459590403 52655228692.40659 53910267151.007835 2137.2258064516127
4138.1339089032235 326.78285004914676 53910267151.007835 55244839650.03041 3647.05376344086
3622.661597761905 327.25639657590006 55244839650.03041 48110011427.67475 6551.0
3703.691661413978 324.5308671866772 48110011427.67475 36656288359.61437 7897.0
3334.235098666667 319.82099755960803 36656288359.61437 41303072219.472435 1401.0
2194.388689247313 321.7483603567812 41303072219.472435 46325084870.00372 145.0
1043.8596499999999 323.8012337661822 46325084870.00372 47980734920.81333 202.0
1010.0527720430109 324.4780221777408 47980734920.81333 49700633174.13153 128.0
708.3988129032258 325.1810736506874 49700633174.13153 50727868513.95059 136.0
670.1993577943781 325.60098181521346 50727868513.95059 51767278474.38706 127.0
386.1874953978495 326.0224531089815 51767278474.38706 51933885695.87693 211.33870967741936
410.1124877777778 326.0815703702216 51933885695.87693 52017981793.116844 333.325
492.5478387096775 326.11141019892375 52017981793.116844 52152318777.29252 472.3682795698925
1462.3670821879386 326.15907700782134 52152318777.29252 52944273639.76011 1173.72311827957
1948.4037469696932 326.44008645072654 52944273639.76011 44254965431.2464 5520.0
1529.9466383640547 322.95502061503464 44254965431.2464 26300228612.44848 8158.0
1734.8780666666667 314.77176546042153 26300228612.44848 26527845608.410076 1531.0
1446.8949096774197 314.9020407557292 26527845608.410076 29630468472.874065 149.0
1306.0669662666667 316.41932239414837 29630468472.874065 32229106689.61723 140.0
1343.0954277805176 317.67749912347114 32229106689.61723 34957689802.87192 127.0
1217.415708891646 318.99859097650426 34957689802.87192 37449729341.829124 128.0
991.5271355721559 320.1732099775838 37449729341.829124 39366774075.943756 130.0
658.0009661290323 320.95685001060514 39366774075.943756 40540337780.835785 122.0
618.4478622222222 321.43657355804703 40540337780.835785 41728506084.27206 121.0
801.7656387096772 321.9222671008061 41728506084.27206 43623845244.194214 121.0
1353.05269032258 322.6970344369236 43623845244.194214 45808026658.146 544.0
1225.7199607142857 323.58987327625533 45808026658.146 35539340159.97747 5452.0
1065.9216612903222 319.28020730123825 35539340159.97747 17567945817.58972 7710.0
1805.4488954658134 309.728447771233 17567945817.58972 19298083984.064823 1039.0
956.9118999999996 310.76412773813234 19298083984.064823 21452584768.021664 32.0
763.74143 311.99724402931645 21452584768.021664 22986181832.688404 32.0
765.6201408602149 312.8749896020424 22986181832.688404 24388529613.408 75.0
292.970088172043 313.6776153922894 24388529613.408 24585341888.176594 88.0
216.52163333333334 313.79025978032087 24585341888.176594 24622786669.96383 104.0
100.49507311827966 313.8116910885782 24622786669.96383 24383030466.179028 113.0
130.7871411111111 313.6744679865951 24383030466.179028 24335309336.761665 119.0
1465.5124892473152 313.6471550691173 24335309336.761665 27995606126.625713 120.0
2983.0518903225807 315.62777482648676 27995606126.625713 34708779462.83755 482.0
2845.03896428571 318.87807662575653 34708779462.83755 28297631618.754498 5479.0
3721.054983870962 315.7740058190929 28297631618.754498 16395618787.912992 8104.0
4201.421324666667 308.9226139592473 16395618787.912992 24235043987.377045 1074.0
1570.2160267334077 313.5897687656691 24235043987.377045 27713542989.224125 137.0
1386.798871111111 315.49120896156876 27713542989.224125 30577399449.555393 123.0
1591.1295559139783 316.8777958020506 30577399449.555393 33988813411.064056 124.0
1174.7988569892477 318.5294923070902 33988813411.064056 36381026882.94632 125.0
1141.3737066666667 319.6877248392303 36381026882.94632 38703012277.91609 125.0
1154.2164390063037 320.68552075674455 38703012277.91609 41202967694.1565 123.0
967.3359326275809 321.7074401256942 41202967694.1565 43288864663.21772 123.0
1244.6837981316153 322.56010273738286 43288864663.21772 46367057468.42021 123.0
2068.9377099672965 323.8183911166726 46367057468.42021 50043518185.89155 703.0
2896.575958886974 325.3212364842178 50043518185.89155 42113243223.33938 6155.0
2811.786357900655 322.0795380392449 42113243223.33938 32377572314.560345 6369.0
2038.0676143290088 317.7493813859593 32377572314.560345 34676607198.15622 1021.0
1544.3245615848664 318.862499853857 34676607198.15622 38008153835.93373 142.0
1426.0810279738557 320.40147997108613 38008153835.93373 40906407600.83083 123.0
966.0922121776971 321.5862137624325 40906407600.83083 42565983743.53414 126.0
630.6999621953003 322.2646070623521 42565983743.53414 43407415695.35844 143.0
461.7904747556313 322.6085634399884 43407415695.35844 43914336364.87999 136.0
276.7996247311828 322.815779955667 43914336364.87999 44048134676.02205 124.0
307.23247333333336 322.8704733653176 44048134676.02205 44420524224.163414 123.0
392.8291430107528 323.02269691681295 44420524224.163414 45217104300.852844 123.0
631.1303516129035 323.34831896751035 45217104300.852844 45422281065.35811 561.0
1332.5584940476192 323.4321901071092 45422281065.35811 35310625747.367256 5494.0
1773.608661290321 319.16947116653785 35310625747.367256 18055778014.04267 8150.0
928.0153933333333 310.0531009695757 18055778014.04267 16964853972.532902 1252.0
1095.2409903225812 309.31389467454835 16964853972.532902 19248088698.77098 128.0
691.1983133333333 310.7355132204504 19248088698.77098 20481152357.580173 82.0
625.7730924731184 311.44125020465896 20481152357.580173 21529568986.624622 76.0
407.2181806451613 312.04130550974395 21529568986.624622 22063904257.949406 83.0
285.14404333333334 312.347129268515 22063904257.949406 22288409629.89422 105.0
106.28192580645162 312.4756236434834 22288409629.89422 22075987036.87393 112.0
85.97589444444444 312.3540447784306 22075987036.87393 21920843057.1305 117.0
219.72587741935416 312.2652490024785 21920843057.1305 22240171004.615356 120.0
645.7103709677419 312.44801454018733 22240171004.615356 22870406766.24782 415.0
1972.8446857142872 312.808726400096 22870406766.24782 15390219639.892666 5052.0
2445.573637419354 308.23152298590367 15390219639.892666 2447086783.352212 7235.0
1442.9181366666667 297.56215444870804 2447086783.352212 3653915308.856893 917.0
1112.1133462365597 298.8424732748323 3653915308.856893 6073888608.149315 132.0
600.7096377777777 301.1178403500583 6073888608.149315 7092531966.76227 116.0
548.3892032258063 301.974707239874 7092531966.76227 7969444147.638612 111.0
343.52841075268816 302.7123520757391 7969444147.638612 8388071637.980152 100.0
245.49156333333332 303.064494984842 8388071637.980152 8605410903.67357 96.0
181.31105483870965 303.2473173819596 8605410903.67357 8670806960.13916 105.0
239.99819777777776 303.3023275236702 8670806960.13916 8946783552.195452 113.0
245.93486236559158 303.5344747242559 8946783552.195452 9326979492.196495 118.0
1127.925551612903 303.85428961322043 9326979492.196495 11920626746.07379 163.0
3037.523916666664 305.84659523375984 11920626746.07379 8723190557.949808 4349.0
1968.386916129033 303.34639178831577 8723190557.949808 388741253.7165605 5045.4838709677415
1288.8379733333334 295.37846515352913 388741253.7165605 1216000398.473206 916.0
1268.695805376344 296.25610057126374 1216000398.473206 4059478253.817189 138.0
1000.9193066666667 299.27273313581287 4059478253.817189 6126158452.677232 117.0
947.9795182795699 301.1618089272184 6126158452.677232 8099181890.987644 103.0
634.4737387096774 302.821485439929 8099181890.987644 9338196675.272951 83.0
447.84613333333334 303.86372533249744 9338196675.272951 10083255763.51425 92.0
330.538929032258 304.4904574053787 10083255763.51425 10534983374.047722 107.0
285.7218022222222 304.8704436188154 10534983374.047722 10920804894.311003 115.0
1033.5093086021502 305.1593379806922 10920804894.311003 13414118203.708685 118.0
2976.409935483868 306.8731909566323 13414118203.708685 20556018131.05339 314.0
2606.628594047612 311.4840992050443 20556018131.05339 14317524685.079424 5173.0
3414.145241935481 307.4941742405 14317524685.079424 4192110821.7540674 7151.0
2330.07860888889 299.4134424164588 4192110821.7540674 7592267117.846375 950.0
1565.980783870968 302.3950766469098 7592267117.846375 11164105964.323374 142.0
1079.9726633333335 305.32657819928744 11164105964.323374 13358068712.015224 123.0
1141.5132870967743 306.83466367336763 13358068712.015224 15721226279.183332 123.0
1043.335710752688 308.45905023314776 15721226279.183332 17886654993.683617 123.0
1046.6376599999999 309.9475219918089 17886654993.683617 20056449482.91658 122.0
1092.6131161290323 311.19817392566193 20056449482.91658 22468029055.17389 120.0
1224.3343444444445 312.57842780172496 22468029055.17389 25260714486.034954 117.0
1358.9979881720428 314.176805452172 25260714486.034954 28644554726.58738 117.0
2397.5674225806415 315.94197478773475 28644554726.58738 34204735072.53134 327.0
3291.8167880952396 318.63403460469226 34204735072.53134 26513988510.967163 6455.0
3534.1100115053778 314.8941097246836 26513988510.967163 12355947955.05417 8763.0
2994.2077688888885 306.14582619951483 12355947955.05417 17124872774.675173 1064.0
1746.2196387096772 309.42388835212756 17124872774.675173 21120690178.831978 137.0
1192.8589255555555 311.8072860455769 21120690178.831978 23529923568.64462 123.0
1417.6723688172042 313.18619709743854 23529923568.64462 26535798143.705654 124.0
1105.4511301075265 314.90659234415386 26535798143.705654 28794148656.51376 123.0
1095.2216644444443 316.0144033390693 28794148656.51376 31035452291.347 123.0
1126.5989258064517 317.0995702001293 31035452291.347 33488426698.132164 123.0
1254.8010577777777 318.28722121532496 33488426698.132164 36328959167.60642 123.0
1329.6107064516127 319.6625153324327 36328959167.60642 39628566533.919334 123.0
1311.7954075268817 321.0638642324237 39628566533.919334 41259428480.86323 709.0
1942.3104428571437 321.73051988589583 41259428480.86323 30179769344.701286 6505.0
2080.479822580646 316.6852761424912 30179769344.701286 11513140161.83686 8991.0
1821.8443133333333 305.5664972242486 11513140161.83686 13076808780.298775 1134.0
1423.927178494624 306.64133130347733 13076808780.298775 16233519568.305645 140.0
1013.9849311111111 308.81119024491727 16233519568.305645 18216707839.31474 123.0
1109.115752688172 310.14520824136605 18216707839.31474 20448373413.246395 123.0
1013.7362043010753 311.4224893619771 20448373413.246395 22502244419.094944 123.0
1031.8730103448277 312.5980107710021 22502244419.094944 24608930018.28535 123.0
1053.3156634408601 313.8037603126633 24608930018.28535 26889520149.15793 123.0
904.7426611111111 315.092243705412 26889520149.15793 28835003298.54497 122.0
1243.0900118279574 316.03418383777716 28835003298.54497 31900992938.592 121.0
2141.683078293515 317.51863703814854 31900992938.592 36055896465.4735 596.0
3106.1585911810466 319.530307187699 36055896465.4735 27233007494.594414 6737.0
3585.6461183446863 315.2585491888227 27233007494.594414 20804439141.016216 5923.0
2806.343339910258 311.62628155964757 20804439141.016216 25744825719.77989 791.0
1926.0600501043245 314.45388376818903 25744825719.77989 30161144395.72066 138.0
2103.3002996 316.67625854348825 30161144395.72066 34859749146.99846 123.0
1806.4233847697649 318.9511712728762 34859749146.99846 38809069485.60945 125.0
1539.7490422249793 320.72887429579345 38809069485.60945 42048949301.47989 162.0
1233.3604689054891 322.05325628892757 42048949301.47989 44544318043.83465 141.0
1126.44205 323.07330074008775 44544318043.83465 46947937014.34697 124.0
1240.6186488888889 324.055840174825 46947937014.34697 49734469924.377754 123.0
1342.3810268817206 325.1949052695372 49734469924.377754 52561424136.87152 316.63978494623655
2451.3118172043014 326.30423991373067 52561424136.87152 53783619551.756485 2002.0860215053763
4317.153665476187 326.7379116656636 53783619551.756485 49127352662.28298 6221.0
1869.2233527553765 324.94673088797504 49127352662.28298 35503069565.08174 6873.0
2391.21556213248 319.2626462501606 35503069565.08174 37864223359.78737 1344.0
1411.9677946236561 320.34264478530616 37864223359.78737 40821213732.40971 143.0
1300.4752996 321.5513886356764 40821213732.40971 43323454446.17172 144.0
1378.0470406837435 322.57424217720603 43323454446.17172 45797875604.01771 226.0
1257.415708891646 323.58572377872366 45797875604.01771 48228080249.09995 168.0
1207.538246683267 324.5791307735795 48228080249.09995 50646946997.24351 135.0
936.5120248801786 325.56790311918934 50646946997.24351 52232703907.18465 232.23387096774192
906.4192086228838 326.18760007351534 52232703907.18465 52442646819.8798 780.9027777777778
942.6513298142712 326.26209414348614 52442646819.8798 52545220122.065346 934.4543010752689
1565.7814004608301 326.29849024113025 52545220122.065346 53047929561.69575 1385.1424731182797
2112.238861172158 326.476866694472 53047929561.69575 43927667454.2382 5862.0
2414.738074772542 322.8212293722189 43927667454.2382 27749166675.102196 8379.0
2356.0822287991464 315.50845680018506 27749166675.102196 29696880447.635334 1484.0
1643.7804802118517 316.45147692826345 29696880447.635334 33313792161.20803 146.0
1321.0114107111112 318.20266881050065 33313792161.20803 35970481227.0653 123.0
1356.1384385332058 319.4889518868332 35970481227.0653 38672431769.896706 139.0
1285.0931282464849 320.67302020843306 38672431769.896706 41048656389.19966 231.0
1237.3132466832672 321.64436151622823 41048656389.19966 43516946224.52778 157.0
1079.6195517618992 322.6533367861539 43516946224.52778 45796100772.333824 125.0
1339.930319733995 323.58499827183556 45796100772.333824 48841343972.27052 123.0
1620.4652550576197 324.82981767499814 48841343972.27052 52570820943.82558 257.60215053763443
2189.412834408602 326.3075741839175 52570820943.82558 53566694933.22368 1824.6747311827958
1494.2786523809523 326.6609402761372 53566694933.22368 42267149490.46945 6145.0
3495.3450430758694 322.142451079358 42267149490.46945 26841236484.44862 9180.0
3017.582228799147 315.0688663137642 26841236484.44862 30643436944.87972 1430.0
1621.414888814002 316.90976902531213 30643436944.87972 34194820875.22682 146.0
1317.389188488889 318.62923447043033 34194820875.22682 36836298125.09784 123.0
1116.314880030722 319.90815247656525 36836298125.09784 38803731812.462456 172.0
1079.3814193548387 320.7266923882528 38803731812.462456 40782029373.986046 174.0
1223.3938022388224 321.53537104809345 40782029373.986046 43241269258.886345 147.0
1081.8587990737271 322.5406469241939 43241269258.886345 45530000759.907 124.0
1209.0175288888888 323.47622322928476 45530000759.907 48241649324.92666 121.0
1782.159964034113 324.584677473059 48241649324.92666 52516755874.75826 215.46236559139786
3017.159190322581 326.28839026869804 52516755874.75826 54251237779.640045 2376.690860215054
3918.872876895332 326.9038366999521 54251237779.640045 48670158060.155685 6205.0
3714.8880538285575 324.7598411473589 48670158060.155685 35022170064.40779 8728.0
1600.4183188888887 319.0298102374396 35022170064.40779 35025738295.600525 1466.0
1332.571541935484 319.03153785978526 35025738295.600525 37725608766.90703 166.0
956.6116400000001 320.28598259990747 37725608766.90703 39430517864.864334 116.0
1088.680635483871 320.9829068803097 39430517864.864334 41484055865.2481 105.0
1010.3809774193548 321.8223419533648 41484055865.2481 43367045316.476654 135.0
750.53039 322.59206103684835 43367045316.476654 44644300577.66427 127.0
440.3591032258065 323.11417110410036 44644300577.66427 45223723039.883194 120.0
412.9969864006617 323.3510245428055 45223723039.883194 45873775170.07411 121.0
646.8953625845014 323.6167496266824 45873775170.07411 47355109209.14689 122.0
