4088.1191488802424 312.5358064514652 22393561032.0 31808445641.244637 578.0
3062.8103768953324 317.47382862459796 31808445641.244637 35408540270.746994 1558.0
2990.47999462366 319.21687821765613 35408540270.746994 38333748587.49282 1821.0
2650.846212222222 320.5345749778551 38333748587.49282 40044380566.595535 1850.0
2112.982697849463 321.23383862921196 40044380566.595535 40294220959.77536 1853.0
2372.754428888889 321.3359671452958 40294220959.77536 41154324923.732445 1853.0
1974.0192161290315 321.68755617539136 41154324923.732445 40917164627.32335 1844.0
1322.0783870967743 321.5906109663401 40917164627.32335 39108802359.539474 1830.0
988.2402177777778 320.8513976125655 39108802359.539474 36765769021.801636 1771.0
799.8395870967743 319.8740045617322 36765769021.801636 34827385457.87842 1431.0
712.1691377777779 318.9355018194434 34827385457.87842 33768746729.426655 1085.0
1234.963402150538 318.42294312454084 33768746729.426655 33639599956.656776 1307.0
1955.8196967741978 318.36041442657927 33639599956.656776 38138130632.2699 282.0
2091.0193869047635 320.4546112408788 38138130632.2699 39040784168.66515 1700.0
1903.6593591397855 320.8235934740421 39040784168.66515 39027586036.65135 1829.0
1777.2796688888889 320.81819840713365 39027586036.65135 38488899119.80469 1845.0
1732.8751752688177 320.5979966425145 38488899119.80469 37769680254.00259 1839.0
1660.983167777778 320.3039979236964 37769680254.00259 36883430090.23332 1823.0
1403.7299322580648 319.9309722524612 36883430090.23332 35406984877.726524 1750.0
1139.5464774193551 319.2161251465704 35406984877.726524 34265174196.070362 1410.0
929.3130277777777 318.66329727707483 34265174196.070362 34320288112.89707 793.0
631.5281043010752 318.6899816562879 34320288112.89707 33649163738.169827 792.0
520.9012777777778 318.36504490082785 33649163738.169827 33319305644.611546 613.0
642.4780473118278 318.20533826116565 33319305644.611546 33201824326.70795 710.0
1333.365206451613 318.1484575998392 33201824326.70795 35896276935.23365 333.0
3352.27125 319.4530245643622 35896276935.23365 40036788083.80044 1623.0
2819.940181720429 321.2307350117729 40036788083.80044 42469012603.479515 1830.0
1779.1154655555556 322.2249676809427 42469012603.479515 41887974274.005 1857.0
1656.486910752688 321.9874537160396 41887974274.005 40905515698.49294 1854.0
1888.10688 321.58584917502094 40905515698.49294 40540518313.94057 1841.0
1528.9448473118277 321.4366473554737 40540518313.94057 39125435803.19821 1842.0
1191.1206290322582 320.8581969491204 39125435803.19821 37036214997.96877 1808.0
948.5040111111111 320.0041756361774 37036214997.96877 35460511806.45215 1438.0
728.1365752688173 319.24204115737973 35460511806.45215 34425960194.34235 1023.0
544.5288144444445 318.7411446665742 34425960194.34235 33223753687.62876 973.0
627.142679569893 318.1590750884229 33223753687.62876 32223665512.36479 1024.0
1711.3240761216223 317.6748646811101 32223665512.36479 34952611553.43999 698.0
3648.3795714285716 318.9961322520771 34952611553.43999 40412020744.18761 1374.0
4034.868458909366 321.384120756583 40412020744.18761 46100870290.31097 1827.0
3075.2223174603187 323.70958044296674 46100870290.31097 48849386053.44632 1859.0
2056.9710010752688 324.83310507703214 48849386053.44632 48881314283.96645 1860.0
1862.6385722222221 324.84615654065936 48881314283.96645 48355312635.58447 1859.0
1771.109325058439 324.6311401971322 48355312635.58447 47484050019.98014 1859.0
1698.756952688172 324.27498978879146 47484050019.98014 46489626596.069016 1888.0
1659.3163422222221 323.8684943164201 46489626596.069016 45645402912.80262 1851.0
1647.0810591781874 323.5233967486589 45645402912.80262 44843667024.952354 1842.0
1496.1538855555557 323.19566713106104 44843667024.952354 43826411161.572975 1848.0
2455.5765483102905 322.7798383273905 43826411161.572975 45530167075.82565 1847.0
3360.6742314838684 323.47629121508066 45530167075.82565 52586151827.02745 733.0322580645161
2724.00088347619 326.3130140431216 52586151827.02745 53947366605.57318 2140.0148809523807
3278.081446360215 326.7960140532505 53947366605.57318 54447824157.59878 2996.217741935484
3195.398987555556 326.97359146903176 54447824157.59878 54341981606.47367 3068.2694444444446
2033.6360010752696 326.9360353433775 54341981606.47367 53350396556.05497 2209.037634408602
1206.7402055555556 326.58419109591233 53350396556.05497 51099219540.08396 1860.2555555555555
1069.595782795699 325.752780844836 51099219540.08396 48335837327.14239 1859.0
869.8773075268817 324.62317917719406 48335837327.14239 45194906847.95639 1861.0
807.5076911277115 323.3392452028708 45194906847.95639 42162925567.34129 1847.0
495.88910830107534 322.09984694127587 42162925567.34129 38385422593.96235 1808.0
408.4235988888889 320.55569802178593 38385422593.96235 35271122216.68636 1573.0
445.58278494623664 319.15034483232614 35271122216.68636 33341652727.53536 1190.0
1421.6036413277234 318.21615799725737 33341652727.53536 35013512128.86071 803.0
1796.7192231601696 319.02561834456316 35013512128.86071 35595608316.04006 1539.0
1501.2853480414742 319.3074505258255 35595608316.04006 34606987966.54207 1795.0
1899.4891777777777 318.8287924695178 34606987966.54207 34633533301.1408 1757.0
1835.1449096774197 318.8416448635329 34633533301.1408 34589662549.46821 1697.0
2006.972521822222 318.82040406190964 34589662549.46821 35323471888.50149 1550.0
1631.942201974066 319.17569085334634 35323471888.50149 35228558861.85292 1465.0
1194.6818379239041 319.129737030044 35228558861.85292 34827842862.52485 1188.0
920.0410244610448 318.93572328000624 34827842862.52485 34465951969.511345 944.0
632.2294607526882 318.76050739300445 34465951969.511345 33665171242.53579 841.0
536.6117511111111 318.3727952176507 33665171242.53579 33396706434.51743 605.0
715.2548860215052 318.2428132248075 33396706434.51743 33101842387.80124 849.0
1276.1790344086014 318.1000495728678 33101842387.80124 36535094974.76069 0.0
1198.5056749999999 319.76231963530586 36535094974.76069 35657413537.748436 1544.0
1024.7764999999995 319.3373746188382 35657413537.748436 33477130237.48328 1764.0
1973.5627843547022 318.28175183377715 33477130237.48328 33662149368.121067 1772.0
1142.1403946236555 318.37133212361823 33662149368.121067 32086192351.845284 1580.0
1055.7108744444445 317.6083046150118 32086192351.845284 31691513057.62886 1042.0
881.2626139784945 317.4172136426982 31691513057.62886 32007817091.55564 571.0
671.6905182795699 317.5703578442702 32007817091.55564 32363949247.25992 389.0
605.8744111111112 317.74278553658365 32363949247.25992 32183272813.90409 564.0
378.2181913978495 317.65530784056557 32183272813.90409 30922840122.385487 762.0
338.00380777777775 317.0450470235235 30922840122.385487 29954628071.51542 678.0
1578.8511989247347 316.5762700065437 29954628071.51542 33548952746.825523 260.0
3015.3825354838714 318.316525974061 33548952746.825523 38525777687.80443 1163.0
2854.4228928571383 320.6130716805305 38525777687.80443 41828367919.08256 1471.0
3600.4770268817147 321.9630881260727 41828367919.08256 46356808055.26942 1825.0
4235.5185468888885 323.81420141242785 46356808055.26942 52104614467.84462 1859.0
1868.6568869484615 326.14215008173323 52104614467.84462 51612629837.800766 1861.0
1922.6849822222223 325.9626501585233 51612629837.800766 51222540591.56567 1860.0
1909.8499860215052 325.8031914122765 51222540591.56567 50697921698.62306 1860.0
1601.941330107527 325.5887403046558 50697921698.62306 49493486863.19725 1863.0
1160.420928888889 325.0963974096732 49493486863.19725 47323216172.08552 1860.0
868.1841809417878 324.2092449265917 47323216172.08552 44401080506.85155 1854.0
643.4220437386919 323.0147488105402 44401080506.85155 41219533845.293144 1831.0
984.7348734004324 321.7142119547458 41219533845.293144 39188756828.59461 1769.0
1879.02104330063 320.8840810036495 39188756828.59461 42424658994.81001 677.0
2589.638458886974 322.20683703289683 42424658994.81001 44753343573.460304 1608.0
2723.829368653343 323.15874515879284 44753343573.460304 46896880345.576935 1837.0
2184.7537254401195 324.0349694831354 46896880345.576935 47341548303.23894 1858.0
1642.1552067461566 324.21673864419085 47341548303.23894 46276726364.28542 1859.0
1418.967139084967 323.78146601619517 46276726364.28542 44423735818.25418 1935.0
1079.1647928228583 323.02400973630773 44423735818.25418 41734632870.921005 1859.0
822.2268439157303 321.9247715782481 41734632870.921005 38658735279.25865 1803.0
665.6821414222981 320.66742142495923 38658735279.25865 35747114050.811676 1669.0
436.65983978494626 319.38080471134487 35747114050.811676 32852121625.429844 1427.0
313.95469555555553 317.9791428417884 32852121625.429844 32715175899.30957 332.0
354.3694655913979 317.91283814239836 32715175899.30957 31798276402.558414 720.0
601.4986311827959 317.4689050075329 31798276402.558414 30581869940.329674 1061.0
1288.960279761905 316.87996026935684 30581869940.329674 30035405151.513683 1499.0
1714.3371559139769 316.61537966084717 30035405151.513683 30197427991.642868 1584.0
1093.8431711111111 316.69382588924316 30197427991.642868 28760684562.4031 1526.0
1191.0044311827965 315.9982011050659 28760684562.4031 27724443291.07825 1438.0
1043.8510911111111 315.4964865358179 27724443291.07825 30020013602.24917 0.0
781.5284688172044 316.6079275695987 30020013602.24917 31121299226.32195 182.0
603.1563526881721 317.1411345145357 31121299226.32195 32052885353.176983 107.0
459.43015444444444 317.59217844154983 32052885353.176983 32252621577.601997 271.0
334.2200978494624 317.68888427307155 32252621577.601997 31529330520.89362 517.0
280.3592277777778 317.3386900943612 31529330520.89362 29605412748.17498 989.0
352.7043720430101 316.4071912211557 29605412748.17498 29943191154.05418 249.0
663.2721989247312 316.5707326203419 29943191154.05418 29920461946.299835 677.0
1993.9905190476204 316.5597278717439 29920461946.299835 30881177094.08918 1581.0
2481.1677234408594 317.0248751302843 30881177094.08918 32853488061.13432 1673.0
1624.6820255555556 317.97980442584213 32853488061.13432 32230162295.799263 1737.0
1136.7450666666673 317.67801021390494 32230162295.799263 30253394868.260452 1728.0
980.5985266666667 316.7209232440498 30253394868.260452 29545094935.15803 1093.0
709.3246870967741 316.37798728341147 29545094935.15803 30943066732.863304 0.0
549.963894623656 317.05484009531483 30943066732.863304 31950002458.57103 26.0
441.28323 317.54236586548416 31950002458.57103 30673066969.98165 824.0
310.47503333333333 316.92411492688177 30673066969.98165 31020248353.675713 95.0
239.46764222222222 317.09220894435737 31020248353.675713 28662155658.909435 1116.0
403.6606688172045 315.95049659093127 28662155658.909435 27801090478.034904 747.0
1145.8906053763437 315.5335966292413 27801090478.034904 30626994894.756393 96.0
3045.7947499999973 316.9018083154626 30626994894.756393 34609888582.22893 1383.0
1838.897668817205 318.83019685398904 34609888582.22893 34457585206.01268 1821.0
1428.3851955555556 318.7564564762335 34457585206.01268 33114346065.82776 1816.0
1309.8570956989247 318.10610345009576 33114346065.82776 31570365596.539658 1737.0
1336.2970844444444 317.3585579532002 31570365596.539658 31989233314.118366 1009.0
1088.7187655913979 317.56136017919937 31989233314.118366 31394678433.596115 1119.0
829.6941688172043 317.27349590084054 31394678433.596115 30838738425.319473 890.0
612.4016888888889 317.00432769696886 30838738425.319473 32140368560.83017 0.0
454.05774623655907 317.6345349863611 32140368560.83017 30334254059.415504 1042.0
376.5023577777778 316.76007265392445 30334254059.415504 31222741237.419704 0.0
1210.7781258064513 317.1902494613245 31222741237.419704 31926710294.166046 971.0
3071.17068817204 317.5310885514506 31926710294.166046 38148201378.47689 754.0
2631.506570238088 320.45872791053694 38148201378.47689 40766762289.015045 1531.0
3300.594166666664 321.52913024486236 40766762289.015045 44506692284.04138 1821.0
2367.50360888889 323.05792026871836 44506692284.04138 45435103583.94385 1858.0
1979.2173430107528 323.4374316326245 45435103583.94385 45281272543.91741 1859.0
1830.2365522222221 323.3745493434735 45281272543.91741 44703848770.822945 1855.0
1745.7041473118281 323.13851291899016 44703848770.822945 43828812157.60744 1845.0
1693.6582913978496 322.78081979463445 43828812157.60744 42950979305.2708 1847.0
1554.6015488888888 322.4219836375272 42950979305.2708 41909829526.63702 1828.0
1092.053976344086 321.99638759775326 41909829526.63702 39839596125.943245 1766.0
802.0454555555555 321.1501278618108 39839596125.943245 37419229788.08183 1698.0
778.5571279569891 320.16074252135786 37419229788.08183 35253263278.6645 1612.0
1948.8523688172006 319.1416981110993 35253263278.6645 39580795506.37404 339.0
2860.263216666668 321.0443366288489 39580795506.37404 42778413144.50572 1520.0
3171.0992588172057 322.35144289869424 42778413144.50572 46131706534.452576 1834.0
2896.599435555556 323.72218552982116 46131706534.452576 48418166456.074 1859.0
2127.907810752688 324.65683326995804 48418166456.074 48641987382.13667 1860.0
2042.5200366666668 324.7483256773961 48641987382.13667 48582278832.97648 1859.0
1880.2691430107527 324.7239183129758 48582278832.97648 48000666749.76052 1859.0
1743.0640333333329 324.4861698118656 48000666749.76052 47199107639.71982 1859.0
1528.3077755555553 324.15851245662344 47199107639.71982 46005344737.60466 1854.0
1092.2413989247311 323.67053198157976 46005344737.60466 43705423223.45656 1847.0
826.3538355555555 322.7303814784534 43705423223.45656 40993435800.77495 1833.0
743.9440397849462 321.62178871812574 40993435800.77495 38183261870.8838 1819.0
852.136805376344 320.47305976463434 38183261870.8838 39643305304.04305 313.0
1600.191395238096 321.06988907373335 39643305304.04305 39909461115.965004 1472.0
1848.1115430107534 321.1786869257249 39909461115.965004 39731938396.676674 1834.0
1865.7998688888888 321.10612006949583 39731938396.676674 39400771120.77756 1852.0
1869.4110494623658 320.970747153881 39400771120.77756 39022386906.797676 1846.0
1823.0182644444444 320.81607313263294 39022386906.797676 38591130453.177734 1806.0
1750.7098387096773 320.6397862596448 38591130453.177734 38118340082.6543 1716.0
1376.7308279569893 320.4465213582181 38118340082.6543 37152859424.38101 1575.0
981.5563436781608 320.05185696595487 37152859424.38101 35300045861.666504 1578.0
691.9420075268816 319.16434872744577 35300045861.666504 32998282756.144768 1461.0
521.4537722222223 318.04990934257034 32998282756.144768 33445227849.634495 314.0
949.807753763441 318.2663057275271 33445227849.634495 33961156761.49307 781.0
1958.5379170031924 318.51610185024356 33961156761.49307 36313368835.837555 1086.0
2683.90561499057 319.6549669971132 36313368835.837555 39318470452.91749 1424.0
3237.08697855974 320.9371046952926 39318470452.91749 42847022839.63431 1838.0
2972.71556213248 322.37948882939133 42847022839.63431 45343065545.152 1860.0
2982.409512469916 323.39980877986864 45343065545.152 47863804036.43292 1861.0
2748.689188488889 324.4302237510967 47863804036.43292 49631075434.83731 1860.0
2181.40994390955 325.15264018320096 49631075434.83731 49842771723.05148 1860.0
1862.8834508271298 325.2391763413482 49842771723.05148 49345453770.57997 1861.0
1822.7354689054891 325.03588517669164 49345453770.57997 48883836231.47965 1862.0
1609.2673188172043 324.8471874498486 48883836231.47965 47919429987.103676 1861.0
1192.3269822222223 324.45296225116647 47919429987.103676 46090538476.138824 1856.0
1023.3810268817206 323.70535705524134 46090538476.138824 43947894143.518036 1851.0
1668.271494623656 322.82949753788716 43947894143.518036 46269340865.69585 808.0
3575.3411654761867 323.7784470087324 46269340865.69585 50679926243.99081 1732.0
1522.5996968413979 325.5813842120142 50679926243.99081 49596951751.187515 1836.0
2336.6794510213685 325.13869127313836 49596951751.187515 50421887798.06087 1858.0
1663.21241827957 325.47590453661024 50421887798.06087 49395949114.2289 1859.0
2029.1641884888886 325.0565264126838 49395949114.2289 49294542003.503174 1860.0
1808.689513802023 325.0150737171971 49294542003.503174 48511371884.975914 1861.0
1423.644203515302 324.6949333226499 48511371884.975914 46859146353.96451 1857.0
1103.6688022388225 324.01954476930007 46859146353.96451 44558002433.249016 1858.0
672.8131001489959 323.07889457688333 44558002433.249016 41178786251.50633 1833.0
666.8664308451062 321.69755535556874 41178786251.50633 38142345887.04701 1800.0
745.1728351906153 320.45633433180825 38142345887.04701 35933150828.84261 1595.0
1417.4588198156687 319.4708777131997 35933150828.84261 38960614548.922134 293.0
1966.346004029301 320.79082213472765 38960614548.922134 39967594815.08365 1532.0
2338.501515632757 321.2024505307604 39967594815.08365 41136354296.46356 1821.0
2429.6461176880357 321.68021023155615 41136354296.46356 42269644579.75839 1847.0
2013.5197275236796 322.1434710095756 42269644579.75839 42243964106.978165 1852.0
2076.897521822222 322.13297347335254 42243964106.978165 42317306971.62705 1857.0
1961.431449285894 322.16295420559766 42317306971.62705 42019382194.85847 1851.0
1875.8834508271298 322.0411699938105 42019382194.85847 41697248651.73442 1825.0
1789.1826911277112 321.9094898426493 41697248651.73442 41317160856.74726 1809.0
1208.098046385555 321.75411944001115 41317160856.74726 39599302274.37923 1751.0
1014.1997641784394 321.05190173363366 39599302274.37923 37645905280.42517 1730.0
1077.0082658103079 320.2534018042343 37645905280.42517 36504994820.03729 1528.0
1642.5768129032263 319.7477461121513 36504994820.03729 39958804695.99316 359.0
1065.4959142857142 321.19885734949986 39958804695.99316 38469670939.566475 1663.0
3255.6353656565143 320.5901366424171 38469670939.566475 42194592078.085754 1784.0
2774.912784354702 322.11279142039206 42194592078.085754 44187342400.62247 1858.0
2040.5976845129271 322.9273780081574 44187342400.62247 44201810358.09093 1860.0
2076.897521822222 322.9332921480137 44201810358.09093 44268372369.355515 1855.0
1714.1589660522272 322.96050103666255 44268372369.355515 43304327012.427345 1848.0
1674.1287311827955 322.56642335976045 43304327012.427345 42430721453.550255 1827.0
1842.0826911277113 322.20931521469555 42430721453.550255 42122395324.675186 1833.0
1710.595358213512 322.0832791898113 42122395324.675186 41692043076.95628 1771.0
1555.6508622222223 321.9073619336243 41692043076.95628 41053073211.18846 1763.0
1713.2943726362637 321.6461670028022 41053073211.18846 40934188643.5882 1784.0
2298.2290827956995 321.5975699592267 40934188643.5882 44146899638.77188 1105.0
2938.2835911810466 322.9108460166665 44146899638.77188 47508892155.02188 1529.0
3072.992892538235 324.285144633474 47508892155.02188 50592194865.51337 1832.0
1366.9099855555555 325.5455218144897 50592194865.51337 48902112017.59171 1859.0
1443.2032623655914 324.8546581350014 48902112017.59171 47294451278.817444 1860.0
1399.825528888889 324.1974865562682 47294451278.817444 45584761496.05352 1858.0
1217.8688075268817 323.498608051255 45584761496.05352 43281349185.47294 1850.0
921.4804397849463 322.55703059768615 43281349185.47294 40413704909.0736 1821.0
696.5276122222222 321.3848092011474 40413704909.0736 37465963307.46904 1711.0
507.6467376344085 320.1798460174965 37465963307.46904 34548690179.7175 1504.0
547.7525419562172 318.80056656324075 34548690179.7175 32554286948.677113 1282.0
783.9249324769746 317.8349409066898 32554286948.677113 31075987370.22687 1359.0
