4088.6433424286297 312.5358064514652 22393561032.0 33358141001.716644 0.0
3057.7359721334274 318.2241410873035 33358141001.716644 24035270411.262917 6896.0
3692.673543010757 313.47542949362577 24035270411.262917 16702639558.953724 6372.0
3024.2823233333334 309.1336538073644 16702639558.953724 22182625941.1589 809.0
1330.576783870968 312.4150789498391 22182625941.1589 24877548750.37172 196.0
953.7294288888888 313.9575027188483 24877548750.37172 26479307840.77117 186.0
837.3283559139779 314.8742604400018 26479307840.77117 27850985117.28492 147.0
691.7316129032259 315.55775400275246 27850985117.28492 28991186062.399914 125.0
719.5902177777778 316.10980248978404 28991186062.399914 30260136755.644836 123.0
782.033135483871 316.72418744826416 30260136755.644836 31797367530.87489 122.0
949.1246933333334 317.468464961206 31797367530.87489 33853640603.79431 121.0
1515.6031870967745 318.4640459977701 33853640603.79431 37654703622.25268 121.0
3249.13421290323 320.2569983467445 37654703622.25268 40612010631.95249 2151.0
3175.0402202380965 321.4658716304479 40612010631.95249 30279388699.34826 7429.0
2390.2373161290325 316.7335086178698 30279388699.34826 18443721156.018295 6746.0
1590.4435577777776 310.27513802427785 18443721156.018295 19300465733.10109 1160.0
920.794530107527 310.7654909186705 19300465733.10109 20955446971.714043 183.0
736.9998344444444 311.712710034177 20955446971.714043 22136904585.45393 143.0
769.4396096774198 312.3889105914915 22136904585.45393 23415447756.297127 128.0
688.0787354838712 313.1206775161957 23415447756.297127 24582745711.100853 122.0
721.5630277777777 313.7887738731117 24582745711.100853 25882150328.24481 121.0
762.6221903225806 314.5324807281621 25882150328.24481 27386057829.24914 121.0
810.7985 315.3326512197391 27386057829.24914 29092701537.68203 120.0
709.2226709677418 316.1589530055592 29092701537.68203 30728342961.617344 121.0
2218.8974645161293 316.9508777774849 30728342961.617344 31545897832.02736 1919.0
3999.8724404761906 317.34671145154806 31545897832.02736 24314015670.255352 6974.0
3392.7573860215043 313.63496775999045 24314015670.255352 16082253776.581326 6408.0
1845.38491 308.7072132090881 16082253776.581326 17709883296.44173 1122.0
957.6777709677417 309.82601271407873 17709883296.44173 19444598383.691006 194.0
718.0041022222222 310.8479844229001 19444598383.691006 20500119251.6415 177.0
721.2728043010752 311.4521057987875 20500119251.6415 21616374914.83356 146.0
612.612564516129 312.09098838990013 21616374914.83356 22583626130.9715 126.0
669.4734555555556 312.64458913173735 22583626130.9715 23755433119.473175 122.0
737.4806612903226 313.3152662084897 23755433119.473175 25200457148.613743 121.0
878.45937 314.1423175072194 25200457148.613743 27082850883.485233 121.0
959.5647225806457 315.1858482054252 27082850883.485233 29387396551.09392 121.0
2664.479990100117 316.3016348170301 29387396551.09392 31288405611.25417 1960.0
4389.653380952381 317.2220420312066 31288405611.25417 24510819816.12322 7176.0
4548.653405145925 313.74760749549176 24510819816.12322 21107438092.294758 5758.0
2564.519539682541 311.7997012890881 21107438092.294758 24508623649.745018 1144.0
1114.5597107526883 313.7463505321343 24508623649.745018 26421824020.27529 267.0
745.29135 314.8413599017143 26421824020.27529 27272758250.917713 264.0
625.4372820476863 315.27779522170897 27272758250.917713 27848746608.02926 231.0
497.31340430107525 315.5566701888396 27848746608.02926 28338997041.803608 174.0
533.7218977777777 315.79403362147946 28338997041.803608 29106868627.27688 132.0
627.3203064900154 316.1658122529664 29106868627.27688 30223939238.434727 126.0
841.2011077777778 316.7066617790427 30223939238.434727 32000243365.98441 122.0
2208.280849385559 317.566690890861 32000243365.98441 37655682423.049706 121.0
4547.037134709675 320.257398456077 37655682423.049706 43302119476.81377 2445.0
7351.6318358571425 322.5655209743073 43302119476.81377 40135407048.29672 8642.0
4488.342199048388 321.2710479826802 40135407048.29672 33051955897.736683 7056.0
3430.596209777778 318.0758961449292 33051955897.736683 37978344120.27384 1396.0
1708.2327752688184 320.38929450345023 37978344120.27384 41640507976.27387 175.0
714.6707611111111 321.88629567091175 41640507976.27387 42680818726.468025 122.0
780.6952451612904 322.3115487368039 42680818726.468025 43846024670.93888 121.0
691.9310709677419 322.78785584041646 43846024670.93888 44902502057.7268 121.0
847.5382466832671 323.21971742378804 44902502057.7268 46439941005.387886 121.0
425.6283556129032 323.84818408722765 46439941005.387886 46971337994.56339 121.0
520.03471 324.06540591138986 46971337994.56339 47896446575.11596 121.0
593.2575161290323 324.44356720607 47896446575.11596 49238520026.178665 121.0
1785.5767596072933 324.9921733313171 49238520026.178665 50064495127.60257 1484.0
2060.371008874455 325.32981133435175 50064495127.60257 41306576963.22844 5661.0
1769.8901867511515 321.74979300854136 41306576963.22844 30610677433.04991 5687.0
1761.2891777777777 316.89390792730217 30610677433.04991 31269765883.831123 1382.0
957.7013612903229 317.213017276959 31269765883.831123 32948933894.06396 182.0
991.1558551555556 318.02601621674444 32948933894.06396 34750730741.96159 125.0
985.46370735041 318.8983880807406 34750730741.96159 36518528934.841705 122.0
864.2920529776675 319.75429889360015 36518528934.841705 38076899586.71806 121.0
858.9382466832672 320.42958151793897 38076899586.71806 39671693939.35215 121.0
693.0009661290322 321.08149363919557 39671693939.35215 40940507890.334816 121.0
600.6756399999999 321.6001531095523 40940507890.334816 42082133527.325615 121.0
786.1285419354837 322.0668211720911 42082133527.325615 43935884215.7441 121.0
1952.9344107526874 322.8245881792114 43935884215.7441 44555466784.19664 1728.0
1593.3747226190474 323.07785806684694 44555466784.19664 33532087596.382267 6132.0
1422.115209677419 318.30836041269595 33532087596.382267 21330263264.825275 5911.0
2044.81556213248 311.92723401146134 21330263264.825275 23218849740.299786 1209.0
749.557061290322 313.0081557579555 23218849740.299786 24427912266.661415 169.0
752.84143 313.7001558302778 24427912266.661415 25681975369.969673 121.0
555.4857322580644 314.4179117273178 25681975369.969673 26377923984.672344 121.0
382.50772258064524 314.81623396558626 26377923984.672344 26712299101.905323 121.0
432.3383 315.0064389957903 26712299101.905323 27253647268.37976 121.0
285.53808387096785 315.26854230094887 27253647268.37976 27477007567.42917 121.0
257.50103 315.37668614671696 27477007567.42917 27747773848.49528 121.0
1565.464102150541 315.5077824385084 27747773848.49528 31676578460.21305 121.0
3046.3180193548387 317.40998279278256 31676578460.21305 35517045885.03357 1618.0
2889.3931309523764 319.26941313306554 35517045885.03357 27152142212.84435 6331.0
3745.971650537629 315.2193968300786 27152142212.84435 21203363348.970127 5904.0
4194.521324666666 311.85460356511567 21203363348.970127 29021667835.58103 1065.0
1067.336994475343 316.1245607802755 29021667835.58103 31076802124.730316 156.0
891.1933155555555 317.11959045450294 31076802124.730316 32594044143.756878 140.0
1079.1429967741933 317.8541900570141 32594044143.756878 34615562212.25227 127.0
796.3391795698926 318.8329438424771 34615562212.25227 36001375052.62974 122.0
784.6348177777778 319.50390967978586 36001375052.62974 37412576377.15317 121.0
821.754073414906 320.1580227730562 37412576377.15317 39033172280.823265 121.0
911.1914881831362 320.8204819243044 39033172280.823265 40981559662.95754 121.0
1367.7053035079593 321.6169340494444 40981559662.95754 44392719404.26603 121.0
3209.526419644716 323.0113310005175 44392719404.26603 48107851736.20706 1829.0
3566.0402446012604 324.5299843587166 48107851736.20706 40320056283.84001 6766.0
3380.3804439221603 321.3465279808584 40320056283.84001 33800497461.96689 5737.0
2127.4731698845644 318.4383158041866 33800497461.96689 35785682147.39672 1229.0
1026.5046691117482 319.3994781385672 35785682147.39672 37639605030.485825 175.0
842.2726946405224 320.25082641932926 37639605030.485825 39034070649.77692 122.0
841.3475885217831 320.82084915510706 39034070649.77692 40387763441.13054 121.0
745.5386718727195 321.3742049766169 40387763441.13054 41607006042.91265 121.0
766.6571414222981 321.8726009168467 41607006042.91265 42948682702.22721 121.0
734.1652161290323 322.421044843532 42948682702.22721 44316687799.13834 121.0
534.89914 322.98025117828246 44316687799.13834 45283658199.81935 121.0
586.8506483870968 323.37552454005424 45283658199.81935 46606255950.46726 121.0
745.8937924731185 323.91616948513445 46606255950.46726 44807436239.35142 1424.0
1303.638851190476 323.18085689031943 44807436239.35142 34563307519.556175 5520.0
1803.624790322579 318.80764380728004 34563307519.556175 24747774603.934456 5399.0
1026.5153933333333 313.8832272229478 24747774603.934456 24117127254.39106 1158.0
883.421097849463 313.5222797930352 24117127254.39106 25677534063.01816 169.0
719.63998 314.4153697705003 25677534063.01816 26836812784.76866 121.0
664.0419096774194 315.06672450119527 26836812784.76866 27812709372.65496 121.0
371.2504387096774 315.53922212290837 27812709372.65496 28108092613.437313 121.0
244.1273766666667 315.6822371518531 28108092613.437313 28156475405.429688 121.0
116.89482903225809 315.70566253773103 28156475405.429688 27925692397.588406 121.0
118.38978333333336 315.5939248560029 27925692397.588406 27835512035.86599 121.0
258.8387806451606 315.5502624362671 27835512035.86599 28263057216.18492 121.0
678.1888655913979 315.7572660095792 28263057216.18492 25925328712.62416 1556.0
1985.9161142857158 314.5571936313096 25925328712.62416 16888231606.89216 5708.0
2461.05213204301 309.2612260151857 16888231606.89216 8771288931.483398 5443.0
1462.1181366666667 303.38685138920204 8771288931.483398 9668516205.627653 1039.0
1073.116034408603 304.14158496435704 9668516205.627653 11852967217.091496 163.0
751.75686 305.80008744644726 11852967217.091496 13196670098.752594 122.0
729.9537193548388 306.72372154162264 13196670098.752594 14469629277.341516 121.0
514.961206451613 307.5987278507984 14469629277.341516 15239690599.938217 121.0
266.66656333333333 308.12805237829133 15239690599.938217 15411978522.937403 120.0
38.407829032258064 308.2464796005894 15411978522.937403 15022244885.005964 121.0
31.47875333333333 307.97858460613554 15022244885.005964 14726646408.67682 121.0
236.49669032258083 307.7753962116283 14726646408.67682 15080369060.423285 121.0
1126.9820032258062 308.01853798489367 15080369060.423285 14319241661.042406 1415.0
3042.8215357142826 307.49535445493706 14319241661.042406 7827024082.30746 5716.0
1906.5724000000007 302.592550540299 7827024082.30746 890945995.0938842 4460.0
1302.118528888889 295.91125185136207 890945995.0938842 1691859095.696724 938.0
892.4807516129031 296.76093687215865 1691859095.696724 3463948604.758534 162.0
719.4609733333333 298.64093847311534 3463948604.758534 4792053001.873674 124.0
731.022529032258 300.03958025056664 4792053001.873674 6147749748.08897 123.0
653.401158064516 301.17997118782716 6147749748.08897 7351790764.434314 121.0
519.4128000000001 302.19279169282834 7351790764.434314 8218530656.59606 121.0
388.3453806451613 302.92187975824027 8218530656.59606 8796221673.441324 121.0
484.9662466666666 303.4078244224776 8796221673.441324 9685633048.29947 121.0
1277.3748999999996 304.1559833851779 9685633048.29947 12823006233.038898 121.0
3137.877677419352 306.46687258251234 12823006233.038898 17209567588.799866 1504.0
2706.947046428564 309.48210584877637 17209567588.799866 9237911164.666311 5991.0
3440.5484677419327 303.77936672667084 9237911164.666311 4525047209.010144 5160.0
1839.1119422222232 299.7666530967644 4525047209.010144 6515120046.616573 1004.0
1041.0668053763443 301.4889973474231 6515120046.616573 8476690114.993049 224.0
698.36433 303.1390394641597 8476690114.993049 9315927793.514465 275.0
681.7713516129033 303.84499309683247 9315927793.514465 10370336179.558756 169.0
478.0507645161291 304.73194496934616 10370336179.558756 11026937351.882881 138.0
628.7154377777778 305.23229127844576 11026937351.882881 12131786403.362627 130.0
711.3953741935484 305.9917420974448 12131786403.362627 13546897789.320023 124.0
850.1649 306.96446094949135 13546897789.320023 15374023432.762648 121.0
910.2748698924729 308.220390041767 15374023432.762648 17534181179.438942 121.0
2923.0674225806415 309.70523864410154 17534181179.438942 19983077436.517952 2013.0
5295.91797857143 311.1561798514869 19983077436.517952 12609075270.41162 8332.0
4101.002484623657 306.31982077977153 12609075270.41162 7600937578.613322 5926.0
2457.2022133333335 302.4023701031404 7600937578.613322 10931975857.6629 1095.0
1172.4561978494621 305.16701667422524 10931975857.6629 13017122244.057198 296.0
544.0367033333333 306.60030398959117 13017122244.057198 12570904801.953157 604.0
722.2019387096775 306.2935831742873 12570904801.953157 13098784692.502983 395.0
545.7333881720426 306.6564370996034 13098784692.502983 13830351688.748487 170.0
456.1772199999997 307.15930140826816 13830351688.748487 14373393989.61858 169.0
694.3166677419356 307.5325776667711 14373393989.61858 15701060368.834978 136.0
825.2399466666667 308.44518859556985 15701060368.834978 17444532000.345013 127.0
962.9440397849462 309.64361561750417 17444532000.345013 19740119055.05873 124.0
2394.4728268817203 311.01712400129276 19740119055.05873 19929796300.985912 2328.0
5388.494966666667 311.1256846960771 19929796300.985912 12332323330.480354 8517.0
2857.5981021505386 306.12958711196063 12332323330.480354 3119338840.706738 6256.0
1629.1137577777777 298.2753435611147 3119338840.706738 4608160035.153436 992.0
879.5132000000002 299.8548271113446 4608160035.153436 6026201001.85866 272.0
704.92382 301.07772628016374 6026201001.85866 7061299585.921657 214.0
581.5243548387098 301.9484350487228 7061299585.921657 7872291085.958445 169.0
534.669 302.63062843704444 7872291085.958445 8710882996.42889 134.0
615.267454789272 303.33603885971473 8710882996.42889 9799273101.650248 128.0
702.0925451612902 304.2515756238646 9799273101.650248 11205114891.603569 122.0
860.3121055555556 305.3547669037693 11205114891.603569 13059803480.94347 122.0
1113.4367860215057 306.62964220576265 13059803480.94347 15761749574.296711 121.0
3047.7959815193212 308.48690512393233 15761749574.296711 18517517878.849888 2023.0
4641.634781657237 310.31737515959816 18517517878.849888 10633619577.259388 7889.0
4520.775150602752 304.95341485301094 10633619577.259388 10807729216.456272 4410.0
2146.582228799147 305.0816120542042 10807729216.456272 14194235460.262375 755.0
1644.8772544054 307.4094277290778 14194235460.262375 17625451442.48979 255.0
1541.7336329333334 309.76797597091684 17625451442.48979 19649033429.16227 631.0
1040.0335998235284 310.96499166046374 19649033429.16227 20716014697.782055 486.0
725.4399024400332 311.57567233160603 20716014697.782055 21808975406.18875 194.0
619.8049133499337 312.20122218760804 21808975406.18875 22796630797.146652 145.0
670.6436629032257 312.76650114305556 22796630797.146652 24015975914.19009 140.0
853.6242044444444 313.46438639777364 24015975914.19009 25812506645.983147 130.0
955.6794139784947 314.49262056203247 25812506645.983147 28094685179.936253 125.0
3138.1290215053764 315.6757457054015 28094685179.936253 29415864899.868042 2650.0
8984.293546428567 316.3154182724257 29415864899.868042 27204593095.659462 9883.0
2589.5405570564517 315.2447918541975 27204593095.659462 16320874929.067245 6593.0
2262.7405621324797 308.87123654733796 16320874929.067245 18790464413.87212 1213.0
907.940912903226 310.4735945592217 18790464413.87212 20366490229.41743 201.0
982.5725218222224 311.37562398661714 20366490229.41743 22114120672.327343 171.0
936.9206965977219 312.3758703481727 22114120672.327343 23778166478.89315 151.0
795.6038809346569 313.3282775176815 23778166478.89315 25214041859.184532 128.0
813.8326911277113 314.1500926391853 25214041859.184532 26746389975.089462 122.0
731.5362184285658 315.022944695986 26746389975.089462 28163990714.53539 121.0
858.730319733995 315.7093012077735 28163990714.53539 29991126706.288033 121.0
805.8341255131959 316.5939414671676 29991126706.288033 31886520664.88573 121.0
2561.1389273425502 317.51163003044724 31886520664.88573 33205899063.883595 2074.0
2925.1614802197773 318.15043045602965 33205899063.883595 21997779730.793453 7543.0
3080.719257568241 312.3092832708296 21997779730.793453 12249689890.124435 6666.0
2370.610006576924 306.0727865618122 12249689890.124435 14880662746.332237 1268.0
1119.2159640828195 307.881263916918 14880662746.332237 16941428866.738075 241.0
913.6614107111111 309.29779273215433 16941428866.738075 18234000490.819836 288.0
806.1518793934208 310.15510559227323 18234000490.819836 19169536957.909893 306.0
591.8404400744417 310.6905545775583 19169536957.909893 19820150937.604088 230.0
583.6076911277114 311.06292979487415 19820150937.604088 20708323624.652504 151.0
584.098046385555 311.5712703895676 20708323624.652504 21739293719.128742 127.0
953.2414308451062 312.16134026964784 21739293719.128742 23815384875.823517 123.0
1252.1561152726736 313.3495792558514 23815384875.823517 26898043968.73679 122.0
2930.246167741936 315.0963706636665 26898043968.73679 28554106436.06336 2317.0
4492.528652380952 315.8981826455231 28554106436.06336 18099569821.73247 8800.0
4341.70256995759 310.07816496207215 18099569821.73247 12594761357.300003 6345.0
2307.893339910258 306.30998168634864 12594761357.300003 15058978040.79599 1269.0
1060.0009103193786 308.00383423205665 15058978040.79599 16794962320.893187 303.0
655.3975218222222 309.19711460055896 16794962320.893187 16355692696.267458 701.0
295.836385407066 308.89516957400843 16355692696.267458 15055184996.40413 641.0
280.2523870967741 308.00122697030804 15055184996.40413 14770299430.406746 280.0
498.1938022388226 307.8054024129824 14770299430.406746 15442793794.633871 159.0
510.83998186942597 308.267661393067 15442793794.633871 16275459057.842295 136.0
802.22864 308.8400185990118 16275459057.842295 17950615028.763844 130.0
1401.638458657769 309.9914868220813 17950615028.763844 21419672027.25702 125.0
3513.41725483871 311.978406609007 21419672027.25702 24312445901.6024 2438.0
8232.86692451438 313.6340693118145 24312445901.6024 21155425978.40783 9524.0
5074.6407420006 311.82716688324626 21155425978.40783 17543621779.45436 6366.0
1365.00443 309.7117279209887 17543621779.45436 17546284901.206978 1267.0
830.6683161290323 309.71355849684284 17546284901.206978 18977777411.01233 181.0
648.1060844444446 310.58080208963617 18977777411.01233 19990451955.433525 125.0
705.4118182795698 311.16040061551826 19990451955.433525 21130157660.44451 123.0
485.6229129032258 311.8127047049247 21130157660.44451 21775032447.591885 121.0
331.3331677777778 312.18179512797155 21775032447.591885 22078997472.7264 121.0
380.9155548387097 312.3557677842985 22078997472.7264 22577474695.632744 121.0
639.330319733995 312.64106839264696 22577474695.632744 23844439744.321163 121.0
908.1856851651467 313.3662086448725 23844439744.321163 26008037867.258186 121.0
