3996.6648478049738 312.5358064514652 22393561032.0 27957923616.551395 1924.0
3096.420495942951 315.60953017166236 27957923616.551395 25590660177.45654 4060.0
3179.501500000004 314.36564799533915 25590660177.45654 29149542789.213043 1784.0
2775.1656566666666 316.18647370447036 29149542789.213043 35736361905.95196 106.0
2235.33753655914 319.37559886992926 35736361905.95196 38946838601.68176 876.0
2134.5266511111113 320.7851908713783 38946838601.68176 41036858548.37958 1142.0
1843.626743010752 321.63953885340493 41036858548.37958 41837607914.54484 1325.0
1465.2584946236561 321.96686520556403 41837607914.54484 41509493186.05689 1417.0
1114.2735511111111 321.83274009513156 41509493186.05689 40421645706.97635 1408.0
815.0223827956991 321.38805520110765 40421645706.97635 38516706797.34599 1429.0
729.2719155555557 320.60936372694346 38516706797.34599 36829084436.27752 1343.0
1295.0064129032262 319.9046598413274 36829084436.27752 36879856207.49044 1301.0
1985.5777612903269 319.9292418938174 36879856207.49044 37534530726.84981 1747.0
2223.1979583333346 320.2078746669232 37534530726.84981 33131793587.653202 4026.0
2021.648606451613 318.1145509768825 33131793587.653202 30717987456.22104 2851.0
1804.8491133333332 316.9458639760923 30717987456.22104 33968573651.64024 423.0
1875.5310892473121 318.5196928690037 33968573651.64024 37011221606.536156 583.0
1638.4387233333332 319.99284477899494 37011221606.536156 38428040172.65929 911.0
1361.1896096774199 320.5731190241147 38428040172.65929 38726288090.556816 1038.0
1067.7050795698926 320.6950353279289 38726288090.556816 38214006597.007576 1095.0
796.596361111111 320.4856274412076 38214006597.007576 37127514977.27617 1095.0
593.6463838709678 320.0414967886399 37127514977.27617 35131162903.09899 1246.0
506.9429444444445 319.082581051176 35131162903.09899 33400653023.135246 1139.0
682.1285849462364 318.2447240356034 33400653023.135246 31996064874.681328 1230.0
1322.3006903225807 317.56466780027176 31996064874.681328 31039006438.9249 1685.0
3431.482559523809 317.1012910036433 31039006438.9249 29978393264.088516 3854.0
3015.5665258064505 316.58777634554497 29978393264.088516 27587125510.660614 3840.0
1869.3071322222222 315.4300016997485 27587125510.660614 32113912903.406864 0.0
1724.8390612903222 317.6217260111392 32113912903.406864 35481174877.431114 315.0
1858.0513244444444 319.25204554925494 35481174877.431114 38206372980.072685 628.0
1475.202911827957 320.482507009159 38206372980.072685 38845191709.26132 1025.0
1161.814177419355 320.7436401591203 38845191709.26132 38554206785.544106 1106.0
868.4345666666667 320.6246927860243 38554206785.544106 37551269475.661545 1134.0
632.9967903225806 320.21471704959595 37551269475.661545 35562362776.152405 1282.0
541.5454811111111 319.291354108721 35562362776.152405 33887214324.612034 1152.0
661.9249376344092 318.4803013094858 33887214324.612034 32450392330.46582 1222.0
1698.3079470893645 317.78463848671726 32450392330.46582 32473859362.820084 1695.0
3756.8885 317.7960004661664 32473859362.820084 30692651618.924973 4477.0
4141.599641705065 316.9335971816234 30692651618.924973 34311448829.876614 2718.0
2834.6917619047636 318.68570196081953 34311448829.876614 38776751199.96824 976.0
1813.6054096774194 320.7156633873695 38776751199.96824 39753861041.88657 1284.0
1663.1413499999999 321.115081499613 39753861041.88657 40336595399.395485 1252.0
1487.3243788218797 321.35328875843936 40336595399.395485 40330385775.07129 1273.0
1256.3591032258064 321.35075041902354 40330385775.07129 39810765010.04704 1283.0
1217.8857866666667 321.13834242133004 39810765010.04704 39297928252.327324 1292.0
1573.4170806835637 320.92870755647664 39297928252.327324 39472771071.39182 1411.0
1280.8566633333332 321.00017893639125 39472771071.39182 38891538839.00782 1467.0
2650.1303117511507 320.7625857088191 38891538839.00782 41934888810.81016 1540.0
3662.6742314838684 322.0066312075801 41934888810.81016 46694593983.152 1892.0
3450.2389787142856 323.95227986775524 46694593983.152 44187710910.66021 4467.0
3748.6540270053765 322.9275286458619 44187710910.66021 43521165109.190346 3913.0
3421.5017653333334 322.6550613608899 43521165109.190346 47479747643.74065 1742.0
2284.2704096774205 324.27323108478294 47479747643.74065 48268036179.855804 1807.0
1273.90965 324.5954637606714 48268036179.855804 46348477592.41032 1811.0
1054.7275032258067 323.8107961271605 46348477592.41032 43889668085.01922 1743.0
778.8558021505377 322.8056961786425 43889668085.01922 41129084581.10769 1637.0
729.7299133499337 321.67723855338915 41129084581.10769 38768717748.17247 1516.0
419.1068502365591 320.7123795128106 38768717748.17247 34762598574.669914 1821.0
381.75415444444445 318.9041341021932 34762598574.669914 32055594521.13794 1391.0
565.4833225806452 317.5934901332129 32055594521.13794 29771726416.64126 1441.0
1404.509555306218 316.48771493010616 29771726416.64126 28769190457.058056 1784.0
1880.213270779217 316.00231938465095 28769190457.058056 25201375909.568245 3340.0
1587.293412557603 314.1428433548353 25201375909.568245 21792118926.29977 2798.0
1913.1280666666667 312.19157447704885 21792118926.29977 26462827867.00845 0.0
1891.4217913978498 314.86482822058633 26462827867.00845 31150684340.375374 0.0
1834.7391884888889 317.1553618380824 31150684340.375374 35226414459.476845 93.0
1526.5174707912704 319.1286987796441 35226414459.476845 36507708596.338806 844.0
1129.163020719603 319.7490600350241 36507708596.338806 36268608703.081924 1059.0
844.8965800166004 319.6332955858826 36268608703.081924 35139581888.77722 1163.0
558.6541919354838 319.08665725224034 35139581888.77722 31821673411.620285 1708.0
502.2923066666667 317.4802330839645 31821673411.620285 29503466281.836636 1363.0
837.4833806451611 316.3578320334253 29503466281.836636 27970134529.81414 1432.0
1259.5123677419347 315.6154423016433 27970134529.81414 26546645838.28707 1796.0
1179.7526988095237 314.91280096055806 26546645838.28707 21607925579.709023 3207.0
1162.588327956989 312.08615246091404 21607925579.709023 16130782300.531036 3151.0
1986.7461176880356 308.740570731737 16130782300.531036 18076895957.284565 1140.0
1091.807061290322 310.0651877044898 18076895957.284565 18004931731.715195 1004.0
996.9747633333334 310.02399938857326 18004931731.715195 17521361058.86068 1056.0
779.0018612903225 309.69642635335487 17521361058.86068 16500729625.810116 1015.0
402.0883677419356 308.9948650163666 16500729625.810116 14755710258.94249 945.0
309.5383 307.79537411255325 14755710258.94249 12880267216.346994 956.0
115.80958924731192 306.50623262053 12880267216.346994 9985045010.707872 1140.0
120.60102999999998 304.4078440534218 9985045010.707872 7023132327.005778 1243.0
1471.437220430111 301.91632934640455 7023132327.005778 7273581675.878139 1391.0
2984.7642559139786 302.12700342856505 7273581675.878139 10578755161.011475 1754.0
2842.5836071428525 304.9072637626274 10578755161.011475 10811576903.245785 2736.0
3755.6033709677363 305.0842568760282 10811576903.245785 14219673643.496407 2435.0
4390.837991333334 307.42691342005526 14219673643.496407 25337142376.62997 0.0
2015.9794675936228 314.2205485214228 25337142376.62997 30364596748.825623 0.0
1796.2405377777777 316.7747636045442 30364596748.825623 34586349111.720665 0.0
1844.4521365591395 318.81879980232435 34586349111.720665 38070900032.85848 338.0
1411.2719752688174 320.4271290500852 38070900032.85848 38792425620.23389 978.0
1201.45704 320.7220706991009 38792425620.23389 38520615609.207535 1184.0
863.1169766407124 320.6109615516586 38520615609.207535 36991248592.864204 1339.0
654.5748215164697 319.9831744905898 36991248592.864204 35337520132.510544 1256.0
1028.189174475701 319.1824925595577 35337520132.510544 34596839758.7549 1329.0
1889.3490002898775 318.8238790349351 34596839758.7549 34979844155.638145 1752.0
2749.7545303155457 319.00931739887585 34979844155.638145 29757728522.96286 4892.0
2867.5605514490417 316.4809376018993 29757728522.96286 27910009394.283253 3489.0
2177.039836551231 315.5863316521174 27910009394.283253 33230775203.04036 0.0
1901.3218734128232 318.1624746795005 33230775203.04036 36237338029.04302 624.0
1485.9865835294113 319.6181553350649 36237338029.04302 37342603556.81921 881.0
971.6916745432884 320.1294196308022 37342603556.81921 36702804294.23712 1003.0
670.6193170340099 319.8435190734178 36702804294.23712 35470422019.44017 972.0
490.55714142229795 319.24683936256423 35470422019.44017 34163027996.592968 879.0
288.28887204301077 318.61384138500676 34163027996.592968 31628355362.433712 1146.0
261.3658066666667 317.3866347256869 31628355362.433712 29722449782.14713 963.0
430.48505698924737 316.4638567745459 29722449782.14713 27916005352.483673 1127.0
569.0980935483874 315.5892347015027 27916005352.483673 24953811091.752377 1680.0
1254.5703988095238 314.00115103694617 24953811091.752377 21234579902.094856 2778.0
1843.167801075267 311.87247018205977 21234579902.094856 17099832877.810036 3330.0
1126.9765044444443 309.40667643511824 17099832877.810036 19123507138.582077 248.0
1175.0151838709685 310.6642096718075 19123507138.582077 21946816708.05904 0.0
951.9566466666665 312.28011487411806 21946816708.05904 23898363372.656605 57.0
683.2999741935485 313.39707152739044 23898363372.656605 23491856465.318584 668.0
463.1536645161291 313.1644096069818 23491856465.318584 22216321530.961624 812.0
308.3329322222222 312.43436442935075 22216321530.961624 19978954693.221416 1080.0
212.4163344086022 311.1538202227687 19978954693.221416 16870361166.162975 1305.0
177.58145 309.2489422368456 16870361166.162975 13956211562.91001 1277.0
215.74200645161224 307.24581493188754 13956211562.91001 10860614876.616787 1387.0
645.234564516129 305.11796458387187 10860614876.616787 7897050377.758911 1755.0
1964.4071857142872 302.6514555667555 7897050377.758911 6876541658.65476 2377.0
2501.565572903225 301.79301956481726 6876541658.65476 6289649896.167112 2681.0
1646.5181366666666 301.29933537699117 6289649896.167112 8553069413.095026 701.0
1195.1913032258071 303.2032885372603 8553069413.095026 11506870861.925598 0.0
811.5124155555557 305.5621878347028 11506870861.925598 13322568389.61598 0.0
606.012859139785 306.8102614721034 13322568389.61598 14586487332.68754 0.0
412.8321741935483 307.679053706824 14586487332.68754 15406040916.051361 0.0
266.87767444444444 308.24239821009854 15406040916.051361 14523267234.780928 528.0
215.95621612903227 307.6355974943504 14523267234.780928 12270709903.28938 997.0
220.22042000000002 306.0872352923353 12270709903.28938 9637792746.337276 1214.0
298.7278731182797 304.11574087006835 9637792746.337276 6858476141.998034 1350.0
1120.5949064516126 301.7778231342514 6858476141.998034 5180511452.402262 1750.0
3033.1905833333303 300.36634543438953 5180511452.402262 5622276479.98764 2842.0
1938.5401419354846 300.73795127858983 5622276479.98764 4091361797.4178085 2473.0
1485.4963066666667 299.3065582404178 4091361797.4178085 6850060099.483421 354.0
1348.7818268817205 301.77074369068254 6850060099.483421 10227295212.55702 0.0
1210.9443066666668 304.6116211411146 10227295212.55702 13084432654.389376 0.0
1015.6488731182797 306.6465717998277 13084432654.389376 15442564984.975618 0.0
707.9495451612902 308.2675041139508 15442564984.975618 17043303381.182852 0.0
504.94613333333336 309.3678192062021 17043303381.182852 17080019613.070385 407.0
348.86150967741935 309.39305719897607 17080019613.070385 14987158378.51462 1066.0
314.77458 307.9544668535294 14987158378.51462 12563517533.005955 1226.0
1096.1464053763436 306.2885053155114 12563517533.005955 11911503366.277298 1355.0
2981.2943440860186 305.8403240076143 11911503366.277298 15291721504.528893 1723.0
2604.455974999993 308.1638173663245 15291721504.528893 14894442562.250088 2757.0
3418.4140591397822 307.89073588276744 14894442562.250088 16675247564.24012 2701.0
2355.489720000001 309.11482510602156 16675247564.24012 22517797421.55288 0.0
2083.96465483871 312.6069124436543 22517797421.55288 27744897355.77316 0.0
1662.1504411111111 315.5063897335979 27744897355.77316 31637648054.616207 0.0
1473.6100612903228 317.3911339472336 31637648054.616207 34695105769.19693 136.0
1293.0131301075269 318.8714562647414 34695105769.19693 35582908657.33595 805.0
1262.5043266666667 319.30130176108065 35582908657.33595 35730937075.45428 1088.0
1359.4518258064518 319.3729723421392 35730937075.45428 34217681879.366936 1833.0
994.3510111111111 318.64030303058337 34217681879.366936 32740738405.413876 1529.0
1069.051751612903 317.9252146825864 32740738405.413876 31252239293.307167 1648.0
2023.4975301075233 317.20453146766107 31252239293.307167 31699179859.707924 1862.0
3015.444764285716 317.4209256607475 31699179859.707924 28696045398.10634 4241.0
3377.8062480645176 315.96690490854377 28696045398.10634 28015517251.8482 3564.0
2909.79388 315.63741515050265 28015517251.8482 34452014304.93912 301.0
2005.8809290322579 318.7537592257863 34452014304.93912 37607475549.536194 670.0
1567.32837 320.23769268955016 37607475549.536194 38681852210.87348 971.0
1551.113229032258 320.6768710495463 38681852210.87348 39503764257.773735 1031.0
1307.109732258064 321.01284817731585 39503764257.773735 39410150442.41952 1176.0
1283.4272199999996 320.97458118643664 39410150442.41952 39329745312.94649 1191.0
1480.6311838709678 320.94171357662344 39329745312.94649 39336595327.60592 1381.0
1162.8066133333332 320.9445136916225 39336595327.60592 38561128298.35618 1424.0
996.5623193548386 320.6275221276834 38561128298.35618 37226910906.05027 1520.0
1007.881429032258 320.082127363149 37226910906.05027 35096632497.027534 1809.0
1705.3997285714295 319.0658625433463 35096632497.027534 30335514638.382282 3657.0
2082.3911129032267 316.7606829855632 30335514638.382282 25244277111.02417 3916.0
1928.8693133333331 314.16739761391034 25244277111.02417 29937070306.444122 0.0
1817.0293290322584 316.5677691035364 29937070306.444122 34404965907.184555 0.0
1501.7293755555556 318.73097991051833 34404965907.184555 36777251754.457054 411.0
1355.814677419355 319.8795641301719 36777251754.457054 37791092618.19988 769.0
1237.9727634408603 320.3127507636735 37791092618.19988 37989921758.24678 1001.0
1137.1396770114943 320.3940271528465 37989921758.24678 37767128148.75826 1102.0
793.0710397849462 320.3029546867795 37767128148.75826 35641305292.83411 1493.0
609.0759944444444 319.32957552669416 35641305292.83411 33778336231.138386 1292.0
1093.4717322580648 318.42758605167927 33778336231.138386 33066389591.03498 1383.0
1970.6561965730848 318.0828844732425 33066389591.03498 33623988938.53077 1768.0
2962.634781657237 318.3528560755935 33623988938.53077 30453268067.0876 4257.0
3597.466010817805 316.81769539415495 30453268067.0876 32398231759.236248 2800.0
2727.7127843547023 317.7593840220956 32398231759.236248 37237718546.23059 728.0
2860.062738276368 320.0865452566687 37237718546.23059 41539267981.679855 1089.0
2460.4669662666665 321.84491128832803 41539267981.679855 43582302417.84021 1480.0
1871.6008041246037 322.6800527665241 43582302417.84021 43825331809.04376 1555.0
1443.8485045905709 322.77939711501995 43825331809.04376 43036164008.08987 1564.0
1356.0160244610447 322.45680501761404 43036164008.08987 42256997291.9105 1528.0
1476.0038779569893 322.13830111401165 42256997291.9105 41696266308.84831 1585.0
1303.418648888889 321.9090882853992 41696266308.84831 40909038775.57007 1568.0
1388.284252688172 321.5872893209852 40909038775.57007 40342510062.626656 1626.0
2029.731172043011 321.3557065251233 40342510062.626656 40832231419.41158 1853.0
4144.79949880952 321.55589239109344 40832231419.41158 40547769413.020096 4244.0
1902.9760409274193 321.4396114237717 40547769413.020096 34970590586.90723 3907.0
2474.9822287991465 319.00483711964137 34970590586.90723 38306007695.18755 1052.0
1592.40865483871 320.5232351935635 38306007695.18755 38876602060.846924 1216.0
1674.3002996 320.7564799267667 38876602060.846924 39759689096.85134 1149.0
1526.8991912213778 321.11746386299956 39759689096.85134 40082130821.33147 1191.0
1404.103880934657 321.24926999100614 40082130821.33147 40022616935.367165 1259.0
1305.3549133499337 321.2249422000411 40022616935.367165 39634291308.43931 1331.0
837.9851431597485 321.0662043773427 39634291308.43931 37009897070.37651 1722.0
777.2969864006617 319.99220348134816 37009897070.37651 35184468779.07181 1445.0
924.2427276637335 319.108390035379 35184468779.07181 33747066659.83251 1485.0
1466.3378520737333 318.4124463347693 33747066659.83251 32852110766.46117 1806.0
2015.20612307692 317.9791375842264 32852110766.46117 29434139616.872616 3412.0
2473.5660317617894 316.32426630041283 29434139616.872616 26250195172.82006 3595.0
2520.0766732435914 314.74312910532285 26250195172.82006 31553648207.124817 353.0
1927.619189889271 317.35046393295477 31553648207.124817 35097323209.71974 453.0
1764.8447440444445 319.06619696413276 35097323209.71974 37491164972.36508 664.0
1569.93682562998 320.19014782900877 37491164972.36508 38678897618.82882 916.0
1432.386138999173 320.67566328607256 38678897618.82882 39140884799.84251 1095.0
1387.1521355721559 320.86451211330257 39140884799.84251 39177269828.05856 1250.0
1676.2270786436197 320.879385404575 39177269828.05856 38480293282.78839 1840.0
1308.5442086228838 320.59447879116567 38480293282.78839 37728542839.63255 1561.0
1442.01901849848 320.2871819755958 37728542839.63255 37228163011.98265 1654.0
1783.9773505376347 320.08263919279847 37228163011.98265 36978587677.309555 1883.0
1195.8232952380954 319.9770444840271 36978587677.309555 30321271346.017124 3931.0
3423.4203118930736 316.75378684323476 30321271346.017124 31052317771.497414 3080.0
2553.2433399102574 317.1077359211278 31052317771.497414 34824479493.11004 969.0
1832.2401576312066 318.9340948451196 34824479493.11004 36707574195.43347 972.0
1715.4252996 319.8458285055841 36707574195.43347 38123646716.073265 989.0
1294.7933746543779 320.4486905774928 38123646716.073265 37993409489.095245 1133.0
1224.1717419354839 320.39545285015475 37993409489.095245 37598700358.275925 1209.0
1392.8354689054893 320.2341056104139 37598700358.275925 37697470353.1431 1234.0
2702.2512721920066 320.27448031876673 37697470353.1431 39746283893.15954 1841.0
1261.87864 321.1119841503581 39746283893.15954 38540484676.736145 1689.0
1935.0282436040056 320.6190835304821 38540484676.736145 39101960320.61896 1751.0
2514.124244086022 320.8486007578494 39101960320.61896 40720201234.04194 1916.0
3302.0514483239035 321.51009724787104 40720201234.04194 37343116802.54261 4680.0
3405.901494688773 320.129629432842 37343116802.54261 34099082922.94284 4541.0
1472.0738744444443 318.5828812447675 34099082922.94284 33535074108.339195 1559.0
1476.1844451612903 318.30980638536806 33535074108.339195 33391240201.831074 1378.0
1294.625528888889 318.2401666514143 33391240201.831074 32749995734.451313 1373.0
1196.5838612903226 317.92969678243986 32749995734.451313 31695512772.43342 1397.0
913.7250634408601 317.41915017547853 31695512772.43342 29882827229.060863 1444.0
665.2220566666667 316.5415063566674 29882827229.060863 27407143793.039055 1515.0
467.8940494623656 315.34286036266053 27407143793.039055 24160928694.95375 1601.0
418.53031973399504 313.5473492988517 24160928694.95375 21357050940.362785 1471.0
620.0808464554692 311.94256578546407 21357050940.362785 19058575320.45614 1497.0
