14.494885109999993
0.5432611769150775
1.4683234177103444
9.182283527459752
13.123753009524846
13.2179311834991
13.443423159930068
13.595322324386252
13.634067851733986
13.607813414115627
13.637892969129632
13.601624484258146
1.6310620347768516
0.9663462845196449
1.9391013698620316
6.795382311078478
13.233996125888433
13.533002729344028
13.59966605863622
13.635921521443546
13.6654417472529
13.632040120766698
13.660833615221454
13.61945729784806
0.5138702026476718
0.4287459798873332
1.491375988094564
7.156456216554292
13.169857897340956
13.313773579478
13.482520641834464
13.616053901746078
13.667223817035138
13.641456816623048
13.662794868778663
13.62698549586995
0.2965214086711363
0.41247511023355976
1.507651929220616
6.793668524914013
12.604341350959364
12.667996887736301
12.836627859481657
13.242705769724342
13.573660208291974
13.583227337133781
13.636560924082469
13.60856666246941
2.448287788722949
1.1098638455204934
2.594755639912572
4.555136654402364
13.181437996733656
13.5974620272014
13.571859177884946
13.568174339217276
13.594835012842156
13.559971357370818
13.588503588831665
13.555365314921001
2.9201271427954545
1.4706372253138937
2.663932168254254
4.755890000840349
13.165860442006363
13.605250435272383
13.590854208817976
13.591642744062444
13.615723949756642
13.581375211873638
13.606960220334058
13.5737524555343
1.256478005225409
1.1767300427697904
2.166660454413945
6.346559287268313
13.306225139239537
13.666105204793576
13.632926457084643
13.629844930114686
13.656325442245219
13.626345752312774
13.653553509393396
13.624494926862027
2.6593339604135053
0.6796818417641433
1.7203189463533786
7.32186549814404
13.366577406046472
13.506346013871825
13.56228252780131
13.59136468713156
13.622654185875309
13.588519428556967
13.6127973919817
13.577232902189499
0.46086782990242625
1.366250115543993
2.605662164160657
5.716644616826093
13.192512869043084
13.609807502761008
13.583391627052416
13.579110718973123
13.604920482754562
13.571012086827578
13.596627827050607
13.563627977569967
3.4860740270733466
1.190172637005194
2.238804685748468
6.550138930440859
13.300669926934646
13.660750605812806
13.627907068586909
13.624251701086267
13.651265937789065
13.622964073688419
13.6519271062909
13.624166290280384
3.277279192373925
0.06468011092226433
0.8593897460976638
8.041345344586546
13.440829780268999
13.718890106812019
13.692450762512012
13.685681480554946
13.714326578912258
13.680670300422259
13.708940946272085
13.684314727041505
4.993903949741554
0.8569754517648462
0.10420421952150782
9.10255141384355
13.523742517549861
13.76109623332869
13.731752398584238
13.735338692405648
13.752257496879173
13.72186282356573
13.743160899833317
13.712315469075397
4.54552368492015
0.5976803265041539
0.06728544432459849
8.483631609284808
13.084356876176649
12.790994438924297
13.405234931611737
13.59728585559837
13.672572298019675
13.678358883767629
13.716533395458063
13.680872136200987
0.7615642957915387
0.37919338869476427
0.4343697633500607
7.760212803879978
12.561365985227194
10.623168351179375
11.88623106393325
13.368229333886203
13.40572839588362
13.585942177244828
13.666301956992717
13.64940655765598
1.1131092005871466
0.3831733759072318
0.40688184388981696
8.647013816195404
12.810520052310139
13.196242129343299
13.425727617981025
13.641306119309812
13.7002412514728
13.70510231255872
13.722251645936343
13.693178585322077
0.8509236926136516
0.48866756262864364
0.2369301802467696
9.726184235852505
12.79262491097347
10.326421841141492
11.14009561900035
13.148155817976452
13.51516705583998
13.51235943987286
13.606356846899379
13.603834882347927
1.7862593304872565
0.29414972648076976
1.7239884144643778
6.54896130149837
13.113725463481142
13.34822862554956
13.438932280404941
13.591978449682085
13.655859398695805
13.62824576082533
13.651063317065255
13.616092111204468
0.6897513177489589
0.5336410465714057
1.2998204717283937
6.408230750855928
12.878812000080474
12.600700323142574
12.39845521465929
12.911263211555017
13.485261971403542
13.613299100228478
13.664117452634063
13.63413604151229
1.7025422121256586
0.23969542259735555
0.9774337928448116
6.3832292620281805
12.460684242009002
9.888753477031967
10.154980052103834
12.615142204489699
13.46381925681846
13.579550398022375
13.643553282983099
13.639807991809862
1.2520102647544356
0.055798795898635234
1.2301567966026692
6.12933746354682
13.25994974940488
13.66283324015512
13.64429672558607
13.65308103277875
13.677472730245444
13.648879752095167
13.674034284744563
13.641062712361355
