1.020553639324147
0.20202277789776346
1.7922990030759625
13.752539738534978
7.9769192084811955
6.172220302160962
4.444299266271617
3.7167923403390173
4.1424056818814705
3.678399814651696
4.721983576593644
4.770656321736782
1.4343164076204058
0.8021624408610037
2.1386558523706807
11.512631705290165
10.188918781586503
7.9003636134908275
6.692067740099467
6.255053967402615
6.535042697042906
5.170848747174494
6.314073533111035
5.431880251306064
2.152569309411671
0.3967156383064374
1.9180437042525735
14.494885109999993
12.186418768066916
9.977721122667157
6.795729098408142
6.168842399407982
6.241783982400031
4.887256255354538
6.205820656861789
5.472420996089943
2.055482554563209
0.4873836391762367
1.9680132779835855
7.508780028433418
4.831143098740858
5.34500733388095
4.862035430067305
4.786573189088834
5.050819475304959
3.856086160091195
3.7841719271990257
2.89979567396764
0.09900097142500108
1.290852680911767
2.8341097331230873
1.5979998971016833
0.4838845543765604
0.869730667571611
1.0316576728265634
1.9556167909989295
3.3629095638966167
0.7899137034103294
4.519454160661597
3.9371690788240663
1.5502518507560428
0.25328652861098
1.5647617541767058
14.494885109999993
14.494885109999993
13.838006873024732
8.228341656221499
6.590002919100336
6.102065825537286
1.8178929660733392
4.840336560729096
4.116241513215732
1.5633427044461303
0.11109117537000124
1.2675790614531408
7.036374506544961
7.622174702127489
7.5020915976763245
7.570806897092169
8.090717588977594
8.296113795035815
6.950611997788229
6.6957168802806075
5.697751845567549
3.378396791758659
1.1947526403599582
0.255836271014509
14.494885109999993
14.494885109999993
14.494885109999993
11.991994842673863
7.152226324860098
5.870756886434437
4.426161331465092
5.403738705890083
4.62273570021698
1.5207547688943457
0.6457361975403
1.902605980665788
14.494885109999993
9.900349440964668
8.137951352778106
6.983622026422677
7.233542264503132
8.172577263463351
6.023771661605462
7.679236679345636
6.319136921333547
2.401379846856937
0.00789018378236328
1.2367029219200187
12.862110760057778
14.494885109999993
14.109476326079575
9.779902832073873
8.775578366800367
7.182095389716012
5.4708988574998205
6.099876954846691
5.2504338101412
3.0364497333703593
1.4891629377562374
0.21973289177451072
10.23130714102466
14.494885109999993
14.494885109999993
14.494885109999993
14.494885109999993
11.05669197748127
7.824964479891324
6.751529774304294
5.767209704697246
3.4428170999480177
1.787397492841306
0.3721855696343752
12.385456973511014
14.494885109999993
14.494885109999993
14.494885109999993
14.494885109999993
11.81627024600171
7.243573936535481
6.5333464738480815
5.546651016027912
3.165801999690233
0.7697329437803013
0.6613600134300555
14.494885109999993
14.494885109999993
14.494885109999993
13.500218996411569
8.531149321575748
6.665654576440766
0.8565724946030837
3.5547592978073936
2.385597895361718
0.8989506568081236
0.4384318332508528
1.8283305412155233
12.397130031689512
9.536320734840263
7.451326989763743
6.737848758858672
5.621636232927054
5.801161766374703
4.081134785039906
4.10302376831803
3.063507114984306
0.9531217331261388
0.6531160239060068
1.9430279452108419
14.494885109999993
14.494885109999993
11.55183902852506
8.748285060732435
6.986866423183452
6.490403601771332
3.2975465841769687
5.195413625863489
4.288361547309595
1.4860308451185436
0.5600600421958895
1.9512659848472413
9.325662946054281
6.342570699023208
3.611902976932546
2.596220738272388
2.5174198291665615
3.201091180647028
2.4215649189841457
2.958580427398754
2.1665414418755304
0.47286225306686447
0.9780950843342691
2.6191123079302887
6.944007196527011
5.357890635278668
6.123246860809825
5.500490775501696
4.976347121511687
4.758611369447291
1.4960391322494893
4.034916582367984
3.470963765255661
1.1683747362657098
0.5112852516852389
1.8799676739635611
12.054259613176686
11.182947232720435
9.726410836690743
7.6315907641889575
6.256410204335964
5.37900329955246
0.6272714211893096
3.1370530032020714
2.0917319657314213
0.3991129102967985
0.7720363056165045
1.9420314832959118
7.653493111145799
7.290059229808887
7.344735750040958
5.986950601102729
5.420365877978895
5.543819423049339
0.6909358353304
2.151643650277739
1.3271832040490867
0.05824984854859672
0.9721182633615992
2.429825732765069
3.345645693623652
4.335638339013052
4.704945228689622
4.22951254229919
3.9312848124493396
3.851668657727272
2.995281824661104
4.433295110624764
4.067739245850412
