13.52142769086073
0.5132645797280588
1.1401990206000452
10.372133863657522
14.494885109999993
14.494885109999993
14.494885109999993
14.494885109999993
14.494885109999993
14.494885109999993
14.494885109999993
14.494885109999993
8.55815544510667
1.1265640758494175
2.0696498232026617
8.259155039586219
14.494885109999993
14.494885109999993
14.494885109999993
14.494885109999993
14.494885109999993
14.494885109999993
14.494885109999993
14.494885109999993
8.606307331516714
0.9206844966848635
1.9220169581872302
8.703210313268825
14.494885109999993
14.494885109999993
14.494885109999993
14.494885109999993
14.494885109999993
14.494885109999993
14.494885109999993
14.494885109999993
8.47898533702663
1.1104550787043639
2.2196172300888097
8.6622953690691
14.494885109999993
14.494885109999993
14.494885109999993
14.494885109999993
14.494885109999993
14.494885109999993
14.494885109999993
2.180224492488673
3.380461375107208
1.7245050019224326
3.0039587932769205
6.299490232908457
14.494885109999993
14.494885109999993
14.068414571482291
9.472984007865298
9.164027426359304
10.724446801754628
11.649680323750664
11.098655743063908
5.780288530584793
1.612636807233704
2.700316788215085
7.258906433272254
14.494885109999993
14.494885109999993
14.494885109999993
14.494885109999993
14.494885109999993
14.494885109999993
14.494885109999993
14.494885109999993
8.62742150471929
1.4688762541262292
2.347610332261686
8.551388696470596
14.494885109999993
14.494885109999993
14.494885109999993
14.494885109999993
14.494885109999993
14.494885109999993
14.494885109999993
14.494885109999993
9.750243288179384
0.8947879568755948
1.9224847918636225
8.811676207747176
14.494885109999993
14.494885109999993
14.494885109999993
14.494885109999993
14.494885109999993
14.494885109999993
14.494885109999993
14.494885109999993
4.667081642936715
1.6352110826060535
2.870575847486103
6.565763889305075
14.494885109999993
14.494885109999993
14.494885109999993
14.494885109999993
14.494885109999993
14.494885109999993
14.494885109999993
14.494885109999993
9.42516461760359
1.5130402652193435
2.4868989259544367
7.628905792073867
14.494885109999993
14.494885109999993
14.494885109999993
14.494885109999993
14.494885109999993
14.494885109999993
14.494885109999993
14.494885109999993
10.207305779235602
0.3725068870888677
1.1666284199112251
11.314401137662239
14.494885109999993
14.494885109999993
14.494885109999993
14.494885109999993
14.494885109999993
14.494885109999993
14.494885109999993
14.494885109999993
10.9052954150266
0.33419618708465393
0.39455264435715875
12.00165347353962
14.494885109999993
14.494885109999993
14.494885109999993
14.494885109999993
14.494885109999993
14.494885109999993
14.494885109999993
14.494885109999993
10.50421675358035
0.061209702292090995
0.6874302681416484
10.528142086907316
14.494885109999993
14.494885109999993
14.494885109999993
14.494885109999993
14.494885109999993
14.494885109999993
14.494885109999993
14.494885109999993
7.895887843400995
0.6252968552351135
1.3479424276091763
9.899344787114583
14.494885109999993
14.494885109999993
14.494885109999993
14.494885109999993
14.494885109999993
14.494885109999993
14.494885109999993
14.494885109999993
7.873189868138871
1.2398330599208158
2.1142650006379338
8.150619183883386
14.494885109999993
14.494885109999993
14.494885109999993
14.494885109999993
14.494885109999993
14.494885109999993
14.494885109999993
14.494885109999993
8.034880543988292
1.1064931916107295
2.09029501089322
8.78466189930532
14.494885109999993
14.494885109999993
14.494885109999993
14.494885109999993
14.494885109999993
13.806001693585713
7.680305689749698
5.469830005773526
2.1985417226364614
1.6576432510128871
3.023502784725677
6.514899599380137
14.494885109999993
14.494885109999993
14.494885109999993
14.494885109999993
14.494885109999993
10.41727701555773
7.007537999516045
6.282445477666638
3.3111985774508774
1.6210136560858022
2.6920886917358136
6.6055127505435784
14.494885109999993
14.494885109999993
14.494885109999993
14.494885109999993
14.494885109999993
14.494885109999993
14.494885109999993
7.8410628485351
2.085165495392486
1.6538985350468476
2.611005278319917
6.98582770830031
14.494885109999993
14.494885109999993
14.494885109999993
14.494885109999993
14.494885109999993
14.494885109999993
14.428603949578322
5.079918920032091
3.348138716162035
1.680493222777768
2.975336689436043
6.149769008133507
14.494885109999993
14.494885109999993
14.494885109999993
14.494885109999993
14.494885109999993
14.494885109999993
14.494885109999993
14.494885109999993
