13.297322385735145
0.49441409765946354
1.482118474686704
9.191525743896683
13.535074066003082
13.65224566461886
13.607758070340509
13.586629284747918
13.604846263480061
13.574157738865207
13.597968935979582
13.562297981933874
9.339143364707951
1.3689928447259856
2.5265824776968895
7.8423312458561245
13.482448336629895
13.614306103807838
13.58854773851157
13.550428687336316
13.566086212830436
13.567296687210149
13.593596760371987
13.559968384047473
9.449061892515397
1.2185571222204672
2.5210166629921797
7.20573890989018
13.497785321081063
13.627727381623895
13.58778726616328
13.571277816786253
13.593447859925682
13.571482291281082
13.59687868394997
13.562774506458013
9.1129737411331
1.2222095375802038
2.561809818497556
6.758881891857152
13.456117349270965
13.586672504609837
13.265689376808904
13.1629869777742
13.467165951284889
13.534965450971882
8.832232728129839
2.3586762461565502
3.3911865400119137
1.7220799388218477
3.065785025854362
4.368261792560597
13.394000822993716
12.985054071194657
13.500730956827878
13.432483073332978
13.531492569977495
12.83258480957757
11.956447308841854
10.776750734713168
5.252626140212524
1.6155415783532003
2.8380822004740036
3.9069100062606044
13.428852906631894
13.512411951829307
13.563717237504033
13.545573630326132
13.552393940326466
13.574797788842506
13.608184892911737
13.57487076434683
10.331674905042881
1.2435542303710232
2.307088010205449
7.633665017319689
14.274404579379645
14.2790753382853
13.968011847870347
13.872171274936463
13.781965550665468
13.694295268320646
13.679993184824188
13.645963582030399
11.024013163389219
0.6286076867408106
1.800457480175405
7.4560858274996145
13.526202359526168
13.638775631017639
13.592053436661251
13.57157215976321
13.592398441797519
13.56938986035473
13.591467272682086
13.55464788779094
9.064452579519358
1.4695181034919802
2.7115788595613086
7.245824932979345
13.442978248232974
13.601406225937671
13.53956087047056
13.404465462311109
13.488401301586501
13.544976654643207
13.582616058529403
13.551009983035765
10.178214218503552
1.2229746665554195
2.291087130934132
6.201932364339328
13.624831432504642
13.948274135136664
13.967953615176903
13.91623614059009
13.784486186155258
13.710947501620065
13.703247674853133
13.656566021911196
11.590848858710796
0.1635160444384791
0.7106022351245329
9.129606191988849
13.686016479924197
13.7906598810113
13.792470956881127
13.857363354253826
13.900515151060029
13.821895889722368
13.79359927888043
13.736406968266454
13.443823852352992
1.072158503909943
0.004722490191584328
9.259220409606987
13.6720697557237
13.797946101583493
13.848448674634648
13.965162915233911
13.920731047849767
13.800572526081291
13.77002926088305
13.724148255355352
12.409534082142853
0.33639594049881083
0.6040586187342196
8.82770774686729
13.592484736431128
13.716133113671395
13.678314920563942
13.665540519473671
13.687582852477956
13.66475297442799
13.70162331791772
13.663224558829263
12.133595920363613
0.5967572465614541
1.6733164054391043
7.704429776268553
13.562692321863329
13.666811966988554
13.621320707004045
13.614836154508009
13.634793882843152
13.597590272642238
13.6174967007271
13.577434916827897
9.142969240183973
1.0008860879188965
1.9321319915504436
7.2983377367769995
13.567186154203771
13.689613624456385
13.652280339149678
13.642235623351288
13.66079419067562
13.623508978486168
13.64874749307587
13.620422545375314
10.131048520639535
0.7137316764770958
1.7259762881700045
9.17849297653673
13.51150744037384
13.629756862444426
13.568202096914517
13.275491106442399
13.45624282110878
13.542935010624015
13.573594875709357
12.021084854548254
1.288741302620183
1.6544113768858058
3.125875482287535
4.82669720740793
13.422037695018101
13.438615590931267
12.767090458133254
13.199642195307327
13.479341886490808
12.674981583207298
8.542793977337572
7.130548038981411
3.57549821145842
1.620341845733746
2.8187499605538857
4.164305740233251
13.435853169060406
13.618140183145941
13.459634280744993
12.756944508604073
13.342354772557172
13.538614350149015
13.577178197641555
12.48833907623706
0.10950768235484709
1.6443656780879383
2.720669514225799
4.579110966074282
13.431575164205858
13.614893823645984
13.209245355131753
13.185189898154842
13.416755662699654
13.547157929872906
13.592914628398521
12.81995642701571
3.3197392994802666
1.6760666039479961
3.0988707454440654
3.970198757016716
13.263397106665128
13.653083581767165
13.702831750557616
13.469285314613602
13.555136522811125
13.573329507410856
13.593851954590466
13.554050033098907
