13.38136187515724
0.4086559337758633
1.4432865864470958
12.62203521923348
13.535106464018325
13.486867420585412
13.496879480068428
13.487112630772536
13.528611347245484
13.492942038027783
13.521268369151613
13.482412976910197
12.159072640679604
1.1319590176481853
2.3930639712548665
12.26911986853344
13.503357865357215
13.534214181277065
13.495799838419622
13.49269607622612
13.52242887818516
13.486938464185835
13.515719595006978
13.4773950209757
12.083838149782583
1.0670638420605538
2.397375673236704
12.292247987075807
13.501188296887868
13.53316785283207
13.493561031274275
13.489264384559341
13.519416108658483
13.484089843969075
13.513223878888386
13.475308046900075
12.10282763994055
1.135845540423004
2.551322219197564
12.44423584118763
13.47996083615649
13.542108435722417
13.474521304976935
13.45516703693796
13.479189660162106
13.443148399099199
13.129535226428104
10.09485655779595
3.3225036635588214
1.6856057972519043
3.3374718353517725
7.259661851454285
1.4834414710323731
8.458012891679456
11.475218649885743
12.004373941834022
11.0783553709811
10.932773544358023
10.157078599941563
8.692046151592088
3.278850377275594
1.6253557503598142
2.9181594476183985
9.461865021611047
13.014726243606807
13.393790314972486
13.4247964545701
13.471387579700679
13.500243098046699
13.462641632236833
13.492365746466973
13.445991569185908
12.21350876941036
1.200424852645538
2.3153161956457087
11.80168078334532
11.095154966106696
13.371591852871251
13.47091299748174
13.511336852126739
13.547539713754091
13.513942801422074
13.544158566724974
13.509529054365784
12.276248828344562
0.9062738139692392
1.774086995748812
12.283305982371317
13.517635868854434
13.545970287710789
13.515104811081978
13.499500014534402
13.53457799289458
13.498764831371407
13.52650768494536
13.488251399218063
12.121137734679039
1.049457533828205
2.275928994689613
12.360879113856843
13.495256883037172
13.525567444854843
13.486549982048126
13.482941466450457
13.512742162694746
13.47677857797364
13.499533796208697
13.461762816083912
12.287472919766255
1.0903499038482547
2.099685337423564
11.587843230498645
13.363070393039541
13.497774574831698
13.536483450473229
13.540036401854636
13.567995894100259
13.533996060610415
13.563855746846452
13.53345227032228
12.70198032168846
0.05890143101058953
0.8039592414586583
10.975958861132073
13.475860346387593
13.578814247336881
13.594448957254743
13.596485013115773
13.624047017119931
13.595288446208137
13.625754227954957
13.596401289080012
12.928563553074476
0.8555942617207108
0.1463657257322808
12.556373603786861
13.575499096579437
13.635827945067758
13.611097340239992
13.636355005479178
13.659397930157823
13.626300564747869
13.647925729795078
13.610410504511005
12.797243843075771
0.3568356652984601
0.19859903222774378
12.17435354824403
13.488623068756233
13.60154749066798
13.614507000125874
13.61419239182259
13.63742624115824
13.604087168590793
13.627466342947606
13.584007743130366
12.502551900649276
0.36190345243474553
0.9166364722056581
12.607854244314861
13.591287867650056
13.611942211566904
13.566886286680626
13.55168529337321
13.578029434300532
13.543258559675866
13.56924982525749
13.531447774274842
12.149515490799171
0.22435651212211205
1.3924809723894764
12.510804956842996
13.594820774595464
13.620030333297162
13.584619812259543
13.579845788855817
13.60573209219368
13.571905200603002
13.59664994154595
13.55288450943266
12.218933937253535
0.13121160859940773
1.3330628799845705
13.024577027971095
13.536851203321442
13.62584986170466
13.521763858082105
13.482365356381658
13.503448449798114
13.466526513616856
13.496398811480239
13.458279829536858
11.917736134269958
1.3430487189715645
2.979269157560152
11.810558404775517
13.432821891933033
13.476607139545893
13.421741408160742
13.138466631368846
9.89852902742898
11.589548970113746
12.049881029341645
13.070908636338084
3.7398531658165393
1.6256426021190844
3.0884225027889887
0.7143060508858508
11.783214460038437
13.042352525286704
13.19724391305129
13.411040777950218
13.471770240957548
13.441575755522008
13.480029069500924
13.425057541832965
11.94334769776161
1.4444057821389915
2.785088799450504
6.978281017734909
13.27708456326924
13.219191363156527
13.283641015600326
13.454649048675188
13.493802495968556
13.449209022359186
13.48741477393094
13.441624355357469
11.726692986947333
1.4956249014966403
3.0786278236475884
1.045904670250927
12.964754955654621
13.036386665802647
13.181781376193685
13.390495359841562
13.461314652410795
13.44009074429504
13.478832151845758
13.431531539528477
