9.123361077771108
0.4098917632179617
1.1672512027200295
12.356025926026943
12.541552922574862
11.388839642666149
9.766093014729146
11.522104371237841
9.02358962999774
11.62429616263691
12.184016073744907
10.833148353965761
10.61642950950812
1.0266934162450614
1.8078893788462072
10.436705317584696
11.801026369165555
9.355389288571882
9.755648846672498
8.890592063144474
8.608727884871211
11.258273915010419
9.481553954882255
10.343995346991228
10.852160292246241
0.3083088293469576
1.4706338028625652
11.350084696094749
12.71939355872193
12.362796841239579
8.244421314218034
10.609433221400437
8.330908954756126
9.14387447881915
11.685703468113815
10.94272257091739
10.842196821159757
0.5602123996739259
1.7016272789096458
11.163544542328689
11.002443777673907
10.286646897318676
7.106688856121308
5.063852735318971
8.866821087660306
6.187812318324575
11.835669681560656
12.243655963308534
4.30714410121756
1.6756425947608111
2.961586304766021
11.84258848001721
11.919697470192853
8.537714999606292
8.992634332095616
9.31985959539197
10.386624443711222
9.601395161034475
11.678123095244207
11.6099691555323
10.414283511431094
1.5928774968904005
2.8617116745928097
11.337689701692199
9.431904186711868
10.296094770169447
10.281680177577243
11.38380366140909
9.670494672924555
8.862068368821923
9.411072045980546
12.085157933358575
10.589719819925062
1.3364147068045238
2.4678464532381366
7.577684829729065
10.590234957805833
9.645014944605794
10.884463470800979
8.017362839010904
9.512940751969612
9.591018649123532
12.6162861119354
11.263827050395339
11.652940773673315
0.8435420259828934
2.5090640795504147
9.759982443393273
11.475825367180454
8.918069923374361
3.0445253798008878
5.256880709871847
6.274180324799175
7.2099258637173484
8.865778190698808
6.88188884893313
1.3808931111187839
1.6342080561249919
2.9035228957626753
10.42477034500366
11.913995998776299
9.758205120947512
10.276022165982182
9.03939395243853
11.686116159093661
9.349276966834339
11.434035717890097
10.296248628966927
11.667711771705292
1.2583680232825003
2.476119603246728
7.9124566460424655
7.056435448979317
6.783090909787084
7.422147010705214
8.397098347309955
11.237896420535844
9.247053750047469
12.009182395305114
11.167323991939615
12.639742296047384
0.03539716769529022
1.5160613924354092
10.70605477462583
9.972987994036721
8.701516447787967
6.359397802163768
6.517786654571661
8.158315470408466
10.028976481209224
12.780871034431117
12.733330653822497
11.611884324430255
0.34423235078964076
1.2558392281852644
8.761065456993826
8.440247752575218
8.940820890054237
11.445436471800852
10.958502406737237
9.263119531763582
9.20788136839192
12.027874500460033
12.989861575307195
12.524986309250503
0.1894435021305938
1.7337112439680507
9.38483044080822
9.066017827741993
10.618098052154082
6.37715236116542
4.071210343330646
4.195350374890818
7.973619530337538
8.5555011534167
11.932627086990308
10.953140969381636
1.0342831581293996
2.3894759977705338
11.460186317301817
12.238308267028668
12.114541104487087
10.443871722516313
6.897581751300069
7.745789300701444
9.148095853454956
9.08986532424138
7.1591087949568495
6.936505553689971
1.597119689165245
2.754716002577263
11.679011702610158
10.023241583620319
12.442591403350367
7.643619761194672
10.900601917081497
8.539232599761611
8.037321167629221
10.697894054566046
10.230463488464551
10.521481047340366
1.5241878038809897
2.755022406578979
12.24346748089686
12.7815945626067
0.7620838571100581
1.588036025599072
3.0824805869477103
3.8894161980179156
4.198368355332544
4.172396667389961
4.040630625052156
1.369580306067494
1.630707047133141
2.9606624608907577
11.91434356815528
10.399141647251946
9.211563348758263
9.008170537737975
7.7902584827620585
8.28325552560654
9.226724442494945
10.405086240844959
11.539622937717551
11.36630080704044
1.5353672385064794
2.809380453193052
9.611406835994185
10.070164146675054
11.223435722019492
10.660526384982242
10.182256090160289
8.510204737813577
7.2916220186344605
5.228768372035683
4.371523386526482
1.6891972943304516
1.6284504928240775
2.7034545723652617
10.095086278179583
11.331988333342931
8.613902973420196
10.571391566355745
9.888531959385
7.0640014773841076
5.827017524801635
6.542787070090124
1.2288959468390246
3.358605812189884
1.6625618384937564
2.993402046649569
9.913773014884056
10.944743064632963
11.533740787627256
5.661203080694779
9.408788000300866
6.803828135306668
7.8353959349023095
9.816261421747953
11.643035398332543
