10.446983036169101
4.195387333983378
0.9640313499436726
1.0411466870059982
0.4873003775322271
0.9274487272520293
0.5018426015432489
0.6194233353799401
1.5809408243723926
3.8017856149371667
6.711799735786938
4.849628627752113
12.414939564455235
2.96403359370769
0.7166998917161607
1.0451305846356718
0.6678934258768017
1.2635066294206219
1.4116948066536121
4.018015161993475
8.819774034738728
8.63664749706965
10.119257803345468
9.265182402826943
12.043291912601283
3.580188229736237
0.6615299154077565
0.7960156528917715
0.3904093171010583
0.9868473390442691
0.5465690369910465
0.8708966215383764
4.084522496293802
6.891886515954142
7.526915892435293
6.955356841612156
9.377245394800479
5.290969504701977
0.6662903693811426
0.610497154042509
0.006355715391137551
0.47976466848566446
0.038150224340263605
0.1443803393575127
0.6520469724649693
0.3008119951360353
0.7514154142378509
0.35008980156239566
8.848497013526604
0.7445227657371376
3.3930886800943814
2.840888700377464
3.0094961103985494
0.2702498429350708
0.09516482519847713
0.02354422857256111
0.7424441687641572
0.7273662974903363
3.0535154577254
5.657708915718608
8.579609513391869
4.18307521176879
1.1468285556196811
1.9029087329773464
1.9261200892321053
3.3872300685222427
3.6131302633104063
5.674126600369734
7.723229231680387
8.27041384219255
10.176072116164482
8.239304990641013
14.494885109999993
4.083886300206583
1.3739771583438678
1.855385088598572
2.840186605192768
7.105821299423342
10.317798072592005
11.645389974074035
10.490737281762732
8.908959018745488
9.710658608291697
12.606863334846686
5.920217100986445
4.503846165143164
0.6138725474680911
0.5984633277049767
0.15719061076699603
0.34373398588501836
0.10900803877575171
0.10701880559664723
0.4434266449555082
0.12704373218071652
0.8983397850667991
1.0679590930820595
9.39230443436562
3.4253445523406807
0.3821695113103427
0.5805587769906602
0.08740482622403256
0.03426636733278876
0.22916922622704305
0.7856223092789687
2.3437126988981003
3.876673454539688
12.132978288939734
9.204989563482041
6.7297509874838015
4.636828076870485
2.988514705102265
3.760009295848013
4.105820077084571
14.494885109999993
13.172901488347698
13.714027204121647
12.57343162039891
10.703849009960596
7.498155126116308
12.689432927902008
9.579006556658644
4.126798900086849
2.298206069503715
2.1374882590502633
1.8250799535942122
6.80418018483567
14.494885109999993
14.305287387122515
8.655071702168442
13.802918214774172
6.616707035076045
9.10034041640636
13.804169165328961
5.397948137461858
1.0090517382363213
1.4881984504237629
1.7115486422124206
7.355423765175386
6.298652089801443
7.9923670146398855
14.494885109999993
6.857771668289092
14.494885109999993
7.405732906415501
8.97359225187385
4.109971923174005
0.694821364988421
0.6928815352056201
0.18003106357156362
0.6788255059075183
0.3230963090910439
0.3499739001430804
0.9876617347505547
1.0588686891089676
2.0818640605372725
2.4197165472676847
11.97759123631992
4.133182333613327
0.49988023114133817
0.6090472781050433
0.027318156236905367
0.4910174758819643
0.027122878696967945
0.0553809961859848
0.5963421963405651
0.24490783106586456
0.9157396293556221
0.6992017859559674
12.144014820280594
4.458221886025861
0.6373961686516001
0.9611087720433069
0.5712678785300902
1.3296718250353194
1.5881154541499
2.668098384321892
3.0663407909772094
3.6439010143801074
12.259658603779187
8.73916777755488
6.47407195922162
4.901859341793484
0.6355620591932283
0.7561019480691549
0.16910702477402317
0.5200932108213809
0.03164375753872761
0.0497502289870404
0.43528908569617286
0.003109408470759689
0.5475352951188182
0.20992562725285957
8.304450390856433
2.414529596428965
0.10546649738791558
0.45367358643344424
0.06225608671544336
0.4480151968705748
0.02308536552554763
0.046129348585990826
0.5823320207301723
0.42225750763862635
1.2752371631338306
2.5169162575950743
12.313004324537387
4.07380810890708
0.7328559044260761
0.9320396778932558
0.38715055102844254
0.8065857261331448
0.39246236589280414
0.6047616929665178
1.185417223360231
1.200113564832293
1.8584462401530644
3.03989140572925
11.815167670306987
3.143524671963057
1.0823215150952166
0.8015346895668092
0.2329869141776726
0.7294710596932408
0.3210855460131352
0.5281841482458187
0.9748360300623808
1.0109890672499926
1.52408799524237
0.9618686032163293
6.116040859883798
3.9070214776550145
0.288645715057557
0.3993215193242552
0.00379260158283401
0.5618756179010838
0.24209769142715665
0.5751453801635602
1.9619844285586598
3.2268858879927116
5.30935300633355
4.516975689876883
