13.108233534535431
0.5096248915914305
1.271859906634333
13.445321125221556
14.494885109999993
14.494885109999993
14.494885109999993
14.494885109999993
14.494885109999993
14.494885109999993
14.494885109999993
14.494885109999993
12.93982180406757
1.4570306299035973
2.4302777299163463
12.970246991625888
14.494885109999993
14.494885109999993
14.494885109999993
14.494885109999993
14.494885109999993
14.494885109999993
14.494885109999993
14.494885109999993
12.997677663070462
1.4053274658147306
2.5216161157493335
13.235800372310605
14.494885109999993
14.494885109999993
14.494885109999993
14.494885109999993
14.494885109999993
14.494885109999993
14.494885109999993
14.494885109999993
6.437254714676653
1.6185894872321338
2.8419925734593345
12.938622499764577
14.494885109999993
10.021429093604894
0.4319929611456761
1.3124336445130087
2.3926532717625104
3.6607543240075078
6.278575054347076
0.4724575056281104
3.3708594946980046
1.6816947761896
2.7067434887741495
13.056252234619187
14.494885109999993
14.494885109999993
14.494885109999993
14.494885109999993
14.494885109999993
14.494885109999993
14.494885109999993
13.597784109817699
6.654344880015373
1.6089058097559015
2.54485875335404
12.973585915264618
14.494885109999993
14.494885109999993
14.494885109999993
14.494885109999993
14.494885109999993
14.494885109999993
14.494885109999993
14.494885109999993
12.975132198025987
1.5540140567517522
2.4706844231249914
13.164013385868182
14.494885109999993
14.494885109999993
14.494885109999993
14.494885109999993
14.494885109999993
14.450893745866539
14.473561839429866
14.443373445750787
13.095000532075984
1.1944791101038703
2.159744546143047
13.029767019361053
14.494885109999993
14.494885109999993
14.49471901276205
7.522593086823911
7.189301106219479
9.380999722903834
10.930826537081858
8.701134490244405
2.872491047133675
1.6270729427583124
2.749649092755325
13.044414363671907
14.494885109999993
14.494885109999993
14.494885109999993
14.494885109999993
14.494885109999993
14.494885109999993
14.494885109999993
14.494885109999993
13.155993244686071
1.4384348525463846
2.3438876370074144
13.164328584478474
14.494885109999993
14.494885109999993
14.494885109999993
14.494885109999993
14.487860365993804
14.494885109999993
14.494885109999993
14.436516244664396
13.228415055792446
0.5383216931916905
1.2707304111427646
13.426316962002003
14.494885109999993
14.494885109999993
14.494885109999993
14.494885109999993
14.474695790982553
14.446065441947301
14.467849247340927
14.410965943257446
13.315020914170844
0.04447528051306193
0.8469993803363138
13.663788415973347
14.494885109999993
14.494885109999993
14.494885109999993
14.494885109999993
14.294644418587229
14.418629583926698
14.441032218563679
14.404177108031542
13.240635151399228
0.4779084091736525
1.1076567807885436
13.329043197197556
14.494885109999993
14.494885109999993
14.480489136573667
14.494885109999993
14.494885109999993
14.494885109999993
14.494885109999993
14.494885109999993
12.997309290368452
1.4113370683123225
2.3949565943920046
13.105783299374965
14.494885109999993
14.494885109999993
14.494885109999993
9.641435101922443
5.495338652135027
8.015378654257121
9.953918375338267
10.011531612417897
9.280011335654741
1.5860927205263113
2.5957025878923528
13.062112418183847
14.494885109999993
14.494885109999993
14.494885109999993
14.494885109999993
14.494885109999993
14.494885109999993
14.494885109999993
14.492052560921847
4.475040905686674
1.62833766853643
2.6911957246635065
12.97535255800028
14.494885109999993
8.81997171117854
3.232695130542039
1.1414071937815269
1.1577043825809774
4.355468547889291
7.621490440129909
8.221230656368636
4.680883304864974
1.6152889681822327
2.8033325710556714
13.209003416089768
14.494885109999993
14.494885109999993
14.494885109999993
14.494885109999993
14.494885109999993
14.494885109999993
13.597139993084776
9.991991554782494
5.7825947942020335
1.6098255134040205
2.544819277401297
13.015578295663726
14.494885109999993
14.494885109999993
14.494885109999993
13.43606607914666
5.089527455274421
6.7953443228376855
8.612806896056485
7.614137378322857
4.101476590669014
1.617329411163988
2.4189888130117314
13.052848589173717
14.494885109999993
14.494885109999993
14.494885109999993
13.642786205036172
3.669018724284445
2.6865136470527258
5.547924436140608
4.319251989536539
0.08707953568249494
1.638576055334548
2.6736413128999157
12.8592060727994
14.494885109999993
14.494885109999993
14.494885109999993
14.494885109999993
14.494885109999993
14.494885109999993
14.494885109999993
14.494885109999993
