0 2 1 0 4 0 0 1
0 2 0 0 2 0 0 3
0 3 2 0 19 0 0 5
2 6 7 0 38 0 0 22
5 11 27 1 60 0 1 25
3 15 26 4 83 0 1 20
2 19 26 6 94 0 1 26
1 18 15 3 77 0 2 34
1 12 8 1 56 0 2 45
0 5 8 0 34 0 1 50
0 1 4 0 10 0 0 29
0 0 3 0 2 0 0 11
0 1 2 0 2 0 0 1
0 1 1 0 1 0 0 3
1 3 1 0 18 0 0 5
3 7 8 0 41 0 0 21
3 11 19 0 57 0 1 24
2 13 13 1 60 0 1 19
1 16 9 3 68 0 1 24
1 15 8 3 69 0 1 29
1 10 8 2 54 1 1 29
0 4 8 0 27 1 1 36
0 1 3 0 8 0 0 21
0 0 3 0 2 0 0 8
0 0 2 0 1 0 0 1
0 1 1 0 1 0 0 3
1 2 2 0 14 0 0 5
2 6 6 0 35 0 0 21
4 10 16 0 53 0 1 24
3 14 21 2 69 0 1 19
2 18 13 3 76 0 1 24
1 17 8 3 73 0 2 32
1 12 8 1 56 0 2 38
0 5 8 0 32 0 1 39
0 1 3 0 8 0 0 26
0 0 3 0 2 0 0 9
0 1 2 0 2 0 0 1
0 1 1 0 1 0 0 3
2 4 1 0 21 0 0 5
4 9 4 0 52 0 0 22
6 12 16 0 61 0 1 25
5 15 18 1 65 0 1 20
3 21 14 3 86 0 1 27
2 27 8 3 104 0 2 36
1 27 8 1 100 0 2 48
0 18 8 0 75 0 1 56
0 5 3 0 24 0 0 39
0 1 3 0 5 0 0 14
0 1 2 0 3 0 0 1
0 1 1 0 1 0 0 3
0 3 1 0 16 0 0 6
1 5 5 0 32 0 0 26
2 7 11 0 39 0 1 27
2 8 7 1 42 0 1 20
1 11 8 2 51 0 1 26
1 11 8 3 52 0 2 33
1 7 8 1 38 0 2 45
0 3 7 0 21 0 1 55
0 0 3 0 6 0 0 34
0 0 3 0 1 0 0 10
0 0 2 0 1 0 0 1
0 0 1 0 1 0 0 3
1 3 1 0 17 0 0 5
3 8 4 0 44 0 0 21
3 12 11 0 60 0 1 24
2 14 7 1 63 0 1 18
1 16 8 3 69 0 1 23
1 14 8 2 62 0 1 27
1 9 8 1 45 0 1 33
0 4 7 0 24 1 1 39
0 0 4 0 7 0 0 23
0 0 3 0 2 0 0 9
0 0 2 0 1 0 0 0
0 1 0 0 1 0 0 3
0 2 0 0 11 0 0 4
1 4 3 0 27 0 0 20
1 6 6 0 34 0 1 21
1 7 6 1 35 0 1 13
1 8 7 2 40 1 1 12
1 8 7 2 39 2 1 13
0 5 8 1 30 1 1 21
0 2 8 0 17 1 1 31
0 0 3 0 5 0 0 20
0 0 2 0 1 0 0 5
0 0 0 0 1 0 0 1
0 0 0 0 1 0 0 3
1 2 3 0 13 0 0 4
3 6 6 0 36 0 0 19
5 12 14 0 59 0 1 22
3 15 11 1 65 0 1 18
2 21 19 2 85 0 1 23
1 23 8 3 91 0 2 31
1 15 8 1 64 0 2 42
0 6 7 0 35 0 1 52
0 1 3 0 9 0 0 35
0 0 3 0 2 0 0 12
0 0 3 0 2 0 0 1
0 1 1 0 1 0 0 3
1 2 2 0 16 0 0 4
2 6 6 0 38 0 0 19
2 9 21 0 49 0 1 22
1 9 11 1 46 0 1 18
1 10 8 3 48 0 1 23
1 9 9 3 46 0 2 31
0 5 7 1 35 0 2 41
0 2 7 0 19 0 1 46
0 0 3 0 4 0 0 16
0 0 3 0 1 0 0 8
0 0 2 0 1 0 0 1
0 0 0 0 1 0 0 3
0 1 1 0 9 0 0 4
1 3 3 0 23 0 0 17
2 6 10 1 37 0 1 19
1 7 6 1 36 0 0 5
1 7 7 2 37 4 0 9
0 6 8 2 35 8 0 10
0 4 8 1 26 3 1 17
0 1 8 0 14 1 0 27
0 0 3 0 4 0 0 25
0 0 2 0 1 0 0 5
0 0 0 0 0 0 0 1
0 0 0 0 0 0 0 3
0 1 1 0 9 0 0 5
1 3 5 0 22 0 0 20
1 4 12 0 30 0 1 24
1 5 7 2 34 0 1 16
1 6 8 2 33 0 0 7
0 5 8 2 32 26 0 9
0 3 8 1 25 1 1 28
0 1 8 0 13 9 0 17
0 0 3 0 3 0 0 27
0 0 2 0 1 0 0 8
0 0 1 0 0 0 0 1
0 0 0 0 1 0 0 3
0 1 1 0 11 0 0 5
1 4 4 0 27 0 0 21
3 7 11 0 42 0 1 23
2 10 6 1 49 0 1 15
1 12 7 2 54 0 1 20
1 11 7 2 52 1 1 25
0 7 7 1 37 0 0 16
0 3 7 0 20 0 1 40
0 0 4 0 5 0 0 10
0 0 3 0 1 0 0 10
0 0 1 0 1 0 0 1
0 0 0 0 1 0 0 3
1 3 1 0 18 0 0 5
4 9 5 0 50 0 0 21
5 12 12 0 61 0 1 23
4 15 7 1 65 0 1 19
2 21 8 2 86 0 1 24
1 27 8 3 105 0 2 33
1 24 8 1 93 0 2 44
0 11 7 0 49 0 1 54
0 2 3 0 13 0 0 36
0 0 3 0 3 0 0 13
0 1 3 0 2 0 0 1
0 1 1 0 1 0 0 3
1 3 2 0 19 0 0 5
4 9 6 0 49 0 0 23
6 12 13 0 61 0 1 25
4 15 23 2 70 0 1 20
2 21 17 3 89 0 1 26
1 27 8 3 105 0 2 36
1 23 8 1 89 0 2 47
0 10 7 0 47 0 1 59
0 2 3 0 13 0 0 39
0 0 3 0 2 0 0 14
0 1 2 0 2 0 0 1
0 1 0 0 1 0 0 3
0 2 2 0 14 0 0 5
4 7 4 0 40 0 0 21
4 12 11 0 61 0 1 24
3 15 11 1 67 0 1 19
2 21 8 3 87 0 1 25
1 21 8 3 86 0 2 32
1 14 8 1 59 0 2 43
0 6 7 0 31 0 1 51
0 1 3 0 8 0 0 21
0 0 3 0 2 0 0 10
0 0 3 0 2 0 0 1
0 1 1 0 1 0 0 3
2 3 3 0 20 0 0 5
4 9 15 0 58 0 0 23
6 12 45 3 95 0 1 25
4 15 31 5 91 0 1 20
3 21 23 5 98 0 1 26
2 27 11 3 105 0 2 36
1 26 8 1 100 0 2 48
0 16 8 0 70 0 1 59
0 3 4 0 19 0 0 40
0 0 3 0 4 0 0 14
0 1 2 0 2 0 0 1
0 1 1 0 1 0 0 3
1 3 1 0 17 0 0 5
2 6 5 0 38 0 0 22
4 11 11 0 54 0 1 25
3 14 9 1 64 0 1 20
2 19 8 3 78 0 1 27
1 19 8 3 77 0 2 36
1 13 8 1 56 0 2 48
0 5 7 0 29 0 1 59
0 1 3 0 8 0 0 39
0 0 3 0 2 0 0 13
0 0 2 0 1 0 0 1
0 1 0 0 1 0 0 3
1 2 1 0 15 0 0 5
3 7 5 0 41 0 0 23
6 12 13 0 61 0 1 26
5 15 7 1 65 0 1 21
3 21 12 3 86 0 1 28
2 27 8 3 105 0 2 37
1 26 8 1 98 0 2 49
0 12 7 0 54 0 1 59
0 2 3 0 14 0 0 40
0 0 3 0 3 0 0 13
0 1 2 0 2 0 0 1
0 1 0 0 1 0 0 3
1 3 1 0 20 0 0 5
6 9 5 0 51 0 0 22
7 12 12 0 61 0 1 25
5 15 8 1 65 0 1 20
3 21 12 3 86 0 1 26
2 27 8 3 105 0 2 35
1 27 8 1 102 0 2 48
0 18 7 0 77 0 1 58
0 5 3 0 25 0 0 39
0 1 3 0 5 0 0 14
0 2 2 0 3 0 0 2
0 1 0 0 2 0 0 3
1 3 1 0 17 0 0 5
2 6 3 0 36 0 0 21
2 9 10 0 49 0 1 24
2 11 6 1 52 0 1 20
1 14 7 3 62 0 1 26
1 13 7 2 58 0 2 34
1 9 7 1 43 0 2 45
0 4 7 0 23 0 1 53
0 0 3 0 6 0 0 33
0 0 3 0 1 0 0 12
