2 8 3 0 5 0 0 1
1 7 1 0 2 0 0 3
3 13 7 2 26 0 0 3
6 21 16 1 51 0 0 11
7 26 46 3 78 1 1 15
8 32 47 6 89 0 1 13
12 46 55 11 105 0 1 18
13 59 32 14 106 0 2 24
12 62 18 9 79 0 2 33
8 51 17 0 43 0 1 41
4 19 8 0 13 0 0 27
1 5 7 0 3 0 0 9
2 11 5 0 3 0 0 1
1 8 2 0 2 0 0 3
3 14 6 2 24 0 0 4
6 20 11 1 51 0 0 11
7 26 37 3 74 1 1 14
8 31 28 6 72 0 1 12
12 45 19 18 81 0 1 16
13 64 17 22 79 0 2 22
12 74 17 10 57 0 2 29
8 62 16 0 32 0 1 38
3 24 7 0 9 0 0 24
1 7 8 0 2 0 0 9
2 14 5 0 2 0 0 1
1 10 2 0 2 0 0 3
3 16 8 2 22 0 0 4
6 23 15 1 47 0 0 9
7 26 26 3 68 2 0 12
8 31 41 6 82 1 1 11
12 45 27 14 89 0 1 16
14 60 17 22 88 0 2 22
12 69 16 10 64 0 2 30
8 58 16 0 35 0 1 38
4 22 8 0 11 0 0 25
1 6 7 0 3 0 0 9
2 13 5 0 2 0 0 1
1 9 2 0 2 0 0 3
3 12 6 2 28 0 0 4
6 20 13 1 54 0 0 14
7 27 27 3 64 0 1 17
8 32 29 6 70 0 1 14
12 46 29 13 87 0 1 18
14 58 17 22 94 0 2 24
13 57 16 10 90 0 2 33
8 34 16 0 87 0 1 40
4 12 7 0 25 0 0 28
1 3 7 0 7 0 0 10
2 8 5 0 4 0 0 1
1 6 2 0 4 0 0 3
3 12 5 3 29 0 0 5
6 21 11 1 48 0 0 16
7 28 24 3 59 0 1 18
8 34 15 10 55 0 1 15
12 52 16 20 62 0 2 19
13 75 16 23 58 0 2 25
12 87 16 10 42 0 2 33
8 74 15 0 23 0 1 43
3 30 7 0 7 0 0 26
1 8 9 0 2 0 0 9
2 15 5 0 2 0 0 1
1 10 2 0 2 0 0 3
3 14 6 2 23 0 0 4
6 20 12 1 54 0 0 10
7 24 24 3 74 0 0 11
8 30 14 10 68 8 0 9
11 45 16 20 78 1 1 16
13 67 16 23 72 0 2 22
12 79 16 10 51 0 2 31
8 68 16 0 27 0 1 43
3 27 8 0 8 0 0 27
1 7 10 0 3 0 0 9
2 13 4 0 2 0 0 1
1 10 1 0 1 0 0 3
3 16 4 3 17 0 0 4
6 26 9 1 34 0 0 13
7 33 13 5 40 0 1 14
8 40 13 10 41 0 1 12
11 62 15 22 43 0 1 15
13 92 4 55 28 0 2 19
11 109 3 31 15 0 2 26
8 98 3 0 6 0 1 35
3 43 1 0 1 0 0 24
1 10 1 0 0 0 0 9
2 17 1 0 1 0 0 1
1 11 1 0 1 0 0 3
3 17 7 2 19 0 0 4
6 22 18 0 50 0 0 7
7 24 30 3 77 0 0 7
8 29 16 9 73 0 0 6
12 43 35 12 99 2 1 11
13 57 18 21 97 0 2 20
12 60 16 10 82 0 2 29
8 51 16 0 43 0 1 37
3 20 7 0 12 0 0 25
1 6 7 0 3 0 0 9
2 13 6 0 2 0 0 1
1 9 2 0 2 0 0 3
3 15 7 2 22 0 0 4
6 21 10 1 46 0 0 7
7 27 36 3 71 1 1 12
8 34 23 7 60 1 1 11
11 57 16 20 53 0 1 15
12 86 16 23 46 0 2 20
11 103 16 10 31 1 2 27
7 95 15 0 16 0 1 36
3 44 7 0 5 0 0 23
1 11 9 0 2 0 0 8
1 19 4 0 1 0 0 1
1 13 1 0 1 0 0 3
3 20 5 3 14 0 0 4
6 28 10 1 30 0 0 9
7 33 22 4 45 0 0 8
8 40 13 10 41 14 0 7
10 65 15 21 40 1 1 13
12 100 15 24 34 1 2 19
11 124 15 10 22 0 2 28
7 93 15 0 11 0 1 38
3 18 5 0 3 0 0 25
1 16 1 0 0 0 0 9
2 20 1 0 0 0 0 1
1 13 0 0 1 0 0 2
3 20 4 3 12 0 0 4
6 31 12 1 28 0 0 12
7 38 25 3 40 0 0 11
8 45 14 10 34 0 0 9
10 71 16 20 36 0 0 9
12 107 16 23 30 0 0 12
11 134 16 10 19 1 2 23
7 74 15 0 11 0 1 35
3 7 7 0 4 0 0 25
1 18 3 0 0 0 0 9
2 20 2 0 1 0 0 1
1 12 1 0 1 0 0 3
3 18 5 3 16 0 0 4
6 26 12 1 36 0 0 11
7 30 23 3 53 0 0 9
8 34 13 11 54 0 0 9
11 51 15 20 62 0 0 11
13 77 15 24 55 0 0 15
11 92 15 10 39 2 1 24
8 81 15 0 20 0 1 36
3 35 7 0 6 0 0 25
1 10 3 0 1 0 0 9
2 16 2 0 1 0 0 1
1 10 1 0 1 0 0 3
3 14 6 2 24 0 0 4
6 19 14 1 60 0 0 9
7 24 26 3 78 0 0 9
8 29 15 10 71 0 0 7
12 43 17 20 87 6 1 11
14 57 16 23 98 1 2 20
12 56 16 10 93 0 2 30
8 37 15 0 74 0 1 44
3 15 7 0 20 0 0 28
1 5 11 0 5 0 0 10
2 11 6 0 3 0 0 1
1 8 2 0 2 0 0 3
3 13 7 2 27 0 0 4
6 19 16 1 60 0 0 12
7 26 28 3 69 1 1 15
8 31 16 9 63 0 1 13
12 45 28 14 88 0 1 17
14 58 17 22 95 0 2 24
12 57 17 10 91 0 2 32
8 36 16 0 79 0 1 41
3 13 7 0 22 0 0 28
1 4 7 0 4 0 0 10
2 10 4 0 3 0 0 1
1 9 1 0 2 0 0 3
3 15 7 2 22 0 0 5
6 21 12 1 51 0 0 9
7 25 24 3 72 0 0 10
8 30 14 10 66 2 1 10
12 44 16 20 82 1 1 15
13 57 16 23 95 0 2 22
12 59 16 10 85 0 2 31
8 50 15 0 44 0 1 42
3 20 7 0 12 0 0 27
1 6 9 0 3 0 0 10
2 13 6 0 2 0 0 1
1 9 3 0 2 0 0 3
3 13 10 2 31 0 0 4
6 20 19 0 60 0 0 14
7 27 47 3 107 0 1 16
8 32 47 6 96 0 1 14
12 46 49 11 99 0 2 19
14 59 23 18 96 0 2 26
12 58 17 10 88 0 2 35
8 36 16 0 78 0 1 43
3 13 8 0 25 0 0 29
1 3 7 0 7 0 0 10
2 8 5 0 4 0 0 1
1 6 2 0 3 0 0 3
3 12 5 3 28 0 0 5
6 20 10 1 51 0 0 14
7 27 23 3 62 0 1 17
8 32 14 10 61 0 1 13
12 45 16 20 78 0 1 18
14 58 16 23 93 0 2 24
12 59 16 10 85 0 2 33
8 49 15 0 46 0 1 45
3 19 7 0 13 0 0 28
1 6 9 0 3 0 0 10
2 13 5 0 2 0 0 1
1 9 1 0 2 0 0 3
3 15 6 2 22 0 0 4
6 21 14 1 53 0 0 12
7 26 27 3 69 1 1 14
8 31 15 9 65 1 1 12
12 45 17 20 81 0 1 17
14 58 16 22 95 0 2 24
12 57 16 10 91 0 2 34
8 33 15 0 90 0 1 46
3 13 7 0 23 0 0 30
1 4 11 0 5 0 0 10
2 10 5 0 3 0 0 1
1 8 1 0 2 0 0 3
3 12 6 2 27 0 0 4
6 20 13 1 54 0 0 14
7 26 26 3 65 0 1 16
8 31 15 9 63 0 1 13
12 45 17 19 79 0 1 18
14 58 16 23 93 0 2 24
12 57 16 10 91 0 2 33
8 27 15 0 142 0 1 45
3 13 7 0 25 0 0 30
1 3 11 0 7 0 0 11
2 8 5 0 4 0 0 1
1 6 1 0 3 0 0 3
3 12 5 3 27 0 0 5
6 21 9 1 48 0 0 15
7 27 22 4 61 0 1 17
8 32 13 10 59 0 1 14
12 46 15 21 74 0 1 18
13 66 15 23 72 0 2 25
12 78 16 10 52 0 2 34
8 67 15 0 27 0 1 43
3 28 2 0 5 0 0 28
1 8 1 0 1 0 0 10
