0 3 1 0 7 0 0 8
0 2 0 0 4 0 0 4
0 5 3 0 35 0 0 6
2 9 6 0 65 0 0 59
4 11 29 2 104 0 0 90
3 13 29 5 111 0 0 76
2 18 28 8 132 0 0 105
1 23 17 5 129 0 0 148
1 23 9 1 108 0 0 208
0 15 7 0 77 0 0 268
0 4 4 0 24 0 0 180
0 1 3 0 6 0 0 60
0 2 2 0 4 0 0 6
0 2 1 0 3 0 0 4
1 5 2 0 33 0 0 6
2 9 12 0 87 0 0 57
3 11 21 1 90 0 0 95
2 13 15 2 84 0 0 80
1 18 10 2 94 0 0 110
1 23 7 2 106 0 0 158
1 23 7 0 102 0 0 233
0 13 7 0 61 0 0 292
0 3 3 0 17 0 0 212
0 0 3 0 4 0 0 70
0 2 2 0 3 0 0 6
0 2 1 0 2 0 0 4
1 4 3 0 29 0 0 6
2 8 5 0 60 0 0 58
4 11 29 2 106 0 0 96
3 13 24 4 101 0 0 84
2 18 15 4 103 0 0 119
1 23 7 2 107 0 0 169
1 23 7 0 103 0 0 241
0 15 7 0 71 0 0 315
0 3 3 0 20 0 0 210
0 1 2 0 4 0 0 68
0 2 2 0 3 0 0 6
0 2 1 0 3 0 0 4
2 5 2 0 37 0 0 6
4 12 8 0 100 0 0 56
6 11 22 2 93 0 0 87
5 13 20 3 94 0 0 72
3 18 16 4 107 0 0 97
2 23 8 2 110 0 0 135
1 23 7 0 103 0 0 189
0 16 7 0 77 0 0 269
0 5 3 0 29 0 0 164
0 1 2 0 7 0 0 33
0 4 2 0 9 0 0 4
0 4 1 0 6 0 0 4
0 6 2 0 45 0 0 6
1 10 3 0 70 0 0 53
2 11 14 1 79 0 0 91
2 13 14 2 83 0 0 78
1 18 9 2 95 1 0 100
1 22 7 1 96 0 1 111
0 17 7 0 69 0 1 149
0 9 6 0 37 0 0 206
0 2 3 0 10 0 0 149
0 0 2 0 2 0 0 51
0 1 2 0 2 0 0 6
0 1 1 0 2 0 0 5
1 4 2 0 30 0 0 6
3 10 4 0 70 0 0 54
3 11 18 1 85 0 0 91
2 13 15 2 86 0 0 76
1 18 10 2 96 0 0 106
1 23 7 2 107 0 0 150
0 23 7 0 101 0 0 211
0 12 7 0 56 0 0 261
0 3 3 0 15 0 0 177
0 0 2 0 3 0 0 61
0 2 2 0 3 0 0 7
0 2 0 0 2 0 0 5
0 4 1 0 22 0 0 6
1 7 2 0 42 0 0 61
1 10 5 0 54 0 0 118
1 11 5 0 54 0 0 104
1 14 6 1 63 0 0 160
1 15 7 1 60 0 0 198
0 12 7 0 45 0 0 166
0 6 6 0 24 0 0 154
0 1 3 0 7 0 0 176
0 0 3 0 2 0 0 80
0 1 2 0 2 0 0 6
0 1 1 0 2 0 0 5
0 3 4 1 27 0 0 6
3 8 6 0 63 0 0 65
5 11 16 1 82 0 0 134
3 13 27 5 108 0 0 109
2 18 22 6 119 0 0 149
1 23 10 2 114 0 0 206
0 23 7 0 104 0 0 229
0 16 7 0 77 0 0 213
0 5 3 0 28 0 0 235
0 1 2 0 6 0 0 82
0 2 2 0 4 0 0 6
0 2 1 0 3 0 0 5
1 4 3 0 31 0 0 7
2 9 11 0 80 0 0 59
2 11 23 2 95 0 0 130
1 13 12 2 80 0 0 107
0 18 7 1 83 0 0 143
0 18 7 1 75 0 0 190
0 14 7 0 53 0 0 263
0 7 6 0 27 0 0 275
0 1 3 0 7 0 0 222
0 0 2 0 2 0 0 75
0 1 1 0 1 0 0 6
0 1 0 0 1 0 0 5
0 3 2 0 17 0 0 6
1 6 2 0 36 0 0 61
2 10 12 1 64 0 0 125
1 11 5 0 53 0 0 104
0 13 6 1 57 0 0 137
0 14 7 1 53 0 0 191
0 10 7 0 37 0 0 269
0 4 6 0 18 0 0 261
0 0 3 0 5 0 0 230
0 0 2 0 1 0 0 68
0 1 2 0 1 0 0 7
0 1 0 0 1 0 0 5
0 3 2 0 18 0 0 6
1 5 4 0 33 0 0 68
1 8 13 1 56 0 0 91
1 9 6 0 46 0 0 76
0 12 7 1 51 0 0 128
0 13 7 1 48 0 0 180
0 9 7 0 35 0 0 252
0 4 6 0 17 0 0 309
0 0 3 0 5 0 0 220
0 0 3 0 1 0 0 64
0 1 2 0 2 0 0 6
0 1 1 0 2 0 0 4
0 3 2 0 21 0 0 7
1 7 4 0 44 0 0 66
2 10 12 1 72 0 0 105
2 12 5 0 65 0 0 76
1 18 7 1 84 0 0 103
1 20 7 1 86 0 0 145
0 15 7 0 61 0 0 211
0 8 7 0 31 0 0 304
0 1 3 0 9 0 0 208
0 0 3 0 2 0 0 61
0 1 2 0 2 0 0 6
0 1 1 0 2 0 0 4
1 4 3 0 32 0 0 6
4 11 5 0 85 0 0 63
5 11 14 1 78 0 0 108
3 13 9 1 73 0 0 90
2 18 15 4 103 0 0 119
1 23 7 2 103 0 0 159
1 23 7 0 101 0 0 225
0 15 7 0 75 0 0 281
0 5 3 0 28 0 0 187
0 1 3 0 7 0 0 58
0 3 3 0 7 0 0 5
0 3 1 0 4 0 0 4
1 6 3 0 43 0 0 6
3 11 9 0 100 0 0 56
5 11 30 2 106 0 0 87
4 13 27 5 108 0 0 73
2 18 19 5 113 0 0 99
1 23 9 2 111 0 0 133
1 23 7 0 102 0 0 192
0 15 7 0 76 0 0 240
0 5 3 0 29 0 0 163
0 1 2 0 7 0 0 57
0 3 2 0 7 0 0 6
0 3 0 0 4 0 0 4
0 5 3 0 37 0 0 6
3 10 4 0 74 0 0 56
4 11 18 1 86 0 0 96
3 13 15 2 85 0 0 82
1 18 10 2 92 0 0 104
1 23 7 1 104 0 0 145
0 22 7 0 99 0 0 202
0 15 6 0 74 0 0 256
0 5 3 0 28 0 0 159
0 1 3 0 6 0 0 50
0 2 3 0 4 0 0 6
0 2 1 0 4 0 0 4
2 5 5 1 44 0 0 6
4 11 22 0 101 0 0 55
6 11 47 3 118 0 0 87
4 13 34 6 126 0 0 74
3 18 25 9 143 0 0 99
1 23 13 3 121 0 0 132
1 23 8 1 106 0 0 185
0 16 7 0 78 0 0 227
0 5 3 0 29 0 0 111
0 1 3 0 8 0 0 36
0 4 2 0 9 0 0 4
0 3 0 0 5 0 0 4
0 6 2 0 43 0 0 6
2 10 6 0 82 0 0 52
3 11 16 1 83 0 0 89
3 13 11 2 79 0 0 73
2 18 8 2 91 0 0 98
1 24 7 1 108 0 0 134
1 23 7 0 104 0 0 184
0 16 6 0 77 0 0 183
0 4 3 0 26 0 0 107
0 1 2 0 5 0 0 37
0 2 2 0 3 0 0 5
0 2 0 0 2 0 0 4
1 4 2 0 30 0 0 6
3 9 5 0 70 0 0 51
6 11 14 1 80 0 0 82
4 13 17 3 89 0 0 67
3 18 17 4 109 0 0 88
1 23 8 2 110 0 0 121
1 23 7 0 104 0 0 172
0 16 7 0 77 0 0 222
0 5 3 0 29 0 0 148
0 1 2 0 7 0 0 38
0 4 2 0 7 0 0 4
0 3 0 0 4 0 0 4
1 6 2 0 44 0 0 6
5 12 4 0 98 0 0 53
6 11 16 1 82 0 0 86
4 13 18 3 91 0 0 73
3 18 14 3 103 0 0 97
1 23 7 2 108 0 0 134
1 23 7 0 103 0 0 184
0 16 7 0 77 0 0 235
0 5 3 0 29 0 0 156
0 1 2 0 7 0 0 34
0 4 2 0 9 0 0 4
0 4 0 0 6 0 0 4
1 6 2 0 48 0 0 6
2 11 2 0 79 0 0 53
2 11 12 1 75 0 0 95
2 13 5 0 66 0 0 78
1 18 7 1 88 0 0 102
1 23 7 1 106 0 0 142
0 23 7 0 101 0 0 198
0 12 6 0 56 0 0 247
0 3 3 0 15 0 0 165
0 0 2 0 3 0 0 51
