3 5 14 0 9 0 0 2
2 4 4 0 6 0 0 4
4 8 13 3 50 0 0 6
6 14 30 1 94 0 26 25
7 18 47 3 113 3 44 28
8 22 47 6 122 2 31 23
15 31 55 12 160 1 30 31
21 40 58 16 191 2 58 40
22 39 56 9 179 1 35 57
16 26 56 0 131 2 41 66
6 8 28 0 48 0 5 44
1 2 22 0 12 0 0 16
2 5 15 0 9 0 1 2
1 4 4 0 5 0 0 4
3 8 13 3 50 0 0 6
6 14 30 1 95 0 15 25
7 18 47 3 113 2 33 28
9 22 47 7 120 1 20 24
16 31 55 17 156 1 30 31
21 40 57 20 186 1 33 42
22 39 56 9 174 1 32 57
17 26 56 0 128 2 36 65
8 8 28 0 47 0 2 46
2 2 22 0 12 0 0 16
3 5 15 0 8 0 1 2
1 4 4 0 5 0 0 4
3 8 13 2 50 0 0 6
6 14 30 1 93 0 19 25
7 18 47 3 111 3 48 27
8 22 47 6 121 2 44 22
15 32 55 15 158 1 24 31
21 40 57 21 188 1 45 39
22 39 56 9 177 1 31 57
17 26 56 0 129 1 23 69
7 8 28 0 47 0 4 43
1 2 22 0 12 0 0 16
2 5 15 0 8 0 1 2
1 4 4 0 5 0 0 4
3 8 13 3 51 0 0 6
6 14 30 1 94 0 18 25
7 19 47 3 112 1 27 29
8 22 47 7 121 1 25 24
12 32 55 15 159 0 21 32
19 40 57 21 194 0 21 44
21 39 56 9 184 1 34 59
16 27 56 0 139 0 16 74
7 8 28 0 50 0 4 46
2 2 22 0 13 0 0 16
3 5 15 0 9 0 0 2
1 4 4 0 6 0 0 4
4 8 13 3 50 0 0 6
6 14 30 1 92 0 24 25
8 18 47 4 110 2 38 28
9 22 46 9 116 1 19 24
16 31 55 19 151 1 29 31
22 39 57 21 181 1 38 41
23 38 56 9 170 1 47 54
18 26 56 0 124 1 27 68
8 8 28 0 46 0 4 43
2 2 22 0 12 0 0 15
3 5 15 0 8 0 1 2
1 4 4 0 5 0 0 4
3 8 13 3 50 0 0 6
6 14 30 1 94 0 20 25
7 19 47 4 112 1 20 30
9 22 46 9 118 1 25 24
17 31 55 18 155 1 35 30
23 40 57 21 186 2 58 39
24 39 56 9 174 1 40 56
18 26 56 0 127 1 23 71
8 8 28 0 46 0 2 47
1 2 22 0 12 0 0 15
2 5 15 0 8 0 1 2
2 4 4 0 5 0 0 4
4 8 13 3 49 0 0 6
6 14 30 2 90 0 10 26
9 18 47 5 107 1 25 27
11 22 46 9 114 1 22 23
18 31 55 19 148 1 39 28
24 39 57 21 177 1 29 41
25 38 56 9 166 1 37 53
20 25 56 0 121 1 25 66
8 8 28 0 45 0 6 39
2 2 22 0 11 0 0 15
3 5 14 0 8 0 1 2
2 4 4 0 5 0 0 4
3 8 13 2 49 0 0 6
6 14 30 1 94 0 14 24
7 18 47 3 112 2 33 26
8 22 47 8 118 1 20 23
15 31 55 13 159 0 15 32
22 40 57 20 188 0 23 43
24 39 56 9 182 0 26 58
19 26 56 0 133 1 19 70
8 8 28 0 48 0 2 46
2 2 22 0 12 0 0 17
3 5 15 0 9 0 0 2
1 4 4 0 5 0 0 4
3 8 13 3 50 0 0 6
6 14 30 1 94 0 16 24
8 18 47 3 113 2 37 25
12 22 47 8 118 1 23 22
19 31 55 19 150 1 36 29
25 39 57 21 179 1 36 40
26 38 56 9 168 2 66 50
20 25 56 0 122 1 25 67
9 8 28 0 45 0 4 43
2 2 22 0 12 0 0 15
3 5 14 0 8 0 1 2
2 4 4 0 5 0 0 4
4 8 13 3 48 0 0 6
6 14 30 1 89 0 10 25
8 18 47 4 108 0 14 29
12 22 46 9 114 0 14 24
20 31 55 18 147 0 21 31
27 39 57 21 175 1 30 41
28 37 56 9 164 1 54 51
22 25 56 0 118 1 23 68
10 7 28 0 43 0 4 42
2 2 22 0 11 0 0 16
3 5 14 0 8 0 2 2
2 4 4 0 5 0 0 4
4 8 13 3 48 0 0 6
7 14 30 1 89 0 16 25
9 18 47 4 107 1 21 29
12 21 46 9 113 1 18 25
20 31 55 18 146 0 19 32
26 39 57 21 173 0 23 43
28 37 56 9 163 0 29 57
22 25 56 0 118 1 26 67
10 1 28 0 44 0 6 41
2 2 22 0 11 0 0 15
3 5 14 0 8 0 1 2
2 4 4 0 5 0 0 4
4 8 13 3 48 0 0 6
6 14 30 1 91 0 11 26
7 18 47 4 110 1 16 30
9 22 46 9 117 1 18 25
17 31 55 18 152 2 43 30
24 39 57 21 181 1 47 41
25 38 56 9 169 1 34 57
20 25 56 0 123 1 22 70
9 8 28 0 45 0 4 43
2 2 22 0 12 0 0 15
3 5 14 0 8 0 1 2
1 4 4 0 5 0 0 4
3 8 13 3 50 0 0 6
6 14 30 1 95 0 13 26
7 19 47 4 112 1 18 29
8 22 46 9 118 1 27 23
15 32 55 18 158 0 19 32
21 41 57 21 194 0 19 44
22 40 56 9 185 0 20 60
18 27 56 0 135 1 20 72
9 8 28 0 49 0 2 48
2 2 22 0 12 0 0 16
2 5 15 0 9 0 1 2
1 4 4 0 5 0 0 4
3 8 13 3 50 0 0 6
6 14 30 1 94 0 21 26
7 18 47 4 111 3 42 28
8 22 47 7 119 2 42 23
14 31 55 14 158 1 37 31
21 40 57 20 192 0 27 44
23 39 56 9 184 1 30 59
18 27 56 0 137 1 25 72
8 8 28 0 50 0 2 48
2 2 22 0 13 0 0 17
3 5 15 0 9 0 0 2
2 4 4 0 5 0 0 4
4 8 13 3 50 0 0 6
6 14 30 1 93 0 22 25
7 19 47 4 112 1 23 29
8 22 46 8 118 3 48 22
15 32 55 18 157 1 23 32
22 40 57 21 189 1 51 40
24 39 56 9 181 1 33 58
19 26 56 0 132 1 20 72
9 8 28 0 48 0 3 47
2 2 22 0 12 0 0 17
2 5 15 0 9 0 1 2
1 4 4 0 5 0 0 4
3 8 13 2 51 0 0 6
6 14 31 0 96 0 27 25
7 18 47 3 115 4 54 28
8 22 47 6 126 0 9 25
13 32 55 13 160 0 11 32
20 40 58 18 191 0 19 44
21 40 56 9 184 0 20 60
17 27 56 0 137 0 14 74
8 8 28 0 51 0 1 50
1 2 22 0 13 0 0 17
2 5 15 0 9 0 0 2
1 4 4 0 6 0 0 4
3 8 13 3 50 0 0 6
6 14 30 1 93 0 24 25
7 19 47 4 112 1 25 29
8 22 46 9 119 1 21 24
14 32 55 18 156 1 28 32
21 40 57 21 189 1 30 44
23 39 56 9 177 1 32 59
18 26 56 0 129 1 25 72
8 8 28 0 47 0 3 48
2 2 22 0 12 0 0 16
3 5 15 0 8 0 1 2
1 4 4 0 5 0 0 4
3 8 13 3 49 0 0 6
6 14 30 1 94 0 14 26
7 19 47 4 112 1 23 30
8 22 46 9 118 2 32 24
13 31 55 17 156 1 39 32
20 40 57 21 190 1 44 43
22 39 56 9 183 1 34 60
18 27 56 0 138 1 19 74
8 8 28 0 50 0 1 50
2 2 22 0 13 0 0 17
2 5 15 0 9 0 0 2
1 4 4 0 5 0 0 4
3 8 13 3 51 0 0 6
6 14 30 1 95 0 15 26
7 18 47 4 111 2 31 29
8 22 46 9 119 1 19 25
13 31 55 16 156 1 38 31
20 40 57 20 190 1 41 42
21 40 56 9 185 0 28 60
17 27 56 0 139 0 16 74
8 8 28 0 51 0 1 50
2 2 22 0 13 0 0 17
3 5 15 0 9 0 0 2
1 4 4 0 6 0 0 4
3 8 13 3 51 0 0 6
6 14 30 1 94 0 15 26
7 18 47 4 111 1 28 28
9 22 46 9 118 2 35 23
16 31 55 19 154 0 18 32
22 40 57 21 184 1 38 42
23 38 56 9 173 0 27 60
19 26 56 0 126 1 20 73
9 8 28 0 46 0 2 48
2 2 22 0 12 0 0 16
