4 5 5 0 7 0 0 2
2 4 1 0 4 0 0 3
4 8 7 1 38 0 0 5
6 14 17 0 74 0 1 23
7 19 30 2 92 0 2 25
8 22 36 6 107 0 2 20
18 32 39 11 137 0 3 25
29 41 31 9 152 0 3 31
32 38 25 3 131 0 3 28
25 21 24 0 88 0 0 12
9 5 12 0 30 0 0 21
2 1 9 0 8 0 0 3
3 4 6 0 6 0 0 2
2 4 2 0 4 0 0 3
3 8 7 1 38 0 0 5
6 14 15 0 76 0 1 22
7 19 27 2 92 0 2 24
9 22 26 4 98 0 2 18
20 32 24 8 125 0 2 21
29 41 25 8 139 1 3 15
32 33 24 3 121 3 3 11
26 18 22 0 82 1 2 26
12 4 10 0 28 0 0 5
2 1 9 0 7 0 0 7
4 3 5 0 5 0 0 2
2 3 2 0 3 0 0 3
3 7 7 1 35 0 0 5
6 14 16 0 72 0 1 22
7 19 25 2 91 0 2 24
8 22 30 4 99 0 2 18
18 32 28 8 129 0 3 23
29 41 25 8 146 0 3 24
32 36 24 3 126 0 0 7
26 19 23 0 85 0 2 30
12 5 10 0 29 0 0 5
2 1 9 0 7 0 0 7
3 3 5 0 5 0 0 2
1 3 2 0 4 0 0 3
3 8 7 1 40 0 0 5
6 14 16 0 79 0 1 23
7 19 25 2 92 0 2 27
8 22 24 4 98 0 2 22
13 32 29 8 129 0 3 28
24 41 25 9 157 0 3 34
29 40 24 3 150 0 3 38
24 27 24 0 113 0 2 35
12 9 11 0 42 0 0 26
3 2 9 0 11 0 0 10
4 5 6 0 7 0 0 2
2 4 2 0 4 0 0 4
4 8 6 1 39 0 0 6
7 14 15 0 72 0 1 26
9 19 24 2 84 0 2 29
10 22 21 4 90 0 2 20
20 31 24 8 114 0 3 24
31 34 24 8 128 0 3 27
36 27 24 3 113 0 3 25
28 14 23 0 76 0 2 32
13 3 11 0 26 0 0 20
3 1 9 0 7 0 0 9
4 3 6 0 5 0 0 2
2 3 2 0 3 0 0 3
3 8 7 1 37 0 0 5
6 14 15 0 77 0 1 21
7 19 24 2 92 0 2 21
10 22 20 4 98 0 2 14
22 32 23 7 126 1 2 12
33 41 23 8 140 2 3 13
37 32 22 3 121 0 3 35
30 17 22 0 81 1 2 26
12 4 11 0 27 0 0 32
2 1 8 0 7 0 0 9
3 3 6 0 5 0 0 2
2 3 1 0 3 0 0 3
4 7 4 1 33 0 0 4
7 13 12 0 66 0 1 18
9 18 16 1 77 0 2 18
13 20 17 3 81 0 2 10
25 26 16 4 98 2 2 5
36 28 13 2 104 0 3 18
40 21 11 0 87 0 3 19
34 10 11 0 53 1 2 22
14 2 5 0 17 0 0 17
3 0 4 0 5 0 0 7
4 2 4 0 4 0 0 2
2 2 1 0 3 0 0 3
4 6 7 1 34 0 0 4
6 14 17 0 72 0 1 17
7 19 27 2 92 0 2 22
8 22 21 4 98 0 2 17
17 32 29 8 129 0 3 19
31 41 25 8 156 0 3 21
37 40 24 3 142 1 3 16
31 23 23 0 94 1 2 15
14 6 11 0 31 0 0 25
3 1 8 0 8 0 0 3
4 3 7 0 5 0 0 2
2 3 2 0 4 0 0 3
3 8 7 1 36 0 0 4
6 14 15 0 74 0 1 20
8 19 25 2 89 0 2 22
16 22 24 4 91 0 2 17
28 29 24 8 110 0 2 18
38 30 24 8 120 1 3 14
43 23 23 3 104 3 3 10
36 10 22 0 70 0 2 29
17 2 10 0 23 0 0 5
3 0 8 0 6 0 0 8
5 2 5 0 4 0 0 2
3 2 2 0 3 0 0 3
5 5 6 1 31 0 0 4
6 11 14 0 64 0 1 14
8 17 23 1 78 0 1 11
17 20 19 4 83 0 0 2
30 24 22 7 100 0 2 14
42 25 21 7 110 0 0 4
48 18 22 3 95 0 3 25
43 6 20 0 59 0 0 6
19 0 7 0 16 0 0 24
3 0 4 0 4 0 0 9
4 2 4 0 4 0 0 2
2 2 1 0 3 0 0 3
5 5 5 1 31 0 0 5
8 10 15 0 60 0 1 17
10 15 25 2 73 9 1 8
16 17 20 3 77 1 2 11
29 22 22 6 94 0 0 4
42 23 23 7 106 0 0 5
48 16 19 3 92 0 0 6
42 5 21 0 57 1 2 20
19 0 10 0 20 0 0 19
4 0 7 0 5 0 0 8
4 2 4 0 4 0 0 2
2 2 1 0 3 0 0 4
4 6 6 1 33 0 0 5
6 13 15 0 66 0 1 15
7 19 24 2 83 3 1 7
9 22 19 3 91 0 2 12
22 32 21 6 114 0 0 7
36 34 23 7 127 1 3 14
41 26 19 3 108 1 3 19
34 13 22 0 71 0 2 29
16 2 10 0 24 0 0 22
3 0 6 0 5 0 0 6
3 2 4 0 4 0 0 2
2 3 1 0 3 0 0 3
3 8 7 1 38 0 0 5
6 14 16 0 78 0 1 20
7 19 25 2 92 0 2 21
8 22 21 4 98 0 2 16
17 32 24 7 128 1 2 12
28 41 24 8 156 3 3 10
33 40 23 3 150 0 3 33
29 27 22 0 111 2 2 19
15 9 11 0 37 0 0 32
3 2 8 0 9 0 0 10
3 4 7 0 6 0 0 2
2 4 2 0 4 0 0 4
3 8 7 1 39 0 0 5
6 14 17 0 78 0 1 25
7 19 26 2 92 0 2 27
8 22 21 4 98 0 2 22
17 32 25 8 129 0 3 27
29 41 25 8 157 0 3 33
34 40 24 4 150 0 3 37
30 27 24 0 110 0 2 41
14 8 11 0 37 0 0 27
3 2 9 0 9 0 0 10
4 4 6 0 6 0 0 2
2 3 2 0 4 0 0 3
4 7 7 1 35 0 0 5
6 14 15 0 75 0 1 21
7 19 24 2 92 0 2 23
8 22 20 4 98 0 2 17
18 32 24 7 128 0 2 17
31 41 24 8 156 2 3 13
36 40 23 3 140 0 3 35
33 23 22 0 92 5 2 16
17 5 11 0 30 0 0 33
3 1 8 0 7 0 0 9
3 3 7 0 5 0 0 2
1 3 2 0 4 0 0 4
3 8 8 2 41 0 0 6
6 14 18 0 80 0 1 25
7 19 40 3 103 0 2 27
8 22 39 6 111 0 2 22
14 32 36 11 135 0 3 28
25 41 27 9 157 0 3 38
30 40 25 4 151 0 3 47
27 27 24 0 113 0 2 51
12 9 12 0 42 0 0 31
2 2 9 0 10 0 0 12
3 5 6 0 7 0 0 2
2 4 2 0 4 0 0 4
4 8 6 1 38 0 0 5
6 14 14 0 75 0 1 24
7 19 24 2 92 0 2 26
8 22 20 4 98 0 2 21
16 32 24 8 129 0 3 25
28 41 24 8 152 0 3 29
33 39 24 4 132 0 3 35
28 20 23 0 88 0 2 43
14 5 11 0 30 0 0 27
3 1 9 0 7 0 0 11
3 3 6 0 5 0 0 2
2 3 2 0 3 0 0 4
3 8 6 1 36 0 0 5
6 14 16 0 75 0 1 24
7 19 26 2 92 0 2 27
8 22 21 4 98 0 2 22
13 32 24 8 129 0 2 25
25 41 24 8 156 0 3 29
31 40 24 3 150 0 3 36
28 27 23 0 112 0 2 43
13 9 11 0 38 0 0 32
3 2 9 0 9 0 0 13
3 4 6 0 6 0 0 2
2 4 2 0 4 0 0 4
3 8 7 1 40 0 0 5
6 14 16 0 79 0 1 23
7 19 25 2 92 0 2 27
8 22 21 4 98 0 2 21
13 32 24 8 129 0 3 26
25 41 25 8 157 0 3 30
31 40 24 3 150 0 3 39
27 27 23 0 113 0 2 49
13 9 11 0 42 0 0 35
2 2 9 0 11 0 0 14
3 5 5 0 7 0 0 2
2 4 1 0 4 0 0 3
3 8 6 1 40 0 0 5
6 14 14 0 77 0 1 23
7 19 23 2 91 0 2 25
9 22 20 4 97 0 2 20
20 32 22 8 121 0 3 25
31 38 14 3 128 0 3 31
35 31 12 1 108 0 3 37
33 16 11 0 68 0 2 52
15 3 5 0 21 0 0 33
3 1 5 0 6 0 0 12
