5 4 15 0 10 0 3 3
2 4 4 0 6 0 0 4
4 8 13 2 54 0 0 6
6 12 31 1 101 0 29 28
7 16 47 3 118 5 81 33
8 19 47 6 127 5 84 27
19 27 55 12 167 5 118 36
35 34 58 14 203 5 133 49
43 33 56 6 195 5 131 67
34 23 57 0 146 5 100 84
11 7 28 0 54 0 10 56
2 2 22 0 14 0 0 19
3 4 15 0 10 0 1 3
1 4 4 0 6 0 0 4
3 8 13 2 54 0 0 6
6 12 31 1 101 0 26 29
7 16 47 3 118 5 81 33
9 18 47 6 127 5 89 27
22 27 55 13 167 5 119 36
36 34 58 14 203 5 131 50
43 33 56 6 195 5 131 68
37 23 57 0 146 5 100 85
18 7 28 0 54 0 10 57
3 2 22 0 14 0 0 20
4 4 15 0 10 0 1 3
2 4 4 0 6 0 0 4
3 8 13 2 54 0 0 6
6 12 31 1 101 0 26 29
7 16 47 3 118 5 81 33
8 18 47 6 127 5 89 28
19 27 55 12 167 5 119 37
35 34 58 14 203 5 131 50
42 33 56 6 195 5 131 69
37 23 57 0 146 5 100 85
16 7 28 0 54 0 10 57
3 2 22 0 14 0 0 20
4 4 15 0 10 0 1 3
1 4 4 0 6 0 0 4
3 8 13 2 54 0 0 6
6 12 31 1 101 0 28 29
7 16 47 3 118 5 83 33
8 19 47 6 127 6 94 27
12 27 55 12 167 5 121 36
27 34 58 14 203 5 130 49
36 33 56 6 195 5 131 66
32 23 57 0 146 5 100 84
16 7 28 0 54 0 8 55
4 2 22 0 14 0 0 19
4 4 15 0 10 0 0 2
2 4 4 0 6 0 0 4
4 8 13 2 54 0 0 6
6 13 31 1 101 0 10 28
8 16 47 3 118 0 9 31
10 18 47 7 127 1 19 26
23 27 55 13 167 2 48 35
39 34 58 14 203 2 70 49
49 33 56 6 195 1 55 66
41 23 57 0 146 1 35 82
20 7 28 0 54 0 3 55
4 2 22 0 14 0 0 19
4 4 15 0 10 0 0 3
2 4 4 0 6 0 0 4
3 8 13 2 54 0 0 6
6 13 31 1 101 0 13 28
7 16 47 3 118 3 57 33
9 19 47 7 127 5 79 27
26 27 55 13 167 5 112 36
43 34 58 14 203 5 133 49
51 33 56 6 195 5 133 67
45 23 57 0 146 5 99 84
17 7 28 0 54 0 10 56
3 2 22 0 14 0 0 19
4 4 15 0 10 0 1 3
2 4 4 0 6 0 0 4
4 8 13 2 54 0 0 6
7 13 31 1 101 0 21 29
9 17 47 3 118 1 27 33
15 19 47 7 127 4 75 28
31 27 55 14 167 5 113 38
48 34 58 15 203 5 133 52
57 33 47 0 195 5 132 71
53 23 43 0 146 5 100 88
22 7 23 0 54 0 10 58
4 2 19 0 14 0 0 20
5 4 15 0 10 0 1 3
2 3 4 0 6 0 0 4
3 7 13 2 54 0 0 6
6 12 31 1 101 0 24 29
7 16 47 3 118 5 81 35
8 18 47 6 127 5 89 28
19 27 55 12 167 5 119 38
39 34 58 14 203 5 132 51
51 33 56 6 195 5 131 70
46 23 57 0 146 5 100 87
22 7 28 0 54 0 10 57
4 2 22 0 14 0 0 20
4 4 15 0 10 0 1 3
2 4 4 0 6 0 0 4
3 8 13 2 54 0 0 6
6 12 31 1 101 0 27 29
8 16 47 3 118 5 81 35
19 18 47 6 127 5 89 28
37 27 55 13 167 5 119 38
53 34 58 14 203 5 131 51
64 33 56 6 195 5 131 69
58 23 57 0 146 5 100 86
27 7 28 0 54 0 10 57
5 2 22 0 14 0 0 20
6 4 15 0 10 0 1 3
3 4 4 0 6 0 0 4
5 7 13 2 54 0 0 6
6 13 31 1 101 0 19 29
8 16 47 3 118 4 68 34
20 18 47 7 127 5 82 28
41 27 55 13 167 5 118 37
61 34 58 14 203 5 132 51
76 33 56 6 195 5 132 70
73 20 57 0 146 5 100 86
32 5 22 0 54 0 10 57
5 1 19 0 14 0 0 20
6 3 15 0 10 0 2 3
3 3 4 0 6 0 0 4
6 7 13 2 54 0 0 6
8 12 31 1 101 0 15 28
10 16 47 3 118 4 70 33
19 18 47 7 127 5 84 27
39 26 55 13 167 5 118 37
60 31 58 14 203 5 132 50
74 27 56 6 195 5 132 69
72 14 57 0 146 5 100 86
33 0 28 0 54 0 10 57
5 1 22 0 14 0 0 19
5 3 15 0 10 0 2 3
2 3 4 0 6 0 0 4
4 7 13 2 54 0 0 6
6 12 31 1 101 0 24 29
7 16 47 3 118 5 74 34
9 18 47 7 127 5 85 27
26 27 55 13 167 5 115 36
48 34 58 14 203 5 132 49
61 33 56 6 195 5 132 67
53 23 57 0 146 5 100 85
25 7 28 0 54 0 10 57
5 2 22 0 14 0 0 19
4 4 15 0 10 0 2 3
2 4 4 0 6 0 0 4
3 8 13 2 54 0 0 6
6 12 31 1 101 0 21 29
7 16 47 3 118 4 70 34
8 18 47 7 127 5 84 28
18 27 55 13 167 5 118 37
34 34 58 14 203 5 131 50
44 33 56 6 195 5 131 68
43 23 57 0 146 5 100 84
22 7 28 0 54 0 10 56
4 2 22 0 14 0 0 19
4 4 15 0 10 0 1 3
2 4 4 0 6 0 0 4
3 8 13 2 54 0 0 6
6 12 31 1 101 0 27 28
7 16 47 3 118 5 82 33
8 19 47 6 127 5 90 27
17 27 55 12 167 5 120 36
35 34 58 14 203 5 131 49
47 33 56 6 195 5 131 67
45 23 57 0 146 5 100 83
21 7 28 0 54 0 10 55
4 2 22 0 14 0 0 19
4 4 15 0 10 0 1 3
2 4 4 0 6 0 0 4
4 8 13 2 54 0 0 6
6 12 31 1 101 0 26 29
7 16 47 3 118 5 81 33
8 18 47 7 127 5 89 28
20 27 55 13 167 5 119 36
39 34 58 14 203 5 131 49
50 33 56 6 195 5 131 67
52 23 57 0 146 5 100 83
27 7 28 0 54 0 10 55
4 2 22 0 14 0 0 19
4 4 15 0 10 0 1 3
1 4 4 0 6 0 0 4
3 8 13 2 54 0 0 6
6 12 31 1 101 0 36 28
7 16 47 3 118 5 83 33
8 19 47 6 127 6 98 27
13 27 55 12 167 5 123 36
30 34 58 14 203 5 130 49
38 33 56 6 195 5 131 66
39 23 57 0 146 5 100 83
17 7 28 0 54 0 10 55
3 2 22 0 14 0 0 19
4 4 15 0 10 0 1 3
2 4 4 0 6 0 0 4
3 8 13 2 54 0 0 6
6 12 31 1 101 0 23 28
7 16 47 3 118 5 80 33
8 18 47 7 127 5 89 27
16 27 55 13 167 5 117 36
34 34 58 14 203 4 119 48
45 33 56 6 195 1 42 64
40 23 57 0 146 2 41 81
20 7 28 0 54 0 5 54
4 2 22 0 14 0 0 19
4 4 15 0 10 0 0 3
2 4 4 0 6 0 0 4
3 8 13 2 54 0 0 6
6 14 31 1 101 0 5 27
7 16 47 3 118 2 34 32
8 19 47 7 127 3 63 27
12 27 55 13 167 4 96 35
29 34 58 14 203 5 139 48
40 33 56 6 195 5 135 66
40 23 57 0 146 5 98 82
20 7 28 0 54 0 10 55
4 2 22 0 14 0 0 19
4 4 15 0 10 0 1 3
2 4 4 0 6 0 0 4
3 8 13 2 54 0 0 6
6 14 31 1 101 0 9 28
7 16 47 3 118 4 69 33
8 19 47 8 127 4 71 27
12 27 55 13 167 4 102 36
29 34 58 14 203 5 133 49
39 33 56 6 195 5 132 66
38 23 57 0 146 5 99 83
19 7 28 0 54 0 10 55
3 2 22 0 14 0 0 19
4 4 15 0 10 0 1 3
2 4 4 0 6 0 0 4
3 8 13 2 54 0 0 6
6 14 31 1 101 0 5 27
7 16 47 3 118 3 56 33
9 19 45 8 127 3 63 27
22 27 55 13 167 4 95 36
39 34 58 15 203 5 139 49
48 33 56 6 195 5 137 67
50 23 57 0 146 5 98 83
24 7 28 0 54 0 10 55
4 2 22 0 14 0 0 19
