1 2 3 0 4 0 3 0
1 1 1 0 2 0 0 4
3 3 4 2 21 0 0 6
6 6 9 0 42 0 61 4
7 10 33 3 83 0 0 4
8 14 31 6 94 0 0 3
8 17 32 11 106 0 0 3
7 16 23 12 90 0 0 4
5 11 15 4 59 0 0 5
3 5 12 0 30 0 0 6
2 1 5 0 9 0 0 4
0 0 4 0 2 0 0 1
1 1 3 0 2 0 3 0
1 1 1 0 2 0 0 4
3 3 5 2 22 0 0 6
6 6 16 0 55 0 46 4
7 10 25 3 73 0 0 3
8 12 20 6 70 0 0 2
7 14 16 8 72 0 0 3
6 13 12 5 65 0 0 3
5 9 9 1 45 0 0 4
3 4 8 0 24 0 0 5
1 0 4 0 7 0 0 3
0 0 3 0 1 0 0 1
1 0 2 0 1 0 3 0
1 0 1 0 1 0 0 4
3 2 4 2 17 0 0 6
6 5 16 0 51 0 56 3
7 9 33 3 81 0 0 3
8 13 27 6 84 0 0 2
8 16 20 11 84 0 0 2
7 15 13 6 73 0 0 3
5 10 10 2 51 0 0 4
3 4 8 0 27 0 0 4
1 1 4 0 7 0 0 3
0 0 3 0 2 0 0 1
1 0 2 0 1 0 0 0
1 1 1 0 1 0 0 4
3 3 3 1 22 0 0 6
6 10 19 0 77 0 48 4
7 12 26 3 85 0 0 4
8 15 24 6 88 1 30 6
12 21 21 11 105 0 14 14
8 27 14 7 117 0 19 17
6 27 10 2 109 0 21 22
3 15 8 0 69 0 16 23
1 3 4 0 18 0 2 14
0 0 3 0 3 0 0 7
1 1 3 0 2 0 0 1
1 1 1 0 1 0 0 4
2 2 3 1 16 0 0 6
5 4 15 0 44 0 51 4
7 6 19 3 47 0 0 4
8 7 18 6 51 0 0 3
7 10 15 7 54 0 0 3
6 9 11 5 50 0 0 4
4 6 8 1 34 0 0 5
3 2 8 0 18 0 0 5
1 0 4 0 5 0 0 3
0 0 3 0 1 0 0 1
1 0 3 0 1 0 0 0
1 0 1 0 1 0 0 4
3 2 3 1 18 0 0 6
6 7 15 0 56 0 47 4
7 11 24 3 75 0 0 4
8 12 20 6 73 0 0 3
6 14 16 8 73 0 0 3
5 13 11 4 62 0 0 4
4 8 8 1 42 0 0 5
2 3 8 0 22 0 0 7
1 0 4 0 6 0 0 4
0 0 3 0 1 0 0 1
1 0 2 0 1 0 3 0
1 0 0 0 1 0 0 4
2 2 2 0 13 0 0 6
5 4 4 0 27 0 52 3
6 5 10 1 35 0 0 2
5 6 9 2 35 0 0 1
5 7 8 2 38 0 0 1
5 7 8 2 36 0 0 1
4 4 8 1 26 0 0 2
2 1 8 0 13 6 0 2
1 0 4 0 3 0 3 1
0 0 3 0 1 0 0 0
1 0 2 0 1 0 3 0
1 0 1 0 1 0 0 4
3 1 5 2 17 0 0 6
6 5 15 0 48 0 48 2
7 11 38 3 97 0 0 1
8 15 32 6 100 0 0 1
8 20 27 11 108 0 0 1
6 19 16 8 89 0 35 8
4 12 11 2 59 0 34 12
2 5 8 0 29 1 32 11
1 1 4 0 7 0 4 6
0 0 3 0 1 0 0 3
1 0 3 0 1 0 0 0
1 0 1 0 1 0 0 4
3 2 5 2 20 0 0 6
6 6 18 0 56 0 50 2
7 8 27 3 68 0 0 1
4 8 17 6 54 0 0 1
4 9 11 5 47 0 0 1
4 8 8 3 40 0 0 2
3 5 8 1 28 0 0 3
2 1 8 0 13 0 0 4
1 0 4 0 3 0 0 2
0 0 3 0 1 0 0 1
0 0 2 0 1 0 4 0
0 0 0 0 1 0 0 4
2 1 2 1 10 0 0 6
6 3 5 0 24 0 53 2
7 5 17 3 42 0 0 2
4 6 10 2 36 0 0 1
4 6 9 3 36 0 0 2
4 6 8 3 32 0 0 2
3 3 8 1 21 1 0 3
1 1 7 0 9 0 0 3
0 0 4 0 2 0 0 2
0 0 3 0 0 0 0 1
0 0 2 0 1 0 4 0
0 0 1 0 1 0 0 4
2 1 3 1 11 0 0 6
4 2 6 0 22 0 60 3
6 4 21 3 40 0 0 4
4 5 20 6 42 0 0 3
4 5 17 8 39 0 0 2
4 5 10 4 31 0 0 2
3 3 8 1 20 3 0 3
1 0 8 0 8 7 0 4
0 0 4 0 2 0 4 2
0 0 3 0 0 0 0 1
0 0 3 0 1 0 4 0
1 0 1 0 1 0 0 4
3 1 3 1 13 0 0 6
6 4 14 0 39 0 73 3
7 7 21 3 52 0 0 3
8 9 20 6 58 0 0 3
6 11 12 5 56 0 0 3
5 10 8 3 49 0 0 4
3 6 8 1 33 26 4 5
2 2 8 0 16 11 0 4
1 0 4 0 4 0 8 3
0 0 3 0 1 0 0 1
1 0 3 0 1 0 3 0
1 0 1 0 1 0 0 4
3 3 3 1 20 0 0 6
6 9 14 0 63 0 55 3
7 12 27 3 87 0 0 2
8 15 25 6 89 0 0 2
8 21 21 11 105 2 0 2
7 26 12 5 111 0 0 3
5 18 9 1 77 0 0 4
2 8 8 0 40 0 0 5
1 1 4 0 10 0 0 4
0 0 3 0 2 0 0 1
1 0 3 0 2 0 3 0
1 1 1 0 1 0 0 4
3 3 5 2 23 0 0 6
6 8 19 0 68 0 51 5
7 12 32 3 93 0 0 4
8 15 30 6 97 0 0 3
9 21 25 11 110 0 0 4
7 25 15 8 112 1 49 10
4 17 11 2 77 0 28 18
2 7 8 0 38 1 25 18
1 1 4 0 10 0 3 10
0 0 3 0 2 0 0 3
1 0 2 0 1 0 1 0
1 0 0 0 1 0 0 4
3 2 4 2 16 0 0 6
6 6 10 0 44 0 50 4
7 12 30 3 87 0 0 3
8 15 20 6 83 0 0 2
8 19 15 8 89 0 0 3
6 17 10 4 78 0 0 4
4 11 8 1 53 0 0 6
2 5 8 0 27 0 0 7
0 0 4 0 7 0 0 5
0 0 3 0 1 0 0 2
1 0 4 0 1 0 0 1
1 1 1 0 2 0 0 4
3 3 7 2 28 0 0 6
6 9 27 0 90 0 48 5
7 12 45 3 113 0 0 4
8 15 35 6 106 1 24 6
11 21 30 11 118 0 12 16
8 27 19 11 123 0 16 20
5 25 13 3 106 0 20 24
3 11 10 0 57 0 17 24
1 2 4 0 14 0 2 13
0 0 3 0 3 0 0 4
1 1 3 0 2 0 0 1
1 1 1 0 1 0 0 4
3 2 4 2 18 0 0 6
6 5 14 0 49 0 55 4
7 9 21 3 65 0 0 4
8 13 16 6 70 0 0 3
9 17 13 6 80 0 0 4
7 17 10 4 75 0 0 5
5 11 8 1 52 0 0 7
3 5 8 0 27 0 0 9
1 1 4 0 7 0 17 7
0 0 3 0 1 0 0 4
1 0 2 0 1 0 0 1
1 0 1 0 1 0 0 4
3 2 3 1 17 0 0 6
6 6 11 0 47 0 48 5
7 12 25 3 81 0 0 5
8 15 25 6 90 0 0 4
12 21 22 11 107 0 0 5
8 27 14 6 116 6 130 7
5 20 9 2 87 0 27 20
3 9 8 0 45 0 21 22
1 1 4 0 12 0 3 13
0 0 3 0 2 0 0 5
1 1 3 0 2 0 0 1
1 1 1 0 1 0 0 4
3 3 3 1 21 0 0 6
6 9 12 0 65 0 49 4
7 12 26 3 85 0 0 4
8 15 23 6 86 0 0 3
12 21 20 11 103 0 0 4
8 27 13 6 116 7 102 5
5 27 9 1 108 0 24 21
3 16 8 0 73 0 14 27
1 3 4 0 19 0 2 15
0 0 3 0 4 0 0 6
1 1 3 0 2 0 0 1
1 1 1 0 1 0 0 4
3 2 2 1 17 0 0 6
6 5 10 0 42 0 45 4
7 8 17 3 54 0 0 3
8 10 13 4 55 0 0 3
7 12 9 3 59 0 0 3
6 12 8 3 56 0 0 5
4 8 8 1 39 0 0 6
2 3 8 0 20 0 0 7
1 0 4 0 5 0 0 5
0 0 3 0 1 0 0 2
