0.06424215309965553
0.013230675982564444
0.6775329045041176
1.304793606773031
1.367236964163185
0.6225784900010318
0.17088100103069248
0.1451977066871447
0.05145731501551365
0.039593205143059196
0.03006774779298893
0.05626157978299995
0.1440349959431082
0.06636768348743372
0.6961323317251913
0.7121864014277874
0.17527547696494195
0.13698014018693572
0.1240705374283182
0.03343289741865452
0.02475133353637704
0.02174124715830461
0.171650186553028
0.0029719450591015883
0.051167274094387816
0.026003525365998148
0.3088523813524945
1.0922962151517406
0.5072371224533005
0.14603516406940076
0.15008368421269302
0.09541665905873109
0.06226269343868196
0.04063967931815737
0.15801810163440372
0.00506988197255287
0.054528160666663994
0.016498132885147454
0.3529776046135228
0.35089985189972894
0.5873688249142754
0.1617164200821124
0.16598437604033367
0.13337442936877597
0.06871471818743635
0.045565666096291424
0.002489846412868424
0.004194713330041955
0.019559552049641882
0.03965273508096112
0.2868165201017666
0.06826335988098386
0.10932922150675672
0.07795094738213115
0.06711574159419331
0.013586454574766371
0.08580149959745209
0.09840848430758586
0.1590696654940853
0.178101701273832
0.1987654383755617
0.2227804824481912
0.06625411870070885
0.059939832555624184
0.019152323236119373
0.062358436801339345
0.09245761770011424
0.12779440264256436
0.11126713139011268
0.1829326356560101
0.19491170634973504
0.35917149310823926
0.4163177124922166
0.3812018784885846
0.40977873338472337
0.36249032662669833
0.44645038146597343
0.5009119836638073
0.5176813500533723
0.5178830192453334
0.5203079281733702
0.5203849412976363
0.5243202275723056
0.5245612372553511
0.45233800447242645
0.30189653250381093
0.028954068359536178
0.03835824249845721
0.5331655827648858
0.15935131542875125
0.14824716929876225
0.09628130079898578
0.011882449995406441
0.010256763641200095
0.03574589002517936
0.050887678990912844
0.058095427811671874
0.024662638186525032
0.577274077439959
0.4889263597588003
0.18237420589690823
0.12948457629980759
0.11102744310556023
0.034435687529432935
0.04436556169880168
0.006214877575281608
0.1415118277625495
0.0533360361882147
0.040223466223426874
0.13196358494319327
0.08208904564163377
0.12903689717826122
0.13200643951712654
0.21120906992832866
0.173119125150283
0.30546117939130696
0.44835533148859685
0.5189415437431159
0.5230153944960595
0.523915358897123
0.47525474881251367
0.30412200125502814
0.13236904318945758
0.19450522321954344
0.1958956269408052
0.1555055736781375
0.28061757710092117
0.2221609069596544
0.2645501445912086
0.3486171426534691
0.5199899946723653
0.5205107069178634
0.32030865807900016
0.2856816406827605
0.004623220059424171
0.16477857232830034
0.1509873258639975
0.13271172251113966
0.2801940637496827
0.1967743558058727
0.24997149686237025
0.45486174325210005
0.5210144278835925
0.5217686022490037
0.3055561239232239
0.2691537187859542
0.005532613658168706
0.06919599818281758
0.024629444057195804
0.022951660717037137
0.03487729183765176
0.09839880409187879
0.0674193408870804
0.14505607414876132
0.13034010481531533
0.19298007948964507
0.20804052434762266
0.18457735518738988
0.11639466737876536
0.04873514745356011
0.150003381636432
0.14689222997987417
0.1583673551552206
0.12515540655456536
0.06442962959182386
0.049686819843834495
0.0006346436403433797
0.002752456137564252
0.01665216936994207
0.06378836391896703
0.1820996808678551
0.07171986944714115
0.11983830616188174
0.07891791011443972
0.034393187521839286
0.033296406550623936
0.006270407511283271
0.11576117799503016
0.07934790857039042
0.14943002683414403
0.10317158994971426
0.08524542313220151
1.2484801600281217
1.3066873786712034
1.3679493302944905
0.27139866823301606
0.18779375268076326
0.16880131510605378
0.11551255053219878
0.1062968516169267
0.044751065986839644
0.05608937184269469
0.07483551822465684
0.00929711677416023
0.3260160772525854
0.10476326893367593
0.1352143736747644
0.09513591591962356
0.08622235824666713
0.036136441326121704
0.03560253092476362
0.057194063656964556
0.11969706042855749
0.1302227378798772
0.14355152761249323
0.1924128583082459
0.010084070007684076
0.09184398083926154
0.006014537471367487
0.03355568551932475
0.012781942280673864
0.042506984168868445
0.0924315973498897
0.11054594083952285
0.1587989929712681
0.18830381876328772
0.23149277096606619
0.2704838957148406
0.08015039407038183
0.12040297512121101
0.03278849085364899
0.03329205058142537
0.04218935393084333
0.09347168432679853
0.1527358831532883
0.18473077622316397
0.43390120873212024
0.4948852479980266
0.2952411191114946
0.29974953557018036
0.11600409090007185
0.23576229073328964
0.260244729824677
0.48758862330796787
0.5074073654697027
0.5177228854108182
0.5196236088374238
0.51936786836564
0.5226881732163262
0.5229471083819658
