322.045903225806 1024.3303225820105 3644646452.0 686306734.8156213 1430.508064516129 56.18329032258064
643.509857142857 1005.8910449340397 686306734.8156213 2157498688.4652014 40.0 59.67067857142857
785.285774193548 1016.7889112847768 2157498688.4652014 3412630679.1022344 315.0 1430.508064516129
810.8132 1022.9356206084788 3412630679.1022344 4674130166.434502 311.0 37.333333333333336
709.144935483871 1027.7711151797278 4674130166.434502 5577266826.849431 356.0 315.0
400.573266666667 1029.37369412662 5577266826.849431 5767694508.702125 314.0 311.0
209.112838709677 1030.054805052904 5767694508.702125 5281697354.578337 374.0 356.0
155.613161290323 1028.7730120556685 5281697354.578337 4556717687.589288 408.0 303.8709677419355
113.363733333333 1027.397190087864 4556717687.589288 3731662904.925055 411.0 386.46666666666664
89.1516451612903 1024.637258923898 3731662904.925055 2815447805.2575836 413.0 408.0
132.6879 1020.006070462296 2815447805.2575836 2076053414.6621735 414.0 411.0
183.475935483871 1016.3591209217001 2076053414.6621735 1468419435.8724449 414.0 413.0
219.466193548387 1012.61769889103 1468419435.8724449 1791618069.7023284 104.0 400.64516129032256
529.413142857143 1014.7081675803124 1791618069.7023284 2991655346.641566 40.0 458.35714285714283
573.648451612903 1020.7448861494405 2991655346.641566 3679194436.4451785 315.0 104.0
434.0214 1024.452184961006 3679194436.4451785 4117733933.93386 252.0 37.333333333333336
242.016225806452 1025.9990614953574 4117733933.93386 3695746940.1169634 386.0 315.0
141.2042 1024.5105712173438 3695746940.1169634 3050403631.89924 381.0 252.0
112.736064516129 1020.9912101966426 3050403631.89924 2244362167.9638047 404.0 386.0
95.8503870967742 1017.247293762342 2244362167.9638047 1374403558.6455564 412.0 368.7096774193548
70.4100666666667 1011.9798725476401 1374403558.6455564 687626484.8631283 328.2888888888889 417.46666666666664
51.7662903225806 1005.9023732606277 687626484.8631283 687496163.1358696 45.475806451612904 412.0
33.0551333333333 1005.901254619192 687496163.1358696 664964539.5937728 40.03611111111111 328.2888888888889
89.5234193548387 1005.7078501252684 664964539.5937728 687641445.6044551 83.05645161290323 45.475806451612904
197.699193548387 1005.9025016790082 687641445.6044551 851014094.0555421 139.90860215053763 38.744623655913976
483.033035714286 1007.5591189133902 851014094.0555421 1933869818.5452693 40.0 91.95535714285714
883.652032258065 1015.5574317525092 1933869818.5452693 3452573304.4334416 315.0 139.90860215053763
711.757666666667 1023.242871572565 3452573304.4334416 4605119685.516024 254.0 37.333333333333336
355.195741935484 1027.5513365780764 4605119685.516024 4546415771.861207 362.0 315.0
161.613233333333 1027.3643814390484 4546415771.861207 4085970424.8632827 328.0 254.0
116.846161290323 1025.8870208989886 4085970424.8632827 3362221979.9730506 374.0 362.0
91.6212580645161 1022.5478613844082 3362221979.9730506 2487757363.05027 406.0 317.4193548387097
67.8172333333333 1018.4719314428584 2487757363.05027 1562562362.5918674 413.0 386.46666666666664
48.4465161290323 1013.2537997472423 1562562362.5918674 687448896.881948 366.90860215053766 406.0
51.3012333333333 1005.9008489002741 687448896.881948 687440773.8896874 49.580555555555556 413.0
84.7457096774193 1005.9007791750188 687440773.8896874 687348069.8581425 86.78225806451613 366.90860215053766
209.807322580645 1005.8999834322586 687348069.8581425 899822057.8564363 133.747311827957 47.98118279569893
689.364428571429 1008.0517516253905 899822057.8564363 2483363664.56486 40.0 96.08035714285714
568.289064516129 1018.4513520588517 2483363664.56486 3157267501.1954737 315.0 133.747311827957
576.527233333333 1021.4392767345722 3157267501.1954737 3983261023.635929 246.0 37.333333333333336
381.711483870968 1025.524730242102 3983261023.635929 4274194679.0520163 259.0 315.0
185.7957 1026.497435283605 4274194679.0520163 4224067536.434213 194.0 246.0
126.033225806452 1026.3377947020197 4224067536.434213 3873545018.55021 243.0 259.0
97.3777741935484 1025.1377249331576 3873545018.55021 3206236145.9968777 332.0 187.74193548387098
66.5694 1021.6445959999869 3206236145.9968777 2309394019.7788515 398.0 251.1
46.5674838709677 1017.590469761366 2309394019.7788515 1312532577.2487004 407.0 332.0
36.6345333333333 1011.5002525368117 1312532577.2487004 681104823.0338475 278.2416666666667 398.0
71.4001612903226 1005.8463933307626 681104823.0338475 687465727.8222517 71.02688172043011 407.0
217.974064516129 1005.9009933718647 687465727.8222517 1125530929.0699122 57.956989247311824 269.26612903225805
492.893857142857 1010.0506273571311 1125530929.0699122 2233730309.4522085 40.0 78.63690476190477
366.69335483871 1017.1911889680855 2233730309.4522085 2368244030.3376756 315.0 57.956989247311824
391.213866666667 1017.9010239067951 2368244030.3376756 2799007768.930666 216.0 37.333333333333336
225.662064516129 1019.9297787771928 2799007768.930666 2296056492.039898 404.0 315.0
133.237333333333 1017.5200870292342 2296056492.039898 1552762175.8042572 414.0 216.0
85.2490967741936 1013.1875822689477 1552762175.8042572 687379254.6391591 403.008064516129 404.0
63.7061290322581 1005.9002511127825 687379254.6391591 687394055.2910756 59.02956989247312 400.64516129032256
44.3738666666667 1005.9003781570049 687394055.2910756 683558345.9962595 40.0 416.44166666666666
29.2655161290322 1005.8674536137017 683558345.9962595 638108254.4485464 40.0 59.02956989247312
19.9402333333333 1005.4773240725197 638108254.4485464 581859507.0721359 40.0 40.0
45.8698387096774 1004.9945022066278 581859507.0721359 602626637.2648069 40.0 40.0
275.221193548387 1005.172760834891 602626637.2648069 856290212.6208507 183.68817204301075 38.70967741935484
551.286071428571 1007.6132329499574 856290212.6208507 2104706420.813215 40.0 44.285714285714285
549.275483870968 1016.5103241203864 2104706420.813215 2728126670.5365376 315.0 183.68817204301075
453.0279 1019.5977830001711 2728126670.5365376 3311296217.6787934 218.0 37.333333333333336
251.113419354839 1022.1561247513754 3311296217.6787934 2894239397.745423 396.0 315.0
131.736766666667 1020.3364335335237 2894239397.745423 2156744616.5470705 409.0 218.0
91.9488709677419 1016.784932013441 2156744616.5470705 1277674711.5170376 413.0 396.0
70.1550967741935 1011.230036523388 1277674711.5170376 687533664.3666463 285.11559139784947 395.80645161290323
52.898 1005.9015765181686 687533664.3666463 687507317.8471675 47.047222222222224 426.76666666666665
38.8994516129032 1005.9013503677868 687507317.8471675 667563480.5329792 40.045698924731184 285.11559139784947
44.6923333333333 1005.7301586311843 667563480.5329792 675302324.0487758 40.0 47.047222222222224
68.3542258064516 1005.7965864725217 675302324.0487758 687326663.530041 65.86559139784946 40.045698924731184
118.701903225806 1005.8997996869531 687326663.530041 687602438.6218935 121.60215053763442 38.70967741935484
163.442892857143 1005.9021668551235 687602438.6218935 994292358.2832671 40.0 72.92261904761905
127.196838709677 1008.8914876291846 994292358.2832671 992586982.0527921 127.0 121.60215053763442
175.352066666667 1008.8763287293581 992586982.0527921 792771004.6230408 248.0 37.333333333333336
101.320064516129 1006.9617538935696 792771004.6230408 687624710.0322311 136.55107526881721 127.0
58.3389666666667 1005.9023580260277 687624710.0322311 687437444.0442196 55.30833333333333 248.0
41.7728709677419 1005.9007505926542 687437444.0442196 681482443.8648956 40.0 136.55107526881721
32.6314516129032 1005.8496347112866 681482443.8648956 649406368.3812007 40.0 53.524193548387096
21.9208 1005.5743035912549 649406368.3812007 588000271.9400203 40.0 41.333333333333336
10.8536774193548 1005.0472126346782 588000271.9400203 494493286.5267251 40.0 40.0
17.3578 1004.2445775667529 494493286.5267251 431957000.0343543 40.0 40.0
37.3014516129032 1003.7077854080202 431957000.0343543 429237872.1691808 40.0 40.0
201.538193548387 1003.684445254671 429237872.1691808 708755741.8892125 100.04838709677419 38.70967741935484
659.617321428572 1006.1000588911713 708755741.8892125 2219135262.2358356 40.0 44.285714285714285
1080.25241935484 1017.1141702492656 2219135262.2358356 4263667963.0764174 315.0 100.04838709677419
895.072966666667 1026.4639107104344 4263667963.0764174 5881137174.515708 256.0 37.333333333333336
543.825258064516 1030.4928076236129 5881137174.515708 5891728907.891876 522.2903225806451 315.0
224.001266666667 1030.5336878949515 5891728907.891876 5439333217.604464 385.43055555555554 256.0
134.021806451613 1029.0009005881202 5439333217.604464 4671069567.29468 405.0 522.2903225806451
96.0624516129032 1027.761368048709 4671069567.29468 3780147520.215567 412.0 372.997311827957
65.9179666666667 1024.8082804945875 3780147520.215567 2833799486.105769 414.0 418.5
43.6194838709677 1020.0830167132317 2833799486.105769 1804395078.460916 414.0 412.0
40.2008 1014.7844482296175 1804395078.460916 828824129.3278942 414.0 414.0
70.7292258064516 1007.3315295315681 828824129.3278942 687580098.7883123 125.48387096774194 414.0
406.292612903226 1005.9019750968953 687580098.7883123 1376760627.6401482 152.81182795698925 400.64516129032256
701.2355 1011.9981444003113 1376760627.6401482 2991460458.38311 40.0 138.92857142857142
673.144322580645 1020.7440690078956 2991460458.38311 3945286043.7157397 315.0 152.81182795698925
359.758866666667 1025.3907796956464 3945286043.7157397 4216199107.5023484 242.0 37.333333333333336
152.153709677419 1026.312736011154 4216199107.5023484 3516290590.5631084 400.0 315.0
92.4419333333333 1023.7330045427932 3516290590.5631084 2660973979.3757763 414.0 242.0
72.9201935483871 1019.2832504888795 2660973979.3757763 1722023226.8545763 415.0 400.0
58.5487096774193 1014.2926759812214 1722023226.8545763 749364865.9916908 415.0 400.64516129032256
40.2354333333333 1006.5165627281199 749364865.9916908 672729491.3524189 63.958333333333336 428.8333333333333
26.094 1005.7745020716945 672729491.3524189 618942486.6709183 40.0 415.0
21.0259 1005.3128110443855 618942486.6709183 565556875.0767395 40.0 63.958333333333336
37.604064516129 1004.8545654513024 565556875.0767395 564094022.8720822 40.0 40.0
87.1814838709678 1004.8420087800179 564094022.8720822 687546157.9354839 43.986559139784944 38.70967741935484
229.777357142857 1005.9016837591029 687546157.9354839 1155159412.7082405 40.0 44.285714285714285
322.139225806452 1010.2803055248701 1155159412.7082405 1171819065.641741 315.0 43.986559139784944
279.0302 1010.4094501212538 1171819065.641741 1217732074.6351671 256.0 37.333333333333336
121.557580645161 1010.7653649196525 1217732074.6351671 687621737.1191399 314.88709677419354 315.0
60.7111 1005.9023325074604 687621737.1191399 687527808.7732294 57.644444444444446 256.0
41.6522903225807 1005.9015262555641 687527808.7732294 681078655.3544751 40.064516129032256 314.88709677419354
34.2437741935484 1005.8461687154891 681078655.3544751 653307497.7383618 40.0 55.78494623655914
21.3034 1005.6077896801576 653307497.7383618 590272049.7101163 40.0 41.4
9.73222580645161 1005.0667128730481 590272049.7101163 493753299.07662594 40.0 40.0
7.27173333333333 1004.2382257431469 493753299.07662594 405112014.19539285 40.0 40.0
42.6832903225806 1003.4773563450248 405112014.19539285 416742201.7890465 40.0 40.0
163.609451612903 1003.577186281451 416742201.7890465 687797512.2168936 65.20967741935483 38.70967741935484
305.377071428571 1005.9038413065828 687797512.2168936 1338809416.5724175 40.0 44.285714285714285
515.583290322581 1011.7039489656777 1338809416.5724175 1872991402.1146207 315.0 65.20967741935483
448.1112 1015.1939785200873 1872991402.1146207 2309349125.339053 272.0 37.333333333333336
271.508322580645 1017.5902328513934 2309349125.339053 1926965533.8461926 406.0 315.0
125.965266666667 1015.5162121423654 1926965533.8461926 1172137509.615979 412.0 272.0
80.5058064516129 1010.4119186791937 1172137509.615979 687644725.8745688 256.96774193548384 406.0
56.4302903225807 1005.9025298358332 687644725.8745688 687511255.5508475 51.80913978494624 398.7096774193548
35.7994333333333 1005.9013841678184 687511255.5508475 661425073.9696681 40.05 265.5333333333333
17.4331290322581 1005.6774684460916 661425073.9696681 584680276.4110107 40.0 51.80913978494624
11.4152333333333 1005.0187148189785 584680276.4110107 506512847.7982499 40.0 40.05
42.3448387096774 1004.3477497665085 506512847.7982499 517572328.7439007 40.0 40.0
282.83335483871 1004.442680933424 517572328.7439007 825790008.2453483 170.84677419354838 38.70967741935484
526.084607142857 1007.3004103409779 825790008.2453483 2012925465.9600034 40.0 44.285714285714285
441.858967741935 1016.0259919048021 2012925465.9600034 2348927831.24516 315.0 170.84677419354838
449.691966666667 1017.7990914577581 2348927831.24516 2755184448.6830215 284.0 37.333333333333336
165.603064516129 1019.7245173240423 2755184448.6830215 2097571411.174475 402.0 315.0
75.6662 1016.4726723544827 2097571411.174475 1214362855.4004703 411.0 284.0
51.8997096774194 1010.7392469410889 1214362855.4004703 687474332.6117814 244.1505376344086 402.0
37.5056129032258 1005.9010672327191 687474332.6117814 668320921.1379913 40.013440860215056 397.741935483871
24.2406666666667 1005.7366602672788 668320921.1379913 612722654.5942404 40.0 252.2888888888889
13.5417096774194 1005.2594219278475 612722654.5942404 526119040.9359229 40.0 40.013440860215056
8.4959 1004.5160432698362 526119040.9359229 440556974.38330704 40.0 40.0
67.8139677419355 1003.7816049303287 440556974.38330704 519726663.1708528 40.0 40.0
315.535870967742 1004.4611730744278 519726663.1708528 928298190.15694 166.19354838709677 38.70967741935484
519.093035714286 1008.3048728013949 928298190.15694 2099011849.194576 40.0 44.285714285714285
637.365612903226 1016.4802736105254 2099011849.194576 2958253772.6674857 315.0 166.19354838709677
611.278466666667 1020.6048376212473 2958253772.6674857 3870445748.5061936 248.0 37.333333333333336
372.049967741935 1025.1267927636902 3870445748.5061936 3997451220.348395 311.0 315.0
150.201533333333 1025.574783846026 3997451220.348395 3900533934.151211 177.0 248.0
104.528032258065 1025.2329239299866 3900533934.151211 3236230200.9139338 340.0 311.0
77.6274193548387 1021.7703572365364 3236230200.9139338 2373458874.049374 388.0 171.29032258064515
50.0950666666667 1017.9285428709729 2373458874.049374 1437309922.4005704 400.0 351.3333333333333
29.337064516129 1012.4074994756795 1437309922.4005704 674169434.3918427 306.55913978494624 388.0
19.3250666666667 1005.786862097784 674169434.3918427 616228713.1211582 40.0 400.0
87.2251290322581 1005.2895168508253 616228713.1211582 687613238.3272527 62.55107526881721 306.55913978494624
407.438 1005.902259556457 687613238.3272527 1454810375.9024754 124.91935483870968 38.70967741935484
586.189178571429 1012.5257457831249 1454810375.9024754 2790928100.0856366 40.0 69.25297619047619
795.484806451613 1019.8919348950146 2790928100.0856366 4072491870.910354 315.0 124.91935483870968
813.061033333333 1025.839477498802 4072491870.910354 5739959800.7497 155.0 37.333333333333336
480.128290322581 1029.9477212384159 5739959800.7497 5890591242.615226 406.35752688172045 315.0
215.483233333333 1030.529297248515 5890591242.615226 5885963291.136903 203.65277777777777 155.0
136.859709677419 1030.5114363723121 5885963291.136903 5884503912.952548 119.83870967741936 406.35752688172045
104.647935483871 1030.5058041237448 5884503912.952548 5207456775.134491 338.0 197.08333333333331
75.7020333333333 1028.6658827924018 5207456775.134491 4463405367.941649 340.0 123.83333333333333
48.0892258064516 1027.1000170953555 4463405367.941649 3486773329.6438456 391.0 338.0
36.4143333333333 1023.5059486895681 3486773329.6438456 2519536572.176952 405.0 340.0
69.0377096774194 1018.6207801975501 2519536572.176952 1619908438.5994656 409.0 391.0
126.959258064516 1013.6412732337801 1619908438.5994656 1770721024.6996968 76.0 391.93548387096774
263.442714285714 1014.5834091026848 1770721024.6996968 2325697132.444748 40.0 452.82142857142856
781.20964516129 1017.6765020181781 2325697132.444748 3569694645.9494953 315.0 76.0
445.711633333333 1024.0659423137547 3569694645.9494953 3992562052.773358 270.0 37.333333333333336
237.183193548387 1025.5575381050205 3992562052.773358 3953614192.2499266 238.0 315.0
119.766933333333 1025.420155880952 3953614192.2499266 3535136943.9507174 271.0 270.0
82.0065806451613 1023.8779764919286 3535136943.9507174 2816989147.0796504 339.0 238.0
62.4445161290323 1020.0125331114451 2816989147.0796504 1901058934.513968 394.0 262.258064516129
43.3131 1015.3615458776953 1901058934.513968 942259289.8203576 404.0 350.3
21.053935483871 1008.4289714650698 942259289.8203576 635927980.9494531 129.0 394.0
18.0287666666667 1005.4586092785361 635927980.9494531 574737567.8614485 40.0 404.0
118.982064516129 1004.9333696812141 574737567.8614485 687435218.5712389 78.87096774193549 129.0
505.424516129032 1005.9007314898819 687435218.5712389 1723645461.9246042 122.77688172043011 38.70967741935484
1142.19889285714 1014.3023609667141 1723645461.9246042 4409658764.197213 40.0 87.32142857142857
1384.0545483871 1026.928849567507 4409658764.197213 5906894173.633109 822.252688172043 122.77688172043011
1029.1991 1030.5922159359768 5906894173.633109 5900352829.36082 1015.0527777777778 37.333333333333336
628.869709677419 1030.5669706107408 5900352829.36082 5893233924.039447 613.9435483870968 822.252688172043
285.549833333333 1030.53949627631 5893233924.039447 5887203782.495979 274.2583333333333 1015.0527777777778
175.252548387097 1030.5162238604046 5887203782.495979 5885179999.8225 158.44086021505376 613.9435483870968
131.746967741936 1030.5084133783887 5885179999.8225 5379268350.706599 301.0 265.41129032258067
92.7500666666667 1028.9138071438767 5379268350.706599 4582701762.8438 377.0 163.72222222222223
57.665 1027.4799419198846 4582701762.8438 3646380478.5353475 385.0 301.0
69.6110666666667 1024.336439077726 3646380478.5353475 2777403971.0523057 400.0 377.0
104.426483870968 1019.828590028348 2777403971.0523057 1979028677.632582 407.0 385.0
223.112225806452 1015.8270368813886 1979028677.632582 2486773326.5135593 40.0 387.0967741935484
463.748178571429 1018.4673223724288 2486773326.5135593 3530937922.4626336 40.0 450.60714285714283
440.777451612903 1023.8456763266357 3530937922.4626336 3861987601.582455 315.0 40.0
328.4019 1025.096958030273 3861987601.582455 4060091893.823306 239.0 37.333333333333336
189.986838709677 1025.7957386025514 4060091893.823306 3568972879.8199577 360.0 315.0
115.086433333333 1024.0633964014812 3568972879.8199577 2970777155.449591 337.0 239.0
88.146 1020.6573465637299 2970777155.449591 2195726513.1061397 368.0 360.0
67.9768064516129 1016.9906412301115 2195726513.1061397 1275876560.7906957 403.0 326.1290322580645
48.0371333333333 1011.2160973704706 1275876560.7906957 687454346.1145531 268.3388888888889 380.26666666666665
31.1604516129032 1005.900895674803 687454346.1145531 647012369.2841644 40.0 403.0
37.0707333333333 1005.5537542427825 647012369.2841644 635080056.3482358 40.0 268.3388888888889
54.1066451612903 1005.4513309557788 635080056.3482358 678122258.7867932 40.0 40.0
213.558516129032 1005.8207919209166 678122258.7867932 952713098.4655576 114.36559139784946 38.70967741935484
303.007357142857 1008.5218942085827 952713098.4655576 1599448920.5736542 40.0 44.285714285714285
518.175774193549 1013.5030332471192 1599448920.5736542 2140249689.5478582 315.0 114.36559139784946
636.139866666666 1016.6978875437882 2140249689.5478582 3210519178.6459203 214.0 37.333333333333336
413.18735483871 1021.662554208159 3210519178.6459203 3485103744.83174 299.0 315.0
183.440366666667 1023.493105729475 3485103744.83174 3531129590.6796246 156.0 214.0
115.014935483871 1023.8471506975357 3531129590.6796246 3463041636.481809 128.0 299.0
85.7002580645161 1023.3233972037062 3463041636.481809 3001189937.8176017 245.0 150.96774193548387
59.9293 1020.7848634709334 3001189937.8176017 2169143146.5852094 367.0 132.26666666666668
36.361064516129 1016.8503596125868 2169143146.5852094 1152145846.440515 405.0 245.0
32.9351666666667 1010.2569445460506 1152145846.440515 674870710.0974202 215.19444444444446 367.0
61.8636129032258 1005.7928816317375 674870710.0974202 687574247.476427 59.12096774193548 405.0
224.013225806452 1005.9019248710423 687574247.476427 1088015185.3623283 78.0 208.25268817204304
331.442714285714 1009.7245794254429 1088015185.3623283 1804459701.5671544 40.0 65.45535714285714
585.414741935484 1014.7848340392069 1804459701.5671544 2524982909.9687414 315.0 78.0
530.715533333333 1018.6462899764343 2524982909.9687414 3434085110.5326157 170.0 37.333333333333336
342.166096774194 1023.1006546964048 3434085110.5326157 3780584143.190672 200.0 315.0
164.600666666667 1024.8098206109019 3780584143.190672 4076193378.3456044 40.0 170.0
106.053258064516 1025.8525339624184 4076193378.3456044 4215263065.8946643 40.0 200.0
79.5767096774194 1026.3097549869256 4215263065.8946643 3934791556.066496 168.0 38.70967741935484
53.0012666666667 1025.3537621025273 3934791556.066496 3105152881.65452 355.0 41.333333333333336
36.3235483870968 1021.22076679939 3105152881.65452 2114573228.3860195 391.0 168.0
27.9102 1016.5623917065225 2114573228.3860195 1139829627.5545938 401.0 355.0
66.388064516129 1010.1614699810434 1139829627.5545938 687466318.5614507 237.46774193548387 391.0
216.662483870968 1005.9009984425875 687466318.5614507 1124687149.490603 56.95967741935484 388.06451612903226
338.498142857143 1010.0440864301597 1124687149.490603 1858437677.6184156 40.0 262.9107142857143
316.20564516129 1015.1070906126473 1858437677.6184156 1858296610.2104433 315.0 56.95967741935484
245.134933333333 1015.1062484191668 1858296610.2104433 1871174227.151032 233.0 37.333333333333336
123.089064516129 1015.1831297143345 1871174227.151032 1120051132.582955 397.0 315.0
69.729 1010.0081483145966 1120051132.582955 687443482.3874258 233.25833333333333 233.0
52.2432580645161 1005.9008024239264 687443482.3874258 687465952.2213205 48.23118279569893 397.0
40.308935483871 1005.9009952980371 687465952.2213205 675813520.0459516 40.005376344086024 225.73387096774192
26.5055666666667 1005.8009744209952 675813520.0459516 625988246.6338893 40.0 49.83888888888889
20.3899032258065 1005.3732896706771 625988246.6338893 557492205.6939027 40.0 40.005376344086024
16.3810333333333 1004.7853408214069 557492205.6939027 492253524.0284045 40.0 40.0
66.2608064516129 1004.2253521375828 492253524.0284045 567428295.131023 40.0 40.0
