322.045903225806 1024.3303225820105 3644646452.0 4317861895.512525 81.0 56.18329032258064
643.509857142857 1026.6365028519506 4317861895.512525 5806193605.450228 40.0 59.67067857142857
785.285774193548 1030.2034502140937 5806193605.450228 5896267804.188251 748.7258064516129 81.0
810.8132 1030.5512050761981 5896267804.188251 5896478957.682573 794.0694444444445 37.333333333333336
709.144935483871 1030.552019991056 5896478957.682573 5894654311.978198 692.239247311828 748.7258064516129
400.573266666667 1030.5449780479432 5894654311.978198 5889245222.8491125 389.0388888888889 794.0694444444445
209.112838709677 1030.524102489555 5889245222.8491125 5885785443.006959 192.83602150537635 692.239247311828
155.613161290323 1030.5107499944522 5885785443.006959 5884786493.260286 135.49193548387098 376.4892473118279
113.363733333333 1030.5068946995466 5884786493.260286 5880550224.006102 89.29166666666667 199.26388888888889
89.1516451612903 1030.490541405429 5880550224.006102 5809654983.492226 88.0 135.49193548387098
132.6879 1030.216814608078 5809654983.492226 5884613411.497858 96.2388888888889 89.29166666666667
183.475935483871 1030.5062267167584 5884613411.497858 5885799918.47265 191.81720430107526 88.0
219.466193548387 1030.5108058603146 5885799918.47265 5886515996.118727 232.3763440860215 93.13440860215054
529.413142857143 1030.5135694532883 5886515996.118727 5892009506.588207 540.1190476190476 212.36904761904762
573.648451612903 1030.5347708230247 5892009506.588207 5892507113.939276 570.5322580645161 232.3763440860215
434.0214 1030.5366912630589 5892507113.939276 5889792681.162754 418.4194444444444 504.1111111111111
242.016225806452 1030.5262153218116 5889792681.162754 5886373285.343978 225.7231182795699 570.5322580645161
141.2042 1030.5130186827168 5886373285.343978 5884649243.88897 128.25555555555556 418.4194444444444
112.736064516129 1030.5063650064326 5884649243.88897 5884077898.332423 95.38440860215054 225.7231182795699
95.8503870967742 1030.5041599849878 5884077898.332423 5866234945.987201 82.0510752688172 124.11827956989248
70.4100666666667 1030.4352700617267 5866234945.987201 5757434115.709663 87.0 98.5638888888889
51.7662903225806 1030.0151896359448 5757434115.709663 5593991118.770126 86.0 82.0510752688172
33.0551333333333 1029.4188949155948 5593991118.770126 5451291517.957063 81.0 87.0
89.5234193548387 1029.033220318803 5451291517.957063 5493390156.384423 82.0 86.0
197.699193548387 1029.1470004226605 5493390156.384423 5864093323.2964525 72.0 78.38709677419355
483.033035714286 1030.4270012482489 5864093323.2964525 5891191373.924106 484.8065476190476 90.78571428571429
883.652032258065 1030.5316133642011 5891191373.924106 5898007916.686264 878.1747311827957 72.0
711.757666666667 1030.5579207762335 5898007916.686264 5894721554.629881 696.3666666666667 452.4861111111111
355.195741935484 1030.54523756075 5894721554.629881 5888373319.294924 339.991935483871 878.1747311827957
161.613233333333 1030.5207375101434 5888373319.294924 5885015119.698145 149.29444444444445 696.3666666666667
116.846161290323 1030.5077770485777 5885015119.698145 5884155047.62247 99.60215053763442 339.991935483871
91.6212580645161 1030.5044577309613 5884155047.62247 5857654340.841423 81.06989247311827 144.47849462365593
67.8172333333333 1030.4021403121292 5857654340.841423 5744849895.17339 86.0 102.92222222222223
48.4465161290323 1029.9666019118665 5744849895.17339 5575387088.909542 85.0 81.06989247311827
51.3012333333333 1029.3686137538095 5575387088.909542 5479967916.686005 81.0 86.0
84.7457096774193 1029.1107240991514 5479967916.686005 5509342374.864469 82.0 85.0
209.807322580645 1029.1901145266606 5509342374.864469 5886339160.210014 81.8252688172043 78.38709677419355
689.364428571429 1030.5128869819425 5886339160.210014 5894850053.6115885 698.827380952381 90.78571428571429
568.289064516129 1030.5457334830635 5894850053.6115885 5892419545.306078 566.266129032258 81.8252688172043
576.527233333333 1030.536353305212 5892419545.306078 5892313870.9467325 559.9138888888889 652.2388888888889
381.711483870968 1030.5359454710638 5892313870.9467325 5888849263.778185 365.4301075268817 566.266129032258
185.7957 1030.5225743456276 5888849263.778185 5885443827.201808 173.49444444444444 559.9138888888889
126.033225806452 1030.5094315801098 5885443827.201808 5884313483.483146 108.88978494623656 365.4301075268817
97.3777741935484 1030.505069190115 5884313483.483146 5867695727.793436 83.11827956989248 167.89784946236557
66.5694 1030.4409101459207 5867695727.793436 5743827566.666382 89.0 112.51944444444445
46.5674838709677 1029.9626546975537 5743827566.666382 5561384806.006462 88.0 83.11827956989248
36.6345333333333 1029.3307697459634 5561384806.006462 5422860214.629927 83.0 89.0
71.4001612903226 1028.9767102664212 5422860214.629927 5421640305.941679 80.0 88.0
217.974064516129 1028.9749499364239 5421640305.941679 5849089919.315292 71.0 80.3225806451613
492.893857142857 1030.3690730475494 5849089919.315292 5891358224.580174 488.3958333333333 88.57142857142857
366.69335483871 1030.53225729898 5891358224.580174 5888840283.043697 364.7043010752688 71.0
391.213866666667 1030.5225396858461 5888840283.043697 5889033503.731811 374.4916666666667 455.83611111111105
225.662064516129 1030.5232853917607 5889033503.731811 5886085532.377715 209.19354838709677 364.7043010752688
133.237333333333 1030.5119081438247 5886085532.377715 5884505566.864666 120.23333333333333 374.4916666666667
85.2490967741936 1030.5058105067676 5884505566.864666 5851192088.190846 80.17204301075269 209.19354838709677
63.7061290322581 1030.3771895296945 5851192088.190846 5750789590.213378 81.0 116.35483870967742
44.3738666666667 1029.989535097349 5750789590.213378 5578816192.91325 86.0 82.84444444444445
29.2655161290322 1029.3778816024683 5578816192.91325 5357318597.325102 86.0 81.0
19.9402333333333 1028.8821336180738 5357318597.325102 5178481592.35233 82.0 86.0
45.8698387096774 1028.624071561836 5178481592.35233 5103085989.007508 82.0 86.0
275.221193548387 1028.5152755974134 5103085989.007508 5677486679.94171 73.0 79.35483870967742
551.286071428571 1029.7065122777672 5677486679.94171 5892403727.569439 475.38392857142856 90.78571428571429
549.275483870968 1030.5362922590587 5892403727.569439 5892082770.010393 546.4650537634409 73.0
453.0279 1030.5350535720813 5892082770.010393 5890132294.591752 437.13055555555553 443.69166666666666
251.113419354839 1030.5275260082872 5890132294.591752 5886533124.530909 234.88709677419354 546.4650537634409
131.736766666667 1030.5136355577952 5886533124.530909 5884490966.446329 118.91111111111111 437.13055555555553
91.9488709677419 1030.5057541586693 5884490966.446329 5868983638.560324 80.19623655913979 234.88709677419354
70.1550967741935 1030.4458827743642 5868983638.560324 5782932804.366298 82.0 115.0752688172043
52.898 1030.1136401712986 5782932804.366298 5629985462.141395 87.0 82.86944444444445
38.8994516129032 1029.5231098924378 5629985462.141395 5431050955.153168 87.0 82.0
44.6923333333333 1028.9885295168156 5431050955.153168 5313643849.696637 83.0 87.0
68.3542258064516 1028.819110894223 5313643849.696637 5304089024.492179 80.0 87.0
118.701903225806 1028.8053232676655 5304089024.492179 5464490351.149188 71.0 80.3225806451613
163.442892857143 1029.0688928409438 5464490351.149188 5793114824.985543 40.0 88.57142857142857
127.196838709677 1030.1529529922223 5793114824.985543 5785931954.401927 127.0 71.0
175.352066666667 1030.1252199011658 5785931954.401927 5885199419.995572 120.48055555555555 37.333333333333336
101.320064516129 1030.5084883275986 5885199419.995572 5883867790.465361 84.25268817204301 127.0
58.3389666666667 1030.5033491055694 5883867790.465361 5792700066.727297 80.00833333333334 120.48055555555555
41.7728709677419 1030.1513516089858 5792700066.727297 5631305726.867231 85.0 84.252688172043
32.6314516129032 1029.5282074396418 5631305726.867231 5444688105.021785 83.0 77.4274193548387
21.9208 1029.0153732568156 5444688105.021785 5217190568.389936 86.0 87.83333333333333
10.8536774193548 1028.6799286701153 5217190568.389936 4943171391.683735 88.0 83.0
17.3578 1028.2845186027182 4943171391.683735 4755592235.206593 83.0 86.0
37.3014516129032 1028.0138416092448 4755592235.206593 4651144333.280912 84.0 88.0
201.538193548387 1027.6979118894296 4651144333.280912 5026749681.393601 73.0 80.3225806451613
659.617321428572 1028.4051221953732 5026749681.393601 5894320716.987564 313.5267857142857 93.0
1080.25241935484 1030.543690588717 5894320716.987564 5901503704.781285 1074.6370967741937 73.0
895.072966666667 1030.571412239722 5901503704.781285 5897974042.389451 879.7694444444444 292.625
543.825258064516 1030.557790043527 5897974042.389451 5891723690.094119 528.5779569892474 1074.6370967741937
224.001266666667 1030.5336677576531 5891723690.094119 5886119403.68745 212.54722222222222 879.7694444444444
134.021806451613 1030.512038865003 5886119403.68745 5884453666.835616 117.07795698924731 528.5779569892474
96.0624516129032 1030.5056102064839 5884453666.835616 5869502661.375892 81.1774193548387 205.69086021505373
65.9179666666667 1030.447886723459 5869502661.375892 5754241831.442052 85.0 120.98055555555555
43.6194838709677 1030.0028642140621 5754241831.442052 5574473141.426331 84.0 81.1774193548387
40.2008 1029.3661436254765 5574473141.426331 5450322851.605214 81.0 85.0
70.7292258064516 1029.0306023016358 5450322851.605214 5447363950.040462 80.0 84.0
406.292612903226 1029.0226052703795 5447363950.040462 5889832493.899523 254.04032258064515 78.38709677419355
701.2355 1030.5263689730255 5889832493.899523 5895058757.770988 712.0565476190476 88.57142857142857
673.144322580645 1030.5465389450853 5895058757.770988 5894283658.491943 670.502688172043 254.04032258064515
359.758866666667 1030.5435475670786 5894283658.491943 5888476128.950691 345.35277777777776 664.5861111111111
152.153709677419 1030.5211342884031 5888476128.950691 5884771426.918054 135.97043010752688 670.502688172043
92.4419333333333 1030.5068365532857 5884771426.918054 5880845156.1203785 80.34722222222223 345.35277777777776
72.9201935483871 1030.4916801394609 5880845156.1203785 5815134224.6742735 80.0 135.97043010752688
58.5487096774193 1030.2379699794374 5815134224.6742735 5701334036.4011345 81.0 77.75537634408603
40.2354333333333 1029.7985870131317 5701334036.4011345 5521793827.424954 85.0 82.66666666666667
26.094 1029.2237671011485 5521793827.424954 5294929335.063753 85.0 81.0
21.0259 1028.7921058226027 5294929335.063753 5121575851.49892 81.0 85.0
37.604064516129 1028.5419564956694 5121575851.49892 5026615714.132337 81.0 85.0
87.1814838709678 1028.4049288804217 5026615714.132337 5096476789.802889 73.0 78.38709677419355
229.777357142857 1028.5057385134241 5096476789.802889 5584548005.609243 40.0 89.67857142857143
322.139225806452 1029.393372988133 5584548005.609243 5596226062.182592 315.0 73.0
279.0302 1029.4249353031962 5596226062.182592 5887042990.346365 150.4388888888889 37.333333333333336
121.557580645161 1030.5156033075116 5887042990.346365 5884228661.983358 105.04301075268818 315.0
60.7111 1030.5047418344125 5884228661.983358 5793884312.734813 82.06111111111112 150.4388888888889
41.6522903225807 1030.1559239873932 5793884312.734813 5645494974.388351 80.0 105.04301075268818
34.2437741935484 1029.5829921791058 5645494974.388351 5468406679.356342 81.0 79.41397849462366
21.3034 1029.0794775117738 5468406679.356342 5236612891.213442 87.0 82.66666666666667
9.73222580645161 1028.7079551099762 5236612891.213442 4962173602.788203 87.0 81.0
7.27173333333333 1028.3119388207622 4962173602.788203 4751033943.157004 82.0 87.0
42.6832903225806 1028.0072639872394 4751033943.157004 4661009259.275807 84.0 87.0
163.609451612903 1027.729328851197 4661009259.275807 4934928146.169479 73.0 79.35483870967742
305.377071428571 1028.2726235875461 4934928146.169479 5605741471.229066 40.0 93.0
515.583290322581 1029.4506526249434 5605741471.229066 5891478172.905304 406.01075268817203 73.0
448.1112 1030.5327202213325 5891478172.905304 5890039278.636419 432.01666666666665 37.333333333333336
271.508322580645 1030.5271670273276 5890039278.636419 5886891042.363659 255.11290322580646 406.010752688172
125.965266666667 1030.5150168873383 5886891042.363659 5884383179.360311 113.31944444444444 432.01666666666665
80.5058064516129 1030.505338170773 5884383179.360311 5825289571.4197855 85.09408602150538 255.11290322580646
56.4302903225807 1030.2771798124315 5825289571.4197855 5705744518.151604 81.0 109.66397849462366
35.7994333333333 1029.8156159001992 5705744518.151604 5509557070.492844 87.0 87.93055555555556
17.4331290322581 1029.1906947851157 5509557070.492844 5251626079.113156 88.0 81.0
11.4152333333333 1028.7296191617795 5251626079.113156 5048253428.580734 83.0 87.0
42.3448387096774 1028.436152133594 5048253428.580734 4955164565.940813 85.0 88.0
282.83335483871 1028.3018247704774 4955164565.940813 5549529291.2479 73.0 80.3225806451613
526.084607142857 1029.2987278141834 5549529291.2479 5891952036.666484 397.4077380952381 94.10714285714286
441.858967741935 1030.5345490265859 5891952036.666484 5890171643.508936 439.5940860215054 73.0
449.691966666667 1030.52767786946 5890171643.508936 5890072377.043084 433.0805555555556 370.9138888888889
165.603064516129 1030.5272947656035 5890072377.043084 5885021020.236197 149.9220430107527 439.5940860215054
75.6662 1030.5077998208087 5885021020.236197 5837824309.876887 80.31666666666666 433.0805555555556
51.8997096774194 1030.3255764860112 5837824309.876887 5716402902.970435 80.0 149.9220430107527
37.5056129032258 1029.856767965137 5716402902.970435 5544764624.682792 82.0 77.7258064516129
24.2406666666667 1029.2858503369805 5544764624.682792 5283929473.888037 101.0 82.66666666666667
13.5417096774194 1028.7762330070534 5283929473.888037 5008748224.052984 91.0 82.0
8.4959 1028.3791460664545 5008748224.052984 4795538458.682166 84.0 101.0
67.8139677419355 1028.0714840673625 4795538458.682166 4770325003.744055 85.0 91.0
315.535870967742 1028.0351010155036 4770325003.744055 5449242803.673888 74.0 81.29032258064517
519.093035714286 1029.0276832531727 5449242803.673888 5891829071.834489 348.9404761904762 94.10714285714286
637.365612903226 1030.534074462483 5891829071.834489 5893641682.385649 633.758064516129 74.0
611.278466666667 1030.541069957749 5893641682.385649 5892938431.56681 594.8944444444444 325.6777777777778
372.049967741935 1030.538355867968 5892938431.56681 5888674961.226026 356.06720430107526 633.758064516129
150.201533333333 1030.5219016513868 5888674961.226026 5884812081.1184635 138.07777777777778 594.8944444444444
104.528032258065 1030.5069934520009 5884812081.1184635 5883929180.640605 87.29301075268818 356.06720430107526
77.6274193548387 1030.5035860316318 5883929180.640605 5817615082.944246 82.01344086021506 133.62365591397852
50.0950666666667 1030.2475485827963 5817615082.944246 5651884233.186581 89.0 90.20277777777778
29.337064516129 1029.6076611319945 5651884233.186581 5424573735.0578575 88.0 82.01344086021506
19.3250666666667 1028.9791828788714 5424573735.0578575 5244055962.362533 82.0 89.0
87.2251290322581 1028.7186954723845 5244055962.362533 5282295248.080303 81.0 88.0
407.438 1028.7738748168547 5282295248.080303 5889850643.070685 193.3709677419355 79.35483870967742
586.189178571429 1030.5264390169966 5889850643.070685 5893020542.27581 597.8571428571429 89.67857142857143
795.484806451613 1030.5386727617847 5893020542.27581 5896445813.847038 791.2741935483871 193.3709677419355
813.061033333333 1030.551892077454 5896445813.847038 5896514356.180106 796.3722222222223 558.0
480.128290322581 1030.5521566061839 5896514356.180106 5890592354.234076 464.76075268817203 791.2741935483871
215.483233333333 1030.5293015386392 5890592354.234076 5885964402.458153 203.65277777777777 796.3722222222223
136.859709677419 1030.511440661288 5885964402.458153 5884505024.015426 119.83870967741936 464.760752688172
104.647935483871 1030.5058084117234 5884505024.015426 5883885893.909252 84.38709677419355 197.08333333333331
75.7020333333333 1030.5034189730632 5883885893.909252 5788514056.819432 87.0 123.83333333333333
48.0892258064516 1030.1351894085692 5788514056.819432 5614886601.16435 86.0 84.38709677419355
36.4143333333333 1029.475369192336 5614886601.16435 5478237415.26696 82.0 87.0
69.0377096774194 1029.106047068289 5478237415.26696 5470831302.212338 80.0 86.0
126.959258064516 1029.0860305465199 5470831302.212338 5651389516.608928 72.0 79.35483870967742
263.442714285714 1029.605751029378 5651389516.608928 5887290808.423399 178.78869047619048 88.57142857142857
781.20964516129 1030.516559723761 5887290808.423399 5896192955.241093 774.9543010752689 72.0
445.711633333333 1030.5509162080489 5896192955.241093 5890003213.640208 431.45 166.86944444444447
237.183193548387 1030.5270278399494 5890003213.640208 5886282699.625192 221.002688172043 774.9543010752689
119.766933333333 1030.512669080886 5886282699.625192 5884276420.240805 106.92777777777778 431.45
82.0065806451613 1030.5049261501574 5884276420.240805 5842516026.265574 80.09677419354838 221.002688172043
62.4445161290323 1030.3436912211027 5842516026.265574 5736169326.920127 82.0 103.47849462365592
43.3131 1029.9330862043248 5736169326.920127 5559041843.294501 87.0 82.76666666666667
21.053935483871 1029.3244374143094 5559041843.294501 5315778846.7345085 86.0 82.0
18.0287666666667 1028.8221916980297 5315778846.7345085 5134634762.156292 81.0 87.0
118.982064516129 1028.560800522592 5134634762.156292 5260507782.053864 80.0 86.0
505.424516129032 1028.7424354719392 5260507782.053864 5891588594.397205 282.64516129032256 78.38709677419355
1142.19889285714 1030.5331463763184 5891588594.397205 5902882316.621858 1150.5238095238096 88.57142857142857
1384.0545483871 1030.576732782846 5902882316.621858 5906895113.888847 1379.6209677419354 282.64516129032256
1029.1991 1030.592219564751 5906895113.888847 5900346569.818428 1015.0555555555555 1073.8222222222223
628.869709677419 1030.566946452987 5900346569.818428 5893234865.077252 613.9408602150538 1379.6209677419354
285.549833333333 1030.5394999081025 5893234865.077252 5887204723.113927 274.2583333333333 1015.0555555555555
175.252548387097 1030.516227490577 5887204723.113927 5885180940.590828 158.44086021505376 613.9408602150538
131.746967741936 1030.5084170091413 5885180940.590828 5884363139.955179 111.55913978494624 265.41129032258067
92.7500666666667 1030.505260831731 5884363139.955179 5827576351.328486 89.07222222222222 163.72222222222223
57.665 1030.2860090784884 5827576351.328486 5673595073.93444 88.0 111.55913978494624
69.6110666666667 1029.6914867719477 5673595073.93444 5620111236.540269 83.0 89.07222222222222
104.426483870968 1029.4894898284872 5620111236.540269 5705457943.464769 81.0 88.0
223.112225806452 1029.814509434227 5705457943.464769 5886585412.839833 168.5779569892473 80.3225806451613
463.748178571429 1030.513837356586 5886585412.839833 5890840347.072899 474.9642857142857 89.67857142857143
440.777451612903 1030.530258629355 5890840347.072899 5890152045.148658 438.10483870967744 168.5779569892473
328.4019 1030.5276022325634 5890152045.148658 5887915048.920068 312.61944444444447 443.3
189.986838709677 1030.5189688851974 5887915048.920068 5885444505.650027 173.34139784946237 438.10483870967744
115.086433333333 1030.5094341984777 5885444505.650027 5884187551.777709 101.95833333333333 312.61944444444447
88.146 1030.5045831758143 5884187551.777709 5856186223.830725 81.07795698924731 173.34139784946237
67.9768064516129 1030.3964719066823 5856186223.830725 5764453185.893974 82.0 98.66935483870968
48.0371333333333 1030.042290293027 5764453185.893974 5596614876.781997 88.0 83.78055555555555
31.1604516129032 1029.425986153465 5596614876.781997 5377354175.114761 87.0 82.0
37.0707333333333 1028.9110449857355 5377354175.114761 5245455004.864676 81.0 88.0
54.1066451612903 1028.720714292734 5245455004.864676 5194922955.153461 81.0 87.0
213.558516129032 1028.647796472083 5194922955.153461 5606828330.21029 72.0 78.38709677419355
303.007357142857 1029.4535900816493 5606828330.21029 5887988766.512439 199.6220238095238 89.67857142857143
518.175774193549 1030.5192533870547 5887988766.512439 5891534080.294343 513.9220430107526 72.0
636.139866666666 1030.5329359874138 5891534080.294343 5893378213.100903 618.7722222222222 186.31388888888887
413.18735483871 1030.5400531380394 5893378213.100903 5889406683.936577 397.0940860215054 513.9220430107526
183.440366666667 1030.5247256241119 5889406683.936577 5885397207.381192 171.37222222222223 618.7722222222222
115.014935483871 1030.5092516579891 5885397207.381192 5884118154.924154 97.9274193548387 397.0940860215054
85.7002580645161 1030.5043153491927 5884118154.924154 5831266579.071188 85.03494623655914 165.84408602150538
59.9293 1030.300257062051 5831266579.071188 5688139354.93495 90.0 101.19166666666666
36.361064516129 1029.7476422970462 5688139354.93495 5479154135.711516 88.0 85.03494623655914
32.9351666666667 1029.108524691112 5479154135.711516 5333812219.354153 82.0 90.0
61.8636129032258 1028.848213880742 5333812219.354153 5306890875.314945 80.0 88.0
224.013225806452 1028.8093663424459 5306890875.314945 5747302296.506687 72.0 79.35483870967742
331.442714285714 1029.976070642883 5747302296.506687 5888499895.037603 286.01785714285717 88.57142857142857
585.414741935484 1030.521226010008 5888499895.037603 5892720161.715883 580.9086021505376 72.0
530.715533333333 1030.537513488612 5892720161.715883 5891508220.628205 514.5305555555556 266.95000000000005
342.166096774194 1030.5328361859579 5891508220.628205 5888141976.670443 325.8494623655914 580.9086021505376
164.600666666667 1030.5198446784023 5888141976.670443 5885060616.109795 152.175 514.5305555555556
106.053258064516 1030.5079526350721 5885060616.109795 5883957098.442838 88.90053763440861 325.8494623655914
79.5767096774194 1030.5036937761515 5883957098.442838 5817514698.646533 84.01075268817205 147.26612903225808
53.0012666666667 1030.2471609986353 5817514698.646533 5656696905.689161 90.0 91.8638888888889
36.3235483870968 1029.6262428791088 5656696905.689161 5445289558.547683 89.0 84.01075268817205
27.9102 1029.0169988068856 5445289558.547683 5289573293.587239 81.0 90.0
66.388064516129 1028.7843770470233 5289573293.587239 5274710665.670047 80.0 89.0
216.662483870968 1028.7629302534922 5274710665.670047 5697929868.30012 71.0 78.38709677419355
338.498142857143 1029.7854435069503 5697929868.30012 5888624117.806988 272.5892857142857 88.57142857142857
316.20564516129 1030.5217054289292 5888624117.806988 5883434770.281465 315.21505376344084 71.0
245.134933333333 1030.5016779299026 5883434770.281465 5886439093.755865 227.33333333333334 254.41666666666666
123.089064516129 1030.5132726602928 5886439093.755865 5884256163.160052 106.33870967741936 315.21505376344084
69.729 1030.5048479710292 5884256163.160052 5819754297.959866 81.07777777777778 227.33333333333334
52.2432580645161 1030.2558081002312 5819754297.959866 5694064725.417855 82.0 106.33870967741936
40.308935483871 1029.7705201753586 5694064725.417855 5530096312.7133665 82.0 78.46236559139786
26.5055666666667 1029.2462062505767 5530096312.7133665 5303647717.177158 90.0 84.73333333333333
20.3899032258065 1028.804686460573 5303647717.177158 5057353810.658782 87.0 82.0
16.3810333333333 1028.4492839980646 5057353810.658782 4872276965.410262 81.0 90.0
66.2608064516129 1028.182217843305 4872276965.410262 4856422386.883117 80.0 87.0
