0.05617922519249363
0.46686472698711245
1.3023407640837596
1.3047945251676796
1.367236587468407
0.6225782582266168
0.0679385624613934
0.03456978707041347
0.04896624621655654
0.00977855487508894
0.02163892604098494
0.01103196043030652
0.07853324259933686
0.000823130411667039
1.2353804845357002
0.7121863838009481
0.14575752905843453
0.05632122424155006
0.055496971290638686
0.05518909370462177
0.03616822029346467
0.00024395647522101882
0.01160734078139769
0.0315647932380535
0.11884084723311511
0.47132570813768077
0.6763951040242573
1.3051044050413532
0.5072367384668468
0.006446469298191815
0.08638590975167093
0.0308104441722451
0.041306822736768445
0.036560749815199745
0.04218273438394371
0.03557543065183966
0.11154365607309502
0.46971615604391853
0.5125699995971711
1.1448368717718416
0.5873689924470007
0.04059003407252659
0.10422199081465311
0.11838024542635261
0.029332382936466894
0.07759930333500964
0.049937976246956395
0.05899599915346687
0.10300108313589496
0.47065352563711127
0.3663286970440357
0.04843170564016852
0.003441397292778259
0.004238016476463269
0.03386162742903576
0.0320518886359924
0.01676218180363709
0.01214398048776888
0.08042398096880171
0.10807315845386173
0.16152637405213538
0.4804997741422129
0.3284922445395826
0.03985312032255983
0.04847499100890873
0.020627411607343715
0.02851867657485907
0.00640424554672292
0.005868901169444607
0.011776590138600218
0.03548431531124452
0.09036951767535373
0.14760570817273166
0.48111851963217817
0.25115365199356177
0.06892346616585526
0.08668321678775387
0.10596468621023569
0.13674101229008356
0.13953954203793462
0.2131137188414705
0.3275893489266093
0.5200047410133334
0.520114225143989
0.38794533326763325
0.5211692827432203
0.10202615966028517
0.14932431161737547
1.1037762419934212
0.0825952950270672
0.06436227422146157
0.010678597974000725
0.007810087752517791
0.008676616754475841
0.027320458403669035
0.04851294883814217
0.09584912178513055
0.23545927614372048
1.3669756929683785
0.48891768076109354
0.028604981025657672
0.03563827131737729
0.028388453250404733
0.03815485386376616
0.028127889509549142
5.675054779574751e-05
0.07208798677301814
0.08410276978864645
0.164141113880877
0.4858792939549875
0.1945158824550992
0.08657902115705862
0.03720872117877916
0.06609888436884326
0.09078792824023191
0.14181782595272274
0.2284730014021677
0.3133966205689961
0.5199308777128325
0.5207368335314969
0.4161481579470562
0.5101936473086256
0.03945087779322687
0.20470414392992126
0.12329615883763073
0.11043367880429839
0.08614675950703898
0.12123907053300748
0.1959401294627574
0.30636126185303103
0.5197304636698411
0.520243266040519
0.3700409557887691
0.515841610972349
0.08461920499818276
0.13200779852632266
0.061711687099413326
0.09215645872676026
0.1363989489834701
0.160168681863658
0.1926853383181506
0.23692187987774482
0.5193427655833057
0.5200459917405713
0.34813423586545994
0.5124708245813114
0.0999603419045284
0.1042963991345996
0.005900785758983895
0.01498650560937631
0.05656905314845906
0.0713821180679538
0.0261052142436331
0.05920182911638838
0.11645978756143871
0.18095846608843896
0.2204038137991362
0.487669010533528
0.28797925249980216
0.8168005497764914
0.9018259583141754
0.05533195698105009
0.048538146305105334
0.09237099396400872
0.048297904447382245
0.03529969374940489
0.010715961464415558
0.042088810907577434
0.0982809764861341
0.4709068901463357
0.3215231465004237
0.16494732331571915
0.13085961547600677
0.0014083482389493085
0.08281091014612818
0.016250894960499807
0.026509646180886803
0.028779273224660673
0.05134338890096013
0.06504307817707822
0.1415257445656644
0.47364209696011494
1.3684148652926564
1.3066873815557842
1.367949333260082
0.2713986695119852
0.07459023181591051
0.047662361140712095
0.05475978968968753
0.04073512171737059
0.010448223374115884
0.01127136800982298
0.09780537430617575
0.4641237312932458
0.3878889580830335
0.1516154906848035
0.05350084764882368
0.049370985407681034
0.05506600360632874
0.06268955463413728
0.02691016049741879
0.006527637087184512
0.05160636247111561
0.08390416180143362
0.15562900386825695
0.4787205891410593
0.29073358993218
0.03488161114682731
0.16196251421105567
0.023069944261796982
0.04200598486531315
0.03710890459762972
0.033901962580329514
0.046746185024897136
0.02266126776211952
0.03876892354239658
0.11053631370041705
0.4706572500303289
0.336387273063531
0.027796793797369324
0.4622157440593635
0.06383036781263585
0.040190255052408475
0.03557177594339023
0.051341449321262944
0.07162327222524578
0.01852270257534816
0.06636436642517252
0.14300284730084933
0.4739090878927896
0.32211734874398046
0.048274539984585974
0.017345543482655046
0.05119021457237949
0.023629842442691174
0.06887704462054584
0.08312506739411962
0.12218630670973307
0.20099915447475603
0.25759093972447883
