0.032094949534063666
0.16150598741271643
0.9953550626331717
1.3047939146022216
1.367235956594567
0.6225693742687455
0.06793879082008569
0.05977926214841289
0.0326934335860426
0.09158411097800823
0.011442115783161566
0.026414884920876736
0.025887883479277618
0.1104436448677168
1.0620111090956617
0.7121863118509235
0.14575748895395169
0.044130753802466005
0.0530188506195004
0.040296798745622864
0.013528890569642127
0.15833258421160534
0.024404689442354632
0.030934041648964405
0.056956455989286
0.1761702525180805
0.32209963183787305
1.2704944620561784
0.5072368431548311
0.04584375295931764
0.04999672736683669
0.04286104596391627
0.01478588511393708
0.13770120931466134
0.021366770557414094
0.024895099489774863
0.04526272342601356
0.1808627377204457
0.3689672566999954
0.6500215391564592
0.5873686585435713
0.04663556711564021
0.05998277113039707
0.04320679760188728
0.016934539901316548
0.1402453017795442
0.017083447912479066
0.02209344441376304
0.04342520443444986
0.16422491125233551
0.33740611087117356
0.005078887322180092
0.030222793149487837
0.01152397477776701
0.02621669523026271
0.0102638184193381
0.0284805489061708
0.2915812042166259
0.11928023912386482
0.14025288106369682
0.1748099385675474
0.23622146928719767
0.1892019408265112
0.05275696661192686
0.0021363526962173696
0.012777797162885851
0.00451224808715045
0.022285872338423163
0.0653001999293451
0.26142387019513524
0.16385363735374076
0.1871628800160014
0.22256424930808927
0.3056317484412251
0.28590179902963025
0.279263686334783
0.2925701709008239
0.5008683465602342
0.5177236035278516
0.5178829769085294
0.5203078875185256
0.5203848996810683
0.5243201877195297
0.5245611961879595
0.45443970704181413
0.35953787703338747
0.04822284015879186
0.03859162101795388
0.7961735322025845
0.08259556455479689
0.061221620646112584
0.05101895487981867
0.018848638926803107
0.11271812867006337
0.012090260555609023
0.015885909715743995
0.03394959590190294
0.16680814004594446
1.0733058848209314
0.4889173156964137
0.06620232282260796
0.0337885672996151
0.039834703723967135
0.03121113217143512
0.0015111768014913762
0.26347771594983693
0.07863370265964525
0.09622443199134895
0.12664241419701094
0.2220237259720546
0.10735780381641846
0.15363371625113387
0.12340330677724592
0.15546999663601452
0.17420743722298643
0.21836356763556902
0.3768091826705151
0.5184345665882608
0.5225299040341156
0.5234150718646614
0.4663876400256844
0.35453127419531577
0.10762411175760084
0.22185142446844186
0.15154954629773448
0.15362038443904147
0.15672817390179128
0.1851734186886363
0.23818289642824997
0.4093794104013243
0.5206358079662677
0.5211762030329403
0.36861996441349687
0.33760466804934885
0.028559375269168963
0.17334514120712025
0.11154034404907104
0.13434301698886902
0.14592008546440471
0.18008093604835612
0.23774215112259123
0.42532816774338145
0.5208904984681075
0.5216408957658334
0.3458319340080548
0.3244345267892109
0.04058618576215911
0.12782434453393832
0.03171537208538533
0.023707717354732205
0.014170749885442868
0.030202343543850763
0.07957606148542135
0.3201428246344824
0.1835280194738067
0.21794335591930492
0.2525506846235564
0.28068829436488724
0.1606632781117675
0.03205543899823482
0.49029164365955347
0.055331883964992556
0.06427636487942434
0.05130906667877244
0.01945205510007686
0.1110862837622727
0.008867763796445716
0.012746268661347315
0.031049505743884653
0.15618264454545266
0.2832997255782055
0.008102553339096707
0.046436666475634936
0.0289781223736294
0.039575648273843855
0.03149952340370388
0.0003982442991231627
0.20664723001247853
0.07016924361215365
0.09198090263868713
0.10594721044331978
0.1162292500541624
1.3683962303474917
1.3066873075408556
1.367949256792382
0.27139863650808094
0.06516648490015242
0.05750633761245105
0.02513320911920791
0.1045925790913631
0.0032635095555136884
0.004673095219944634
0.007195912738671706
0.13630964700328219
0.37218939863166656
0.014216168542809937
0.045500094445844574
0.02283693537642273
0.03598352953784467
0.028287933292742706
0.006511432477701029
0.265087691684576
0.08614243977550784
0.09848762943511452
0.1259459377951616
0.20928005937299787
0.1707646407522445
0.07811202140777562
0.011272647097393063
0.011467968693122943
0.029082899737302492
0.020505295176894034
0.015400822271057657
0.40882320312889453
0.1043734509816936
0.12012296007853013
0.148222660175588
0.2346388345439392
0.15118921175968147
0.07712943053927346
0.0018346013226654412
0.0036655011481946387
0.009080343474135
0.0053321752996596805
0.04282193907660081
0.3308960817941202
0.14119549697809247
0.16426009050342438
0.19710354649385053
0.2870229724227653
0.08660977501943012
0.1655503236793286
0.14423964642396858
0.17617699609604742
0.196331157699752
0.24209450579606695
0.4726943584127469
0.5187884246476349
0.5221332874672723
0.5223753110625339
