1.0704296694962794
0.5225480931302852
0.09047612110877867
0.20537772501836404
0.4808478684514088
0.36532717756554756
0.6004208111070024
0.665811988921404
0.5921529969254322
0.5477808169380907
0.3697909076665794
0.28333629675111405
0.3839451483630577
0.49771696754908784
0.18761146295933173
0.08762166063467502
0.5158565939077273
0.4245577912146935
0.40866134726208647
0.30775077147370555
0.022981302858673724
0.5109301000760103
0.5192773291878495
0.4656052049437962
0.39387153885449355
0.5178503979612733
0.06023826838194146
0.06964843041192281
0.49231165123675424
0.3571935639349554
0.4789169673653306
0.4627569425246185
0.3197318437951715
0.0977653406374357
0.5078301828056666
0.45973816402757384
0.40153527701871916
0.5164630264538286
0.13129583266420009
0.016117711861785344
0.14990465118234486
0.033183543268971105
0.12099934727136019
0.34203604118590036
0.3827684419589571
0.30801861855996937
0.11602897562825748
0.4795673893706749
0.49546488885769147
0.5108337144540639
0.10035368141283385
0.11268305241949356
0.37523518633090036
0.29215344601428395
0.1611198282279016
0.49413886831471737
0.5193232894903653
0.517826687999013
0.5205998124787591
0.5205485321612736
0.35005146795609654
0.5176979998954175
0.08363566828134739
0.08057072031784485
0.42529393206188626
0.3686660321535775
0.2949898103275136
0.09547177795628464
0.5108662835451045
0.5176643547265666
0.5198369097241655
0.48619842609517244
0.4165896753091887
0.5225167711412173
0.3802832188787858
0.21416509491947394
0.3867587309331256
0.5009535306794795
0.5177228687176095
0.5178822469626889
0.5203071865720277
0.5203841821531097
0.524319500601823
0.524560488128573
0.46057992838650724
0.5219594598509292
0.09846255726836928
0.13686640742583922
1.0812524970119939
0.6112136590800958
0.6639393166574448
0.6454121994821904
0.5197643114591886
0.4035104459279567
0.2067192272760694
0.39777441959494075
0.3778830801909883
0.5053490408013535
0.1875913987966369
0.07876695802794609
0.5649224107812865
0.4861833573937586
0.3799837379427464
0.21854348245808874
0.48761369204977106
0.5181165089557527
0.5210962139319185
0.5209848520268259
0.5164118463743715
0.5225181316551215
0.0693367359207746
0.17316696197903397
0.05760929718975083
0.49815125678163974
0.5176404814668422
0.5178930538648275
0.5202061456795194
0.5203233808192214
0.5243386665882739
0.525278961109826
0.4982874209741063
0.5225120554855399
0.03438047430966895
0.0503631263949631
0.3058604583162873
0.22572264315798996
0.1584401253710035
0.5030787839638158
0.5192602779276491
0.5184190577634529
0.5219836196001291
0.5225650926929383
0.37496187952751336
0.5185789831594407
0.07174333404276556
0.02825368305338294
0.3641371561679776
0.25345170565043695
0.17260404083302067
0.5177052217651856
0.5198172916936555
0.5197225180317053
0.5235003802499464
0.5243303204076344
0.37996091820813693
0.5157501766999143
0.08289780551730308
0.005250372200837128
0.2842527088149711
0.09230689036040929
0.3664708209584022
0.3935742020428097
0.2754145091977769
0.031848687842096046
0.5196658127384828
0.4927520898588281
0.41245444245927987
0.5038631891557493
0.16666802562342298
0.14825080590587625
0.6980572149005164
0.055331972307682276
0.18886898057030327
0.49990221153501957
0.42439730448069024
0.5634423279582013
0.4563447010012449
0.3451676163744053
0.42724638731284326
0.49806831725233836
0.11227009914499919
0.12653508075402842
0.09236148617935491
0.15678886770673373
0.3279201202851503
0.35444663967420087
0.20561055698421737
0.3819888788879909
0.5206562824801589
0.4754914570215753
0.4151248180318202
0.49885981600296525
1.1943926041615296
1.3066874996923952
1.367949455294425
0.2714072172895713
0.06691023729299506
0.383139403496099
0.5393681394265992
0.557492518947923
0.4687663078245412
0.3790239607599831
0.48677291644193726
0.4871302888255406
0.26374852756990175
0.06546055134116224
0.43719217857054615
0.29864451686121407
0.3121173845686064
0.28057317136011595
0.1378419120523492
0.517722416354515
0.520369192156381
0.5191241497111699
0.426262863032667
0.515138992526587
0.009794393497696285
0.13631481096804782
0.1706546904442976
0.17315902148547668
0.22959001813925672
0.06909654908101337
0.2849666701362322
0.2803523582196792
0.23846629117905704
0.49452039505080136
0.4706164328042779
0.5117519433890625
0.04126783869976225
0.19994260181051676
0.05126534280471429
0.46226595598304127
0.45551362699852105
0.09180624917054842
0.3794520442014703
0.3842530981784803
0.2361960104575842
0.19410247025990107
0.49670100851270205
0.5108521352683771
0.04918055389528331
0.12602488073762474
0.21201458753803493
0.2152409633273008
0.5075204918311764
0.5177154418913698
0.5196232302279732
0.5193674807998744
0.5226878020763629
0.5229467259305576
