322.045903225806 1024.3303225820105 3644646452.0 3882934311.3187046 243.0 56.18329032258064
643.509857142857 1025.1708441316357 3882934311.3187046 5369864727.294052 40.0 59.67067857142857
785.285774193548 1028.900237701723 5369864727.294052 5896268089.2618265 585.8709677419355 243.0
810.8132 1030.5512061763964 5896268089.2618265 5896479242.730529 794.0694444444445 37.333333333333336
709.144935483871 1030.5520210911554 5896479242.730529 5894654597.055397 692.239247311828 585.8709677419355
400.573266666667 1030.5449791481553 5894654597.055397 5889245507.904918 389.0388888888889 794.0694444444445
209.112838709677 1030.5241035896845 5889245507.904918 5705375584.237431 260.46774193548384 692.239247311828
155.613161290323 1029.8141914449322 5705375584.237431 5376685466.049337 259.0 376.4892473118279
113.363733333333 1028.9100800375893 5376685466.049337 4938556740.047329 259.0 269.15
89.1516451612903 1028.277859653748 4938556740.047329 4416047438.989728 260.0 259.0
132.6879 1026.9491956655722 4416047438.989728 4070035181.1319246 260.0 259.0
183.475935483871 1025.8308119263913 4070035181.1319246 3883465668.149552 260.0 260.0
219.466193548387 1025.1727184061713 3883465668.149552 4164292741.1240225 125.0 251.61290322580646
529.413142857143 1026.14742911186 4164292741.1240225 5375725363.535172 40.0 287.85714285714283
573.648451612903 1028.908694608276 5375725363.535172 5892506978.261437 377.8682795698925 125.0
434.0214 1030.536690739431 5892506978.261437 5889792545.666329 418.4194444444444 37.333333333333336
242.016225806452 1030.5262147988838 5889792545.666329 5806160812.67901 255.79032258064515 377.8682795698925
141.2042 1030.2033236010773 5806160812.67901 5464457836.527307 260.0 418.4194444444444
112.736064516129 1029.0688049635874 5464457836.527307 5026944518.509494 260.0 255.79032258064515
95.8503870967742 1028.4054033456125 5026944518.509494 4544204309.475311 258.0 251.61290322580646
70.4100666666667 1027.357338565208 4544204309.475311 4003243154.1408315 258.0 268.6666666666667
51.7662903225806 1025.5952139475867 4003243154.1408315 3393003913.9614315 259.0 258.0
33.0551333333333 1022.784645492011 3393003913.9614315 2792687241.96862 260.0 258.0
89.5234193548387 1019.9001744354501 2792687241.96862 2348805203.167585 260.0 259.0
197.699193548387 1017.7984443438922 2348805203.167585 2548665968.431208 130.0 251.61290322580646
483.033035714286 1018.7572176507316 2548665968.431208 3639994180.8682585 40.0 287.85714285714283
883.652032258065 1024.3139124545617 3639994180.8682585 5156538585.289901 315.0 130.0
711.757666666667 1028.592407770981 5156538585.289901 5894721622.637819 410.7055555555556 37.333333333333336
355.195741935484 1030.5452378232162 5894721622.637819 5888373387.247913 339.991935483871 315.0
161.613233333333 1030.5207377723975 5888373387.247913 5598385331.754662 260.21666666666664 410.7055555555556
116.846161290323 1029.4307711669044 5598385331.754662 5171348719.765818 260.0 339.991935483871
91.6212580645161 1028.6137788164008 5171348719.765818 4673975172.768143 259.0 251.82258064516125
67.8172333333333 1027.7706215693252 4673975172.768143 4122618208.067324 259.0 268.6666666666667
48.4465161290323 1026.014707669004 4122618208.067324 3499442405.454585 260.0 259.0
51.3012333333333 1023.6034031188815 3499442405.454585 2945935748.534125 260.0 259.0
84.7457096774193 1020.553189721317 2945935748.534125 2489706444.6547785 260.0 260.0
209.807322580645 1018.4810606307016 2489706444.6547785 2754912700.878762 118.0 251.61290322580646
689.364428571429 1019.7232445006031 2754912700.878762 4347924880.606761 40.0 287.85714285714283
568.289064516129 1026.7322448426967 4347924880.606761 5019506308.089197 315.0 118.0
576.527233333333 1028.3946699972428 5019506308.089197 5892316222.829384 223.80277777777778 37.333333333333336
381.711483870968 1030.5359545477977 5892316222.829384 5888851615.499158 365.4301075268817 315.0
185.7957 1030.5225834217376 5888851615.499158 5663538405.501624 259.36944444444447 223.80277777777778
126.033225806452 1029.6526579362996 5663538405.501624 5287480497.549768 250.0 365.4301075268817
97.3777741935484 1028.7813571393215 5287480497.549768 4855855247.154781 240.0 251.00268817204304
66.5694 1028.1585212801656 4855855247.154781 4312660565.825031 254.0 258.3333333333333
46.5674838709677 1026.619938107723 4312660565.825031 3682561144.38331 260.0 240.0
36.6345333333333 1024.4640604740152 3682561144.38331 3090325639.2826505 260.0 254.0
71.4001612903226 1021.1585980682711 3090325639.2826505 2598766773.618943 260.0 260.0
217.974064516129 1018.9918818436485 2598766773.618943 2915923452.8060684 107.0 251.61290322580646
492.893857142857 1020.4273520033797 2915923452.8060684 4033284545.4115295 40.0 287.85714285714283
366.69335483871 1025.7011800543617 4033284545.4115295 4165480234.9788117 315.0 107.0
391.213866666667 1026.151210939423 4165480234.9788117 5038711904.711041 40.0 37.333333333333336
225.662064516129 1028.4223837008817 5038711904.711041 4920562958.427478 254.0 315.0
133.237333333333 1028.2518946009054 4920562958.427478 4560972019.651477 260.0 40.0
85.2490967741936 1027.4107389160874 4560972019.651477 4059419021.392381 258.0 254.0
63.7061290322581 1025.7933651548233 4059419021.392381 3508263166.5083766 254.0 251.61290322580646
44.3738666666667 1023.6712551269876 3508263166.5083766 2911974491.180113 258.0 266.6
29.2655161290322 1020.4107945122856 2911974491.180113 2253605647.8185725 260.0 254.0
19.9402333333333 1017.2960720201507 2253605647.8185725 1622689265.0104537 260.0 258.0
45.8698387096774 1013.6600626014219 1622689265.0104537 1057285610.1170787 260.0 260.0
275.221193548387 1009.4514276454851 1057285610.1170787 1353128114.327213 169.0 251.61290322580646
551.286071428571 1011.8149466226917 1353128114.327213 2604116498.0499454 40.0 287.85714285714283
549.275483870968 1019.0169391009365 2604116498.0499454 3226989140.3164053 315.0 169.0
453.0279 1021.7316106512218 3226989140.3164053 4265545403.539914 40.0 37.333333333333336
251.113419354839 1026.4698898201907 4265545403.539914 4219372726.7437596 254.0 315.0
131.736766666667 1026.3228430788017 4219372726.7437596 3859030477.6895957 260.0 40.0
91.9488709677419 1025.0865272581643 3859030477.6895957 3374676831.5878887 260.0 254.0
70.1550967741935 1022.6436679352915 3374676831.5878887 2837649579.8505325 258.0 251.61290322580646
52.898 1020.0991596639435 2837649579.8505325 2272734616.62162 257.0 268.6666666666667
38.8994516129032 1017.397016446552 2272734616.62162 1647297718.6440513 260.0 258.0
44.6923333333333 1013.8263359367842 1647297718.6440513 1079779932.5364034 261.0 257.0
68.3542258064516 1009.6513771781014 1079779932.5364034 687607572.1160079 217.0268817204301 260.0
118.701903225806 1005.9022109194507 687607572.1160079 687760917.9964181 121.64784946236558 252.58064516129033
163.442892857143 1005.9035271931023 687760917.9964181 994451762.830992 40.0 240.2797619047619
127.196838709677 1008.8929045584977 994451762.830992 992746174.2023698 127.0 121.64784946236558
175.352066666667 1008.8777437706876 992746174.2023698 1278403645.5365176 60.0 37.333333333333336
101.320064516129 1011.2356871747018 1278403645.5365176 743451724.4390713 296.0 127.0
58.3389666666667 1006.455915122452 743451724.4390713 687397805.884461 76.85555555555555 60.0
41.7728709677419 1005.9004103509395 687397805.884461 681443068.1074895 40.0 296.0
32.6314516129032 1005.8492967219527 681443068.1074895 649367296.5656463 40.0 74.3763440860215
21.9208 1005.5739682108639 649367296.5656463 587961566.0453146 40.0 41.333333333333336
10.8536774193548 1005.0468803952388 587961566.0453146 494454985.5488505 40.0 40.0
17.3578 1004.2442488029944 494454985.5488505 431918804.906594 40.0 40.0
37.3014516129032 1003.7074575528462 431918804.906594 429199549.9871658 40.0 40.0
201.538193548387 1003.6841163089027 429199549.9871658 707614182.7231773 100.45967741935483 38.70967741935484
659.617321428572 1006.0883505920325 707614182.7231773 2217987595.572803 40.0 44.285714285714285
1080.25241935484 1017.1081139608063 2217987595.572803 4262521754.2481117 315.0 100.45967741935483
895.072966666667 1026.4602603638475 4262521754.2481117 5897973148.121144 248.65 37.333333333333336
543.825258064516 1030.5577865922342 5897973148.121144 5891722796.061846 528.5779569892474 315.0
224.001266666667 1030.5336643072712 5891722796.061846 5760024147.555744 261.34166666666664 248.65
134.021806451613 1030.0251897589026 5760024147.555744 5378017580.013082 260.0 528.5779569892474
96.0624516129032 1028.9120022799611 5378017580.013082 4891749687.264045 259.0 252.9112903225806
65.9179666666667 1028.210317009039 4891749687.264045 4333693506.022081 259.0 268.6666666666667
43.6194838709677 1026.686921993701 4333693506.022081 3695529578.625395 260.0 259.0
40.2008 1024.5098045101424 3695529578.625395 3112463649.0774884 260.0 259.0
70.7292258064516 1021.2514199122746 3112463649.0774884 2619179370.8541017 260.0 260.0
406.292612903226 1019.0874911983799 2619179370.8541017 3412672700.717497 118.0 251.61290322580646
701.2355 1022.9359438516731 3412672700.717497 5037770654.763639 40.0 287.85714285714283
673.144322580645 1028.4210254758493 5037770654.763639 5894281863.841454 350.58870967741933 118.0
359.758866666667 1030.5435406408974 5894281863.841454 5888481534.373709 345.35 37.333333333333336
152.153709677419 1030.5211551498128 5888481534.373709 5566596668.315464 255.25 350.58870967741933
92.4419333333333 1029.344855860312 5566596668.315464 5099727856.171566 260.0 345.35
72.9201935483871 1028.5104298068854 5099727856.171566 4562316918.33791 258.0 255.25
58.5487096774193 1027.4150220329232 4562316918.33791 3999056815.670818 252.0 251.61290322580646
40.2354333333333 1025.58044732159 3999056815.670818 3395604567.630339 254.0 266.6
26.094 1022.8046505202334 3395604567.630339 2726269882.1448755 259.0 252.0
21.0259 1019.5890860990392 2726269882.1448755 2096701695.4953735 260.0 254.0
37.604064516129 1016.4680828258331 2096701695.4953735 1510955353.7545962 260.0 259.0
87.1814838709678 1012.9051037415851 1510955353.7545962 1331285829.7534018 159.0 251.61290322580646
229.777357142857 1011.6456265872357 1331285829.7534018 1802440956.866374 40.0 287.85714285714283
322.139225806452 1014.772781832038 1802440956.866374 1818246888.5635052 315.0 159.0
279.0302 1014.8671456033643 1818246888.5635052 2417479737.028044 40.0 37.333333333333336
121.557580645161 1018.1427622343234 2417479737.028044 2021018774.8219345 261.0 315.0
60.7111 1016.0687006586909 2021018774.8219345 1451079193.6444163 275.0 40.0
41.6522903225807 1012.500535092192 1451079193.6444163 806219789.3613641 277.0 261.0
34.2437741935484 1007.099690147296 806219789.3613641 663692144.8171921 82.7741935483871 266.1290322580645
21.3034 1005.6969282816926 663692144.8171921 600559441.0354668 40.0 286.23333333333335
9.73222580645161 1005.1550166612486 600559441.0354668 503933070.1561421 40.0 82.7741935483871
7.27173333333333 1004.3256057524133 503933070.1561421 415263652.0525319 40.0 40.0
42.6832903225806 1003.5644948674037 415263652.0525319 426927608.5810041 40.0 40.0
163.609451612903 1003.6646146659314 426927608.5810041 687669349.5204948 69.0752688172043 38.70967741935484
305.377071428571 1005.9027411976008 687669349.5204948 1338680528.0700336 40.0 44.285714285714285
515.583290322581 1011.7029498300003 1338680528.0700336 1872862677.6414773 315.0 69.0752688172043
448.1112 1015.1932100157701 1872862677.6414773 2815568193.4833574 76.0 37.333333333333336
271.508322580645 1020.006575234731 2815568193.4833574 2824823731.1424584 258.0 315.0
125.965266666667 1020.0453825205135 2824823731.1424584 2452835187.8931446 262.0 76.0
80.5058064516129 1018.3083615357992 2452835187.8931446 1938579667.683143 264.0 258.0
56.4302903225807 1015.5855502548247 1938579667.683143 1350150330.4233506 268.0 253.5483870967742
35.7994333333333 1011.7918630265376 1350150330.4233506 723647688.4851066 270.0 272.8
17.4331290322581 1006.2527968049754 723647688.4851066 614036910.103547 52.1505376344086 268.0
11.4152333333333 1005.2707030910175 614036910.103547 535788350.32413524 40.0 270.0
42.3448387096774 1004.5990416336836 535788350.32413524 546945214.8201535 40.0 52.1505376344086
282.83335483871 1004.6948087109025 546945214.8201535 688129202.1568074 233.09677419354838 38.70967741935484
526.084607142857 1005.9066884305305 688129202.1568074 1874530274.7120461 40.0 44.285714285714285
441.858967741935 1015.2031658191764 1874530274.7120461 2210716062.603503 315.0 233.09677419354838
449.691966666667 1017.0697417551636 2210716062.603503 3163107705.8755374 73.0 37.333333333333336
165.603064516129 1021.4637639659352 3163107705.8755374 2892547102.179343 256.0 315.0
75.6662 1020.3293379546303 2892547102.179343 2390165277.795014 262.0 73.0
51.8997096774194 1018.0148256571194 2390165277.795014 1792057742.5655534 267.0 256.0
37.5056129032258 1014.7107924929287 1792057742.5655534 1138502640.40852 274.0 253.5483870967742
24.2406666666667 1010.1511832589808 1138502640.40852 669758739.2205793 198.49166666666667 275.9
13.5417096774194 1005.7490020533954 669758739.2205793 582558449.7622684 40.0 274.0
8.4959 1005.0005017146975 582558449.7622684 496840405.0027817 40.0 198.49166666666667
67.8139677419355 1004.2647245064616 496840405.0027817 576197317.9138335 40.0 40.0
315.535870967742 1004.9458997245822 576197317.9138335 865383289.0917021 210.74193548387098 38.70967741935484
519.093035714286 1007.7064952727353 865383289.0917021 2035769473.3842797 40.0 44.285714285714285
637.365612903226 1016.1465407566452 2035769473.3842797 2895084634.370956 315.0 210.74193548387098
611.278466666667 1020.3399775026036 2895084634.370956 4301028073.179148 57.0 37.333333333333336
372.049967741935 1026.5828919527999 4301028073.179148 4574899637.423921 255.0 315.0
150.201533333333 1027.4550943867002 4574899637.423921 4260665761.421031 260.0 57.0
104.528032258065 1026.4543495586656 4260665761.421031 3807106633.6322765 260.0 255.0
77.6274193548387 1024.9033743690732 3807106633.6322765 3279582226.814162 260.0 251.61290322580646
50.0950666666667 1021.9521267371663 3279582226.814162 2695607695.0263677 260.0 268.6666666666667
29.337064516129 1019.4454692975473 2695607695.0263677 2037084857.6641314 261.0 260.0
19.3250666666667 1016.1534820984914 2037084857.6641314 1400071263.8877602 262.0 260.0
87.2251290322581 1012.1558869181605 1400071263.8877602 939376215.597937 262.0 261.0
407.438 1008.4033441386483 939376215.597937 1377467741.9698925 248.0 253.5483870967742
586.189178571429 1012.0031604187154 1377467741.9698925 2713212406.3850822 40.0 290.07142857142856
795.484806451613 1019.5279269619909 2713212406.3850822 3994883526.1772037 315.0 248.0
813.061033333333 1025.565726723729 3994883526.1772037 5896505223.546017 64.53055555555555 37.333333333333336
480.128290322581 1030.552121360169 5896505223.546017 5890590421.476978 464.758064516129 315.0
215.483233333333 1030.5292940794566 5890590421.476978 5737962060.483311 260.925 64.53055555555555
136.859709677419 1029.9400079555342 5737962060.483311 5363678239.795214 260.0 464.758064516129
104.647935483871 1028.891310591335 5363678239.795214 4897742559.413505 260.0 252.50806451612902
75.7020333333333 1028.2189647321984 4897742559.413505 4362315354.374184 260.0 268.6666666666667
48.0892258064516 1026.778074376988 4362315354.374184 3735781195.5682473 260.0 260.0
36.4143333333333 1024.6517855222864 3735781195.5682473 3142752240.0314593 260.0 260.0
69.0377096774194 1021.3784161007609 3142752240.0314593 2645033043.9574184 260.0 260.0
126.959258064516 1019.2085856859832 2645033043.9574184 2691221905.284737 117.0 251.61290322580646
263.442714285714 1019.4249269568371 2691221905.284737 3250464959.7209287 40.0 287.85714285714283
781.20964516129 1021.8300417598361 3250464959.7209287 4493193070.752462 315.0 117.0
445.711633333333 1027.1948823909313 4493193070.752462 5506097077.675533 40.0 37.333333333333336
237.183193548387 1029.181343453177 5506097077.675533 5411874917.303548 256.0 315.0
119.766933333333 1028.9608584665275 5411874917.303548 5016155642.213042 260.0 40.0
82.0065806451613 1028.3898349815483 5016155642.213042 4498039087.011552 260.0 256.0
62.4445161290323 1027.210315563731 4498039087.011552 3924287732.8730783 260.0 251.61290322580646
43.3131 1025.3167115797992 3924287732.8730783 3314256448.791326 260.0 268.6666666666667
21.053935483871 1022.1788957599333 3314256448.791326 2629815421.670509 260.0 260.0
18.0287666666667 1019.1373087666066 2629815421.670509 1992778303.6853993 260.0 260.0
118.982064516129 1015.9091242011069 1992778303.6853993 1625018372.5315695 260.0 260.0
505.424516129032 1013.6757998144025 1625018372.5315695 2572089882.9739184 158.0 251.61290322580646
1142.19889285714 1018.8669315361776 2572089882.9739184 5262153645.896372 40.0 287.85714285714283
1384.0545483871 1028.744810455839 5262153645.896372 5906890305.053587 1140.4354838709678 158.0
1029.1991 1030.5922010057814 5906890305.053587 5900348961.026965 1015.0527777777778 37.333333333333336
628.869709677419 1030.5669556814935 5900348961.026965 5893237253.975799 613.9408602150538 1140.4354838709678
285.549833333333 1030.539509127694 5893237253.975799 5887207112.058409 274.2583333333333 1015.0527777777778
175.252548387097 1030.5162367103455 5887207112.058409 5616855455.863458 259.03494623655916 613.9408602150538
131.746967741936 1029.4806904212526 5616855455.863458 5267723594.803751 243.0 265.41129032258067
92.7500666666667 1028.7528479001496 5267723594.803751 4794865892.947162 252.0 267.6694444444445
57.665 1028.0705135540363 4794865892.947162 4192320411.1401687 259.0 243.0
69.6110666666667 1026.2366892074526 4192320411.1401687 3683607548.6738377 260.0 252.0
104.426483870968 1024.4677514944403 3683607548.6738377 3283393771.388992 260.0 259.0
223.112225806452 1021.9681080561384 3283393771.388992 3589235076.286975 118.0 251.61290322580646
463.748178571429 1024.1348679939576 3589235076.286975 4639442925.669649 40.0 287.85714285714283
440.777451612903 1027.6606462600944 4639442925.669649 4969383794.779445 315.0 118.0
328.4019 1028.3223431382098 4969383794.779445 5677088306.569766 40.0 37.333333333333336
189.986838709677 1029.70497415664 5677088306.569766 5458428717.274408 255.0 315.0
115.086433333333 1029.0525100466875 5458428717.274408 5050481782.024863 260.0 40.0
88.146 1028.4393676508296 5050481782.024863 4569989600.06037 252.0 255.0
67.9768064516129 1027.439457325033 4569989600.06037 4061192842.448828 241.0 251.61290322580646
48.0371333333333 1025.79962201922 4061192842.448828 3474566403.2477703 255.0 260.4
31.1604516129032 1023.4120492557521 3474566403.2477703 2814975586.764298 260.0 241.0
37.0707333333333 1020.0040905105421 2814975586.764298 2226683166.26144 260.0 255.0
54.1066451612903 1017.1540008773691 2226683166.26144 1685696904.3259277 260.0 260.0
213.558516129032 1014.0758024138862 1685696904.3259277 1870687313.8336747 150.0 251.61290322580646
303.007357142857 1015.1802227691563 1870687313.8336747 2522134429.52344 40.0 287.85714285714283
518.175774193549 1018.6329481476507 2522134429.52344 3061849586.5890436 315.0 150.0
636.139866666666 1021.0392016209184 3061849586.5890436 4574736969.485789 40.0 37.333333333333336
413.18735483871 1027.454576335942 4574736969.485789 4959634243.001247 254.0 315.0
183.440366666667 1028.3082745209254 4959634243.001247 4729821472.747989 260.0 40.0
115.014935483871 1027.94847602786 4729821472.747989 4309390849.560216 257.0 254.0
85.7002580645161 1026.6095249985995 4309390849.560216 3860443437.565684 237.0 251.61290322580646
59.9293 1025.0915112436178 3860443437.565684 3329987566.096085 246.0 265.56666666666666
36.361064516129 1022.2999043545854 3329987566.096085 2688811025.4642816 259.0 237.0
32.9351666666667 1019.4136347796922 2688811025.4642816 2090172299.285756 260.0 246.0
61.8636129032258 1016.4336269091597 2090172299.285756 1569498523.0110223 260.0 259.0
224.013225806452 1013.3006656960204 1569498523.0110223 1800741281.3759077 143.0 251.61290322580646
331.442714285714 1014.7626345156771 1800741281.3759077 2520800091.0263734 40.0 287.85714285714283
585.414741935484 1018.6266983186247 2520800091.0263734 3240505023.0665007 315.0 143.0
530.715533333333 1021.7882810191468 3240505023.0665007 4479696758.37981 40.0 37.333333333333336
342.166096774194 1027.1519005043942 4479696758.37981 4675351999.784652 254.0 315.0
164.600666666667 1027.7750063687408 4675351999.784652 4397895842.848286 260.0 40.0
106.053258064516 1026.8913880345485 4397895842.848286 3960905819.44489 255.0 254.0
79.5767096774194 1025.4458759063311 3960905819.44489 3490208493.382414 240.0 251.61290322580646
53.0012666666667 1023.5323730260186 3490208493.382414 2937018938.4484982 250.0 263.5
36.3235483870968 1020.5158026769329 2937018938.4484982 2299861717.910371 259.0 240.0
27.9102 1017.5401673768357 2299861717.910371 1689429213.4488173 260.0 250.0
66.388064516129 1014.0980848564109 1689429213.4488173 1176686062.2062132 261.0 259.0
216.662483870968 1010.4471787767924 1176686062.2062132 1299822220.2934375 175.0 251.61290322580646
338.498142857143 1011.4017226379336 1299822220.2934375 2034472805.6238418 40.0 288.9642857142857
316.20564516129 1016.1396981827115 2034472805.6238418 2034125921.4790692 315.0 175.0
245.134933333333 1016.1378676595201 2034125921.4790692 2544298151.218069 40.0 37.333333333333336
123.089064516129 1018.7367594904828 2544298151.218069 2161624660.651062 257.0 315.0
69.729 1016.8106842250716 2161624660.651062 1634902994.7292478 267.0 40.0
52.2432580645161 1013.7425878022246 1634902994.7292478 1046132444.9868704 266.0 257.0
40.308935483871 1009.3522883998833 1046132444.9868704 682021364.6103777 171.16129032258064 258.38709677419354
26.5055666666667 1005.8542606404324 682021364.6103777 632137952.621624 40.0 274.8666666666667
20.3899032258065 1005.4260768465375 632137952.621624 563577577.3086861 40.0 171.16129032258064
16.3810333333333 1004.83757577089 563577577.3086861 498322077.8668785 40.0 40.0
66.2608064516129 1004.277442728471 498322077.8668785 573517035.7218112 40.0 40.0
