0.46025985012837173
0.25741210225148187
1.3356865714459558
1.3047945244454138
1.3672365867071834
0.6225782577487935
0.0679385622072255
0.06293019394583999
0.032537952504513745
0.04597896400334922
0.023848498305466426
0.03296633143797334
0.448565573147111
0.26181757741272405
1.2353890879983973
0.7121770904927769
0.14575757246761345
0.04108321623114963
0.056276402798843606
0.04637028851952962
0.03083144050748554
0.039272647931754334
0.001108655407218162
0.011017625977495449
0.4639906245922073
0.23535739389875043
0.7807503703658489
1.305104896320707
0.5072370204300356
0.04584385414752834
0.05311449617222341
0.10375362566503465
0.019372654899684538
0.03392395421788552
0.008968847314721917
0.012939213297799457
0.46267537946844417
0.4023694227059512
0.7235583364481011
1.1448364217696412
0.5873686888502414
0.04663558323344452
0.0599827876211414
0.08615711241308543
0.016119919689122297
0.02643764669989712
0.01675697061359671
0.02116472582923934
0.4610899740256277
0.17365630818230077
0.3717179803692615
0.012530114389695202
0.04335008573951904
0.024653376528859128
0.03803963647650421
0.027176040550995983
0.005769403035211673
0.009656036095609166
0.04958087204337225
0.07053621955213707
0.47542762102697433
0.3135951966220869
0.3418636368702036
0.009963492204909663
0.054938338022086586
0.04004778749378046
0.05170469213252926
0.0447390626886629
0.021788711361308666
0.020250046452818582
0.019647498883470282
0.04010831989929342
0.4704279871062953
0.3165584208026717
0.0856233720785915
0.0871727006871914
0.07201594468784189
0.09991139685073802
0.09764446628596285
0.131747847102124
0.2121208205412341
0.3544657772256895
0.5202324653411556
0.5203488899564123
0.5204076543859477
0.44971429315086753
0.12478108132338361
0.35412837618956416
1.103766961718169
0.08259543635036126
0.0643624116472662
0.04776833832366223
0.015918615030425687
0.029265929703520044
0.008378338430094279
0.011648547230501682
0.45978061225254624
0.014993547788163308
1.366975417725534
0.4889175304529927
0.06620245171491601
0.1389793997591543
0.034772391149625714
0.029240813448047187
0.008505302622318966
0.010560847900645265
0.038260497487166756
0.07191313204233718
0.4771894618517231
0.3402689675748696
0.19212929677211976
0.09976857942227879
0.07254669320054968
0.07813157365811885
0.09196988373553344
0.11707932109918923
0.19818018022827344
0.32454805525662356
0.5200643842370729
0.5208744090104444
0.520548489833693
0.40417243321982965
0.02983306037726219
0.17931672805014398
0.11725548274887354
0.09596937137256556
0.09488433694571374
0.12634463976799115
0.21511101678189826
0.27505862806779874
0.5195891175493592
0.520097612033471
0.519793410692149
0.4540140414706335
0.11830813146662367
0.12441676257493312
0.06607111196738735
0.07757591518135437
0.09455187701628154
0.11444788727811428
0.14520907047525083
0.22468173467363522
0.4150991032498157
0.5057763472279014
0.517720885134041
0.4017188765967096
0.12764786118201488
0.08468057570048387
0.005278854689277912
0.006460535477017193
0.018213266298352848
0.0006886445544894704
0.03618240244113924
0.04256526116436232
0.10283824761242638
0.1142326876755857
0.4826801289177401
0.33939467741064505
0.34049097365133907
1.2703070659173523
0.901816709750054
0.05533206534688018
0.06428503781069428
0.05130881951927546
0.019451966325098602
0.0303969470840173
0.005408270433931883
0.008797016780898614
0.4592583995591559
0.34692837425211587
0.34226621643281885
0.48484985623288046
0.13085979026635808
0.0440831430683859
0.05276639265695171
0.040172008724036146
0.008491836843448008
0.010631102693723249
0.017017232301991925
0.046407605449178324
0.4696301588505942
0.821485856349446
1.3684151769002486
1.3066876831037195
1.3679483192523227
0.27140729950179165
0.06516617806228575
0.05438199801728505
0.022279045493386995
0.032398275379405206
0.006271719616359084
0.008105820909394046
0.4545694216296684
0.13336634378935175
0.3905609501883034
0.24036270442457075
0.06599862926184819
0.0396426697638147
0.04268772774939744
0.03573998140854018
0.004638633113159152
0.0062737161631961635
0.040825359440521014
0.05030541299745872
0.4707777780915111
0.31475493154291895
0.3090618016269071
0.005364075791876033
0.39349300792987807
0.04418005716751472
0.05664100919687076
0.04194342406931095
0.012687723086405533
0.025576914867662448
0.017118957431324966
0.017214175663889164
0.46351708332716873
0.2098479843730598
0.3432877307829557
0.12846951226442815
0.4622246560882406
0.04563485045393412
0.05669266172023879
0.04174232919180065
0.0106051170375836
0.020494600956641018
0.022529267538417552
0.029551756609363933
0.46611695595925995
0.31313068512580167
0.34209050033948296
0.011490582141695738
0.014043680368512668
0.016500570159603933
0.017404054909864963
0.045628933347721445
0.09946027024577558
0.11379570564538588
0.16188291536117222
0.2114022665336568
