322.045903225806 1024.3303225820105 3644646452.0 4022542354.065917 191.0 56.18329032258064
643.509857142857 1025.6632887268638 4022542354.065917 5509918930.221786 40.0 59.67067857142857
785.285774193548 1029.1916727843832 5509918930.221786 5896269719.466059 638.1370967741935 191.0
810.8132 1030.5512124679221 5896269719.466059 5896480873.18691 794.0694444444445 37.333333333333336
709.144935483871 1030.5520273836544 5896480873.18691 5894656227.806886 692.239247311828 638.1370967741935
400.573266666667 1030.5449854417932 5894656227.806886 5889247137.947265 389.0388888888889 794.0694444444445
209.112838709677 1030.5241098805855 5889247137.947265 5863737187.285279 201.0994623655914 692.239247311828
155.613161290323 1030.4256262057347 5863737187.285279 5714987376.373812 191.0 376.4892473118279
113.363733333333 1029.851302611482 5714987376.373812 5414388586.309256 205.0 207.80277777777778
89.1516451612903 1028.96448569453 5414388586.309256 5076071063.633156 190.0 191.0
132.6879 1028.4762930211157 5076071063.633156 4915077710.088585 188.0 205.0
183.475935483871 1028.2439793796373 4915077710.088585 4907907983.087716 194.0 190.0
219.466193548387 1028.233633453229 4907907983.087716 5088197201.166417 164.0 181.93548387096774
529.413142857143 1028.493791055074 5088197201.166417 5892008064.072064 209.625 214.78571428571428
573.648451612903 1030.5347652558528 5892008064.072064 5892512871.46846 570.5295698924731 164.0
434.0214 1030.5367134833689 5892512871.46846 5889791238.907596 418.4222222222222 195.65
242.016225806452 1030.5262097556467 5889791238.907596 5886371843.250877 225.7231182795699 570.5295698924731
141.2042 1030.5130131171775 5886371843.250877 5688770284.595745 204.05833333333334 418.4222222222222
112.736064516129 1029.7500783189025 5688770284.595745 5407953718.732316 201.0 225.7231182795699
95.8503870967742 1028.955200171331 5407953718.732316 5065381852.179156 205.0 197.4758064516129
70.4100666666667 1028.4608684735629 5065381852.179156 4649482029.938825 208.0 207.7
51.7662903225806 1027.6926179297413 4649482029.938825 4208528362.476001 193.0 205.0
33.0551333333333 1026.2883068868662 4208528362.476001 3752694210.1255207 203.0 208.0
89.5234193548387 1024.7114434219595 3752694210.1255207 3479361513.280668 198.0 193.0
197.699193548387 1023.4489347175437 3479361513.280668 3573472474.171876 172.0 196.4516129032258
483.033035714286 1024.079267986497 3573472474.171876 4670364474.526631 40.0 219.21428571428572
883.652032258065 1027.7591225303395 4670364474.526631 5898008942.298757 422.5510752688172 172.0
711.757666666667 1030.5579247344292 5898008942.298757 5894722581.025042 696.3666666666667 37.333333333333336
355.195741935484 1030.5452415219663 5894722581.025042 5888374345.473151 339.991935483871 422.5510752688172
161.613233333333 1030.5207414705224 5888374345.473151 5785762797.527025 187.70277777777778 696.3666666666667
116.846161290323 1030.1245667858186 5785762797.527025 5493870738.803958 209.0 339.991935483871
91.6212580645161 1029.1482992940646 5493870738.803958 5163724052.181817 196.0 181.6478494623656
67.8172333333333 1028.6027764100747 5163724052.181817 4738051972.632012 209.0 215.96666666666667
48.4465161290323 1027.97468781093 4738051972.632012 4258075427.098442 204.0 196.0
51.3012333333333 1026.4461000863007 4258075427.098442 3880406601.2879333 191.0 209.0
84.7457096774193 1025.161928046871 3880406601.2879333 3605430579.6944366 194.0 204.0
209.807322580645 1024.1919949901037 3605430579.6944366 3735499916.349444 171.0 184.83870967741936
689.364428571429 1024.65079335573 3735499916.349444 5333026815.2466 40.0 214.78571428571428
568.289064516129 1028.8470805414813 5333026815.2466 5892421465.434121 356.61559139784947 171.0
576.527233333333 1030.5363607156548 5892421465.434121 5892315792.189129 559.9138888888889 37.333333333333336
381.711483870968 1030.535952885807 5892315792.189129 5888851184.7786875 365.4301075268817 356.61559139784947
185.7957 1030.5225817594373 5888851184.7786875 5819884339.095619 198.86388888888888 559.9138888888889
126.033225806452 1030.2563101895585 5819884339.095619 5538906804.174015 214.0 365.4301075268817
97.3777741935484 1029.2700183896595 5538906804.174015 5149095130.416273 224.0 192.44892473118279
66.5694 1028.5816668548575 5149095130.416273 4730606282.560587 205.0 221.13333333333333
46.5674838709677 1027.9509754221674 4730606282.560587 4208375744.5129123 218.0 224.0
36.6345333333333 1026.2878208423979 4208375744.5129123 3798047841.857738 189.0 205.0
71.4001612903226 1024.8714209589339 3798047841.857738 3505773438.6660786 187.0 218.0
217.974064516129 1023.6521033743545 3505773438.6660786 3641138510.994082 177.0 182.90322580645162
492.893857142857 1024.3179488923954 3641138510.994082 4762215878.120064 40.0 207.03571428571428
366.69335483871 1028.0233995355268 4762215878.120064 4893708870.718082 315.0 177.0
391.213866666667 1028.2131441135903 4893708870.718082 5401968773.34867 180.0 37.333333333333336
225.662064516129 1028.946563886506 5401968773.34867 5459177371.847316 188.0 315.0
133.237333333333 1029.054533437425 5459177371.847316 5269092247.707312 194.0 180.0
85.2490967741936 1028.7548228682645 5269092247.707312 4921811454.199681 199.0 188.0
63.7061290322581 1028.2536961821063 4921811454.199681 4506000516.040357 201.0 187.74193548387098
44.3738666666667 1027.2356704332494 4506000516.040357 4058182870.1796117 196.0 205.63333333333333
29.2655161290322 1025.789004833085 4058182870.1796117 3547073956.8297734 199.0 201.0
19.9402333333333 1023.9697996679214 3547073956.8297734 3093327088.8199205 190.0 196.0
45.8698387096774 1021.1711827623477 3093327088.8199205 2723761937.519775 189.0 199.0
275.221193548387 1019.5773392858068 2723761937.519775 3009977511.5438733 176.0 183.8709677419355
551.286071428571 1020.8217086437899 3009977511.5438733 4269491255.182389 40.0 209.25
549.275483870968 1026.4824562266954 4269491255.182389 4890233102.344522 315.0 176.0
453.0279 1028.2081285748118 4890233102.344522 5550703187.361444 183.0 37.333333333333336
251.113419354839 1029.3019005063823 5550703187.361444 5640229816.443299 201.0 315.0
131.736766666667 1029.562663383951 5640229816.443299 5437819005.554745 197.0 183.0
91.9488709677419 1028.9982958233113 5437819005.554745 5115952664.620428 196.0 201.0
70.1550967741935 1028.5338422288894 5115952664.620428 4743172788.771616 191.0 190.6451612903226
52.898 1027.9909961425847 4743172788.771616 4304984250.07787 200.0 202.53333333333333
38.8994516129032 1026.5954912422862 4304984250.07787 3806434026.44156 203.0 191.0
44.6923333333333 1024.9010018569368 3806434026.44156 3384482104.23743 202.0 200.0
68.3542258064516 1022.7190931095188 3384482104.23743 3081723100.72449 187.0 203.0
118.701903225806 1021.1225287242117 3081723100.72449 2957577557.595688 173.0 195.48387096774192
163.442892857143 1020.6020023379274 2957577557.595688 3275599384.462088 40.0 207.03571428571428
127.196838709677 1021.9354271885203 3275599384.462088 3271088059.2946796 127.0 173.0
175.352066666667 1021.9165117790134 3271088059.2946796 3161724861.9571853 207.0 37.333333333333336
101.320064516129 1021.4579658782272 3161724861.9571853 2879744355.9093122 196.0 127.0
58.3389666666667 1020.2756576767686 2879744355.9093122 2487783805.1069946 202.0 207.0
41.7728709677419 1018.4720552932412 2487783805.1069946 2056668754.4195762 194.0 196.0
32.6314516129032 1016.2568272001033 2056668754.4195762 1561096642.7748287 209.0 195.48387096774192
21.9208 1013.2438962349651 1561096642.7748287 1071600127.4163767 202.0 200.46666666666667
10.8536774193548 1009.5786677992567 1071600127.4163767 661083613.2933848 157.06989247311827 209.0
17.3578 1005.6745374531621 661083613.2933848 598086931.1131133 40.0 202.0
37.3014516129032 1005.1337934001125 598086931.1131133 595920426.469232 40.0 157.06989247311827
201.538193548387 1005.1151967937273 595920426.469232 736112179.0227537 152.2258064516129 38.70967741935484
659.617321428572 1006.3806377335667 736112179.0227537 2246637922.662761 40.0 44.285714285714285
1080.25241935484 1017.2593030219671 2246637922.662761 4291135739.5454373 315.0 152.2258064516129
895.072966666667 1026.5513877055587 4291135739.5454373 5897974476.969788 259.90555555555557 37.333333333333336
543.825258064516 1030.5577917207238 5897974476.969788 5891724124.841287 528.5779569892474 315.0
224.001266666667 1030.5336694354937 5891724124.841287 5886119838.456329 212.54722222222222 259.90555555555557
134.021806451613 1030.5120405429275 5886119838.456329 5663194560.490407 200.0268817204301 528.5779569892474
96.0624516129032 1029.651330349384 5663194560.490407 5368046953.564855 187.0 205.69086021505373
65.9179666666667 1028.8976146516088 5368046953.564855 4970184227.002359 196.0 206.69444444444443
43.6194838709677 1028.3234981630626 4970184227.002359 4520682328.784845 187.0 187.0
40.2008 1027.2824277986779 4520682328.784845 4111013508.1202393 192.0 196.0
70.7292258064516 1025.9753562896658 4111013508.1202393 3823313289.386516 185.0 187.0
406.292612903226 1024.9605407033034 3823313289.386516 4476553698.221299 173.0 185.80645161290323
701.2355 1027.1418907586665 4476553698.221299 5895063819.375124 126.89880952380952 204.82142857142858
673.144322580645 1030.5465584795782 5895063819.375124 5894281520.086833 670.505376344086 173.0
359.758866666667 1030.5435393142288 5894281520.086833 5888481190.943024 345.35 118.43888888888888
152.153709677419 1030.521153824394 5888481190.943024 5744221843.401278 188.66129032258064 670.505376344086
92.4419333333333 1029.9641770015494 5744221843.401278 5431912199.031339 200.0 345.35
72.9201935483871 1028.9897722929745 5431912199.031339 5059176963.596028 196.0 188.66129032258064
58.5487096774193 1028.4519148103839 5059176963.596028 4626221340.414544 202.0 193.5483870967742
40.2354333333333 1027.6185393006833 4626221340.414544 4182169871.239047 190.0 202.53333333333333
26.094 1026.204362647258 4182169871.239047 3656039909.3663826 201.0 202.0
21.0259 1024.3705111441495 3656039909.3663826 3202007143.4271913 191.0 190.0
37.604064516129 1021.626864333028 3202007143.4271913 2791869651.981616 196.0 201.0
87.1814838709678 1019.8963449741527 2791869651.981616 2581611653.445298 173.0 184.83870967741936
229.777357142857 1018.911529992718 2581611653.445298 3058719709.6860166 40.0 217.0
322.139225806452 1021.0260784473209 3058719709.6860166 3073055155.5285234 315.0 173.0
279.0302 1021.0861851384843 3073055155.5285234 3238018279.7944503 205.0 37.333333333333336
121.557580645161 1021.7778544226182 3238018279.7944503 2961454401.2021074 214.0 315.0
60.7111 1020.6182574473883 2961454401.2021074 2536452702.84058 217.0 205.0
41.6522903225807 1018.7000126596748 2536452702.84058 2053962117.4525628 213.0 214.0
34.2437741935484 1016.2425441554225 2053962117.4525628 1565379825.8758917 208.0 210.0
21.3034 1013.2728366613236 1565379825.8758917 1097434674.1945949 193.0 220.1
9.73222580645161 1009.808308215063 1097434674.1945949 663935431.8279215 164.44086021505376 208.0
7.27173333333333 1005.6990165822139 663935431.8279215 574823824.8001568 40.0 193.0
42.6832903225806 1004.9341100841215 574823824.8001568 587018550.5649813 40.0 164.44086021505376
163.609451612903 1005.0387858417595 587018550.5649813 687843834.8888723 128.94086021505376 38.70967741935484
305.377071428571 1005.9042389260846 687843834.8888723 1312170995.4017522 51.0 44.285714285714285
515.583290322581 1011.4974495767578 1312170995.4017522 1846387058.1015203 315.0 128.94086021505376
448.1112 1015.0351466155315 1846387058.1015203 2489544443.472689 192.0 47.6
271.508322580645 1018.4803018429634 2489544443.472689 2655617936.746831 200.0 315.0
125.965266666667 1019.2581636381584 2655617936.746831 2426622702.146282 207.0 192.0
80.5058064516129 1018.1855864269146 2426622702.146282 2032618031.367676 219.0 200.0
56.4302903225807 1016.1299104557661 2032618031.367676 1574048933.3580909 219.0 200.32258064516128
35.7994333333333 1013.331411711879 1574048933.3580909 1096973809.1479328 211.0 226.3
17.4331290322581 1009.8042116368705 1096973809.1479328 671673300.0047858 169.03225806451613 219.0
11.4152333333333 1005.7654360515431 671673300.0047858 593265453.9937434 40.0 211.0
42.3448387096774 1005.0924073304184 593265453.9937434 604613513.3092277 40.0 169.03225806451613
282.83335483871 1005.189815564886 604613513.3092277 924645675.1292461 166.5994623655914 38.70967741935484
526.084607142857 1008.2724060011489 924645675.1292461 2112297019.6976316 40.0 44.285714285714285
441.858967741935 1016.5503800511748 2112297019.6976316 2448165269.8019466 315.0 166.5994623655914
449.691966666667 1018.2864883831472 2448165269.8019466 3060621141.870131 204.0 37.333333333333336
165.603064516129 1021.0340509093087 3060621141.870131 2916233463.0579524 209.0 315.0
75.6662 1020.428651836721 2916233463.0579524 2555984134.03453 207.0 204.0
51.8997096774194 1018.7914947729954 2555984134.03453 2156713095.507902 192.0 209.0
37.5056129032258 1016.7847656755034 2156713095.507902 1710646521.9916017 195.0 200.32258064516128
24.2406666666667 1014.2247553551738 1710646521.9916017 1217667113.8081226 205.0 198.4
13.5417096774194 1010.7648613473498 1217667113.8081226 686642094.8120323 204.11290322580646 195.0
8.4959 1005.8939235606183 686642094.8120323 600636400.3294677 40.0 205.0
67.8139677419355 1005.1556772560469 600636400.3294677 680338585.6241419 40.0 204.11290322580646
315.535870967742 1005.839816185615 680338585.6241419 1059298115.8446505 177.50537634408602 38.70967741935484
519.093035714286 1009.4693165852857 1059298115.8446505 2230694650.0997696 40.0 44.285714285714285
637.365612903226 1017.1751696575185 2230694650.0997696 3089786406.2016125 315.0 177.505376344086
611.278466666667 1021.1563371329208 3089786406.2016125 4132630351.8339987 197.0 37.333333333333336
372.049967741935 1026.0465934771782 4132630351.8339987 4543711215.912288 204.0 315.0
150.201533333333 1027.3557682035423 4543711215.912288 4395129295.5198145 196.0 197.0
104.528032258065 1026.882577374267 4395129295.5198145 4055547641.765724 217.0 204.0
77.6274193548387 1025.7797094947643 4055547641.765724 3608268114.6443157 229.0 189.67741935483872
50.0950666666667 1024.202003931726 3608268114.6443157 3097364432.6603403 230.0 224.23333333333332
29.337064516129 1021.1881108287645 3097364432.6603403 2573224666.091548 209.0 229.0
19.3250666666667 1018.8722466795857 2573224666.091548 2076865963.2708364 207.0 230.0
87.2251290322581 1016.3634087771547 2076865963.2708364 1817371409.4948592 188.0 209.0
407.438 1014.8619188626559 1817371409.4948592 2445932659.0816026 179.0 200.32258064516128
586.189178571429 1018.2760311900778 2445932659.0816026 3787015746.085179 40.0 208.14285714285714
795.484806451613 1024.8325070408648 3787015746.085179 5067374431.78102 315.0 179.0
813.061033333333 1028.4637437688039 5067374431.78102 5896520186.400694 477.02777777777777 37.333333333333336
480.128290322581 1030.5521791070353 5896520186.400694 5890590984.109768 464.76344086021504 315.0
215.483233333333 1030.5292962508524 5890590984.109768 5885963032.458931 203.65277777777777 477.02777777777777
136.859709677419 1030.5114353739839 5885963032.458931 5683966455.651714 195.0188172043011 464.76344086021504
104.647935483871 1029.7315307168021 5683966455.651714 5342168746.793122 213.0 197.08333333333331
75.7020333333333 1028.8602723618949 5342168746.793122 4933516361.122916 210.0 201.51944444444447
48.0892258064516 1028.2705863796866 4933516361.122916 4456209279.334116 202.0 213.0
36.4143333333333 1027.0770996157137 4456209279.334116 4018782560.532973 199.0 210.0
69.0377096774194 1025.6500266685466 4018782560.532973 3715520766.897114 189.0 202.0
126.959258064516 1024.5803201654219 3715520766.897114 3615633276.6327453 174.0 192.58064516129033
263.442714285714 1024.2279833390926 3615633276.6327453 4180369758.2053413 40.0 209.25
781.20964516129 1026.1986298032016 4180369758.2053413 5422182508.106095 315.0 174.0
445.711633333333 1028.9757323349295 5422182508.106095 5890000457.602515 249.05277777777778 37.333333333333336
237.183193548387 1030.5270172034402 5890000457.602515 5886279943.415435 221.002688172043 315.0
119.766933333333 1030.512658443713 5886279943.415435 5679711420.468859 186.09166666666667 249.05277777777778
82.0065806451613 1029.7151020095323 5679711420.468859 5292804955.648881 210.0 221.002688172043
62.4445161290323 1028.7890403400415 5292804955.648881 4893421405.970166 193.0 180.08870967741936
43.3131 1028.2127293015442 4893421405.970166 4413810950.208266 206.0 217.0
21.053935483871 1026.9420730898353 4413810950.208266 3855969464.311808 207.0 193.0
18.0287666666667 1025.0757300328457 3855969464.311808 3382975867.3924966 195.0 206.0
118.982064516129 1022.70750667225 3382975867.3924966 3189253204.3544903 197.0 207.0
505.424516129032 1021.5733886975031 3189253204.3544903 4105229138.556164 173.0 188.70967741935485
1142.19889285714 1025.9549528696866 4105229138.556164 5902880713.283052 411.20535714285717 218.10714285714286
1384.0545483871 1030.5767265950033 5902880713.283052 5906893510.582989 1379.6209677419354 173.0
1029.1991 1030.5922133770355 5906893510.582989 5900352166.528831 1015.0527777777778 383.7916666666667
628.869709677419 1030.5669680526412 5900352166.528831 5893233259.409829 613.9435483870968 1379.6209677419354
285.549833333333 1030.5394937112728 5893233259.409829 5887210318.051439 274.25555555555553 1015.0527777777778
175.252548387097 1030.5162490833889 5887210318.051439 5765670261.766133 203.24462365591398 613.9435483870968
131.746967741936 1030.0469894276684 5765670261.766133 5538228460.009248 197.0 265.4086021505376
92.7500666666667 1029.268185027052 5538228460.009248 5172739075.715515 210.0 210.01944444444447
57.665 1028.6157851020425 5172739075.715515 4719426250.121637 202.0 197.0
69.6110666666667 1027.9153702233173 4719426250.121637 4359499265.522595 202.0 210.0
104.426483870968 1026.7691059411547 4359499265.522595 4138827647.9117203 194.0 202.0
223.112225806452 1026.0663300888907 4138827647.9117203 4317883304.818562 167.0 195.48387096774192
463.748178571429 1026.636571034454 4317883304.818562 5370719965.724138 40.0 214.78571428571428
440.777451612903 1028.9014718120118 5370719965.724138 5700211736.731094 315.0 167.0
328.4019 1029.7942538097727 5700211736.731094 5887917686.2570715 239.48888888888888 37.333333333333336
189.986838709677 1030.5189790635993 5887917686.2570715 5823522423.793441 196.55376344086022 315.0
115.086433333333 1030.2703568486234 5823522423.793441 5561550076.877878 203.0 239.48888888888888
88.146 1029.3312164239942 5561550076.877878 5210336920.411536 203.0 196.55376344086022
67.9768064516129 1028.6700388461927 5210336920.411536 4783266775.349615 209.0 196.4516129032258
48.0371333333333 1028.0537760106056 4783266775.349615 4314127889.802352 207.0 209.76666666666668
31.1604516129032 1026.6246111140201 4314127889.802352 3800192537.3318596 201.0 209.0
37.0707333333333 1024.8789860223346 3800192537.3318596 3374072268.798423 196.0 207.0
54.1066451612903 1022.6390174522955 3374072268.798423 3024979095.89893 190.0 201.0
213.558516129032 1020.8846083685489 3024979095.89893 3160652083.9452214 171.0 189.67741935483872
303.007357142857 1021.4534678572127 3160652083.9452214 3818817162.1021433 40.0 210.35714285714286
518.175774193549 1024.944681347803 3818817162.1021433 4356757901.800612 315.0 171.0
636.139866666666 1026.7603754834413 4356757901.800612 5469621282.455314 192.0 37.333333333333336
413.18735483871 1029.0827602228521 5469621282.455314 5889405250.433188 239.3790322580645 315.0
183.440366666667 1030.5247200917233 5889405250.433188 5829187100.948387 193.12222222222223 192.0
115.014935483871 1030.29222818899 5829187100.948387 5572103262.781548 194.0 239.3790322580645
85.7002580645161 1029.3597385480582 5572103262.781548 5223087137.264661 197.0 186.89247311827958
59.9293 1028.6884374275103 5223087137.264661 4784511570.965686 206.0 200.46666666666667
36.361064516129 1028.0555722524757 4784511570.965686 4263883870.1527724 207.0 197.0
32.9351666666667 1026.4645983125884 4263883870.1527724 3820537313.5580883 198.0 206.0
61.8636129032258 1024.9507489014395 3820537313.5580883 3483960233.1763406 194.0 207.0
224.013225806452 1023.484309485972 3483960233.1763406 3640763590.5991745 175.0 191.61290322580646
331.442714285714 1024.3166264218664 3640763590.5991745 4370453640.383026 40.0 214.78571428571428
585.414741935484 1026.8039924852962 4370453640.383026 5087871057.624942 315.0 175.0
530.715533333333 1028.4933204294732 5087871057.624942 5891504135.547816 204.94166666666666 37.333333333333336
342.166096774194 1030.5328204202103 5891504135.547816 5888145091.704124 325.8467741935484 315.0
164.600666666667 1030.5198567004018 5888145091.704124 5744731977.038454 206.48055555555555 204.94166666666666
106.053258064516 1029.9661466294922 5744731977.038454 5461702570.1291895 195.0 325.8467741935484
79.5767096774194 1029.0613582976464 5461702570.1291895 5094139113.993727 198.0 199.8198924731183
53.0012666666667 1028.502365243858 5094139113.993727 4620179909.388551 213.0 201.5
36.3235483870968 1027.5992990744858 4620179909.388551 4071708708.146567 218.0 198.0
27.9102 1025.8367150199174 4071708708.146567 3602917055.983385 203.0 213.0
66.388064516129 1024.1831289452675 3602917055.983385 3293482813.03698 188.0 218.0
216.662483870968 1022.019098561823 3293482813.03698 3442053824.4769263 170.0 196.4516129032258
338.498142857143 1023.1619524959764 3442053824.4769263 4187968473.728502 40.0 208.14285714285714
316.20564516129 1026.2228295341672 4187968473.728502 4184847954.346819 315.0 170.0
245.134933333333 1026.2128915743529 4184847954.346819 4292541751.792528 190.0 37.333333333333336
123.089064516129 1026.5558654515685 4292541751.792528 4067234062.079649 193.0 315.0
69.729 1025.820931435907 4067234062.079649 3725692952.2803793 191.0 190.0
52.2432580645161 1024.6162008898777 3725692952.2803793 3246140094.237435 219.0 193.0
40.308935483871 1021.811908151939 3246140094.237435 2782675199.880886 201.0 184.83870967741936
26.5055666666667 1019.8532796247348 2782675199.880886 2258519421.4415183 215.0 226.3
20.3899032258065 1017.3220022239658 2258519421.4415183 1719785395.0379128 209.0 201.0
16.3810333333333 1014.2793157912712 1719785395.0379128 1236604839.123744 200.0 215.0
66.2608064516129 1010.911665419564 1236604839.123744 912209596.3389977 190.0 209.0
