322.045903225806 1024.3303225820105 3644646452.0 3920521092.058341 229.0 56.18329032258064
643.509857142857 1025.3034253688124 3920521092.058341 5407573462.036771 40.0 59.67067857142857
785.285774193548 1028.9546514603705 5407573462.036771 5896266780.0374565 599.9435483870968 229.0
810.8132 1030.5512011236438 5896266780.0374565 5896477933.856737 794.0694444444445 37.333333333333336
709.144935483871 1030.5520160397557 5896477933.856737 5894653288.4623165 692.239247311828 599.9435483870968
400.573266666667 1030.544974097839 5894653288.4623165 5889244199.929474 389.0388888888889 794.0694444444445
209.112838709677 1030.5240985417518 5889244199.929474 5771521104.618034 235.66935483870967 692.239247311828
155.613161290323 1030.0695795545098 5771521104.618034 5508995760.704086 234.0 376.4892473118279
113.363733333333 1029.1891777316325 5508995760.704086 5134910114.613962 234.0 243.525
89.1516451612903 1028.5611978565857 5134910114.613962 4680430477.537743 234.0 234.0
132.6879 1027.79117986477 4680430477.537743 4401051629.588964 234.0 234.0
183.475935483871 1026.9014383107929 4401051629.588964 4285256910.964258 234.0 234.0
219.466193548387 1026.5326653215423 4285256910.964258 4377346233.027061 196.0 226.4516129032258
529.413142857143 1026.8259434172835 4377346233.027061 5589410631.641487 40.0 259.07142857142856
573.648451612903 1029.4065152206526 5589410631.641487 5892507782.162545 457.58870967741933 196.0
434.0214 1030.5366938419652 5892507782.162545 5889793349.547495 418.4194444444444 37.333333333333336
242.016225806452 1030.5262179013412 5889793349.547495 5858808080.107159 236.05376344086022 457.58870967741933
141.2042 1030.4065949038886 5858808080.107159 5581422192.627359 235.0 418.4194444444444
112.736064516129 1029.3849248449387 5581422192.627359 5210311192.135078 235.0 236.05376344086022
95.8503870967742 1028.6700017202527 5210311192.135078 4790923799.474079 234.0 227.41935483870967
70.4100666666667 1028.0648251074663 4790923799.474079 4309779801.850798 234.0 242.83333333333334
51.7662903225806 1026.6107637001617 4309779801.850798 3762855880.918486 234.0 234.0
33.0551333333333 1024.7472870579136 3762855880.918486 3228263554.2588563 234.0 234.0
89.5234193548387 1021.7369541059071 3228263554.2588563 2855571117.787088 234.0 234.0
197.699193548387 1020.1743023806587 2855571117.787088 2888635034.621369 193.0 226.4516129032258
483.033035714286 1020.3129351556452 2888635034.621369 3981919322.0647826 40.0 259.07142857142856
883.652032258065 1025.519997608694 3981919322.0647826 5498177340.995276 315.0 193.0
711.757666666667 1029.1599387594467 5498177340.995276 5894721827.100022 542.2833333333333 37.333333333333336
355.195741935484 1030.545238612307 5894721827.100022 5888373591.649823 339.991935483871 315.0
161.613233333333 1030.5207385612557 5888373591.649823 5662627636.186669 235.35555555555555 542.2833333333333
116.846161290323 1029.6491414524583 5662627636.186669 5302109970.9244795 235.0 339.991935483871
91.6212580645161 1028.8024674905114 5302109970.9244795 4871082584.881704 234.0 227.76344086021507
67.8172333333333 1028.1804943504785 4871082584.881704 4382614473.19564 234.0 242.83333333333334
48.4465161290323 1026.8427212522154 4382614473.19564 3826125548.73433 234.0 234.0
51.3012333333333 1024.9704604893627 3826125548.73433 3338439097.829234 234.0 234.0
84.7457096774193 1022.364916137148 3338439097.829234 2953339893.6974745 234.0 234.0
209.807322580645 1020.5842343551257 2953339893.6974745 3016773572.520651 194.0 226.4516129032258
689.364428571429 1020.8502036583675 3016773572.520651 4611156588.563672 40.0 259.07142857142856
568.289064516129 1027.5705623839608 4611156588.563672 5282548986.394703 315.0 194.0
576.527233333333 1028.7742409616085 5282548986.394703 5892314363.664179 325.15277777777777 37.333333333333336
381.711483870968 1030.5359473726319 5892314363.664179 5888849756.660838 365.4301075268817 315.0
185.7957 1030.5225762478333 5888849756.660838 5702088062.621342 244.45 325.15277777777777
126.033225806452 1029.8014983112794 5702088062.621342 5355204269.506315 239.0 365.4301075268817
97.3777741935484 1028.8790826399802 5355204269.506315 4936700942.482324 235.0 236.56451612903226
66.5694 1028.2751817351837 4936700942.482324 4441953219.244943 235.0 246.96666666666667
46.5674838709677 1027.0316981504616 4441953219.244943 3877209138.4805264 235.0 235.0
36.6345333333333 1025.1506495184499 3877209138.4805264 3312606164.034711 249.0 235.0
71.4001612903226 1022.1662012618056 3312606164.034711 2545483017.9189134 363.0 235.0
217.974064516129 1018.7423092174188 2545483017.9189134 2663746668.904542 181.0 240.96774193548387
492.893857142857 1019.2962373250798 2663746668.904542 3779662689.385647 40.0 401.89285714285717
366.69335483871 1024.8065703329298 3779662689.385647 3912126289.368788 315.0 181.0
391.213866666667 1025.2738140718475 3912126289.368788 4391180012.344688 193.0 37.333333333333336
225.662064516129 1026.8700000393142 4391180012.344688 4372408979.2289095 218.0 315.0
133.237333333333 1026.8102196790728 4372408979.2289095 4090227403.3747683 231.0 193.0
85.2490967741936 1025.9020366962072 4090227403.3747683 3655686564.3133245 234.0 218.0
63.7061290322581 1024.3692647771193 3655686564.3133245 3162148694.1321416 234.0 223.5483870967742
44.3738666666667 1021.459742952336 3162148694.1321416 2631636265.0636735 234.0 241.8
29.2655161290322 1019.1458373070898 2631636265.0636735 2045522548.6809871 234.0 234.0
19.9402333333333 1016.198008172459 2045522548.6809871 1482536254.8073142 234.0 234.0
45.8698387096774 1012.7130828027521 1482536254.8073142 986336919.7552574 234.0 234.0
275.221193548387 1008.8207726200467 986336919.7552574 1187704891.900798 204.0 226.4516129032258
551.286071428571 1010.5325960612465 1187704891.900798 2437854435.4114733 40.0 259.07142857142856
549.275483870968 1018.2381940768687 2437854435.4114733 3060910924.8221874 315.0 204.0
453.0279 1021.0352659321685 3060910924.8221874 4051677758.0860415 59.0 37.333333333333336
251.113419354839 1025.7660591114145 4051677758.0860415 4124306903.824326 210.0 315.0
131.736766666667 1026.0200856809693 4124306903.824326 3847161145.862422 228.0 59.0
91.9488709677419 1025.044660126499 3847161145.862422 3440175788.3413763 231.0 210.0
70.1550967741935 1023.1475060641644 3440175788.3413763 2966465075.6934156 234.0 220.6451612903226
52.898 1020.6392665647522 2966465075.6934156 2459763829.8929524 234.0 238.7
38.8994516129032 1018.3408141915361 2459763829.8929524 1901320387.5489225 234.0 234.0
44.6923333333333 1015.3631067913369 1901320387.5489225 1402832216.8951256 234.0 234.0
68.3542258064516 1012.1745420060481 1402832216.8951256 966649651.3385335 234.0 234.0
118.701903225806 1008.6457746785647 966649651.3385335 766185435.4394212 197.0 226.4516129032258
163.442892857143 1006.6890813891222 766185435.4394212 1073330627.4235252 40.0 259.07142857142856
127.196838709677 1009.5940500215424 1073330627.4235252 1071519936.8706114 127.0 197.0
175.352066666667 1009.5779549944053 1071519936.8706114 1072536957.5252707 170.0 37.333333333333336
101.320064516129 1009.5869951780023 1072536957.5252707 1046079608.6790382 106.0 127.0
58.3389666666667 1009.3518187438136 1046079608.6790382 687459148.4011371 193.21666666666667 170.0
41.7728709677419 1005.9009368961471 687459148.4011371 681504004.5402105 40.0 106.0
32.6314516129032 1005.849819781461 681504004.5402105 649427762.6294552 40.0 186.98387096774192
21.9208 1005.5744872328709 649427762.6294552 588021465.8238599 40.0 41.333333333333336
10.8536774193548 1005.0473945564279 588021465.8238599 494514258.6934238 40.0 40.0
17.3578 1004.2447575853513 494514258.6934238 431977914.24153495 40.0 40.0
37.3014516129032 1003.7079649291119 431977914.24153495 429258855.94646496 40.0 40.0
201.538193548387 1003.684625372931 429258855.94646496 702158946.9496827 102.51612903225806 38.70967741935484
659.617321428572 1006.0323994558942 702158946.9496827 2212503157.7103705 40.0 44.285714285714285
1080.25241935484 1017.0791723362024 2212503157.7103705 4257044289.4506626 315.0 102.51612903225806
895.072966666667 1026.4428162084416 4257044289.4506626 5897971873.769183 246.79444444444445 37.333333333333336
543.825258064516 1030.5577816740663 5897971873.769183 5891728722.0144 528.5752688172043 315.0
224.001266666667 1030.5336871775855 5891728722.0144 5823798434.791701 236.6638888888889 246.79444444444445
134.021806451613 1030.2714225281534 5823798434.791701 5508067627.565316 235.0 528.5752688172043
96.0624516129032 1029.18666926369 5508067627.565316 5090817243.455788 233.0 229.02956989247312
65.9179666666667 1028.4975717798784 5090817243.455788 4595992366.536662 234.0 242.83333333333334
43.6194838709677 1027.5222686832378 4595992366.536662 4024555529.2622538 234.0 233.0
40.2008 1025.6703898739408 4024555529.2622538 3507463490.7904077 234.0 234.0
70.7292258064516 1023.6651037753109 3507463490.7904077 3085558010.487812 234.0 234.0
406.292612903226 1021.1386080104311 3085558010.487812 3678003024.126824 194.0 226.4516129032258
701.2355 1024.447982448419 3678003024.126824 5304093886.74889 40.0 259.07142857142856
673.144322580645 1028.805330283909 5304093886.74889 5894279993.222167 449.9489247311828 194.0
359.758866666667 1030.5435334215263 5894279993.222167 5888479664.4176235 345.35 37.333333333333336
152.153709677419 1030.521147933001 5888479664.4176235 5622324584.9683 234.36021505376345 449.9489247311828
92.4419333333333 1029.4954718512656 5622324584.9683 5219988695.4268055 235.0 345.35
72.9201935483871 1028.6839663714672 5219988695.4268055 4746291802.396598 234.0 234.36021505376345
58.5487096774193 1028.0004210712793 4746291802.396598 4229760629.5142713 234.0 227.41935483870967
40.2354333333333 1026.3559255717014 4229760629.5142713 3675630319.8864136 234.0 241.8
26.094 1024.4396131212925 3675630319.8864136 3068579738.479821 234.0 234.0
21.0259 1021.0674202871271 3068579738.479821 2505382108.51727 234.0 234.0
37.604064516129 1018.5544829438747 2505382108.51727 1990951429.5148468 234.0 234.0
87.1814838709678 1015.898217489641 1990951429.5148468 1703891238.4751272 200.0 226.4516129032258
229.777357142857 1014.1844253043291 1703891238.4751272 2176878147.792907 40.0 259.07142857142856
322.139225806452 1016.8911775609124 2176878147.792907 2192217646.769607 315.0 200.0
279.0302 1016.9721247850639 2192217646.769607 2489170511.8517313 156.0 37.333333333333336
121.557580645161 1018.4785504067996 2489170511.8517313 2190854781.548671 224.0 315.0
60.7111 1016.9649328841618 2190854781.548671 1736312979.2416658 230.0 156.0
41.6522903225807 1014.3779879357712 1736312979.2416658 1203823774.983771 234.0 224.0
34.2437741935484 1010.657548643285 1203823774.983771 685379031.90975 222.22043010752688 222.58064516129033
21.3034 1005.8830818189678 685379031.90975 622043223.0509976 40.0 241.8
9.73222580645161 1005.3394268073047 622043223.0509976 525192102.29788685 40.0 222.22043010752688
7.27173333333333 1004.5080867150033 525192102.29788685 436463931.88304126 40.0 40.0
42.6832903225806 1003.7464715183094 436463931.88304126 448198410.1221777 40.0 40.0
163.609451612903 1003.8471966534092 448198410.1221777 687937184.8711383 76.94623655913979 38.70967741935484
305.377071428571 1005.9050402134861 687937184.8711383 1338949880.2153897 40.0 44.285714285714285
515.583290322581 1011.7050378311271 1338949880.2153897 1873131686.9973109 315.0 76.94623655913979
448.1112 1015.1948160417751 1873131686.9973109 2766735772.51549 95.0 37.333333333333336
271.508322580645 1019.7786218853184 2766735772.51549 2861727679.1416173 226.0 315.0
125.965266666667 1020.2001160551011 2861727679.1416173 2569747133.7335687 231.0 95.0
80.5058064516129 1018.8559584718199 2569747133.7335687 2134641976.5819528 234.0 226.0
56.4302903225807 1016.6682953909337 2134641976.5819528 1635209102.7343485 234.0 223.5483870967742
35.7994333333333 1013.7446560995564 1635209102.7343485 1098156014.709752 234.0 241.8
17.4331290322581 1009.8147201307534 1098156014.709752 662632307.3233303 172.98387096774192 234.0
11.4152333333333 1005.6878309641487 662632307.3233303 584249447.3611519 40.0 234.0
42.3448387096774 1005.0150167155464 584249447.3611519 595567515.3644379 40.0 172.98387096774192
282.83335483871 1005.1121675138578 595567515.3644379 861427398.0008075 186.75 38.70967741935484
526.084607142857 1007.6659220307774 861427398.0008075 2048749364.250005 40.0 44.285714285714285
441.858967741935 1016.2150362229552 2048749364.250005 2384702611.6252384 315.0 186.75
449.691966666667 1017.9878765784972 2384702611.6252384 3054379671.210587 182.0 37.333333333333336
165.603064516129 1021.0078812210088 3054379671.210587 2859332451.40273 228.0 315.0
75.6662 1020.1900731714999 2859332451.40273 2434689870.2335033 232.0 182.0
51.8997096774194 1018.223371757534 2434689870.2335033 1929629572.8669777 232.0 228.0
37.5056129032258 1015.5321168529372 1929629572.8669777 1381472401.665046 234.0 224.51612903225808
24.2406666666667 1012.0302189301692 1381472401.665046 817570936.6180018 234.0 239.73333333333332
13.5417096774194 1007.216112170441 817570936.6180018 618075105.3195395 81.72043010752688 234.0
8.4959 1005.3053657108973 618075105.3195395 532258905.3106767 40.0 234.0
67.8139677419355 1004.568745968332 532258905.3106767 611733636.1586072 40.0 81.72043010752688
315.535870967742 1005.2509324992154 611733636.1586072 959371987.1488751 189.04301075268816 38.70967741935484
519.093035714286 1008.5810843302122 959371987.1488751 2130247420.444299 40.0 44.285714285714285
637.365612903226 1016.645105121078 2130247420.444299 2989453439.2485137 315.0 189.04301075268816
611.278466666667 1020.7356538333271 2989453439.2485137 4131221942.8163586 159.0 37.333333333333336
372.049967741935 1026.0421080981412 4131221942.8163586 4486236146.71448 225.0 315.0
150.201533333333 1027.1727265818931 4486236146.71448 4244818249.952397 232.0 159.0
104.528032258065 1026.4038797769185 4244818249.952397 3860777453.5001507 234.0 225.0
77.6274193548387 1025.0926894303357 3860777453.5001507 3401816777.3779206 234.0 224.51612903225808
50.0950666666667 1022.852436749061 3401816777.3779206 2883537308.475365 234.0 241.8
29.337064516129 1020.2915610418254 2883537308.475365 2294922462.275052 234.0 234.0
19.3250666666667 1017.5141027032984 2294922462.275052 1729577716.9146397 234.0 234.0
87.2251290322581 1014.3377774144158 1729577716.9146397 1345386187.4097831 234.0 234.0
407.438 1011.7549316853472 1345386187.4097831 1920262570.8146913 198.0 226.4516129032258
586.189178571429 1015.4761944526251 1920262570.8146913 3258572963.711631 40.0 259.07142857142856
795.484806451613 1021.8640375836966 3258572963.711631 4539503786.934178 315.0 198.0
813.061033333333 1027.342368748198 4539503786.934178 5896517780.952986 274.05 37.333333333333336
480.128290322581 1030.552169823575 5896517780.952986 5890595779.119764 464.76075268817203 315.0
215.483233333333 1030.5293147564655 5890595779.119764 5794205755.159693 239.1611111111111 274.05
136.859709677419 1030.1571650778367 5794205755.159693 5483603641.306051 236.0 464.760752688172
104.647935483871 1029.1205503819083 5483603641.306051 5084061415.827002 235.0 231.44623655913978
75.7020333333333 1028.4878231108614 5084061415.827002 4614552506.587948 234.0 243.86666666666667
48.0892258064516 1027.5813774095157 4614552506.587948 4054849484.089901 234.0 235.0
36.4143333333333 1025.7772468574599 4054849484.089901 3527871514.658342 234.0 234.0
69.0377096774194 1023.822088574295 3527871514.658342 3101538081.6269956 234.0 234.0
126.959258064516 1021.2056104051446 3101538081.6269956 2951335227.068549 191.0 226.4516129032258
263.442714285714 1020.5758290443125 2951335227.068549 3512035416.275 40.0 259.07142857142856
781.20964516129 1023.7002724328846 3512035416.275 4754444087.576327 315.0 191.0
445.711633333333 1028.0121848305575 4754444087.576327 5370510446.030668 193.0 37.333333333333336
237.183193548387 1028.9011694747917 5370510446.030668 5335624036.08775 234.0 315.0
119.766933333333 1028.8508283349029 5335624036.08775 5004807330.8308 235.0 193.0
82.0065806451613 1028.3734593518482 5004807330.8308 4553527466.280133 235.0 234.0
62.4445161290323 1027.387030147389 4553527466.280133 4048765319.3785267 234.0 227.41935483870967
43.3131 1025.7557859590072 4048765319.3785267 3504215652.6978774 234.0 242.83333333333334
21.053935483871 1023.6401204053683 3504215652.6978774 2886485751.6044354 234.0 234.0
18.0287666666667 1020.3039234868111 2886485751.6044354 2316011289.528964 234.0 234.0
118.982064516129 1017.6253893906542 2316011289.528964 2019226318.2276864 234.0 234.0
505.424516129032 1016.0592417848426 2019226318.2276864 2879784895.7181063 191.0 226.4516129032258
1142.19889285714 1020.2758276550026 2879784895.7181063 5571174089.612617 40.0 259.07142857142856
1384.0545483871 1029.3572272692231 5571174089.612617 5906888710.752052 1255.7876344086021 191.0
1029.1991 1030.5921948528166 5906888710.752052 5900347367.407279 1015.0527777777778 37.333333333333336
628.869709677419 1030.5669495311602 5900347367.407279 5893235661.038581 613.9408602150538 1255.7876344086021
285.549833333333 1030.5395029799945 5893235661.038581 5887205518.8427 274.2583333333333 1015.0527777777778
175.252548387097 1030.5162305615713 5887205518.8427 5667396930.952057 240.08602150537635 613.9408602150538
131.746967741936 1029.6675557179617 5667396930.952057 5331316486.811412 238.0 265.41129032258067
92.7500666666667 1028.8446125350813 5331316486.811412 4902145730.41391 235.0 248.0888888888889
57.665 1028.2253185143059 4902145730.41391 4362636255.928681 235.0 238.0
69.6110666666667 1026.7790963564607 4362636255.928681 3920782692.411675 234.0 235.0
104.426483870968 1025.3043481213815 3920782692.411675 3591425793.3428483 234.0 235.0
223.112225806452 1024.14259539098 3591425793.3428483 3706138256.6638236 190.0 226.4516129032258
463.748178571429 1024.5472248912304 3706138256.6638236 4756831797.32565 40.0 259.07142857142856
440.777451612903 1028.015630299171 4756831797.32565 5086703038.882619 315.0 190.0
328.4019 1028.4916349767425 5086703038.882619 5424070482.197137 183.0 37.333333333333336
189.986838709677 1028.978456684267 5424070482.197137 5262802945.541223 234.0 315.0
115.086433333333 1028.7457473961633 5262802945.541223 4920038546.891063 235.0 183.0
88.146 1028.2511378743015 4920038546.891063 4488222435.778342 234.0 234.0
67.9768064516129 1027.179052343243 4488222435.778342 3966667558.2055025 246.0 227.41935483870967
48.0371333333333 1025.466199499843 3966667558.2055025 3041464260.8776755 387.0 241.8
31.1604516129032 1020.9537285571391 3041464260.8776755 2253580680.640146 310.0 246.0
37.0707333333333 1017.2959402672303 2253580680.640146 1579004666.709053 294.0 387.0
54.1066451612903 1013.3648963966828 1579004666.709053 1107994058.4607959 233.0 310.0
213.558516129032 1009.9021694085403 1107994058.4607959 1160561629.74987 198.0 284.51612903225805
303.007357142857 1010.3221831763556 1160561629.74987 1808424780.555966 40.0 257.9642857142857
518.175774193549 1014.8085061525729 1808424780.555966 2348965877.116358 315.0 198.0
636.139866666666 1017.799292227527 2348965877.116358 3867009627.9008827 40.0 37.333333333333336
413.18735483871 1025.1146724088214 3867009627.9008827 4533761391.571438 150.0 315.0
183.440366666667 1027.3240808648773 4533761391.571438 4429806034.554025 212.0 40.0
115.014935483871 1026.9930128488982 4429806034.554025 4107333349.614545 221.0 150.0
85.7002580645161 1025.9623751309155 4107333349.614545 3673208665.0400205 232.0 205.16129032258064
59.9293 1024.431071128889 3673208665.0400205 3178907873.633393 233.0 228.36666666666667
36.361064516129 1021.5300120487773 3178907873.633393 2608664326.9408607 233.0 232.0
32.9351666666667 1019.0382404072171 2608664326.9408607 2077547942.8471272 234.0 233.0
61.8636129032258 1016.367007613969 2077547942.8471272 1629275244.897348 233.0 233.0
224.013225806452 1013.7045624655226 1629275244.897348 1737317518.5987601 189.0 226.4516129032258
331.442714285714 1014.3839851856643 1737317518.5987601 2457061390.8943567 40.0 257.9642857142857
585.414741935484 1018.3281563976316 2457061390.8943567 3176837079.7783365 315.0 189.0
530.715533333333 1021.5213294749616 3176837079.7783365 4416494968.287718 40.0 37.333333333333336
342.166096774194 1026.9506209181136 4416494968.287718 4684632235.267204 227.0 315.0
164.600666666667 1027.8045612588128 4684632235.267204 4497646488.899828 225.0 40.0
106.053258064516 1027.2090652512734 4497646488.899828 4134808791.210473 227.0 227.0
79.5767096774194 1026.0535311821989 4134808791.210473 3678803484.813742 234.0 217.74193548387098
53.0012666666667 1024.4508059429056 3678803484.813742 3164026478.564541 234.0 234.56666666666666
36.3235483870968 1021.4676162623251 3164026478.564541 2591176893.9481063 234.0 234.0
27.9102 1018.956332055963 2591176893.9481063 2047110215.9034023 234.0 234.0
66.388064516129 1016.2063863636063 2047110215.9034023 1608185338.0255363 234.0 234.0
216.662483870968 1013.5620630947672 1608185338.0255363 1717852945.1490364 181.0 226.4516129032258
338.498142857143 1014.2677787770092 1717852945.1490364 2454611437.5079803 40.0 259.07142857142856
316.20564516129 1018.3166812061263 2454611437.5079803 2453714574.421509 315.0 181.0
245.134933333333 1018.3124804422553 2453714574.421509 2961335724.266738 40.0 37.333333333333336
123.089064516129 1020.617759850175 2961335724.266738 2704180996.7663975 209.0 315.0
69.729 1019.4856252775943 2704180996.7663975 2319193248.4970627 211.0 40.0
52.2432580645161 1017.6421807308552 2319193248.4970627 1847970148.8632026 220.0 209.0
40.308935483871 1015.0445979036609 1847970148.8632026 1316006147.7637713 231.0 204.19354838709677
26.5055666666667 1011.5271794400293 1316006147.7637713 763866031.3401865 232.0 227.33333333333334
20.3899032258065 1006.6652926291301 763866031.3401865 626486983.7688067 65.42204301075269 231.0
16.3810333333333 1005.3775706761271 626486983.7688067 561057625.3759748 40.0 232.0
66.2608064516129 1004.8159452821972 561057625.3759748 636461270.0107617 40.0 65.42204301075269
