322.045903225806 1024.3303225820105 3644646452.0 4148726389.3583407 144.0 56.18329032258064
643.509857142857 1026.0978547431794 4148726389.3583407 5636503889.000317 40.0 59.67067857142857
785.285774193548 1029.5482775637079 5636503889.000317 5896271323.160504 685.3817204301075 144.0
810.8132 1030.5512186571375 5896271323.160504 5896482477.572718 794.0694444444445 37.333333333333336
709.144935483871 1030.552033575538 5896482477.572718 5894657832.631956 692.239247311828 685.3817204301075
400.573266666667 1030.544991635372 5894657832.631956 5889248742.254386 389.0388888888889 794.0694444444445
209.112838709677 1030.5241160721653 5889248742.254386 5885788962.537734 192.83602150537635 692.239247311828
155.613161290323 1030.5107635775469 5885788962.537734 5840350436.752094 152.16129032258064 376.4892473118279
113.363733333333 1030.3353298716297 5840350436.752094 5680198430.7963505 150.0 199.26388888888889
89.1516451612903 1029.7169823582872 5680198430.7963505 5441433662.703353 152.0 152.16129032258064
132.6879 1029.0065774667657 5441433662.703353 5378398295.469294 150.0 150.0
183.475935483871 1028.9125516529139 5378398295.469294 5487229820.978726 151.0 152.0
219.466193548387 1029.13035086751 5487229820.978726 5765932853.031782 128.0 145.16129032258064
529.413142857143 1030.048003293559 5765932853.031782 5892012316.483725 490.25892857142856 167.17857142857142
573.648451612903 1030.53478166739 5892012316.483725 5892509923.8674345 570.5322580645161 128.0
434.0214 1030.5367021075501 5892509923.8674345 5889795490.838094 418.4194444444444 457.575
242.016225806452 1030.526226165327 5889795490.838094 5886368895.0007925 225.7258064516129 570.5322580645161
141.2042 1030.5130017388537 5886368895.0007925 5825021797.640653 151.32777777777778 418.4194444444444
112.736064516129 1030.2761459368367 5825021797.640653 5676597307.073789 151.0 225.7258064516129
95.8503870967742 1029.7030784056903 5676597307.073789 5476866182.134404 151.0 146.4462365591398
70.4100666666667 1029.1023410327957 5476866182.134404 5203926502.481137 152.0 156.03333333333333
51.7662903225806 1028.660788603869 5203926502.481137 4870959112.458844 151.0 151.0
33.0551333333333 1028.1803161795942 4870959112.458844 4545479427.72926 152.0 152.0
89.5234193548387 1027.361399451367 4545479427.72926 4395381982.990978 153.0 151.0
197.699193548387 1026.8833821114363 4395381982.990978 4612091571.346263 128.0 147.09677419354838
483.033035714286 1027.5735400361345 4612091571.346263 5712481081.392456 40.0 169.39285714285714
883.652032258065 1029.8416257968822 5712481081.392456 5898009706.787254 811.4569892473119 128.0
711.757666666667 1030.5579276848564 5898009706.787254 5894723345.288083 696.3666666666667 37.333333333333336
355.195741935484 1030.5452444715233 5894723345.288083 5888375109.470233 339.991935483871 811.4569892473119
161.613233333333 1030.5207444190532 5888375109.470233 5877483405.547776 152.20833333333334 696.3666666666667
116.846161290323 1030.4787004075204 5877483405.547776 5736918748.477165 152.0 339.991935483871
91.6212580645161 1029.93597972385 5736918748.477165 5528065753.563694 150.0 147.2983870967742
67.8172333333333 1029.2407182528748 5528065753.563694 5250725234.6345 151.0 157.06666666666666
48.4465161290323 1028.7283192418968 5250725234.6345 4911329439.335196 150.0 150.0
51.3012333333333 1028.2385706195312 4911329439.335196 4635601555.299822 151.0 151.0
84.7457096774193 1027.6484125964962 4635601555.299822 4475646404.663075 152.0 150.0
209.807322580645 1027.139001288736 4475646404.663075 4725229616.196754 128.0 146.1290322580645
689.364428571429 1027.9338522808814 4725229616.196754 5894850104.95348 218.16964285714286 168.28571428571428
568.289064516129 1030.5457336812099 5894850104.95348 5892419596.654195 566.266129032258 128.0
576.527233333333 1030.5363535033823 5892419596.654195 5892313922.237287 559.9138888888889 203.625
381.711483870968 1030.5359456690119 5892313922.237287 5888849315.106341 365.4301075268817 566.266129032258
185.7957 1030.5225745437208 5888849315.106341 5885443878.566031 173.49444444444444 559.9138888888889
126.033225806452 1030.5094317783423 5885443878.566031 5774495264.281377 150.05913978494624 365.4301075268817
97.3777741935484 1030.0810627964534 5774495264.281377 5580659162.420911 150.0 167.89784946236557
66.5694 1029.3828626011375 5580659162.420911 5302342391.355098 150.0 155.0611111111111
46.5674838709677 1028.8028028735282 5302342391.355098 4957672052.860407 150.0 150.0
36.6345333333333 1028.3054430777206 4957672052.860407 4649064616.723454 149.0 150.0
71.4001612903226 1027.6912885882912 4649064616.723454 4458716398.066373 150.0 150.0
217.974064516129 1027.0850840702751 4458716398.066373 4735514759.120039 126.0 144.19354838709677
492.893857142857 1027.966607513121 4735514759.120039 5860183795.102529 40.0 166.07142857142858
366.69335483871 1030.4119065447974 5860183795.102529 5888838555.378317 353.06720430107526 126.0
391.213866666667 1030.5225330181838 5888838555.378317 5889031776.205951 374.4916666666667 37.333333333333336
225.662064516129 1030.523278724637 5889031776.205951 5886083805.093504 209.19354838709677 353.06720430107526
133.237333333333 1030.5119014776335 5886083805.093504 5809563755.713233 149.23333333333332 374.4916666666667
85.2490967741936 1030.2164623772712 5809563755.713233 5593282478.972863 149.0 209.19354838709677
63.7061290322581 1029.4169796728995 5593282478.972863 5313650105.843434 149.0 144.41935483870967
44.3738666666667 1028.819119921852 5313650105.843434 4981863681.080208 149.0 153.96666666666667
29.2655161290322 1028.3403516321503 4981863681.080208 4595353799.825073 149.0 149.0
19.9402333333333 1027.52023503129 4595353799.825073 4244360769.327233 149.0 149.0
45.8698387096774 1026.4024228322523 4244360769.327233 3986967178.5864534 149.0 149.0
275.221193548387 1025.5378030990703 3986967178.5864534 4401852669.39574 131.0 144.19354838709677
551.286071428571 1026.90398939298 4401852669.39574 5666982221.756758 40.0 164.96428571428572
549.275483870968 1029.6659545241573 5666982221.756758 5892084202.698631 462.3225806451613 131.0
453.0279 1030.535059101324 5892084202.698631 5890133727.317137 437.13055555555553 37.333333333333336
251.113419354839 1030.5275315376732 5890133727.317137 5886527356.825171 234.88978494623655 462.3225806451613
131.736766666667 1030.5136132982102 5886527356.825171 5803221260.646171 150.35833333333332 437.13055555555553
91.9488709677419 1030.1919739793288 5803221260.646171 5602197456.85984 150.0 234.88978494623655
70.1550967741935 1029.4410742077293 5602197456.85984 5337070744.560356 150.0 145.50806451612902
52.898 1028.8529159373165 5337070744.560356 5027227111.383125 149.0 155.0
38.8994516129032 1028.405811127537 5027227111.383125 4663467569.356111 150.0 150.0
44.6923333333333 1027.7371578641914 4663467569.356111 4373788520.606378 150.0 149.0
68.3542258064516 1026.8146131229503 4373788520.606378 4177109212.752282 149.0 150.0
118.701903225806 1026.1882459004848 4177109212.752282 4178060037.1560388 129.0 145.16129032258064
163.442892857143 1026.1912740036817 4178060037.1560388 4502717216.940929 40.0 164.96428571428572
127.196838709677 1027.2252140666908 4502717216.940929 4496575482.904381 127.0 129.0
175.352066666667 1027.205654404154 4496575482.904381 4597918592.662757 122.0 37.333333333333336
101.320064516129 1027.5284031613464 4597918592.662757 4424769807.918171 151.0 127.0
58.3389666666667 1026.9769739105675 4424769807.918171 4152955580.461004 152.0 122.0
41.7728709677419 1026.1113235046528 4152955580.461004 3812864422.4369087 155.0 151.0
32.6314516129032 1024.9236840297597 3812864422.4369087 3444915278.159927 155.0 147.09677419354838
21.9208 1023.1839636781533 3444915278.159927 3046765708.0983543 159.0 160.16666666666666
10.8536774193548 1020.9759568473726 3046765708.0983543 2583164729.95557 168.0 155.0
17.3578 1018.9188043557638 2583164729.95557 2211076401.452726 157.0 159.0
37.3014516129032 1017.0716432794338 2211076401.452726 1903992653.035593 156.0 168.0
201.538193548387 1015.379060615138 1903992653.035593 2111554904.3933413 130.0 151.93548387096774
659.617321428572 1016.5464638754265 2111554904.3933413 3628988619.870738 40.0 172.71428571428572
1080.25241935484 1024.2750921335828 3628988619.870738 5671919842.356169 315.0 130.0
895.072966666667 1029.6850186963559 5671919842.356169 5897974086.330881 791.2333333333333 37.333333333333336
543.825258064516 1030.5577902131122 5897974086.330881 5891723734.006185 528.5779569892474 315.0
224.001266666667 1030.533667927125 5891723734.006185 5886119447.58314 212.54722222222222 791.2333333333333
134.021806451613 1030.5120390344118 5886119447.58314 5793391701.161204 151.21505376344086 528.5779569892474
96.0624516129032 1030.1540220122054 5793391701.161204 5595872828.089899 150.0 205.69086021505373
65.9179666666667 1029.4239806164592 5595872828.089899 5318351084.871584 149.0 156.25555555555556
43.6194838709677 1028.8259034413732 5318351084.871584 4965725412.656082 150.0 150.0
40.2008 1028.317064087527 4965725412.656082 4663749980.317168 150.0 149.0
70.7292258064516 1027.7380572621566 4663749980.317168 4471646952.053425 150.0 150.0
406.292612903226 1027.126264178514 4471646952.053425 5242955723.000639 130.0 145.16129032258064
701.2355 1028.7171078253978 5242955723.000639 5895060402.147616 444.3988095238095 166.07142857142858
673.144322580645 1030.5465452913072 5895060402.147616 5894278102.851383 670.505376344086 130.0
359.758866666667 1030.5435261259272 5894278102.851383 5888477773.896663 345.35 414.7722222222222
152.153709677419 1030.5211406368223 5888477773.896663 5849732066.442902 149.1048387096774 670.505376344086
92.4419333333333 1030.3715523800884 5849732066.442902 5668627050.13206 149.0 345.35
72.9201935483871 1029.6723052128652 5668627050.13206 5420479170.523463 149.0 149.1048387096774
58.5487096774193 1028.9732744163398 5420479170.523463 5127852723.295925 149.0 144.19354838709677
40.2354333333333 1028.5510140307301 5127852723.295925 4786181662.023285 149.0 153.96666666666667
26.094 1028.0579821962817 4786181662.023285 4392773473.037915 149.0 149.0
21.0259 1026.8750747548977 4392773473.037915 4045107129.5071025 149.0 149.0
37.604064516129 1025.7428822910304 4045107129.5071025 3762226878.302234 150.0 149.0
87.1814838709678 1024.7450683537998 3762226878.302234 3671213262.399797 131.0 144.19354838709677
229.777357142857 1024.4240326716042 3671213262.399797 4154570488.9678774 40.0 166.07142857142858
322.139225806452 1026.1164665253755 4154570488.9678774 4167368417.2649813 315.0 131.0
279.0302 1026.1572242588056 4167368417.2649813 4543705223.535786 120.0 37.333333333333336
121.557580645161 1027.3557491195406 4543705223.535786 4427596399.131232 150.0 315.0
60.7111 1026.9859757934116 4427596399.131232 4161903770.0390396 152.0 120.0
41.6522903225807 1026.139820923691 4161903770.0390396 3826774164.2496314 153.0 150.0
34.2437741935484 1024.9727483747781 3826774164.2496314 3468308621.8615093 153.0 147.09677419354838
21.3034 1023.3639124758578 3468308621.8615093 3083689255.803634 153.0 158.1
9.73222580645161 1021.1307725610216 3083689255.803634 2635367110.4410396 161.0 153.0
7.27173333333333 1019.163311992698 2635367110.4410396 2224086355.304648 162.0 153.0
42.6832903225806 1017.1402973894704 2224086355.304648 1928811745.1413803 157.0 161.0
163.609451612903 1015.5272342993516 1928811745.1413803 2029258106.4920416 132.0 156.7741935483871
305.377071428571 1016.1121799814883 2029258106.4920416 2687228114.3518405 40.0 173.82142857142858
515.583290322581 1019.406220676121 2687228114.3518405 3219818011.7973466 315.0 132.0
448.1112 1021.701543026404 3219818011.7973466 4015811822.2936883 129.0 37.333333333333336
271.508322580645 1025.6395478740517 4015811822.2936883 4300661046.747856 151.0 315.0
125.965266666667 1026.5817230788148 4300661046.747856 4199129678.742137 154.0 129.0
80.5058064516129 1026.2583747730641 4199129678.742137 3964833610.6622186 154.0 151.0
56.4302903225807 1025.4597305490731 3964833610.6622186 3664466718.9898596 153.0 149.03225806451613
35.7994333333333 1024.400235340352 3664466718.9898596 3290757833.056234 162.0 159.13333333333333
17.4331290322581 1021.9989846249737 3290757833.056234 2839339184.3233547 169.0 153.0
11.4152333333333 1020.106243959427 2839339184.3233547 2417542072.976367 170.0 162.0
42.3448387096774 1018.1430542059783 2417542072.976367 2097992618.6134517 166.0 169.0
282.83335483871 1016.4748950850313 2097992618.6134517 2517045938.62696 133.0 164.51612903225808
526.084607142857 1018.6091144666368 2517045938.62696 3712675695.9170947 40.0 183.78571428571428
441.858967741935 1024.5702846416827 3712675695.9170947 4046427525.010743 315.0 133.0
449.691966666667 1025.747539770761 4046427525.010743 4836143716.094967 131.0 37.333333333333336
165.603064516129 1028.1300775124025 4836143716.094967 4825437046.20129 154.0 315.0
75.6662 1028.1146277722962 4825437046.20129 4594043862.397202 153.0 131.0
51.8997096774194 1027.516063256042 4594043862.397202 4278273006.0912747 155.0 154.0
37.5056129032258 1026.510423586278 4278273006.0912747 3914427318.7957287 157.0 148.06451612903226
24.2406666666667 1025.2819305777628 3914427318.7957287 3515392031.3636374 159.0 160.16666666666666
13.5417096774194 1023.7260925489511 3515392031.3636374 3058414195.8872666 166.0 157.0
8.4959 1021.0247974670326 3058414195.8872666 2625892838.624852 171.0 159.0
67.8139677419355 1019.1189360122944 2625892838.624852 2399569041.0120897 157.0 166.0
315.535870967742 1018.0588713864735 2399569041.0120897 2913298452.716441 131.0 165.48387096774192
519.093035714286 1020.4163457136958 2913298452.716441 4094195591.5656533 40.0 173.82142857142858
637.365612903226 1025.916033832683 4094195591.5656533 4950940582.859261 315.0 131.0
611.278466666667 1028.2957295567955 4950940582.859261 5892938144.046772 232.0361111111111 37.333333333333336
372.049967741935 1030.538354758328 5892938144.046772 5888674673.690692 356.06720430107526 315.0
150.201533333333 1030.521900541688 5888674673.690692 5833076147.486511 158.09722222222223 232.0361111111111
104.528032258065 1030.3072438126892 5833076147.486511 5660024252.01637 152.0 356.06720430107526
77.6274193548387 1029.639089776125 5660024252.01637 5401118908.641285 155.0 152.997311827957
50.0950666666667 1028.9453375305068 5401118908.641285 5075984951.119408 152.0 157.06666666666666
29.337064516129 1028.476168760634 5075984951.119408 4675734006.640411 154.0 155.0
19.3250666666667 1027.776222951084 4675734006.640411 4310000407.414305 154.0 152.0
87.2251290322581 1026.6114662656505 4310000407.414305 4136921868.018929 159.0 154.0
407.438 1026.0602607261749 4136921868.018929 4923503650.048426 125.0 149.03225806451613
586.189178571429 1028.256138023158 4923503650.048426 5893023365.910151 197.79464285714286 176.03571428571428
795.484806451613 1030.5386836591729 5893023365.910151 5896448637.447567 791.2741935483871 125.0
813.061033333333 1030.5519029747118 5896448637.447567 5896517180.167833 796.3722222222223 184.60833333333332
480.128290322581 1030.5521675049358 5896517180.167833 5890595178.12472 464.76075268817203 791.2741935483871
215.483233333333 1030.5293124370164 5890595178.12472 5885967227.24602 203.65277777777777 796.3722222222223
136.859709677419 1030.5114515631278 5885967227.24602 5798242935.937561 152.17741935483872 464.760752688172
104.647935483871 1030.1727526484076 5798242935.937561 5620900008.441348 151.0 197.08333333333331
75.7020333333333 1029.491621644436 5620900008.441348 5360722023.5108595 152.0 157.25
48.0892258064516 1028.8870447669708 5360722023.5108595 5014486466.362841 152.0 151.0
36.4143333333333 1028.387426358388 5014486466.362841 4700039519.364853 151.0 152.0
69.0377096774194 1027.8536290425632 4700039519.364853 4498145163.43796 152.0 152.0
126.959258064516 1027.210653386745 4498145163.43796 4530792382.527162 126.0 146.1290322580645
263.442714285714 1027.314625422061 4530792382.527162 5099084048.904179 40.0 168.28571428571428
781.20964516129 1028.5095007920695 5099084048.904179 5896196161.719665 480.7795698924731 126.0
445.711633333333 1030.550928582966 5896196161.719665 5890006419.376187 431.45 37.333333333333336
237.183193548387 1030.5270402120007 5890006419.376187 5886285904.545463 221.002688172043 480.7795698924731
119.766933333333 1030.5126814497894 5886285904.545463 5769732854.890924 151.25555555555556 431.45
82.0065806451613 1030.062675115409 5769732854.890924 5537105831.745642 152.0 221.002688172043
62.4445161290323 1029.2651508966098 5537105831.745642 5243712830.888011 153.0 146.3763440860215
43.3131 1028.7182003331718 5243712830.888011 4896559570.373039 154.0 157.06666666666666
21.053935483871 1028.217257677306 4896559570.373039 4472777083.150482 155.0 153.0
18.0287666666667 1027.1298633221352 4472777083.150482 4111970304.711722 151.0 154.0
118.982064516129 1025.9787312335511 4111970304.711722 4039562961.899538 153.0 155.0
505.424516129032 1025.7233261442664 4039562961.899538 5085981733.387962 126.0 146.1290322580645
1142.19889285714 1028.490594131873 5085981733.387962 5902881750.36041 817.2857142857143 169.39285714285714
1384.0545483871 1030.5767305974457 5902881750.36041 5906894547.614087 1379.6209677419354 126.0
1029.1991 1030.5922173792997 5906894547.614087 5900346003.169028 1015.0555555555555 762.8
628.869709677419 1030.5669442660896 5900346003.169028 5893234296.096915 613.9408602150538 1379.6209677419354
285.549833333333 1030.5394977122094 5893234296.096915 5887204154.420238 274.2583333333333 1015.0555555555555
175.252548387097 1030.5162252957898 5887204154.420238 5885180371.830518 158.44086021505376 613.9408602150538
131.746967741936 1030.5084148140973 5885180371.830518 5781842349.852889 150.0188172043011 265.41129032258067
92.7500666666667 1030.109429922212 5781842349.852889 5571820344.441278 149.0 163.72222222222223
57.665 1029.3589739038953 5571820344.441278 5257995907.713173 149.0 150.0188172043011
69.6110666666667 1028.7388108336409 5257995907.713173 5034399683.231098 149.0 149.0
104.426483870968 1028.4161611590637 5034399683.231098 4933466614.388936 150.0 149.0
223.112225806452 1028.2705145950779 4933466614.388936 5220127460.530153 128.0 144.19354838709677
463.748178571429 1028.6841666097116 5220127460.530153 5890845814.8515 199.04761904761904 166.07142857142858
440.777451612903 1030.5302797314166 5890845814.8515 5890150312.900365 438.10752688172045 128.0
328.4019 1030.527595547214 5890150312.900365 5887913317.139254 312.61944444444447 185.77777777777777
189.986838709677 1030.5189622016524 5887913317.139254 5885449973.920653 173.33870967741936 438.10752688172045
115.086433333333 1030.5094553024383 5885449973.920653 5762462440.277441 149.06666666666666 312.61944444444447
88.146 1030.0346040165152 5762462440.277441 5554281709.456587 149.0 173.33870967741936
67.9768064516129 1029.3115721877205 5554281709.456587 5286278492.335963 149.0 144.25806451612902
48.0371333333333 1028.7796226440635 5286278492.335963 4964086976.1320505 149.0 153.96666666666667
31.1604516129032 1028.3146998212583 4964086976.1320505 4582754001.238239 149.0 149.0
37.0707333333333 1027.4801082841982 4582754001.238239 4276138928.7368655 149.0 149.0
54.1066451612903 1026.5036271615822 4276138928.7368655 4040940194.630792 149.0 149.0
213.558516129032 1025.728184108045 4040940194.630792 4293224321.3630915 130.0 144.19354838709677
303.007357142857 1026.5580392400097 4293224321.3630915 4956607189.649051 40.0 164.96428571428572
518.175774193549 1028.30390647857 4956607189.649051 5493623135.28915 315.0 130.0
636.139866666666 1029.1476300953761 5493623135.28915 5893376608.082527 465.43333333333334 37.333333333333336
413.18735483871 1030.5400469437147 5893376608.082527 5889405079.017125 397.0940860215054 315.0
183.440366666667 1030.524719430169 5889405079.017125 5885395602.565124 171.37222222222223 465.43333333333334
115.014935483871 1030.509245464445 5885395602.565124 5745072655.263758 150.05376344086022 397.0940860215054
85.7002580645161 1029.9674619894354 5745072655.263758 5520354575.168467 150.0 165.84408602150538
59.9293 1029.219877230185 5520354575.168467 5225248456.077099 150.0 155.05555555555557
36.361064516129 1028.6915562136755 5225248456.077099 4853687936.163671 150.0 150.0
32.9351666666667 1028.155393847278 4853687936.163671 4533111679.629143 150.0 150.0
61.8636129032258 1027.322011718564 4533111679.629143 4316826742.274711 150.0 150.0
224.013225806452 1026.6332061855883 4316826742.274711 4603816176.161455 128.0 145.16129032258064
331.442714285714 1027.5471852743995 4603816176.161455 5336990118.476083 40.0 166.07142857142858
585.414741935484 1028.8527995937607 5336990118.476083 5892724517.883251 375.0994623655914 128.0
530.715533333333 1030.5375303005785 5892724517.883251 5891512577.120074 514.5305555555556 37.333333333333336
342.166096774194 1030.5328529991768 5891512577.120074 5888146333.260288 325.8494623655914 375.0994623655914
164.600666666667 1030.5198614919993 5888146333.260288 5885057776.870006 152.17777777777778 514.5305555555556
106.053258064516 1030.507941677457 5885057776.870006 5720969874.499984 150.002688172043 325.8494623655914
79.5767096774194 1029.8744010598455 5720969874.499984 5480122084.446929 150.0 147.26881720430106
53.0012666666667 1029.1111407687754 5480122084.446929 5167315871.272044 150.0 155.00277777777777
36.3235483870968 1028.607959410205 5167315871.272044 4795940313.677445 150.0 150.0
27.9102 1028.0720639447004 4795940313.677445 4462484847.739842 150.0 150.0
66.388064516129 1027.097085502356 4462484847.739842 4260802924.113198 149.0 150.0
216.662483870968 1026.454786382526 4260802924.113198 4535855128.7946 125.0 145.16129032258064
338.498142857143 1027.3307488178173 4535855128.7946 5285942319.372359 40.0 164.96428571428572
316.20564516129 1028.779137545992 5285942319.372359 5281972058.409562 315.0 125.0
245.134933333333 1028.7734084536935 5281972058.409562 5573994193.55723 117.0 37.333333333333336
123.089064516129 1029.3648491717763 5573994193.55723 5460406506.403908 149.0 315.0
69.729 1029.0578554227131 5460406506.403908 5219812099.763386 150.0 117.0
52.2432580645161 1028.6837115436701 5219812099.763386 4915456916.341382 150.0 149.0
40.308935483871 1028.2445265748072 4915456916.341382 4573376827.895279 150.0 145.16129032258064
26.5055666666667 1027.4502446748256 4573376827.895279 4197580074.55658 150.0 155.0
20.3899032258065 1026.253439727887 4197580074.55658 3792011800.4308205 150.0 150.0
16.3810333333333 1024.8501298075162 3792011800.4308205 3428788964.4604683 151.0 150.0
66.2608064516129 1023.0599151112344 3428788964.4604683 3219965398.9859295 150.0 150.0
