322.045903225806 1024.3303225820105 3644646452.0 3998379423.5904346 200.0 56.18329032258064
643.509857142857 1025.5780579315358 3998379423.5904346 5190136024.349584 162.0 59.67067857142857
785.285774193548 1028.6408889240254 5190136024.349584 5896266292.623984 518.8037634408602 200.0
810.8132 1030.5511992425454 5896266292.623984 5896477446.582731 794.0694444444445 151.2
709.144935483871 1030.5520141591958 5896477446.582731 5894652801.207165 692.239247311828 518.8037634408602
400.573266666667 1030.5449722173519 5894652801.207165 5889250912.621512 389.0361111111111 794.0694444444445
209.112838709677 1030.5241244483677 5889250912.621512 5863740932.363817 201.0994623655914 692.239247311828
155.613161290323 1030.4256406654974 5863740932.363817 5693667510.8582535 199.0 376.4865591397849
113.363733333333 1029.7689865284103 5693667510.8582535 5406174347.519883 200.0 207.80277777777778
89.1516451612903 1028.9526325361037 5406174347.519883 4995758136.587537 217.0 199.0
132.6879 1028.360401351497 4995758136.587537 4803785150.664676 200.0 200.0
183.475935483871 1028.0833840557932 4803785150.664676 4780358950.674806 200.0 217.0
219.466193548387 1028.0495800154038 4780358950.674806 4863814768.636783 200.0 193.5483870967742
529.413142857143 1028.1700068811497 4863814768.636783 5762304438.204656 170.0 221.42857142857142
573.648451612903 1030.0339939699022 5762304438.204656 5892512280.819472 522.1102150537635 200.0
434.0214 1030.5367112038487 5892512280.819472 5889790648.312639 418.4222222222222 158.66666666666666
242.016225806452 1030.5262074763352 5889790648.312639 5886371252.710679 225.7231182795699 522.1102150537635
141.2042 1030.5130108380772 5886371252.710679 5699076810.809634 200.06944444444446 418.4222222222222
112.736064516129 1029.789871856408 5699076810.809634 5420862190.36674 200.0 225.7231182795699
95.8503870967742 1028.9738271145263 5420862190.36674 5091611214.543765 200.0 193.61559139784947
70.4100666666667 1028.498717481304 5091611214.543765 4696252177.895346 200.0 206.66666666666666
51.7662903225806 1027.8415674455266 4696252177.895346 4113575817.0392838 246.0 200.0
33.0551333333333 1025.9843944163642 4113575817.0392838 3665757394.99099 200.0 200.0
89.5234193548387 1024.4047879893863 3665757394.99099 3386628427.078622 200.0 246.0
197.699193548387 1022.7356032852202 3386628427.078622 3404356807.4292006 200.0 193.5483870967742
483.033035714286 1022.8719754417631 3404356807.4292006 4187741908.226773 169.0 221.42857142857142
883.652032258065 1026.2221079879832 4187741908.226773 5703835037.338581 315.0 200.0
711.757666666667 1029.8082433874076 5703835037.338581 5894723604.55618 621.4944444444444 157.73333333333332
355.195741935484 1030.5452454721294 5894723604.55618 5888375369.765617 339.991935483871 315.0
161.613233333333 1030.5207454236238 5888375369.765617 5752458882.49402 200.59166666666667 621.4944444444444
116.846161290323 1029.9959802412898 5752458882.49402 5490174137.470059 198.0 339.991935483871
91.6212580645161 1029.1383084796487 5490174137.470059 5149349498.917087 200.0 194.1209677419355
67.8172333333333 1028.5820339089712 5149349498.917087 4747017196.373339 200.0 204.6
48.4465161290323 1028.0014678158345 4747017196.373339 4176326918.6122336 238.0 200.0
51.3012333333333 1026.1857545178734 4176326918.6122336 3775574689.959172 200.0 200.0
84.7457096774193 1024.7921505818665 3775574689.959172 3484139361.5220604 200.0 238.0
209.807322580645 1023.4856873963236 3484139361.5220604 3535524293.9700255 200.0 193.5483870967742
689.364428571429 1023.8809561074618 3535524293.9700255 4836685029.172268 162.0 221.42857142857142
568.289064516129 1028.1308586279542 4836685029.172268 5507951511.133657 315.0 200.0
576.527233333333 1029.1863554354964 5507951511.133657 5892312754.877208 411.81111111111113 151.2
381.711483870968 1030.5359411637628 5892312754.877208 5888848147.565353 365.4301075268817 315.0
185.7957 1030.5225700377737 5888848147.565353 5814770688.651324 200.84166666666667 411.81111111111113
126.033225806452 1030.236566365449 5814770688.651324 5571190927.085207 200.0 365.4301075268817
97.3777741935484 1029.3572727759058 5571190927.085207 5248044948.0715 199.0 194.36290322580646
66.5694 1028.7244515845186 5248044948.0715 4842050532.117303 200.0 206.66666666666666
46.5674838709677 1028.1386010564463 4842050532.117303 4265474114.1061153 238.0 199.0
36.6345333333333 1026.4696627837775 4265474114.1061153 3826522384.732724 200.0 200.0
71.4001612903226 1024.9718602636074 3826522384.732724 3499461945.047501 200.0 238.0
217.974064516129 1023.6035534234423 3499461945.047501 3572984052.461129 200.0 193.5483870967742
492.893857142857 1024.077545158593 3572984052.461129 4383482636.4000025 168.0 221.42857142857142
366.69335483871 1026.8454861031846 4383482636.4000025 4515320553.067944 315.0 200.0
391.213866666667 1027.2653520798342 4515320553.067944 4973053795.235788 200.0 156.8
225.662064516129 1028.3276389541643 4973053795.235788 4999518214.887339 200.0 315.0
133.237333333333 1028.3658271499096 4999518214.887339 4794975248.14498 200.0 200.0
85.2490967741936 1028.0706713537445 4794975248.14498 4446879897.864585 200.0 200.0
63.7061290322581 1027.0473882097597 4446879897.864585 4036986268.048616 200.0 193.5483870967742
44.3738666666667 1025.7142372770675 4036986268.048616 3582991191.464511 200.0 206.66666666666666
29.2655161290322 1024.1128437088694 3582991191.464511 2749059584.474686 323.0 200.0
19.9402333333333 1019.6958294354786 2749059584.474686 2271902991.699134 200.0 200.0
45.8698387096774 1017.3926279245336 2271902991.699134 1869979346.566825 200.0 323.0
275.221193548387 1015.1759960989065 1869979346.566825 2087245102.3197327 200.0 193.5483870967742
551.286071428571 1016.4181799594709 2087245102.3197327 3007104058.175403 178.0 221.42857142857142
549.275483870968 1020.8096606212805 3007104058.175403 3629394636.522602 315.0 200.0
453.0279 1024.276524291085 3629394636.522602 4254326563.1004486 199.0 166.13333333333333
251.113419354839 1026.4341610289823 4254326563.1004486 4355086016.108468 199.0 315.0
131.736766666667 1026.755051006715 4355086016.108468 4149271423.199852 200.0 199.0
91.9488709677419 1026.0995905197447 4149271423.199852 3823023110.587413 200.0 199.0
70.1550967741935 1024.9595171449291 3823023110.587413 3435066896.7752914 200.0 193.5483870967742
52.898 1023.1082068982715 3435066896.7752914 3008647402.844719 201.0 206.66666666666666
38.8994516129032 1020.816131668112 3008647402.844719 2148496109.924387 345.0 200.0
44.6923333333333 1016.7414042740073 2148496109.924387 1737257626.0352166 200.0 201.0
68.3542258064516 1014.3836276181207 1737257626.0352166 1393700047.850429 200.0 345.0
118.701903225806 1012.1128381611516 1393700047.850429 1187832030.8299336 200.0 193.5483870967742
163.442892857143 1010.5335816343406 1187832030.8299336 1155251488.7436585 181.0 221.42857142857142
127.196838709677 1010.2810192925865 1155251488.7436585 1016823726.7546633 178.0 200.0
175.352066666667 1009.0917664600414 1016823726.7546633 940764027.9659065 200.0 168.93333333333334
101.320064516129 1008.4156802485858 940764027.9659065 687770046.9744763 191.38440860215053 178.0
58.3389666666667 1005.903605553429 687770046.9744763 687409988.6338422 55.375 200.0
41.7728709677419 1005.9005149238956 687409988.6338422 681455170.2077668 40.0 191.38440860215053
32.6314516129032 1005.8494006026417 681455170.2077668 649379305.249694 40.0 53.58870967741935
21.9208 1005.5740712896969 649379305.249694 587973462.2639505 40.0 41.333333333333336
10.8536774193548 1005.0469825087034 587973462.2639505 494466757.316697 40.0 40.0
17.3578 1004.244349848212 494466757.316697 431930544.1415118 40.0 40.0
37.3014516129032 1003.7075583188113 431930544.1415118 429211328.2720832 40.0 40.0
201.538193548387 1003.6842174100608 429211328.2720832 693289127.3950969 105.80645161290323 38.70967741935484
659.617321428572 1005.9509796342926 693289127.3950969 1851904465.205875 185.0 44.285714285714285
1080.25241935484 1015.0680863594381 1851904465.205875 3896913496.385731 315.0 105.80645161290323
895.072966666667 1025.2201534264047 3896913496.385731 5663504363.988828 199.0 172.66666666666666
543.825258064516 1029.6525265018875 5663504363.988828 5891728480.574783 441.1263440860215 315.0
224.001266666667 1030.533686245786 5891728480.574783 5886124194.290973 212.54722222222222 199.0
134.021806451613 1030.51205735361 5886124194.290973 5665851892.024207 199.03225806451613 441.1263440860215
96.0624516129032 1029.6615903166958 5665851892.024207 5335966406.72367 200.0 205.69086021505373
65.9179666666667 1028.8513223762245 5335966406.72367 4927899816.535666 200.0 205.66666666666666
43.6194838709677 1028.2624816977427 4927899816.535666 4369395458.898337 228.0 200.0
40.2008 1026.8006224805679 4369395458.898337 3939405510.7815137 200.0 200.0
70.7292258064516 1025.370037075067 3939405510.7815137 3610919974.436596 200.0 228.0
406.292612903226 1024.2113579345205 3610919974.436596 4190674222.3604765 200.0 193.5483870967742
701.2355 1026.231446568027 4190674222.3604765 5534982905.661785 157.0 221.42857142857142
673.144322580645 1029.2594132585452 5534982905.661785 5894277889.108721 536.1021505376344 200.0
359.758866666667 1030.5435253010198 5894277889.108721 5888477560.0202875 345.35 146.53333333333333
152.153709677419 1030.521139811399 5888477560.0202875 5712467784.077377 200.56451612903226 536.1021505376344
92.4419333333333 1029.8415744558972 5712467784.077377 5400321202.169881 200.0 345.35
72.9201935483871 1028.9441864389175 5400321202.169881 5016987313.739482 200.0 200.56451612903226
58.5487096774193 1028.3910350847611 5016987313.739482 4589573980.516244 200.0 193.5483870967742
40.2354333333333 1027.5018279634276 4589573980.516244 4120030231.3069506 200.0 206.66666666666666
26.094 1026.0064657047992 4120030231.3069506 3341696536.8590665 296.0 200.0
21.0259 1022.3899733604544 3341696536.8590665 2865705313.6244483 200.0 200.0
37.604064516129 1020.2167937678174 2865705313.6244483 2443718251.7379484 200.0 296.0
87.1814838709678 1018.2656592587257 2443718251.7379484 2159280439.5058866 200.0 193.5483870967742
229.777357142857 1016.7983136649386 2159280439.5058866 2287785722.730474 183.0 221.42857142857142
322.139225806452 1017.476441808604 2287785722.730474 2302973157.0649548 315.0 200.0
279.0302 1017.5565865808177 2302973157.0649548 2488077077.268546 199.0 170.8
121.557580645161 1018.4734289333421 2488077077.268546 2253798716.2385473 200.0 315.0
60.7111 1017.297090850863 2253798716.2385473 1876452704.7873302 200.0 199.0
41.6522903225807 1015.2146430136557 1876452704.7873302 1433578500.267067 200.0 200.0
34.2437741935484 1012.3822871639667 1433578500.267067 971987217.9479246 200.0 193.5483870967742
21.3034 1008.6932197150926 971987217.9479246 660845603.0734562 135.0888888888889 206.66666666666666
9.73222580645161 1005.6724944469825 660845603.0734562 563588556.1195338 40.0 200.0
7.27173333333333 1004.8376700096097 563588556.1195338 474754271.7296862 40.0 135.0888888888889
42.6832903225806 1004.0751439633449 474754271.7296862 486616120.9417297 40.0 40.0
163.609451612903 1004.1769624115169 486616120.9417297 687988733.9394137 91.31720430107526 38.70967741935484
305.377071428571 1005.9054826947589 687988733.9394137 975112243.76856 190.0 44.285714285714285
515.583290322581 1008.7209977223871 975112243.76856 1509782699.3978922 315.0 91.31720430107526
448.1112 1012.8971804013371 1509782699.3978922 2134588528.9424727 200.0 177.33333333333334
271.508322580645 1016.6680133453428 2134588528.9424727 2303141452.588796 200.0 315.0
125.965266666667 1017.5574746838458 2303141452.588796 2096719303.9115434 199.0 200.0
80.5058064516129 1016.468175746235 2096719303.9115434 1758632675.1602147 199.0 200.0
56.4302903225807 1014.5112398517028 1758632675.1602147 1353095484.7975266 200.0 192.58064516129033
35.7994333333333 1011.8146936806011 1353095484.7975266 906928265.3721355 200.0 205.63333333333333
17.4331290322581 1008.1149179144189 906928265.3721355 636718489.8734301 111.83870967741936 200.0
11.4152333333333 1005.465394762862 636718489.8734301 558407246.3732797 40.0 200.0
42.3448387096774 1004.7931952478393 558407246.3732797 569639351.5385479 40.0 111.83870967741936
282.83335483871 1004.8896081677128 569639351.5385479 877193794.4849674 171.18279569892474 38.70967741935484
526.084607142857 1007.8276286613842 877193794.4849674 1717766686.8743687 183.0 44.285714285714285
441.858967741935 1014.2672638022351 1717766686.8743687 2054143923.233053 315.0 171.18279569892474
449.691966666667 1016.243503552681 2054143923.233053 2681902113.449792 199.0 170.8
165.603064516129 1019.3812745360646 2681902113.449792 2566690744.0121064 199.0 315.0
75.6662 1018.8416428290965 2566690744.0121064 2228755143.6667147 199.0 199.0
51.8997096774194 1017.1649347950749 2228755143.6667147 1813347016.7294402 199.0 199.0
37.5056129032258 1014.8378926371907 1813347016.7294402 1356864038.023431 200.0 192.58064516129033
24.2406666666667 1011.8439072714995 1356864038.023431 880864014.4242195 200.0 205.63333333333333
13.5417096774194 1007.8652719428125 880864014.4242195 626885039.5836284 101.9489247311828 200.0
8.4959 1005.3809874642371 626885039.5836284 541044492.0881819 40.0 200.0
67.8139677419355 1004.6441587303706 541044492.0881819 620548447.7677504 40.0 101.9489247311828
315.535870967742 1005.326596118178 620548447.7677504 978079095.7208333 185.3763440860215 38.70967741935484
519.093035714286 1008.7473697397406 978079095.7208333 1799809686.366033 184.0 44.285714285714285
637.365612903226 1014.7570727544241 1799809686.366033 2659401731.3019357 315.0 185.3763440860215
611.278466666667 1019.275886329283 2659401731.3019357 3700491470.687183 199.0 171.73333333333332
372.049967741935 1024.5273067749106 3700491470.687183 4127605666.658964 199.0 315.0
150.201533333333 1026.030591295092 4127605666.658964 3970595445.7132816 200.0 199.0
104.528032258065 1025.4800544822338 3970595445.7132816 3679063219.838915 200.0 199.0
77.6274193548387 1024.451722115834 3679063219.838915 3312668179.633791 200.0 193.5483870967742
50.0950666666667 1022.1666783048754 3312668179.633791 2880513897.092438 201.0 206.66666666666666
29.337064516129 1020.2788842645385 2880513897.092438 1913754775.5451076 376.0 200.0
19.3250666666667 1015.437341943553 1913754775.5451076 1437567708.266712 200.0 201.0
87.2251290322581 1012.4092412720723 1437567708.266712 1143430644.985765 200.0 376.0
407.438 1010.1893848448509 1143430644.985765 1711742970.7553163 200.0 193.5483870967742
586.189178571429 1014.2313013179422 1711742970.7553163 2738716274.231453 168.0 221.42857142857142
795.484806451613 1019.6473830174775 2738716274.231453 4020352204.617294 315.0 200.0
813.061033333333 1025.6555633319833 4020352204.617294 5574247151.419751 199.0 156.8
480.128290322581 1029.3655328416748 5574247151.419751 5890589752.590211 344.65860215053766 315.0
215.483233333333 1030.5292914979896 5890589752.590211 5885961801.31938 203.65277777777777 199.0
136.859709677419 1030.5114306225876 5885961801.31938 5670671613.756534 200.002688172043 344.65860215053766
104.647935483871 1029.6801992809133 5670671613.756534 5363683483.751565 200.0 197.08333333333331
75.7020333333333 1028.8913181583716 5363683483.751565 4980799323.220033 200.0 206.66944444444442
48.0892258064516 1028.3388157622223 4980799323.220033 4436464081.176219 227.0 200.0
36.4143333333333 1027.0142168190325 4436464081.176219 3996499431.981 200.0 200.0
69.0377096774194 1025.5714265678341 3996499431.981 3663657697.0247097 200.0 227.0
126.959258064516 1024.3973816473535 3663657697.0247097 3493661505.7138195 200.0 193.5483870967742
263.442714285714 1023.5589346593371 3493661505.7138195 3732986206.840312 174.0 221.42857142857142
781.20964516129 1024.6419266555213 3732986206.840312 4975175891.16445 315.0 200.0
445.711633333333 1028.3307011416514 4975175891.16445 5575035490.669731 199.0 162.4
237.183193548387 1029.3676634882966 5575035490.669731 5629886380.7353735 200.0 315.0
119.766933333333 1029.5227273387466 5629886380.7353735 5388805702.772756 200.0 199.0
82.0065806451613 1028.9275695566705 5388805702.772756 5029806843.534281 200.0 200.0
62.4445161290323 1028.4095336847536 5029806843.534281 4612737029.295066 200.0 193.5483870967742
43.3131 1027.5755956346977 4612737029.295066 4150936451.457151 200.0 206.66666666666666
21.053935483871 1026.104893157507 4150936451.457151 3414632178.554897 275.0 200.0
18.0287666666667 1022.9510167581146 3414632178.554897 2930624400.5081735 200.0 200.0
118.982064516129 1020.4889911970993 2930624400.5081735 2727134271.542854 200.0 275.0
505.424516129032 1019.5931347613248 2727134271.542854 3567398477.6547966 200.0 193.5483870967742
1142.19889285714 1024.0578429546906 3567398477.6547966 5902779497.197388 188.11309523809524 221.42857142857142
1384.0545483871 1030.5763359668852 5902779497.197388 5906893095.168952 1379.5833333333333 200.0
1029.1991 1030.592211773808 5906893095.168952 5900351751.192974 1015.0527777777778 175.57222222222222
628.869709677419 1030.5669664497154 5900351751.192974 5893232846.054829 613.9435483870968 1379.5833333333333
285.549833333333 1030.539492115992 5893232846.054829 5887209904.83489 274.25555555555553 1015.0527777777778
175.252548387097 1030.5162474886424 5887209904.83489 5773628892.667257 200.26075268817203 613.9435483870968
131.746967741936 1030.0777177323062 5773628892.667257 5538114798.590128 200.0 265.4086021505376
92.7500666666667 1029.2678778340273 5538114798.590128 5198484224.980532 200.0 206.9361111111111
57.665 1028.6529353895824 5198484224.980532 4688947745.551969 223.0 200.0
69.6110666666667 1027.81830492214 4688947745.551969 4334275734.712338 200.0 200.0
104.426483870968 1026.6887762251986 4334275734.712338 4097431856.4803824 200.0 223.0
223.112225806452 1025.9274492292077 4097431856.4803824 4187707184.234847 200.0 193.5483870967742
463.748178571429 1026.2219974020218 4187707184.234847 4927624862.0767355 169.0 221.42857142857142
440.777451612903 1028.2620849380617 4927624862.0767355 5257407402.942908 315.0 200.0
328.4019 1028.7379616204082 5257407402.942908 5552807525.046283 199.0 157.73333333333332
189.986838709677 1029.3075879055305 5552807525.046283 5481799987.485058 200.0 315.0
115.086433333333 1029.1156756418516 5481799987.485058 5229129304.845604 200.0 199.0
88.146 1028.6971562840486 5229129304.845604 4887045654.880611 200.0 200.0
67.9768064516129 1028.2035290835217 4887045654.880611 4485505525.431861 200.0 193.5483870967742
48.0371333333333 1027.1703997625218 4485505525.431861 4036996694.1107383 200.0 206.66666666666666
31.1604516129032 1025.7142740533006 4036996694.1107383 3265308151.21447 299.0 200.0
37.0707333333333 1021.8922773635827 3265308151.21447 2831082079.2182517 200.0 200.0
54.1066451612903 1020.0716229736614 2831082079.2182517 2453256334.670071 200.0 299.0
213.558516129032 1018.3103341202345 2453256334.670071 2508256033.660252 200.0 193.5483870967742
303.007357142857 1018.5679439515702 2508256033.660252 2828017925.5181375 178.0 221.42857142857142
518.175774193549 1020.0587753690488 2828017925.5181375 3367373571.70372 315.0 200.0
636.139866666666 1022.5874890131056 3367373571.70372 4467198970.192895 199.0 166.13333333333333
413.18735483871 1027.1120986311876 4467198970.192895 4996945653.807846 200.0 315.0
183.440366666667 1028.3621149405596 4996945653.807846 4922383400.559172 200.0 199.0
115.014935483871 1028.2545215015284 4922383400.559172 4653156059.033115 200.0 200.0
85.7002580645161 1027.7043186593412 4653156059.033115 4300493973.554784 200.0 193.5483870967742
59.9293 1026.581190998582 4300493973.554784 3884291948.8650365 200.0 206.66666666666666
36.361064516129 1025.1756329765963 3884291948.8650365 2977106550.0980926 356.0 200.0
32.9351666666667 1020.6838849060716 2977106550.0980926 2533000665.168207 200.0 200.0
61.8636129032258 1018.6838438649564 2533000665.168207 2175027859.581275 200.0 356.0
224.013225806452 1016.8814135070252 2175027859.581275 2256556887.7409105 200.0 193.5483870967742
331.442714285714 1017.3116458455984 2256556887.7409105 2656338405.4624724 173.0 221.42857142857142
585.414741935484 1019.2615381988875 2656338405.4624724 3375882801.324044 315.0 200.0
530.715533333333 1022.6529446255696 3375882801.324044 4203202580.650944 199.0 161.46666666666667
342.166096774194 1026.2713457982513 4203202580.650944 4544736831.972292 200.0 315.0
164.600666666667 1027.359034496727 4544736831.972292 4423043231.110829 200.0 199.0
106.053258064516 1026.9714752583147 4423043231.110829 4132757062.8357863 200.0 200.0
79.5767096774194 1026.0469970154006 4132757062.8357863 3767496945.660769 200.0 193.5483870967742
53.0012666666667 1024.7636576566517 3767496945.660769 3338768468.392026 200.0 206.66666666666666
36.3235483870968 1022.3674497568618 3338768468.392026 2438931060.5471606 356.0 200.0
27.9102 1018.2432368175511 2438931060.5471606 1983328381.0668507 200.0 200.0
66.388064516129 1015.8527067526379 1983328381.0668507 1635406871.8437338 200.0 356.0
216.662483870968 1013.7459923773225 1635406871.8437338 1694201478.5547888 200.0 193.5483870967742
338.498142857143 1014.126575991372 1694201478.5547888 2127659556.0666063 165.0 221.42857142857142
316.20564516129 1016.6314488446786 2127659556.0666063 2127184904.184835 315.0 200.0
245.134933333333 1016.6289440854081 2127184904.184835 2223442624.6579704 200.0 154.0
123.089064516129 1017.1369003939734 2223442624.6579704 1995367873.4119785 200.0 315.0
69.729 1015.9245843188776 1995367873.4119785 1642739412.6487458 200.0 200.0
52.2432580645161 1013.795536571951 1642739412.6487458 1229951244.7258718 200.0 200.0
40.308935483871 1010.8600871684176 1229951244.7258718 786478962.5505439 200.0 193.5483870967742
26.5055666666667 1006.8972201287235 786478962.5505439 647624069.5700916 74.22222222222223 206.66666666666666
20.3899032258065 1005.5590048890136 647624069.5700916 578901688.1994187 40.0 200.0
16.3810333333333 1004.9691132034285 578901688.1994187 513603838.4320446 40.0 74.22222222222223
66.2608064516129 1004.4086166389017 513603838.4320446 588849630.3281147 40.0 40.0
