0.045509938698654606
0.4678781882481535
1.2544242924640467
1.304794001445394
1.3672360463068263
0.6225779253140145
0.17713887470677236
0.16357515599858463
0.12445784022808282
0.13606200654803968
0.09978068331293188
0.10578769832869717
0.009151465740542819
0.46359041338350354
0.838282026029932
0.7121772697224713
0.1783921537649632
0.1489954961749429
0.15415696699983883
0.1380466083010211
0.10461101013471563
0.10048574192417348
0.04605054379829554
0.011586591301506188
0.11335136550294711
0.4819326019346045
0.30485995412448086
1.034619639558195
0.5072366613544943
0.15210576571772938
0.15899692028522772
0.14046280742305062
0.10665277867222822
0.10471668877576878
0.04998995309047316
0.02304073002420337
0.10480022190603272
0.48041952536789034
0.3552096952746122
0.38374931894606934
0.5873688354037359
0.17993846780615996
0.17419783614661255
0.1448908854133647
0.11121146738651722
0.1110502623224745
0.09294443702241217
0.3428628029583728
0.16178000184130992
0.48479586612199466
0.2873424003766386
0.053751366914861265
0.05923030422714837
0.0741346515115815
0.08755843578788736
0.05960040438144354
0.011980475906250065
0.03567583824652698
0.104859483726432
0.15301042026916029
0.2680189281643504
0.5094763753426299
0.12606193352266515
0.4291735473728906
0.01816748764150844
0.052214664863555194
0.06372459663575403
0.03731530896541291
0.02646334819204199
0.05035960252174643
0.11959698288790344
0.16283349982874618
0.28097569015130924
0.5203006316590642
0.3733281439167824
0.31623443920450084
0.40546069982070626
0.28524261579236
0.5177222878272295
0.5178816699177703
0.5203066324519919
0.5203836149249131
0.524318957413877
0.5245599283855776
0.4579461602589934
0.5221500049983112
0.09760321554711227
0.111152392173689
1.1037673295048134
0.15633609149511885
0.17039594385539936
0.1444161355412118
0.11224976108902807
0.11711175433124876
0.06234495567107201
0.04675638293338191
0.09641687361985463
0.4702873200518055
0.7937292382011383
0.4889175272475348
0.17294961930574537
0.1328438179571424
0.1383013260136663
0.12583333861619883
0.07444588399547625
0.060883570644664764
0.018905671001473556
0.04646224661767007
0.16355058289035396
0.49919195102712993
0.09298717591373984
0.24989698788742187
0.07004615013559046
0.09945829033652615
0.12264225562702913
0.2094717219846915
0.519375479444154
0.5194730644970202
0.523524388350861
0.5244398656487903
0.48424671471821173
0.5225086790770366
0.03435373821520937
0.38674689265055545
0.04270355899735223
0.04104957338996784
0.04096327956745116
0.08086664180971259
0.14816552553534806
0.30011935019701896
0.5199646291860441
0.520484568353106
0.34731227813963395
0.5175496148456582
0.07638514424048037
0.18305088204278708
0.016214115717870348
0.03894718800671049
0.05690176736211683
0.10159073966997095
0.17842840078928657
0.4576333279017491
0.5211186794740384
0.521876031174805
0.34256633110616647
0.5149722989914834
0.08694509238666348
0.19865268910439604
0.06482819227720038
0.08325563183689466
0.09671214250504945
0.07279579824464444
0.012603054706473715
0.014777634306370024
0.08162806683909452
0.1233757026617282
0.2315355447157853
0.495554020238358
0.21509120205475207
0.20467603990071526
0.9018171246258135
0.16389285895793848
0.17143319135061563
0.1493141220972053
0.1120776796855093
0.11818990797243334
0.06423117210407492
0.04961981348405642
0.1027010329910022
0.4811922298851369
0.26017826804877187
0.01388356294961901
0.1422631491059988
0.12141608093357803
0.13562881397304893
0.11464497947352914
0.06385234895190095
0.04630068183865643
0.03238275189852602
0.06340907766081794
0.17932196902041614
0.4820371055289659
1.3102385538324521
1.3066865263628942
1.3679484496913694
0.27140735597989185
0.19094313771354665
0.16861043058533742
0.12130589208664311
0.1329151513456528
0.0819156034456564
0.07665649027456334
0.061635570665311445
0.4700078296035836
0.3661379305565976
0.03593942767409508
0.1436728815018754
0.1195532880819874
0.1304064575295394
0.14562847889597585
0.46807559315073477
0.1806752626418484
0.038065092816101376
0.1429425062288054
0.2601310704509807
0.5100689483370453
0.04184908577609625
0.4834195175969294
0.15672553236381603
0.029593647307035287
0.06997141694115294
0.08305252299194221
0.03787146137610564
0.005354183617736097
0.0547243167179956
0.08841747865488253
0.2180747747146919
0.49862994268572425
0.12827087596540598
0.4721886459796759
0.08652282723906046
0.07435081325409232
0.09109587847043621
0.09032172205671274
0.040817123082247164
0.006673821308766703
0.05617014527358244
0.08929194431696713
0.23486734330813258
0.49895720771791413
0.1279891131413744
0.48187102397046894
0.06849366804370655
0.09798486645812132
0.09326850937913111
0.11633981148112377
0.19055574993468682
0.4823145170178955
0.5209008082812706
0.5211052689033814
