0.08297436750065645
0.4682515687127473
1.2092079910634004
1.3047942347118084
1.3672362872842487
0.6225780735263506
0.25547292122012644
0.23650421484205408
0.19291079175560077
0.2084710833881681
0.15738696366850524
0.15887710099259877
0.2245892076371449
0.4655012719030606
0.5787402872204306
0.712177171795753
0.2407398312539194
0.22121047997460075
0.22450106405977655
0.20506863191683478
0.15975580875035922
0.15132764065619164
0.07570725064622474
0.03868168018731777
0.28560743603918365
0.48631387440671936
0.2752456371089763
0.6283520654349148
0.5072366404418576
0.22809823473508606
0.23183698371283823
0.21226918742792666
0.1706484410041168
0.16260409091592554
0.09176562074875039
0.05191625188335269
0.3053311952192457
0.48359331181659737
0.3346255753709767
0.08089913599014409
0.5873690397889448
0.2255446578696576
0.20542489382796958
0.15821566949598298
0.16383465751210557
0.17487021363496036
0.10864577415022236
0.0641859802443121
0.32549156397625856
0.481610376733858
0.30930872323938385
0.45821844609349627
0.1934301046589093
0.1829369200282469
0.1850649707841855
0.14137772820600347
0.08801642790075137
0.04903034761145453
0.03194065546601965
0.08778581490215204
0.3110584457882285
0.5058649695464518
0.14518330479398467
0.4715541437602983
0.15477235283281598
0.14510225165735657
0.14379278517779615
0.08919457503608452
0.01622497714857607
0.012049481222779157
0.09819557551198405
0.2348561427229015
0.41651017269092766
0.5225129401042068
0.38026919186894903
0.4818585463803905
0.07732911672625459
0.4718963113150727
0.5177239295841334
0.517883300806337
0.5203081985484975
0.5203852180687075
0.5243204926132722
0.5245615103741231
0.46014378282343776
0.5219924332208052
0.0983138506486454
0.11658062962977256
1.1037760306874709
0.23179183834349393
0.24388398420963742
0.2182899953094325
0.17923906047412752
0.17622776691225583
0.10954295621974564
0.06606718789137711
0.2997532237687456
0.47454558227471866
0.48267662098420594
0.48891771532275796
0.23893228391620702
0.20437327168503616
0.20718081536172583
0.16765222040287642
0.1144375129254982
0.09498919539549566
0.013032444656218778
0.030876052162754464
0.2834159855237085
0.5063418152513934
0.0409719077842613
0.4922669740058171
0.005258160449306493
0.02651582792857754
0.08146941737986207
0.45697036991297857
0.5199371789488205
0.5200480514612853
0.5240750062321985
0.5250072650262603
0.49372558433142466
0.5225151536554736
0.034405007171705804
0.4228669366163529
0.03616009708397416
0.026514774571639088
0.015247113051729322
0.032807177639042284
0.12345653588836769
0.5012317165653536
0.5212232704299875
0.5217815699262054
0.30029976288994265
0.5225040373037444
0.05153959265281638
0.41823468694418037
0.06056040029714882
0.03212685946734928
0.015757760453503522
0.03952410926857819
0.26557309374619953
0.5181960174775129
0.5220385758035021
0.5228239637108985
0.3217814434764001
0.5174353508950804
0.07470330075996134
0.4368454332162306
0.1598613181229096
0.1673092027190528
0.171514253105439
0.14008085056543118
0.05937898225049665
0.03176149207980983
0.05040460413992309
0.11481665871732588
0.21153738292885577
0.5053349144941773
0.15773014400885554
0.3941720644369918
0.9018068715440866
0.23043179638176314
0.24215761622365684
0.22090380983609037
0.18229106342579193
0.17807513982677226
0.11232764312306598
0.0686410023150521
0.30091618598682424
0.4844334453487603
0.21425646571664458
0.4550692728576397
0.2145652056334152
0.19684189479714487
0.21074047207788815
0.18683531298004952
0.12536890023253022
0.0848642143436511
0.004171693476575755
0.04220439034129375
0.27570952034222584
0.4860048938722745
1.2810231614777932
1.3066868104219267
1.3679487430935056
0.2714074831676213
0.25078811426536884
0.18053120574853576
0.16937560284546938
0.20130125172514035
0.14341250770079972
0.13125214120511786
0.27325720023562916
0.4711691252224872
0.3574216223982194
0.45166727388116384
0.22191930879966204
0.1986394658320757
0.18777371564436096
0.13602996283549673
0.12133754981942713
0.10985636798208231
0.02117196508984065
0.01697464460442155
0.2857966507997502
0.4963875472670195
0.13575475840758
0.4736434181036229
0.17426832530620506
0.18404270468577932
0.19292131901299647
0.109024227571071
0.08389224260569672
0.08479891842663312
0.009591301479551118
0.031574365524534076
0.30757379849434224
0.49756357563583886
0.13560129957638878
0.47138314664652503
0.16827559606108855
0.17358366641776246
0.1659933305796688
0.09581590669973206
0.06507736333324143
0.04877984295223359
0.027153190348976786
0.07703004455966966
0.28837787565692846
0.507028707091038
0.07453528762010986
0.4884326984934657
0.00838286227961127
0.027303368553434515
0.07500895436344235
0.3091041447864692
0.5194624444405983
0.51920289149365
0.522530188389938
0.5227843085616539
