0.1819526647420715
0.4656408851786951
1.319352623189889
1.304794810900266
1.3672368828527008
0.6225784399904388
0.04183582503615946
0.086807254219113
0.11089687915417806
0.09672154971081492
0.12593204001980646
0.10928591529128184
0.17687671501912156
0.8150422277742277
1.2353897081204757
0.7121775306129372
0.14576630971700855
0.10482866009812253
0.09323590500983919
0.09998112231919842
0.11894908335932913
0.11224925972100058
0.12952112760557322
0.12171894884128881
0.19929591954094544
0.46148500255147706
1.333346823775883
1.3051045412513804
0.5072368166365762
0.10204869647702253
0.08769647033822447
0.1003527761161554
0.12032255669306474
0.11447325123436142
0.13173770107619415
0.12123062666743656
0.1967454708085853
0.015379851734153127
1.2223935932159051
1.1448365671464324
0.5873687868759752
0.03695988508574344
0.09346098806585229
0.09865640371068124
0.12167428100773298
0.11360235723486228
0.13675511857060285
0.12659865051659186
0.20306495730769475
0.460378030552277
0.5448913022823978
0.5774511577332082
0.09349287601813416
0.11124187223368931
0.10020810690733206
0.10949367623568257
0.1309814877096906
0.12199814225922184
0.14558070894109054
0.14450616166534624
0.20441101900226516
0.463370617254837
0.8621727612031227
0.7693397814106973
0.17473920077772342
0.10778444018493849
0.09735958343583773
0.10613941990443493
0.13060162686898652
0.11824415197367505
0.14029583560792497
0.1397187891558227
0.20341080912762516
0.4653777942042018
0.19878696588726064
0.2248949423378665
0.1255778562172814
0.1433187900735134
0.13099797430235693
0.14534723474053873
0.16928726619717654
0.1616550658250983
0.22480725321040823
0.23810669499332682
0.31012409599447943
0.4925398856380492
0.274292439660046
1.264805645669576
1.1037761798762424
0.08259527084264484
0.08978023919450423
0.09780333382385026
0.12418296756451636
0.11333225566381189
0.13373405380199072
0.1260518114790498
0.19108461012622424
0.6440926727892118
1.366975063820873
0.4889173371864626
0.09633828613116835
0.11353243963061715
0.10652820495070525
0.114647078427637
0.13399494736756384
0.1252777141106542
0.15283218878599558
0.1493802377687703
0.21250593571729548
0.4703547683498034
0.3195057024184379
0.2399987539741944
0.13052191934129048
0.1432155734374354
0.13628782382892246
0.15020664581326076
0.1822297669339366
0.17661406650089595
0.21091180935649922
0.23515628096680785
0.3046429190406187
0.49376293292239526
0.15474175755854425
0.25880981255754054
0.14781038325166035
0.1423316992936367
0.13204759736149746
0.1443987650607989
0.14691416505535132
0.14576368939897183
0.1812202308869295
0.20314084850067626
0.29282841962246625
0.48673096838519403
0.28154062150319537
0.21404453586564992
0.10957926743717561
0.12739914249537754
0.11402567170828604
0.12048404308977778
0.14412391304456412
0.13089849363054556
0.16710039552843908
0.21094156773205425
0.2807812420712814
0.48164137307725574
0.31458426110782456
0.10301352993732216
0.5578511649983691
0.08403445145715388
0.08972794297939807
0.08837490723148056
0.12074930378424559
0.1054247122368484
0.128455210637355
0.11353978678506499
0.2159412753793859
0.03454895893980925
1.3666000240402323
1.3048264032458983
0.9018170406264854
0.05533220564168062
0.08674816108966682
0.09445288234824861
0.1144855465726839
0.1065549160639781
0.1300421327838872
0.11879915649789047
0.20183166145536863
0.46221416801222803
0.8759008149610759
0.7524864937999938
0.13086001184548002
0.10505303272261424
0.09262567122310444
0.09901429565289799
0.11751227229096356
0.10555372244992745
0.14436663264007804
0.1382090229203234
0.2164396450836043
1.0911992845777672
1.3684150562294883
1.3066875663251336
1.367948198520766
0.2714072469964195
0.06691021956543919
0.09360020649915546
0.11647864662714241
0.11016738260429804
0.13188414671681725
0.1181231350448031
0.1854557596519552
0.025175663210484922
0.8168181831402137
0.3884385267638648
0.019822575654252717
0.11177871480268492
0.10232029571079976
0.1107179285003097
0.1314254296637951
0.12229607449356888
0.14603172601146075
0.14333072683582027
0.20525195913770655
0.4643448956036668
0.3732162882790928
0.8071703511885222
0.6875461710304083
0.043419407294108314
0.09348014412953987
0.0999846722040833
0.1235185006396568
0.11490310004785259
0.13556339240595416
0.1309163912464016
0.20179205805326866
0.461559223862052
0.5687084038954882
1.0061064152404986
0.462225064870464
0.10215223065979612
0.09365666789954002
0.10107277979755702
0.12474888049316962
0.11588054909169132
0.13650629078610754
0.13643802166957897
0.21209714189619783
0.46216876067461
0.3848851521549379
0.22509115234826854
0.11009914447114816
0.1253518173133733
0.11499482323435822
0.1201299589101476
0.1435423290410089
0.14341058512940413
0.17033435072729175
0.18075062031535766
