322.045903225806 1024.3303225820105 3644646452.0 3901727701.6885223 236.0 56.18329032258064
643.509857142857 1025.237134750224 3901727701.6885223 4918685183.16168 234.0 59.67067857142857
785.285774193548 1028.2491849684873 4918685183.16168 5896264564.91079 417.51881720430106 236.0
810.8132 1030.5511925746985 5896264564.91079 5896482919.212272 794.0666666666667 218.4
709.144935483871 1030.5520352799788 5896482919.212272 5894658274.184412 692.239247311828 417.51881720430106
400.573266666667 1030.5449933394766 5894658274.184412 5889249183.63426 389.0388888888889 794.0666666666667
209.112838709677 1030.5241177756038 5889249183.63426 5776810654.462814 233.68817204301075 692.239247311828
155.613161290323 1030.0900025268836 5776810654.462814 5530242645.7179785 228.0 376.4892473118279
113.363733333333 1029.2466017451836 5530242645.7179785 5220688068.373392 209.0 241.47777777777776
89.1516451612903 1028.6849755676383 5220688068.373392 4923401414.219968 175.0 228.0
132.6879 1028.25599049671 4923401414.219968 4713393188.591097 207.0 209.0
183.475935483871 1027.896156651564 4713393188.591097 4762182607.103831 173.0 175.0
219.466193548387 1028.0233515254024 4762182607.103831 4738332155.949397 240.0 200.32258064516128
529.413142857143 1027.9755801144886 4738332155.949397 5474165722.40578 237.0 191.53571428571428
573.648451612903 1029.0950424929886 5474165722.40578 5892513016.169986 414.58870967741933 240.0
434.0214 1030.5367140418223 5892513016.169986 5889791383.58521 418.4222222222222 221.2
242.016225806452 1030.526210314008 5889791383.58521 5861437784.193269 235.06720430107526 414.58870967741933
141.2042 1030.4167482015184 5861437784.193269 5594373469.708372 231.0 418.4222222222222
112.736064516129 1029.4199282965092 5594373469.708372 5249938628.584922 225.0 235.06720430107526
95.8503870967742 1028.7271841682323 5249938628.584922 4923981616.431569 199.0 223.5483870967742
70.4100666666667 1028.2568277293385 4923981616.431569 4560583840.5758915 188.0 232.5
51.7662903225806 1027.4095026769933 4560583840.5758915 4096497280.1323004 202.0 199.0
33.0551333333333 1025.924152663606 4096497280.1323004 3788507513.082886 146.0 188.0
89.5234193548387 1024.8377690055834 3788507513.082886 3483104249.589574 210.0 202.0
197.699193548387 1023.4777249968429 3483104249.589574 3402240472.9344797 237.0 141.29032258064515
483.033035714286 1022.8556959456499 3402240472.9344797 4028015649.153475 234.0 232.5
883.652032258065 1025.6825948823755 4028015649.153475 5544236945.812897 315.0 237.0
711.757666666667 1029.2844241778726 5544236945.812897 5894726335.248624 560.0277777777778 218.4
355.195741935484 1030.5452560108222 5894726335.248624 5888378100.448897 339.991935483871 315.0
161.613233333333 1030.5207559622813 5888378100.448897 5667764207.630431 233.36944444444444 560.0277777777778
116.846161290323 1029.6689737746349 5667764207.630431 5315235706.988796 232.0 339.991935483871
91.6212580645161 1028.8214079465927 5315235706.988796 4924263914.282041 219.0 225.84139784946237
67.8172333333333 1028.2572350855442 4924263914.282041 4587738228.727132 175.0 239.73333333333332
48.4465161290323 1027.4959816201501 4587738228.727132 4098548038.4815884 208.0 219.0
51.3012333333333 1025.9313863791238 4098548038.4815884 3824841495.138496 151.0 175.0
84.7457096774193 1024.965931199783 3824841495.138496 3506754495.7961226 210.0 208.0
209.807322580645 1023.6596499676625 3506754495.7961226 3458750433.0332365 237.0 146.1290322580645
689.364428571429 1023.2903879464095 3458750433.0332365 4582612398.198316 235.0 232.5
568.289064516129 1027.479657319103 4582612398.198316 5254022804.363213 315.0 237.0
576.527233333333 1028.7330776397737 5254022804.363213 5892314268.248076 314.25555555555553 219.33333333333334
381.711483870968 1030.535947004388 5892314268.248076 5888849661.023028 365.4301075268817 315.0
185.7957 1030.5225758787337 5888849661.023028 5717491397.485215 238.48888888888888 314.25555555555553
126.033225806452 1029.8609706466611 5717491397.485215 5378525541.626437 236.0 365.4301075268817
97.3777741935484 1028.9127352693022 5378525541.626437 4970631760.05803 231.0 230.79569892473117
66.5694 1028.3241439539077 4970631760.05803 4514382272.467028 220.0 243.86666666666667
46.5674838709677 1027.2623639250542 4514382272.467028 4012897667.2676096 211.0 231.0
36.6345333333333 1025.6292686676106 4012897667.2676096 3543547971.8258724 212.0 220.0
71.4001612903226 1023.9426767063529 3543547971.8258724 3171980477.7494793 216.0 211.0
217.974064516129 1021.5009663637295 3171980477.7494793 3137689897.1415367 239.0 205.16129032258064
492.893857142857 1021.357190344409 3137689897.1415367 3773590907.039837 239.0 239.14285714285714
366.69335483871 1024.7851531112515 3773590907.039837 3906060928.8002577 315.0 239.0
391.213866666667 1025.252419501941 3906060928.8002577 4266253038.953741 239.0 223.06666666666666
225.662064516129 1026.4721434361584 4266253038.953741 4194838569.9676623 238.0 315.0
133.237333333333 1026.244708821553 4194838569.9676623 3900552906.5002728 236.0 239.0
85.2490967741936 1025.2329908518527 3900552906.5002728 3475275380.21718 231.0 238.0
63.7061290322581 1023.4175029247476 3475275380.21718 3013297431.4649534 223.0 228.38709677419354
44.3738666666667 1020.8356286434589 3013297431.4649534 2553856822.065365 207.0 238.7
29.2655161290322 1018.7815307825075 2553856822.065365 2035188525.6341846 209.0 223.0
19.9402333333333 1016.1434750693096 2035188525.6341846 1542108923.005092 207.0 207.0
45.8698387096774 1013.1156008311154 1542108923.005092 1094465754.8071263 216.0 209.0
275.221193548387 1009.7819178205077 1094465754.8071263 1202465139.9647832 239.0 200.32258064516128
551.286071428571 1010.6470165888743 1202465139.9647832 1974907997.7809355 237.0 239.14285714285714
549.275483870968 1015.8024358076474 1974907997.7809355 2598483740.514703 315.0 239.0
453.0279 1018.9905561616613 2598483740.514703 3146306282.273752 232.0 221.2
251.113419354839 1021.3933177453825 3146306282.273752 3189465288.211399 224.0 315.0
131.736766666667 1021.5742779379933 3189465288.211399 2959835614.6545877 212.0 232.0
91.9488709677419 1020.6114700824091 2959835614.6545877 2646245634.11495 199.0 224.0
70.1550967741935 1019.2142652651754 2646245634.11495 2288280190.711756 193.0 205.16129032258064
52.898 1017.4790511383205 2288280190.711756 1824422181.445922 220.0 205.63333333333333
38.8994516129032 1014.9040130235578 1824422181.445922 1369295036.9459352 198.0 193.0
44.6923333333333 1011.9402716042321 1369295036.9459352 895880229.7754745 225.0 220.0
68.3542258064516 1008.0167131535597 895880229.7754745 687638570.2936108 148.19892473118279 198.0
118.701903225806 1005.9024769982284 687638570.2936108 687381081.4734638 121.8010752688172 217.74193548387098
163.442892857143 1005.9002667937635 687381081.4734638 687769593.790564 166.23809523809524 164.07738095238093
127.196838709677 1005.9036016634383 687769593.790564 686330132.5258715 127.06720430107526 121.8010752688172
175.352066666667 1005.8912457727542 686330132.5258715 688160143.4603498 170.8527777777778 155.15555555555557
101.320064516129 1005.9069540211188 688160143.4603498 687761255.1496072 97.46505376344086 127.06720430107526
58.3389666666667 1005.903530087121 687761255.1496072 687494797.7647495 55.33888888888889 170.8527777777778
41.7728709677419 1005.9012428992681 687494797.7647495 681453588.3376892 40.03225806451613 97.46505376344086
32.6314516129032 1005.8493870243578 681453588.3376892 649377735.5900878 40.0 53.553763440860216
21.9208 1005.5740578162239 649377735.5900878 587971907.3047389 40.0 41.36666666666667
10.8536774193548 1005.046969161414 587971907.3047389 494465218.62449527 40.0 40.0
17.3578 1004.2443366405536 494465218.62449527 431929009.7017021 40.0 40.0
37.3014516129032 1003.7075451476541 431929009.7017021 429209788.728034 40.0 40.0
201.538193548387 1003.6842041950904 429209788.728034 688004177.3565738 107.77688172043011 38.70967741935484
659.617321428572 1005.9056152562796 688004177.3565738 1720459155.0920453 237.0 44.285714285714285
1080.25241935484 1014.2833382393555 1720459155.0920453 3765640872.4298387 315.0 107.77688172043011
895.072966666667 1024.757110661128 3765640872.4298387 5450052065.333376 231.0 221.2
543.825258064516 1029.0298704468469 5450052065.333376 5891729208.847479 361.71505376344084 315.0
224.001266666667 1030.533689056444 5891729208.847479 5821250755.171936 237.65 231.0
134.021806451613 1030.2615859273048 5821250755.171936 5524220507.334093 228.0 361.71505376344084
96.0624516129032 1029.2303256954974 5524220507.334093 5149672635.2559395 217.0 229.98387096774192
65.9179666666667 1028.5825001951746 5149672635.2559395 4745013134.15628 199.0 235.6
43.6194838709677 1027.9968571151473 4745013134.15628 4276092608.6613503 195.0 217.0
40.2008 1026.5034796454183 4276092608.6613503 3797161440.620463 219.0 199.0
70.7292258064516 1024.868294323176 3797161440.620463 3495029767.4753947 190.0 195.0
406.292612903226 1023.5694597498108 3495029767.4753947 3969505297.4950814 239.0 211.93548387096774
701.2355 1025.4762091622401 3969505297.4950814 5119312280.36748 237.0 210.35714285714286
673.144322580645 1028.5386901592603 5119312280.36748 5894283344.585074 381.008064516129 239.0
359.758866666667 1030.5435463556028 5894283344.585074 5888475814.910827 345.35277777777776 221.2
152.153709677419 1030.521133076414 5888475814.910827 5614361445.332723 237.34408602150538 381.008064516129
92.4419333333333 1029.4739498522506 5614361445.332723 5214641470.742395 234.0 345.35277777777776
72.9201935483871 1028.6762503185316 5214641470.742395 4765029391.013965 225.0 237.34408602150538
58.5487096774193 1028.0274594386926 4765029391.013965 4331102288.568595 203.0 226.4516129032258
40.2354333333333 1026.678669708817 4331102288.568595 3892196316.094907 189.0 232.5
26.094 1025.2035143424864 3892196316.094907 3348120759.942382 209.0 203.0
21.0259 1022.4393904610953 3348120759.942382 2939396212.260961 174.0 189.0
37.604064516129 1020.5257702820167 2939396212.260961 2474719091.4127975 216.0 209.0
87.1814838709678 1018.4108622548608 2474719091.4127975 2088372420.9651232 238.0 168.38709677419354
229.777357142857 1016.4241288705283 2088372420.9651232 2092770117.9963977 234.0 239.14285714285714
322.139225806452 1016.4473357150206 2092770117.9963977 2108224936.9362829 315.0 238.0
279.0302 1016.5288914877904 2108224936.9362829 2243088820.8294845 219.0 218.4
121.557580645161 1017.2405742523983 2243088820.8294845 1997430863.07241 205.0 315.0
60.7111 1015.9369006750592 1997430863.07241 1668013147.2929876 182.0 219.0
41.6522903225807 1013.9663050492769 1668013147.2929876 1197426943.295312 211.0 205.0
34.2437741935484 1010.6079608007389 1197426943.295312 836718441.7357074 163.0 176.1290322580645
21.3034 1007.412496838315 836718441.7357074 641902935.9198092 90.55555555555556 218.03333333333333
9.73222580645161 1005.5098964456636 641902935.9198092 544844055.287295 40.0 163.0
7.27173333333333 1004.6767730067579 544844055.287295 456061573.9494163 40.0 90.55555555555556
42.6832903225806 1003.9146916218833 456061573.9494163 467861242.80181605 40.0 40.0
163.609451612903 1004.0159763330628 467861242.80181605 688104388.3648269 84.25 38.70967741935484
305.377071428571 1005.9064754366079 688104388.3648269 866039458.7037888 235.0 44.285714285714285
515.583290322581 1007.7132252174747 866039458.7037888 1400858950.1252122 315.0 84.25
448.1112 1012.1612091224677 1400858950.1252122 1966980301.4422643 223.0 219.33333333333334
271.508322580645 1015.7551062772673 1966980301.4422643 2176913153.970602 185.0 315.0
125.965266666667 1016.8913622900823 2176913153.970602 1960926386.2751615 203.0 223.0
80.5058064516129 1015.7189635001503 1960926386.2751615 1773259953.6300375 143.0 185.0
56.4302903225807 1014.5985668873435 1773259953.6300375 1420908824.8967662 180.0 196.4516129032258
35.7994333333333 1012.2966812493024 1420908824.8967662 1025498282.8374462 180.0 147.76666666666668
17.4331290322581 1009.1688736252217 1025498282.8374462 661652960.8341097 146.3548387096774 180.0
11.4152333333333 1005.6794245565159 661652960.8341097 583272807.4330469 40.0 180.0
42.3448387096774 1005.0066335401978 583272807.4330469 594587626.6906086 40.0 146.3548387096774
282.83335483871 1005.1037564522799 594587626.6906086 798548092.7214633 209.79032258064515 38.70967741935484
526.084607142857 1007.0210060791944 798548092.7214633 1512546605.3960562 235.0 44.285714285714285
441.858967741935 1012.9158554418652 1512546605.3960562 1849165569.5679848 315.0 209.79032258064515
449.691966666667 1015.0517347436895 1849165569.5679848 2442143204.0106215 213.0 219.33333333333334
165.603064516129 1018.2582819859982 2442143204.0106215 2355061557.3415833 189.0 315.0
75.6662 1017.8314594054964 2355061557.3415833 1997672750.0277205 207.0 213.0
51.8997096774194 1015.9383447762849 1997672750.0277205 1736067275.6157172 142.0 189.0
37.5056129032258 1014.3765210484521 1736067275.6157172 1293617374.1747334 195.0 200.32258064516128
24.2406666666667 1011.3536230556181 1293617374.1747334 826084540.7444766 197.0 146.73333333333332
13.5417096774194 1007.3034311871228 826084540.7444766 622100197.8333024 83.36290322580645 195.0
8.4959 1005.33991586123 622100197.8333024 536272873.9178318 40.0 197.0
67.8139677419355 1004.6032006344877 536272873.9178318 615760957.0391749 40.0 83.36290322580645
315.535870967742 1005.2855017771602 615760957.0391749 881118527.8747301 219.67741935483872 38.70967741935484
519.093035714286 1007.8678823371766 881118527.8747301 1573760998.4106035 237.0 44.285714285714285
637.365612903226 1013.329466205477 1573760998.4106035 2433627972.22876 315.0 219.67741935483872
611.278466666667 1018.2183979963876 2433627972.22876 3386130697.779283 234.0 221.2
372.049967741935 1022.7317745983022 3386130697.779283 3727442345.502541 232.0 315.0
150.201533333333 1024.6223715890742 3727442345.502541 3505128789.282922 226.0 234.0
104.528032258065 1023.6471445329456 3505128789.282922 3209990486.614411 203.0 232.0
77.6274193548387 1021.6603374700813 3209990486.614411 2875702128.1420054 190.0 218.70967741935485
50.0950666666667 1020.2587091326709 2875702128.1420054 2401277145.7090635 219.0 209.76666666666668
29.337064516129 1018.0668718768574 2401277145.7090635 1927239416.5750494 193.0 190.0
19.3250666666667 1015.5178472631346 1927239416.5750494 1381139724.7924294 227.0 219.0
87.2251290322581 1012.0279711134624 1381139724.7924294 1038456554.7816784 218.0 193.0
407.438 1009.284058264726 1038456554.7816784 1501341712.8155239 239.0 219.67741935483872
586.189178571429 1012.840146708213 1501341712.8155239 2357529134.7462206 238.0 241.35714285714286
795.484806451613 1017.8444809221436 2357529134.7462206 3639687240.8183546 315.0 239.0
813.061033333333 1024.3128297736096 3639687240.8183546 5094447730.718982 238.0 222.13333333333333
480.128290322581 1028.502810578238 5094447730.718982 5696550425.879534 239.0 315.0
215.483233333333 1029.7801174744384 5696550425.879534 5604358113.951412 238.0 238.0
136.859709677419 1029.4469138214902 5604358113.951412 5294957257.985655 236.0 239.0
104.647935483871 1028.7921461154194 5294957257.985655 4912151042.301873 229.0 230.32258064516128
75.7020333333333 1028.2397561937978 4912151042.301873 4482458678.2933 219.0 243.86666666666667
48.0892258064516 1027.1606964276857 4482458678.2933 3980009790.953773 213.0 229.0
36.4143333333333 1025.5132620492195 3980009790.953773 3510182517.1198945 212.0 219.0
69.0377096774194 1023.6860193624608 3510182517.1198945 3134760210.625019 215.0 213.0
126.959258064516 1021.3449065435011 3134760210.625019 2855825013.1985044 239.0 205.16129032258064
263.442714285714 1020.1753669316499 2855825013.1985044 2938118020.957427 237.0 238.03571428571428
781.20964516129 1020.5204109893393 2938118020.957427 4181268729.230643 315.0 239.0
445.711633333333 1026.2014927682503 4181268729.230643 4693697197.893386 234.0 221.2
237.183193548387 1027.8334305665394 4693697197.893386 4663792552.421599 233.0 315.0
119.766933333333 1027.7381928421069 4663792552.421599 4355786280.338552 227.0 234.0
82.0065806451613 1026.757281147575 4355786280.338552 3975003242.3657293 210.0 233.0
62.4445161290323 1025.4956022658403 3975003242.3657293 3583869208.4251156 193.0 219.67741935483872
43.3131 1024.115940770459 3583869208.4251156 3086768734.2342157 218.0 217.0
21.053935483871 1021.1436844202692 3086768734.2342157 2601961792.401191 186.0 193.0
18.0287666666667 1019.0068468028159 2601961792.401191 2060756807.952042 223.0 218.0
118.982064516129 1016.2784000419632 2060756807.952042 1843480441.2102077 204.0 186.0
505.424516129032 1015.017793678867 1843480441.2102077 2576897950.5990143 238.0 215.80645161290323
1142.19889285714 1018.889451759246 2576897950.5990143 4789409431.625598 237.0 225.85714285714286
1384.0545483871 1028.0626398724755 4789409431.625598 5906893494.393064 963.9811827956989 238.0
1029.1991 1030.592213314553 5906893494.393064 5900352150.421177 1015.0527777777778 221.2
628.869709677419 1030.566967990476 5900352150.421177 5893233243.391445 613.9435483870968 963.9811827956989
285.549833333333 1030.5394936494524 5893233243.391445 5887210302.099694 274.25555555555553 1015.0527777777778
175.252548387097 1030.5162490218256 5887210302.099694 5670061827.309746 239.08870967741936 613.9435483870968
131.746967741936 1029.677844893088 5670061827.309746 5333963810.662738 238.0 265.4086021505376
92.7500666666667 1028.848432627219 5333963810.662738 4909953993.766667 233.0 247.05833333333334
57.665 1028.2365858495912 4909953993.766667 4394375247.8781395 226.0 238.0
69.6110666666667 1026.8801759486564 4394375247.8781395 3988680585.153594 220.0 233.0
104.426483870968 1025.543846861212 3988680585.153594 3683683376.726852 225.0 226.0
223.112225806452 1024.4680189655269 3683683376.726852 3667282474.126156 239.0 212.90322580645162
463.748178571429 1024.410167457235 3667282474.126156 4237825789.415799 238.0 249.10714285714286
440.777451612903 1026.3816107943178 4237825789.415799 4568138112.213784 315.0 239.0
328.4019 1027.4335608669228 4568138112.213784 4764848917.413735 238.0 222.13333333333333
189.986838709677 1028.027199015027 4764848917.413735 4597806708.191201 237.0 315.0
115.086433333333 1027.5280468413732 4597806708.191201 4259895623.828054 234.0 238.0
88.146 1026.451896891172 4259895623.828054 3842700891.77739 230.0 237.0
67.9768064516129 1025.0289273078567 3842700891.77739 3392844573.2211742 221.0 226.4516129032258
48.0371333333333 1022.7834197940091 3392844573.2211742 2918354765.80893 215.0 237.66666666666666
31.1604516129032 1020.4375461878781 2918354765.80893 2384890754.3772225 215.0 221.0
37.0707333333333 1017.9888694162386 2384890754.3772225 1922118573.0575225 212.0 215.0
54.1066451612903 1015.48727506303 1922118573.0575225 1487354641.3872352 220.0 215.0
213.558516129032 1012.7456394688327 1487354641.3872352 1432135973.4008603 239.0 205.16129032258064
303.007357142857 1012.3725403608166 1432135973.4008603 1601194948.740575 238.0 243.57142857142858
518.175774193549 1013.5148307347336 1601194948.740575 2141993585.3074498 315.0 239.0
636.139866666666 1016.7070901599337 2141993585.3074498 3155405992.396944 236.0 222.13333333333333
413.18735483871 1021.4314716662345 3155405992.396944 3603596800.4260736 234.0 315.0
183.440366666667 1024.1855266328962 3603596800.4260736 3449891459.190875 233.0 236.0
115.014935483871 1023.222241993776 3449891459.190875 3127367224.0755157 224.0 234.0
85.7002580645161 1021.3139086963334 3127367224.0755157 2748624254.383411 215.0 225.48387096774192
59.9293 1019.6937904186576 2748624254.383411 2318735892.2517495 212.0 231.46666666666667
36.361064516129 1017.639767241434 2318735892.2517495 1813828695.4414911 212.0 215.0
32.9351666666667 1014.840768330994 1813828695.4414911 1326597477.002191 218.0 212.0
61.8636129032258 1011.6092827674589 1326597477.002191 896836134.673977 225.0 212.0
224.013225806452 1008.0252100859908 896836134.673977 866058941.3694869 239.0 210.96774193548387
331.442714285714 1007.713425039687 866058941.3694869 1100989191.7014828 238.0 249.10714285714286
585.414741935484 1009.8399039262354 1100989191.7014828 1822400423.8554373 315.0 239.0
530.715533333333 1014.8919428289877 1822400423.8554373 2560282339.1584663 238.0 222.13333333333333
342.166096774194 1018.8116268813043 2560282339.1584663 2813153258.3118596 238.0 315.0
164.600666666667 1019.9960339967769 2813153258.3118596 2608382191.529349 236.0 238.0
106.053258064516 1019.0369189298798 2608382191.529349 2246509344.3640347 232.0 238.0
79.5767096774194 1017.2586245085173 2246509344.3640347 1837197820.7172582 223.0 228.38709677419354
53.0012666666667 1014.9802854968195 1837197820.7172582 1378278608.54685 220.0 239.73333333333332
36.3235483870968 1012.0086392469382 1378278608.54685 855474331.234522 223.0 223.0
27.9102 1007.6048649357386 855474331.234522 662904622.7255664 100.45 220.0
66.388064516129 1005.6901684354125 662904622.7255664 687479738.061286 59.20967741935484 223.0
216.662483870968 1005.9011136314273 687479738.061286 687939204.3703947 219.49462365591398 97.20967741935483
338.498142857143 1005.9050575482437 687939204.3703947 936717505.5607567 238.92559523809524 65.55357142857143
316.20564516129 1008.37971116054 936717505.5607567 937789036.2944145 315.0 219.494623655914
245.134933333333 1008.3892358781725 937789036.2944145 941804961.7405729 239.0 222.99722222222223
123.089064516129 1008.4249329932495 941804961.7405729 687224345.9564643 213.79569892473117 315.0
69.729 1005.8989214245189 687224345.9564643 687644733.984069 66.46388888888889 239.0
52.2432580645161 1005.9025299054426 687644733.984069 687436820.3200576 48.31720430107527 213.79569892473117
40.308935483871 1005.9007452387988 687436820.3200576 675798902.158023 40.0 64.31989247311829
26.5055666666667 1005.8008489455624 675798902.158023 625973765.6474558 40.0 49.927777777777784
20.3899032258065 1005.3731653703644 625973765.6474558 557477876.1984811 40.0 40.0
16.3810333333333 1004.7852178214462 557477876.1984811 492239234.1345493 40.0 40.0
66.2608064516129 1004.2252294775498 492239234.1345493 567413957.7025214 40.0 40.0
