467.56451609000004 477.2554680664917 123874000000.0 122265487033.73761 1132.1612903225807
660.65 476.9006511127058 122265487033.73761 121718579822.04985 962.8214285714286
952.15483866 476.7773071317207 121718579822.04985 121705369981.3031 918.5806451612904
1659.9866663 476.7743279163967 121705369981.3031 123232801442.0146 904.0
2699.1419352 477.1152234125141 123232801442.0146 128553611867.82263 511.0
1575.67 478.27533172195615 128553611867.82263 130923396158.56256 469.0
719.32258067 478.78683275600315 130923396158.56256 131015187016.79735 489.0
441.62580648 478.80664515795326 131015187016.79735 130247581056.07883 501.0
332.39333337 478.6409628871312 130247581056.07883 129053017442.22037 502.0
299.58064514 478.3831248526269 129053017442.22037 127669769921.8597 503.0
424.20333337 478.08456074290086 127669769921.8597 126926313279.95824 503.0
647.4677419 477.92307814522275 126926313279.95824 127419182032.06894 503.0
824.24193553 478.030473134485 127419182032.06894 125415364584.57191 1637.483870967742
989.3142857299999 477.59259942794665 125415364584.57191 124524419938.17906 1434.8214285714287
1362.1709675999998 477.39772964527106 124524419938.17906 124428698989.00397 1358.8709677419354
2147.7633336999997 477.37679330468154 124428698989.00397 126677358395.12244 1111.0
1841.0354837999998 477.8686260706742 126677358395.12244 129658996809.38 524.0
1190.78 478.5139211762098 129658996809.38 130970145800.6121 492.0
602.82903229 478.796923332746 130970145800.6121 130723422292.06456 499.0
437.22580648 478.74366982345447 130723422292.06456 129942198520.67633 502.0
333.41999999999996 478.5750482453435 129942198520.67633 128748780565.32037 503.0
274.25161285 478.3174574930543 128748780565.32037 127299019308.73085 503.0
259.38666663000004 478.00453686784607 127299019308.73085 126129844481.45047 503.0
386.09354837999996 477.7488723712709 126129844481.45047 125922071795.22485 503.0
505.59677418999996 477.70342777673335 125922071795.22485 123690943465.63998 1403.1935483870968
773.675 477.21542945442695 123690943465.63998 122912200204.89355 1172.1785714285713
1221.7258067 477.0451006572383 122912200204.89355 123066945616.29782 1125.1935483870968
1835.29 477.07894698519203 123066945616.29782 124574122372.91684 1086.0
2337.2064514000003 477.40860069398883 124574122372.91684 128917909600.55714 513.0
1562.3966663 478.3539627888101 128917909600.55714 131239533963.16985 474.0
744.0903225699999 478.85506884592485 131239533963.16985 131394138214.08781 490.0
449.57419352 478.8884390705996 131394138214.08781 130649394293.1776 500.0
339.36 478.72769140798135 130649394293.1776 129471440857.17479 502.0
270.34838715 478.4734385618767 129471440857.17479 128008399084.24889 503.0
287.91333337000003 478.15765143195534 128008399084.24889 126911250516.03986 503.0
433.71290324 477.91978357743653 126911250516.03986 126831449995.97964 503.0
635.39677419 477.90232939544615 126831449995.97964 124625812304.8783 1523.774193548387
1031.23214281 477.41990645338547 124625812304.8783 124070638126.85004 1337.7142857142858
2826.0580648 477.2984772805884 124070638126.85004 127347961941.21962 1563.1612903225807
3411.81 478.0151007859313 127347961941.21962 132907586070.14554 1094.0
3811.2419351999997 479.2119493981594 132907586070.14554 141254093407.47137 483.0
2567.3199999999997 480.8676562735972 141254093407.47137 146271060247.77438 428.0
1281.1032257000002 481.96919933598167 146271060247.77438 147952807749.06033 444.0
606.22258067 482.3077919404384 147952807749.06033 147652182376.3602 475.0
407.55 482.2478944762623 147652182376.3602 146609636209.38983 497.0
315.3 482.04017457847976 146609636209.38983 145213310533.84653 500.0
288.24333336999996 481.7312889189938 145213310533.84653 144079434300.98688 502.0
292.20967743 481.47625602811223 144079434300.98688 143628460761.9845 503.0
511.45161285000006 481.37482248357725 143628460761.9845 140176016023.5099 1870.0
812.6857142700001 480.66610880977936 140176016023.5099 129230778035.29225 5417.821428571428
939.59354838 478.4214932085673 129230778035.29225 125979464195.28706 2113.935483870968
1083.84333337 477.71598079511966 125979464195.28706 125110063445.87132 1250.0
1108.3645162 477.5258231508905 125110063445.87132 126111762971.25511 533.0
1088.40666663 477.7449175352702 126111762971.25511 127137665185.3472 503.0
578.67096771 477.9693055960952 127137665185.3472 126824968037.32178 503.0
389.67741933 477.90091164420863 126824968037.32178 125924957135.46452 503.0
284.07666663000003 477.70405886602464 125924957135.46452 124618115912.66682 503.0
242.67096770999999 477.4182230780111 124618115912.66682 123100376552.27959 503.0
229.76999999999998 477.08625908842515 123100376552.27959 121865398672.2989 503.0
313.14516134 476.81041918635515 121865398672.2989 121460003939.00075 503.0
525.89354838 476.718990513983 121460003939.00075 120829977149.80197 824.5483870967741
871.45714281 476.5769005750568 120829977149.80197 121175923081.10904 804.1785714285714
1979.5193553 476.6549217593841 121175923081.10904 123600826608.57701 1035.516129032258
2226.3033337 477.19571885576926 123600826608.57701 125718075856.44629 1240.9666666666667
1878.1870972000002 477.6588092424423 125718075856.44629 128780173504.36829 532.0
1151.0333337 478.3242334350029 128780173504.36829 129967161131.45804 501.0
506.3548386599999 478.58043624680727 129967161131.45804 129456766483.50404 502.0
355.8677419 478.4702712030011 129456766483.50404 128458841902.2146 503.0
271.83000000000004 478.2548763009313 128458841902.2146 127111284951.35713 503.0
213.46774190000002 477.96353564115424 127111284951.35713 125505529218.20866 503.0
265.43666663 477.61232047642363 125505529218.20866 124356646142.84793 503.0
444.07419352 477.3610337145337 124356646142.84793 124303305831.45088 503.0
618.75483866 477.3493669797574 124303305831.45088 122877703667.31747 1215.225806451613
766.28928573 477.03755548279037 122877703667.31747 122344158029.34758 1063.1785714285713
944.56129028 476.91839378199086 122344158029.34758 122092184391.57219 1000.0322580645161
1028.55 476.86156616859995 122092184391.57219 121840910868.43942 959.2
978.8838709500001 476.8048964520612 121840910868.43942 122510165846.12778 531.0
672.42333337 476.9558335241605 122510165846.12778 122467594827.06604 503.0
418.71612905 476.9462324824235 122467594827.06604 121738588381.74232 503.0
313.08064514 476.7818196620979 121738588381.74232 120648469698.54317 503.0
236.99666663 476.5359652003931 120648469698.54317 119239063047.35081 503.0
177.38709676 476.21810172470697 119239063047.35081 117847866633.88109 398.741935483871
206.45 475.9043883304511 117847866633.88109 117246981301.45787 240.2
283.94193553 475.76893176317805 117246981301.45787 117527301405.09555 216.93548387096774
441.87419352 475.8321238514643 117527301405.09555 118107391431.456 287.64516129032256
697.30357146 475.9628925679567 118107391431.456 118990918287.3692 406.85714285714283
1152.1419352 476.1621376381076 118990918287.3692 120383075845.03412 594.258064516129
2360.3566663 476.4761109258083 120383075845.03412 123635962199.77563 939.0333333333333
3241.9032257 477.2034038057252 123635962199.77563 130391590943.97942 517.0
1782.5066662999998 478.67204639412466 130391590943.97942 133230474761.25941 493.0
751.89677419 479.2806198981836 133230474761.25941 133377047294.62885 499.0
394.64516134 479.3117922787386 133377047294.62885 132474435987.86855 502.0
271.90333337 479.1198290063523 132474435987.86855 131112913236.88716 503.0
209.84838715 478.82773866541925 131112913236.88716 129481672658.6197 503.0
204.87333337 478.475647023229 129481672658.6197 128165794541.48526 503.0
338.94193553 478.1916241186025 128165794541.48526 127832729765.11446 503.0
511.38064513999996 478.119734462576 127832729765.11446 125338026564.64005 1507.967741935484
869.33571427 477.5756838505337 125338026564.64005 124228629180.85213 1405.0714285714287
1424.8 477.3330335041234 124228629180.85213 124373230338.87048 1331.8064516129032
1924.4266662999999 477.3646610539962 124373230338.87048 125937548458.38809 1152.0
1216.6612905 477.7068128736632 125937548458.38809 127234815255.19225 530.0
515.56333337 477.9905545177586 127234815255.19225 126774951088.5688 503.0
342.29032257 477.8899718041489 126774951088.5688 125830785753.07295 503.0
275.14838714999996 477.6834614508034 125830785753.07295 124627297331.50761 503.0
209.21333337 477.4202312623595 124627297331.50761 123131381584.55435 503.0
158.72258067 477.0930405915473 123131381584.55435 121395240846.18854 503.0
161.42333337000002 476.70438449395317 121395240846.18854 119987914612.32875 503.0
226.35161284999998 476.3869902147787 119987914612.32875 119348998895.44049 503.0
350.11290324 476.24289555603076 119348998895.44049 119083006212.47374 512.2258064516129
486.26071427 476.18290622744104 119083006212.47374 119223516774.38002 503.17857142857144
728.53548391 476.214595573834 119223516774.38002 119608162690.2315 546.8709677419355
1309.1966663 476.30134476550097 119608162690.2315 120815455602.74475 678.6
1172.8387095 476.5736255306145 120815455602.74475 122006297394.70206 531.0
483.84666663 476.8421960745832 122006297394.70206 121476755486.17198 503.0
301.6322581 476.72276849034097 121476755486.17198 120437091912.64125 503.0
232.85806447 476.4882931692921 120437091912.64125 119136302234.6765 503.0
170.28333337 476.194926079088 119136302234.6765 117848394974.43275 391.56666666666666
123.03225809999999 475.9045074333708 117848394974.43275 116834815030.23274 205.25806451612902
130.14666663 475.67601781565213 116834815030.23274 116423437832.53558 91.73333333333333
235.11612905 475.583281747641 116423437832.53558 116889081569.8018 98.7741935483871
373.49677419 475.68825103016275 116889081569.8018 117545484103.51158 190.58064516129033
511.6 475.8362227465085 117545484103.51158 118238507284.48676 299.64285714285717
659.51935486 475.9924497936174 118238507284.48676 118822469073.66866 403.61290322580646
856.1066666300001 476.12414728770153 118822469073.66866 119339558326.26755 492.76666666666665
950.85161285 476.24076642450774 119339558326.26755 119951310735.33116 527.0
518.09333337 476.3787349425645 119951310735.33116 119515482863.56186 503.0
316.63548391 476.28044268461025 119515482863.56186 118597685246.40704 474.35483870967744
241.72903229000002 476.0734517921531 118597685246.40704 117757839237.51096 341.61290322580646
176.18666663000002 475.8840936062919 117757839237.51096 116962284416.61093 209.13333333333333
125.80000000000001 475.704753024484 116962284416.61093 116271528534.2333 88.61290322580645
128.45999999999998 475.5490370906748 116271528534.2333 116052463530.8357 16.333333333333332
218.72258067 475.49970211663367 116052463530.8357 116613651256.43585 46.645161290322584
403.33870972 475.6261612390523 116613651256.43585 117432846153.98175 159.58064516129033
732.26785719 475.8108309634765 117432846153.98175 118606959608.36263 321.5
954.14193553 476.0755434389631 118606959608.36263 119703481659.65019 506.741935483871
1351.0700000000002 476.322842052244 119703481659.65019 120966677264.15872 698.8
1593.1806447000001 476.6077305512311 120966677264.15872 123305556665.22081 522.0
1184.9866663 477.1311366284385 123305556665.22081 124590723046.00514 502.0
499.36451609000005 477.41223163735896 124590723046.00514 124074834880.19684 502.0
308.75161285 477.2993952056424 124074834880.19684 122966260171.40948 503.0
221.82666662999998 477.0569247968962 122966260171.40948 121508985638.80438 503.0
179.30322581000001 476.7300373565188 121508985638.80438 119834589089.92332 503.0
173.52333337000002 476.3524107104022 119834589089.92332 118527381618.6776 478.06666666666666
262.50967743 476.0575962153084 118527381618.6776 118307432287.11176 382.48387096774195
569.4677419 476.00799104355247 118307432287.11176 118889881287.79965 414.61290322580646
938.83214281 476.1393507640504 118889881287.79965 120004324165.90607 553.2857142857143
2323.1806447 476.39069106132297 120004324165.90607 123595104384.35283 944.0
3496.29 477.19446727566776 123595104384.35283 129632527521.27989 997.0
3116.6806447 478.5082079691949 129632527521.27989 136101953118.58533 493.0
1863.0633337 479.8913128708178 136101953118.58533 139320556456.57312 422.0
792.02903229 480.506179932057 139320556456.57312 139620122678.63452 477.0
470.89354837999997 480.56218408648994 139620122678.63452 138926960711.68625 494.0
324.58333337 480.43259688010585 138926960711.68625 137693401355.73813 498.0
228.19354838 480.20198193227486 137693401355.73813 136091065425.72438 501.0
197.61333337 479.88899732576016 136091065425.72438 134739599504.70285 503.0
323.29354837999995 479.60157369304613 134739599504.70285 134367902308.78156 503.0
590.3677418999999 479.52252282194416 134367902308.78156 131803471836.13379 1615.0
935.29642854 478.9767908128931 131803471836.13379 126793968817.79964 3084.5714285714284
2038.2096771 477.8941314124671 126793968817.79964 127370762144.96631 1783.3225806451612
2897.7066663 478.02002204726233 127370762144.96631 131876192687.40884 987.0
3324.7580648000003 478.9924870898789 131876192687.40884 139022442121.427 446.0
2012.1133336999999 480.45044720909084 139022442121.427 143072334803.07297 248.0
806.15161285 481.2497379224186 143072334803.07297 143720523361.5087 358.0
453.01612905 481.3955293210771 143720523361.5087 143015425507.58725 477.0
301.19 481.2369378109733 143015425507.58725 141761698644.40845 478.0
217.8322581 480.9625534949352 141761698644.40845 140135259535.93176 495.0
214.99333337000002 480.6584893505201 140135259535.93176 138827945676.07675 500.0
302.85483866 480.41408593682496 138827945676.07675 138408665327.82306 501.0
504.17741933 480.33570112690654 138408665327.82306 135120824999.48456 1800.0
693.76785719 479.682650999465 135120824999.48456 127134939603.02522 4074.035714285714
1066.16451609 477.9687094494806 127134939603.02522 125484381142.28218 1643.032258064516
2910.7966663 477.6076949130101 125484381142.28218 129978463105.06544 1006.0
2674.9419352 478.58287569718664 129978463105.06544 135329516920.62607 469.0
1665.1733337 479.72703464921864 135329516920.62607 137954301723.9246 454.0
696.25806447 480.25075747315844 137954301723.9246 138000161058.64804 477.0
395.78064514 480.2593309139368 138000161058.64804 137104217974.62193 496.0
279.01666663 480.0918336090151 137104217974.62193 135755282379.95126 499.0
184.44838715 479.8175845129628 135755282379.95126 134040588803.97714 502.0
157.60999999999999 479.45291127264505 134040588803.97714 132593348035.37228 502.0
303.74193553 479.14511868042797 132593348035.37228 132168200053.10226 503.0
621.62903229 479.0547001388988 132168200053.10226 129669638463.84389 1621.0
1007.62142854 478.51621810141245 129669638463.84389 126560020028.6283 2371.25
2537.077419 477.84296151107355 126560020028.6283 127825109095.35619 2025.1612903225807
3355.38 478.11808959537154 127825109095.35619 133954877566.4423 817.0
3613.3838715 479.4346825960107 133954877566.4423 141815139099.22003 466.0
2317.73 480.972544232421 141815139099.22003 146686975325.0242 234.0
1101.9806447 482.0555838463886 146686975325.0242 148247147313.52927 310.0
545.9 482.3664370020979 148247147313.52927 147813879870.05963 464.0
376.34666663 482.2801115501215 147813879870.05963 146708217601.4767 490.0
257.96451609 482.0598162186644 146708217601.4767 145176958351.85983 493.0
266.39 481.72311253977955 145176958351.85983 143996945212.33865 498.0
464.54838715 481.4577024769093 143996945212.33865 144015666273.82712 500.0
613.82258067 481.4619132419764 144015666273.82712 140518943143.87317 1989.0
783.49642854 480.73021932022306 140518943143.87317 128589085627.6392 5795.464285714285
1165.5548391 478.28298847995666 128589085627.6392 126270984304.80925 1991.483870967742
1869.6466663 477.77974284882094 126270984304.80925 127723100786.68729 1139.0
2124.4806447 478.0960718296325 127723100786.68729 131481685915.7346 516.0
1796.99 478.9073356174692 131481685915.7346 134396962032.2755 477.0
887.0903225699999 479.5287031119259 134396962032.2755 134934483864.99332 487.0
463.69032257000003 479.6430208134822 134934483864.99332 134220189135.03784 499.0
317.21333337000004 479.49110785517604 134220189135.03784 132972369800.07228 502.0
243.66451609 479.2257273075441 132972369800.07228 131424213896.83942 503.0
220.75 478.89493069217343 131424213896.83942 130144488835.52461 503.0
310.16451609 478.61871116674394 130144488835.52461 129735320279.86278 503.0
547.04193553 478.53039505285193 129735320279.86278 126951824519.07068 1652.0
909.83928573 477.9286580312928 126951824519.07068 125411091894.57324 1624.392857142857
1421.4290324 477.5916648938262 125411091894.57324 125138365513.32497 1484.0645161290322
2428.3 477.53201345435804 125138365513.32497 127990230586.145 1158.0
3763.0193553 478.15372989124654 127990230586.145 136184847841.19339 496.0
2436.1266663 479.9089425438523 136184847841.19339 140905507047.38266 415.0
1198.3548391 480.8024877635787 140905507047.38266 142482039841.81494 405.0
561.33548391 481.1169680255994 142482039841.81494 142155550198.09094 445.0
361.71666662999996 481.04353355782524 142155550198.09094 141037788417.40176 487.0
248.13548391 480.8272178757528 141037788417.40176 139481223066.62085 500.0
227.42333337000002 480.53621668846904 139481223066.62085 138202204366.3137 502.0
326.73548390999997 480.29710307839105 138202204366.3137 137843976815.3002 502.0
609.35161285 480.2301321397084 137843976815.3002 134853604094.34865 1794.0
985.7 479.6258196712779 134853604094.34865 127327069711.8573 4176.071428571428
2291.8129028000003 478.0105913472604 127327069711.8573 127671704828.05666 2123.516129032258
4449.55 478.0849783786006 127671704828.05666 135842671441.32031 1123.0
3880.1516134000003 479.83617002154836 135842671441.32031 144428685837.96402 460.0
2453.6166663 481.55481012999644 144428685837.96402 149742766456.0197 197.0
1184.2322580999999 482.6644284630444 149742766456.0197 151736312432.8444 228.0
563.03870972 483.06016581070696 151736312432.8444 151461174874.2172 419.0
368.46333337000004 483.00664751492263 151461174874.2172 150342645908.67538 483.0
260.80322581 482.78395017108494 150342645908.67538 148801653175.92404 495.0
235.89333337 482.47691834547203 148801653175.92404 147534589072.18802 498.0
366.29354837999995 482.22446484801515 147534589072.18802 147288999947.07574 501.0
548.31935486 482.1755329641514 147288999947.07574 143956843399.96097 1863.0
849.14285719 481.44868272603713 143956843399.96097 131638313573.39415 6023.0
1250.4677419000002 478.9411425800549 131638313573.39415 126971063637.79626 2953.1935483870966
1510.1299999999999 477.93286606251013 126971063637.79626 127405334692.45004 1172.0
1515.1870972000002 478.02748428500973 127405334692.45004 129492032957.38167 532.0
1240.4633337 478.47788321981045 129492032957.38167 130908903370.36797 501.0
605.77419352 478.7837045910572 130908903370.36797 130662182508.93616 502.0
398.15806447 478.73045165312675 130662182508.93616 129773961648.4116 503.0
293.93 478.53873551660087 129773961648.4116 128478953277.17607 503.0
191.04838715 478.2592171977501 128478953277.17607 126807831218.38068 503.0
179.53666663 477.8971634335916 126807831218.38068 125433211479.81804 503.0
338.30322581 477.59650294834165 125433211479.81804 125097051678.06815 503.0
