467.56451609000004 477.2554680664917 123874000000.0 122574110400.45824 1017.0
660.65 476.97025493921024 122574110400.45824 121926616643.47508 1004.5
952.15483866 476.8242256751184 121926616643.47508 121839617865.19414 946.0967741935484
1659.9866663 476.8046048410451 121839617865.19414 123018492924.55809 1038.4666666666667
2699.1419352 477.06834928358666 123018492924.55809 126970244222.06487 1023.0
1575.67 477.932686837722 126970244222.06487 127940438152.26244 1011.0
722.32258067 478.1429825495926 127940438152.26244 126651059724.84885 1011.0
445.62580648 477.8628739555663 126651059724.84885 124539778823.7072 1012.0
336.39333337 477.40108898156325 124539778823.7072 122056828505.66362 1011.7666666666667
302.58064514 476.85359235581046 122056828505.66362 119930255601.10703 794.7096774193549
425.20333337 476.37398637823793 119930255601.10703 119070768084.26274 556.7
648.4677419 476.18014616244085 119070768084.26274 119500987332.03049 525.8709677419355
825.24193553 476.27717350744933 119500987332.03049 120219152624.51236 620.1290322580645
989.3142857299999 476.4391413226234 120219152624.51236 121001399928.24292 741.5357142857143
1362.1709675999998 476.61556155350536 121001399928.24292 122138280203.742 899.2258064516129
2147.7633336999997 476.8719621569107 122138280203.742 124256653434.76033 1163.1333333333334
1841.0354837999998 477.33916304347343 124256653434.76033 125907050510.0506 1024.0
1190.78 477.70014228128844 125907050510.0506 125880662991.69833 1012.0
606.82903229 477.6943707330924 125880662991.69833 124284725801.9254 1012.0
441.22580648 477.3453031062829 124284725801.9254 122161569003.61072 1014.5806451612904
337.41999999999996 476.87721447984 122161569003.61072 120175311772.35823 824.3
276.25161285 476.42925389543484 120175311772.35823 118663651727.1178 541.2258064516129
261.38666663000004 476.08832921225024 118663651727.1178 117896393112.50446 358.56666666666666
387.09354837999996 475.91532757270164 117896393112.50446 118172018256.70735 321.96774193548384
506.59677418999996 475.97746128419914 118172018256.70735 118664884108.36485 385.1290322580645
773.675 476.0886071511874 118664884108.36485 119520099954.40302 495.14285714285717
1221.7258067 476.2814839770868 119520099954.40302 120876485613.06805 677.0967741935484
1835.29 476.5873896285674 120876485613.06805 122761620504.09506 941.8
2337.2064514000003 477.0121654645877 122761620504.09506 125743179276.67578 1024.0
1562.3966663 477.6642999292817 125743179276.67578 126679309408.25098 1012.0
747.0903225699999 477.86905280145476 126679309408.25098 125456625010.4284 1012.0
453.57419352 477.601624018029 125456625010.4284 123367354280.4907 1013.0
343.36 477.14465316721146 123367354280.4907 121047789935.80342 957.3
272.34838715 476.62602389170127 121047789935.80342 119216016514.35446 655.741935483871
289.91333337000003 476.21290404022426 119216016514.35446 118317232988.36461 437.3333333333333
434.71290324 476.0102013956618 118317232988.36461 118547552775.19792 386.5806451612903
636.39677419 476.0621454161475 118547552775.19792 119191047740.2333 458.83870967741933
1031.23214281 476.20727283270935 119191047740.2333 120393098561.66228 609.6071428571429
2826.0580648 476.47837134904427 120393098561.66228 124949560504.50662 1086.1612903225807
3411.81 477.4907175206708 124949560504.50662 129049365302.21407 1659.6666666666667
3811.2419351999997 478.3823365642595 129049365302.21407 135960499814.8113 1023.0
2567.3199999999997 479.86122922475784 135960499814.8113 139475265010.40298 1012.0
1281.1032257000002 480.5351028249024 139475265010.40298 139584745392.9466 1037.0
610.22258067 480.5555702734991 139584745392.9466 137752749463.72366 1059.0
411.55 480.2130771104363 137752749463.72366 135380969404.0338 1026.0
318.3 479.73797732965414 135380969404.0338 132662178646.49332 1012.0
290.24333336999996 479.15975726212105 132662178646.49332 130244092340.26448 1011.0
292.20967743 478.6402098727098 130244092340.26448 128425914469.84668 1011.0
512.4516128500001 478.24776914954606 128425914469.84668 126001477444.36754 1483.0
812.6857142700001 477.7207955915065 126001477444.36754 124566352157.06471 1483.25
939.59354838 477.40690117171147 124566352157.06471 123528070357.33981 1288.2903225806451
1084.84333337 477.1798054149912 123528070357.33981 122902732190.15881 1158.7666666666667
1108.3645162 477.04302978787376 122902732190.15881 122586043554.7915 1028.0
1088.40666663 476.97294622345316 122586043554.7915 122274345962.71323 1022.8666666666667
581.67096771 476.9026490669177 122274345962.71323 120929800401.97728 896.2903225806451
394.67741933 476.5994137126696 120929800401.97728 119591397587.02783 678.3870967741935
288.07666663000003 476.2975637318511 119591397587.02783 118395084762.30565 473.3
245.67096770999999 476.02775930588757 118395084762.30565 117453447277.98534 300.1290322580645
230.76999999999998 475.8154750401229 117453447277.98534 117041245187.28218 192.03333333333333
313.14516134 475.72255301787243 117041245187.28218 117458118388.1495 195.1290322580645
526.89354838 475.8165280406108 117458118388.1495 118247987863.94722 294.35483870967744
871.45714281 475.994586984659 118247987863.94722 119436208424.43443 455.17857142857144
1979.5193553 476.2625639207114 119436208424.43443 122476940249.7696 805.8709677419355
2226.3033337 476.9483401555637 122476940249.7696 124648204152.96466 1220.9666666666667
1878.1870972000002 477.4248040579538 124648204152.96466 126380913171.36687 1030.0
1151.0333337 477.80378678288866 126380913171.36687 126245323019.61008 1014.0
510.3548386599999 477.7741301442717 126245323019.61008 124390397301.3794 1012.0
359.8677419 477.3684158576946 124390397301.3794 122048044295.6855 1015.0645161290323
275.83000000000004 476.8516112529737 122048044295.6855 119970913815.45546 798.0
216.46774190000002 476.38315602513654 119970913815.45546 118402228277.89088 503.0967741935484
267.43666663 476.0293703829253 118402228277.89088 117738474231.42735 324.9
445.07419352 475.87972818562383 117738474231.42735 118196577440.98059 311.80645161290323
619.75483866 475.98299761969804 118196577440.98059 118928115094.44154 409.2258064516129
766.28928573 476.1479736342899 118928115094.44154 119682545950.59702 529.5
944.56129028 476.31812042187573 119682545950.59702 120375726764.74666 647.5806451612904
1029.55 476.4744534877642 120375726764.74666 120722422957.86684 730.7
978.8838709500001 476.5526438786348 120722422957.86684 120775857206.4139 762.3548387096774
674.42333337 476.5646949044686 120775857206.4139 120188577442.45255 717.0666666666667
422.71612905 476.4322457019514 120188577442.45255 119240991371.34929 590.9354838709677
317.08064514 476.21853661960967 119240991371.34929 118335896968.81577 440.64516129032256
240.99666663 476.0144106830888 118335896968.81577 117476820527.35564 297.6666666666667
179.38709676 475.82074403231644 117476820527.35564 116719026674.36455 166.48387096774192
207.45 475.6499158418315 116719026674.36455 116511933773.26656 90.23333333333333
283.94193553 475.6032312383378 116511933773.26656 117052951266.58076 119.48387096774194
441.87419352 475.7251918995899 117052951266.58076 117800578121.1946 224.96774193548387
697.30357146 475.89372816077423 117800578121.1946 118784174650.7643 365.39285714285717
1152.1419352 476.11551074667665 118784174650.7643 120249947741.53902 566.8064516129032
2360.3566663 476.44608654522756 120249947741.53902 123469913005.07007 951.8333333333334
3241.9032257 477.1670850842236 123469913005.07007 128875071013.99321 1022.0
1782.5066662999998 478.34471638549394 128875071013.99321 130376341685.44313 1011.0
754.89677419 478.6687549504518 130376341685.44313 129165486586.5206 1012.0
399.64516134 478.40740051511347 129165486586.5206 126921367534.65498 1013.0
275.90333337 477.92199639865595 126921367534.65498 124267594395.1965 1014.0
212.84838715 477.34155607943933 124267594395.1965 121371800111.70628 989.258064516129
205.87333337 476.69909790521115 121371800111.70628 119545566987.09224 709.3666666666667
338.94193553 476.28722755685436 119545566987.09224 119131391896.38232 531.6129032258065
512.38064514 476.1938186505147 119131391896.38232 119297172096.48727 513.2903225806451
869.33571427 476.2312070582966 119297172096.48727 120138851356.48746 596.6428571428571
1424.8 476.421030978008 120138851356.48746 121718909158.0285 796.516129032258
1924.4266662999999 476.7773814068625 121718909158.0285 123503570949.0021 1069.0333333333333
1216.6612905 477.17444683923935 123503570949.0021 123483037403.12099 1025.0
518.56333337 477.1699556874718 123483037403.12099 121756724942.67714 998.6
346.29032257 476.78591000060374 121756724942.67714 120083404944.89731 784.3225806451613
279.14838714999996 476.40852614905214 120083404944.89731 118795113463.1278 545.0645161290323
213.21333337 476.1179777769796 118795113463.1278 117716978740.27103 353.9
161.72258067 475.87488249329823 117716978740.27103 116834937275.16888 194.93548387096774
162.42333337000002 475.67604537312195 116834937275.16888 116492436728.00336 97.4
226.35161284999998 475.59883605230016 116492436728.00336 116914498850.00371 106.29032258064517
350.11290324 475.6939808047799 116914498850.00371 117510856975.04147 189.61290322580646
487.26071427 475.82841681132584 117510856975.04147 118166029122.84608 290.92857142857144
729.53548391 475.97611116385167 118166029122.84608 118928784853.45912 406.8709677419355
1309.1966663 476.1481246850381 118928784853.45912 120371970097.66296 588.0666666666667
1172.8387095 476.4736062466538 120371970097.66296 120973322976.42809 751.8064516129032
486.84666663 476.6092293586892 120973322976.42809 119918962946.14194 709.7333333333333
304.6322581 476.37143954581455 119918962946.14194 118809976909.74435 533.4516129032259
236.85806447 476.121329930028 118809976909.74435 117883835251.69902 368.7741935483871
173.28333337 475.91249667531537 117883835251.69902 117038305302.09932 225.36666666666667
125.03225809999999 475.72189028451294 117038305302.09932 116318628318.98175 98.54838709677419
131.14666663 475.5596547157308 116318628318.98175 116088962380.76369 23.066666666666666
235.11612905 475.50788151054184 116088962380.76369 116673089018.63747 54.483870967741936
373.49677419 475.6395601935612 116673089018.63747 117406147309.92545 161.90322580645162
512.6 475.8048122880806 117406147309.92545 118146582255.8987 281.0
660.51935486 475.9717272894271 118146582255.8987 118765402295.1918 391.61290322580646
857.1066666300001 476.11127701740907 118765402295.1918 119304796778.38023 485.2
950.85161285 476.23292665276955 119304796778.38023 119802609883.37114 569.6129032258065
521.09333337 476.3451984400927 119802609883.37114 119227482027.99065 559.9666666666667
320.63548391 476.2154898574629 119227482027.99065 118399758577.26768 444.96774193548384
245.72903229000002 476.0288133913549 118399758577.26768 117639264200.24028 316.16129032258067
179.18666663000002 475.85736343558165 117639264200.24028 116891233435.79813 193.93333333333334
127.80000000000001 475.6887361216858 116891233435.79813 116230257786.14795 79.58064516129032
129.45999999999998 475.5397334955248 116230257786.14795 116026490314.0324 11.466666666666667
218.72258067 475.494666552344 116026490314.0324 116596392611.65889 43.38709677419355
403.33870972 475.6222706518618 116596392611.65889 117421709646.17119 157.29032258064515
732.26785719 475.8083204792992 117421709646.17119 118599010940.97229 320.17857142857144
954.14193553 476.07375077604246 118599010940.97229 119698214877.27022 505.741935483871
1351.0700000000002 476.32165423483764 119698214877.27022 120963407018.82138 698.0333333333333
1593.1806447000001 476.6069930128149 120963407018.82138 122270947900.56157 907.516129032258
1184.9866663 476.901882701976 122270947900.56157 122249669528.56198 1007.5666666666667
503.36451609000005 476.89708379083487 122249669528.56198 120743102496.6073 878.5806451612904
312.75161285 476.55730773491365 120743102496.6073 119292533670.45894 638.6129032258065
224.82666662999998 476.23016095409537 119292533670.45894 118066073011.93364 422.1333333333333
181.30322581000001 475.9535782263151 118066073011.93364 117101799844.31468 244.74193548387098
174.52333337000002 475.7362037520998 117101799844.31468 116692147337.76566 135.16666666666666
262.50967743 475.6438564783061 116692147337.76566 117122171048.94978 139.51612903225808
570.4677419 475.7407959984107 117122171048.94978 118126531283.90887 257.7741935483871
938.83214281 475.9672072326215 118126531283.90887 119489898315.9898 450.14285714285717
2323.1806447 476.2746726017117 119489898315.9898 123262338901.26477 876.258064516129
3496.29 477.1216839241612 123262338901.26477 128017811194.74898 1492.2666666666667
3116.6806447 478.15968296886444 128017811194.74898 133068233850.476 1025.0
1863.0633337 479.24611523829776 133068233850.476 134768324841.8377 1011.0
795.02903229 479.607682867256 134768324841.8377 133656825274.67545 1011.0
475.89354837999997 479.3712941885741 133656825274.67545 131609298355.05983 1011.0
328.58333337 478.9348798521606 131609298355.05983 129080409164.438 1012.0
231.19354838 478.3890371604658 129080409164.438 126150866354.72653 1013.0
198.61333337 477.75347033130504 126150866354.72653 123501880062.98819 1015.0
323.29354837999995 477.17407700415316 123501880062.98819 121785677263.25368 1002.741935483871
591.3677418999999 476.7924396173328 121785677263.25368 121183483456.64676 879.741935483871
935.29642854 476.656626850845 121183483456.64676 121542253822.65227 862.8571428571429
2038.2096771 476.73754032987193 121542253822.65227 123967520408.11795 1094.0
2897.7066663 477.2759230988885 123967520408.11795 127079479232.23816 1527.8333333333333
3324.7580648000003 477.9565790096759 127079479232.23816 132696958627.22337 1022.0
2012.1133336999999 479.16715411042605 132696958627.22337 134783814920.95105 1011.0
808.15161285 479.6109772269143 134783814920.95105 133707383994.34102 1011.0
457.01612905 479.3820467873971 133707383994.34102 131609222335.44244 1011.0
305.19 478.93486344386844 131609222335.44244 129022388861.3625 1011.0
220.8322581 478.376513891941 129022388861.3625 126070723906.80936 1011.0
215.99333337000002 477.7359413619443 126070723906.80936 123477292282.59447 1011.0
302.85483866 477.1686990994301 123477292282.59447 121721874821.91718 996.9354838709677
505.17741933 476.7780502530259 121721874821.91718 120954102667.32216 855.3225806451613
693.76785719 476.6048946024632 120954102667.32216 120901815162.59973 791.0714285714286
1066.16451609 476.59310220175905 120901815162.59973 121427619055.64467 831.4516129032259
2910.7966663 476.7116867513858 121427619055.64467 125418777579.80728 1203.4333333333334
2674.9419352 477.59334592734194 125418777579.80728 129296886173.22372 1024.0
1665.1733337 478.43576217855036 129296886173.22372 130493388657.53651 1011.0
699.25806447 478.6940187044111 130493388657.53651 129136076555.76645 1011.0
400.78064514 478.4010525697748 129136076555.76645 126900427438.64595 1011.0
283.01666663 477.9174163251632 126900427438.64595 124272897576.54291 1011.0
186.44838715 477.3427160053681 124272897576.54291 121315230287.36343 986.0
158.60999999999999 476.68633971298226 121315230287.36343 119407969049.45837 693.4666666666667
303.74193553 476.2561950946004 119407969049.45837 118965702550.19597 506.8709677419355
622.62903229 476.15645073301664 118965702550.19597 119430910545.87859 511.741935483871
1007.62142854 476.2613690901846 119430910545.87859 120507319578.0246 638.0
2537.077419 476.5041316143492 120507319578.0246 124389774619.06192 1048.8709677419354
3355.38 477.3682796629619 124389774619.06192 128801228079.43628 1483.3666666666666
3613.3838715 478.3287779148363 128801228079.43628 135183711933.28357 1023.0
2317.73 479.6960255068659 135183711933.28357 138056249352.0842 1011.0
1101.9806447 480.2698166670563 138056249352.0842 137750623730.13385 1014.0
550.9 480.2126797027732 137750623730.13385 135785420290.91982 1051.0
380.34666663 479.8239941069587 135785420290.91982 133329219686.25674 1030.0
259.96451609 479.3016205202588 133329219686.25674 130459853747.9216 1013.0
268.39 478.6867804333956 130459853747.9216 127990802120.90997 1011.0
465.54838715 478.1538532529484 127990802120.90997 126635876276.79245 1011.0
614.82258067 477.85955299142444 126635876276.79245 124614494113.50789 1434.3870967741937
783.49642854 477.4174309084663 124614494113.50789 123561621370.87222 1295.607142857143
1165.5548391 477.1871437819056 123561621370.87222 123367565320.73318 1199.1612903225807
1869.6466663 477.1446993264946 123367565320.73318 124474722335.85727 1274.5666666666666
2124.4806447 477.3868596535121 124474722335.85727 126877424355.90712 1026.0
1796.99 477.912385029726 126877424355.90712 128410493538.46284 1015.0
889.0903225699999 478.2444406515137 128410493538.46284 127472474212.0873 1046.0
468.69032257000003 478.0419758713765 127472474212.0873 125302842328.11969 1056.0
321.21333337000004 477.5679882607436 125302842328.11969 122748804369.10403 1023.0
246.66451609 477.00936228545584 122748804369.10403 120265642000.40517 871.1290322580645
221.75 476.4496260713588 120265642000.40517 118857326120.0509 564.9333333333333
310.16451609 476.1320085972149 118857326120.0509 118624268110.2913 435.0967741935484
548.04193553 476.079447025325 118624268110.2913 119047409985.43112 452.741935483871
909.83928573 476.1748782105167 119047409985.43112 120052151017.68887 569.6785714285714
1421.4290324 476.4014774509898 120052151017.68887 121655360307.42879 784.516129032258
2428.3 476.7630492348734 121655360307.42879 124538057065.60219 1148.8666666666666
3763.0193553 477.40071239405125 124538057065.60219 131318414326.78333 1028.0
2436.1266663 478.87209460970934 131318414326.78333 134506278024.98697 1011.0
1198.3548391 479.5519519406608 134506278024.98697 134450335920.93257 1020.0
566.33548391 479.54005442810137 134450335920.93257 132465950073.14595 1077.0
366.71666662999996 479.11802426055846 132465950073.14595 129947324807.66295 1045.0
251.13548391 478.57615471782066 129947324807.66295 127064994934.79741 1014.0
228.42333337000002 477.95341096561623 127064994934.79741 124498586258.9542 1012.0
326.73548390999997 477.392079234242 124498586258.9542 122767319982.21777 1012.0
610.35161285 477.0134120696015 122767319982.21777 121859168297.5032 1013.2258064516129
985.7 476.8090140499556 121859168297.5032 122099139355.18422 962.6071428571429
2291.8129028000003 476.863134721512 122099139355.18422 124886618629.17351 1212.225806451613
4449.55 477.47695070629345 124886618629.17351 131205882224.78831 1840.2666666666667
3880.1516134000003 478.8478053582535 131205882224.78831 138282557968.51953 1028.0
2453.6166663 480.3121252511721 138282557968.51953 141498646213.80978 1012.0
1184.2322580999999 480.9133756241933 141498646213.80978 141366502000.74228 1029.0
568.03870972 480.8886711536254 141366502000.74228 139415071566.2821 1060.0
372.46333337000004 480.5238496104472 139415071566.2821 136911464705.59998 1036.0
262.80322581 480.05579822501403 136911464705.59998 134032986855.37474 1014.0
236.89333337 479.45129452475004 134032986855.37474 131470716608.76161 1012.0
367.29354837999995 478.90496797080976 131470716608.76161 129848949259.25743 1013.0
549.31935486 478.5549210574698 129848949259.25743 127476250666.7875 1501.0
849.14285719 478.0427909921838 127476250666.7875 125627779953.92007 1691.0357142857142
1250.4677419000002 477.63905948248475 125627779953.92007 124904589977.4838 1481.2903225806451
1510.1299999999999 477.4808814473937 124904589977.4838 124722413202.00876 1411.7666666666667
1515.1870972000002 477.4410352585321 124722413202.00876 125449119841.18427 1043.0
1240.4633337 477.5999824674507 125449119841.18427 125518788165.07602 1025.0
609.77419352 477.6152205085468 125518788165.07602 123864744236.8459 1037.0
403.15806447 477.2534436213574 123864744236.8459 121609340454.42506 1026.4516129032259
297.93 476.7526703776331 121609340454.42506 119731747193.9028 743.6
193.04838715 476.32921677805655 119731747193.9028 118197333317.94933 467.2258064516129
180.53666663 475.98316801576857 118197333317.94933 117419981709.39674 282.1
338.30322581 475.8079309534258 117419981709.39674 117757709550.17226 249.90322580645162
