465.56451609000004 477.2554680664917 123874000000.0 122260819464.11499 1131.9032258064517
659.65 476.89959843574985 122260819464.11499 121713475629.79694 962.0
951.15483866 476.77615598326497 121713475629.79694 121699923009.85068 917.7096774193549
1659.9866663 476.7730994609496 121699923009.85068 122940477714.33356 1014.7666666666667
2699.1419352 477.0512855893118 122940477714.33356 126852306754.4413 1038.0
1575.67 477.9068912411289 126852306754.4413 127481019959.90518 1143.0
716.32258067 478.043820410081 127481019959.90518 125486519706.93912 1269.0
432.62580648 477.60816266555975 125486519706.93912 123068315474.72493 1115.0
320.39333337 477.07924660427057 123068315474.72493 120730668830.06674 941.8
290.58064514 476.55450357015485 120730668830.06674 119051879070.97495 617.2258064516129
421.20333337 476.17588612335925 119051879070.97495 118489224502.58775 438.93333333333334
647.4677419 476.0489906410888 118489224502.58775 119123441794.54518 448.61290322580646
824.24193553 476.19202566408325 119123441794.54518 119973269714.29897 569.8709677419355
989.3142857299999 476.3836873509921 119973269714.29897 120835848939.57036 708.25
1362.1709675999998 476.5782248397768 120835848939.57036 122031466247.46378 877.3225806451613
2147.7633336999997 476.847872405833 122031466247.46378 124205321689.07353 1141.8
1841.0354837999998 477.3279356275314 124205321689.07353 125647200499.79489 1102.0
1189.78 477.6433071959307 125647200499.79489 124803289576.28516 1327.0
598.82903229 477.4587247542181 124803289576.28516 122656542342.7538 1210.9354838709678
428.22580648 476.9888458147843 122656542342.7538 120775375587.09355 912.9677419354839
321.41999999999996 476.56458628486547 120775375587.09355 119238030388.00035 636.7666666666667
263.25161285 476.2178688290483 119238030388.00035 118033389902.46077 414.80645161290323
254.38666663000004 475.946210528057 118033389902.46077 117470064028.40973 273.43333333333334
385.09354837999996 475.8192209261519 117470064028.40973 117892384064.50075 265.1290322580645
504.59677418999996 475.91442381977026 117892384064.50075 118480175123.8596 347.61290322580646
773.675 476.04694973474506 118480175123.8596 119395726030.2484 470.14285714285717
1221.7258067 476.2534339265332 119395726030.2484 120796229333.00038 660.6451612903226
1835.29 476.56928943008575 120796229333.00038 122709502736.52544 931.0
2337.2064514000003 477.000766127849 122709502736.52544 125699222268.4217 1021.0
1562.3966663 477.65468553552535 125699222268.4217 126524127425.9329 1055.0
741.0903225699999 477.83511098554965 126524127425.9329 124264388840.49297 1393.8064516129032
440.57419352 477.34085495198883 124264388840.49297 121882878169.20564 1110.6129032258063
327.36 476.8143613372137 121882878169.20564 119972611227.81523 785.2666666666667
259.34838715 476.38353884253837 119972611227.81523 118496881984.88393 511.19354838709677
283.91333337000003 476.05071763303647 118496881984.88393 117835056302.59045 340.53333333333336
433.71290324 475.9015005190691 117835056302.59045 118234079430.13065 322.51612903225805
635.39677419 475.99145162987617 118234079430.13065 118986473144.59009 417.0967741935484
1031.23214281 476.16113512507667 118986473144.59009 120255409880.70743 581.8928571428571
2826.0580648 476.44731842144955 120255409880.70743 124860227795.17688 1068.1290322580646
3411.81 477.47117843289084 124860227795.17688 130230865080.52026 1169.0
3811.2419351999997 478.6373548630521 130230865080.52026 136767137140.1606 1162.0
2567.3199999999997 480.0288160665845 136767137140.1606 139713259680.7603 1231.0
1281.1032257000002 480.5795961265209 139713259680.7603 138636842067.80576 1480.0
601.22258067 480.3783589582737 138636842067.80576 135209771537.6374 1647.0
397.55 479.7015677451377 135209771537.6374 131985011176.51224 1345.0
306.3 479.0157403608065 131985011176.51224 127811915480.80461 1549.0
284.24333336999996 478.11524184778864 127811915480.80461 125188750805.69167 1089.0
290.20967743 477.54303385951266 125188750805.69167 123266213456.33755 1047.0
510.45161285000006 477.12253137715174 123266213456.33755 121963908042.93044 1060.5806451612902
812.6857142700001 476.8326360042694 121963908042.93044 121821351087.0144 947.6785714285714
938.59354838 476.80048513464465 121821351087.0144 121742060909.73758 929.6774193548387
1083.84333337 476.782602821321 121742060909.73758 121729819766.37672 922.4666666666667
1107.3645162 476.7798420763141 121729819766.37672 121704331045.07288 919.3225806451613
1087.40666663 476.77409360511336 121704331045.07288 121672416869.47548 914.6333333333333
573.67096771 476.76689600123484 121672416869.47548 120525113006.92413 815.1290322580645
379.67741933 476.5081445662887 120525113006.92413 119298338414.05983 622.0967741935484
270.07666663000003 476.23147009789346 119298338414.05983 118165979655.97063 431.0
230.67096770999999 475.9761000126174 118165979655.97063 117273572904.46353 267.06451612903226
223.76999999999998 475.7749262634048 117273572904.46353 116908789963.3337 166.9
311.14516134 475.69269386008426 116908789963.3337 117368372875.72224 177.16129032258064
524.89354838 475.79629686107353 117368372875.72224 118185997437.42393 281.96774193548384
871.45714281 475.98061258733634 118185997437.42393 119394386884.26785 446.82142857142856
1979.5193553 476.2531319089463 119394386884.26785 122449911170.98714 800.3548387096774
2226.3033337 476.9422442875478 122449911170.98714 124867863281.1407 1125.7666666666667
1878.1870972000002 477.4728484866887 124867863281.1407 125925894275.4123 1282.0
1150.0333337 477.7042638397665 125925894275.4123 125258036017.2275 1219.0
500.3548386599999 477.5581881052554 125258036017.2275 122891254360.18031 1194.258064516129
343.8677419 477.04051932637367 122891254360.18031 120742472882.41835 928.4193548387096
256.83000000000004 476.55716573802846 120742472882.41835 119079289152.15936 620.8666666666667
201.46774190000002 476.1820679188451 119079289152.15936 117796828003.01219 382.38709677419354
260.43666663 475.89288277795583 117796828003.01219 117328311639.00137 243.1
444.07419352 475.787265924031 117328311639.00137 117929834172.44228 257.19354838709677
618.75483866 475.922866134455 117929834172.44228 118753628606.03647 373.7096774193548
765.28928573 476.10862169734696 118753628606.03647 119563044815.3082 505.7142857142857
943.56129028 476.29116933137306 119563044815.3082 120296799298.62782 631.4516129032259
1028.55 476.4566529766864 120296799298.62782 120668697058.8442 720.0333333333333
976.8838709500001 476.54052707687055 120668697058.8442 120737030529.05661 754.8387096774194
669.42333337 476.5559383240993 120737030529.05661 120152780080.8613 710.9333333333333
410.71612905 476.4241723231532 120152780080.8613 119191825748.39159 583.9677419354839
299.08064514 476.2074482968858 119191825748.39159 118265225829.51105 430.741935483871
220.99666663 475.9984729101693 118265225829.51105 117388303088.52968 284.6666666666667
162.38709676 475.8007896953403 117388303088.52968 116625186736.08046 151.61290322580646
200.45 475.6287616627774 116625186736.08046 116436378858.4126 76.26666666666667
281.94193553 475.5861990212833 116436378858.4126 116999567269.5038 109.19354838709677
439.87419352 475.71315763514514 116999567269.5038 117761928570.60634 217.4516129032258
696.30357146 475.88501545775614 117761928570.60634 118755948085.82085 360.07142857142856
1152.1419352 476.10914480961225 118755948085.82085 120231669304.46805 563.0967741935484
2360.3566663 476.4419642093974 120231669304.46805 123457888298.19897 949.4333333333333
3241.9032257 477.164455008355 123457888298.19897 128643723811.65309 1104.0
1782.5066662999998 478.2947817422088 128643723811.65309 130057504804.91096 1045.0
748.89677419 478.59993628424587 130057504804.91096 128165241554.47954 1261.0
384.64516134 478.1915047603021 128165241554.47954 125776859241.8937 1053.0
256.90333337 477.67166650085164 125776859241.8937 122641815111.8699 1182.6
196.84838715 476.9855243824695 122641815111.8699 120077283358.9293 851.9354838709677
198.87333337 476.4071455477964 120077283358.9293 118685841250.29541 535.7333333333333
336.94193553 476.0933336153124 118685841250.29541 118572225213.78514 417.258064516129
510.38064513999996 476.06770979111076 118572225213.78514 118931745427.58186 438.80645161290323
869.33571427 476.14879238330667 118931745427.58186 119892542614.64705 547.2857142857143
1424.8 476.3654809685717 119892542614.64705 121559797947.38841 764.0
1924.4266662999999 476.74149705624455 121559797947.38841 123399175570.99689 1048.0333333333333
1215.6612905 477.151613204505 123399175570.99689 123250512641.547 1072.0
511.56333337 477.1190972531818 123250512641.547 121458694274.62056 1017.1666666666666
332.29032257 476.7186951453813 121458694274.62056 119861208369.09746 742.258064516129
260.14838714999996 476.3584141563142 119861208369.09746 118610760790.43697 512.1612903225806
191.21333337 476.0764007195392 118610760790.43697 117550299473.20863 325.3333333333333
143.72258067 475.8373082671796 117550299473.20863 116688520317.76096 169.61290322580646
154.42333337000002 475.64303884530227 116688520317.76096 116379717235.07828 76.53333333333333
224.35161284999998 475.5734258870781 116379717235.07828 116837153540.52336 91.06451612903226
348.11290324 475.6765449820837 116837153540.52336 117456696152.18954 178.93548387096774
485.26071427 475.8162074283565 117456696152.18954 118125475092.46953 283.2857142857143
727.53548391 475.96696913716625 118125475092.46953 118898099182.26758 401.19354838709677
1309.1966663 476.1412041457527 118898099182.26758 120352053599.87073 583.9333333333333
1171.8387095 476.4691144789965 120352053599.87073 120958378331.53694 748.9677419354839
479.84666663 476.6058588929943 120958378331.53694 119894563084.50977 706.4
289.6322581 476.3659366451307 119894563084.50977 118761393858.04437 527.516129032258
214.85806447 476.11037299459724 118761393858.04437 117804600376.86838 358.2903225806452
149.28333337 475.89463489108846 117804600376.86838 116935650969.55412 210.53333333333333
105.03225809999999 475.6987490914234 116935650969.55412 116209072206.7106 81.29032258064517
122.14666663 475.53495766607546 116209072206.7106 115994550296.50977 8.333333333333334
233.11612905 475.48847417298384 115994550296.50977 116606453899.64755 42.096774193548384
371.49677419 475.6245387510477 116606453899.64755 117358470532.33293 152.80645161290323
510.6 475.79406459250066 117358470532.33293 118110357167.05894 274.25
658.51935486 475.96356112873286 118110357167.05894 118737747587.95604 386.4193548387097
855.1066666300001 476.1050400514109 118737747587.95604 119282381243.87018 481.2
948.85161285 476.22787127737257 119282381243.87018 119783878662.13109 566.258064516129
514.09333337 476.34097398785093 119783878662.13109 119200426703.86514 556.2
305.63548391 476.2093880703349 119200426703.86514 118349562490.81358 438.64516129032256
224.72903229000002 476.0174926682033 118349562490.81358 117561353864.53064 305.5806451612903
155.18666663000002 475.8398002399754 117561353864.53064 116789553503.11223 179.23333333333332
107.80000000000001 475.6658145859135 116789553503.11223 116121327017.43141 62.45161290322581
120.45999999999998 475.5151774160125 116121327017.43141 115919894476.28212 1.7
216.72258067 475.47400025605623 115919894476.28212 116518859035.68687 30.516129032258064
401.33870972 475.60479238856783 116518859035.68687 117367101160.61342 146.70967741935485
731.26785719 475.79601018048095 117367101160.61342 118560602022.60927 312.4642857142857
953.14193553 476.0650884128573 118560602022.60927 119671055211.84229 500.5483870967742
1351.0700000000002 476.3155289156162 119671055211.84229 120945627771.9917 694.4333333333333
1593.1806447000001 476.6029832593576 120945627771.9917 122259601396.25089 905.1290322580645
1183.9866663 476.89932372490995 122259601396.25089 122239990373.47313 1005.9333333333333
493.36451609000005 476.89490085103137 122239990373.47313 120714983480.48616 875.483870967742
294.75161285 476.5509660533347 120714983480.48616 119235340605.02211 631.516129032258
204.82666662999998 476.2172622023054 119235340605.02211 117986240871.79733 410.96666666666664
164.30322581000001 475.9355818015774 117986240871.79733 117013419373.07698 231.06451612903226
166.52333337000002 475.71628029149616 117013419373.07698 116617463750.51434 121.96666666666667
260.50967743 475.6270206831637 116617463750.51434 117069486055.14316 129.29032258064515
568.4677419 475.7289193090945 117069486055.14316 118088149162.47754 250.41935483870967
938.83214281 475.9585548157073 118088149162.47754 119464187003.41898 444.89285714285717
2323.1806447 476.26887392950357 119464187003.41898 123245710648.84473 872.8709677419355
3496.29 477.11804694856625 123245710648.84473 128486048282.5967 1305.1
3116.6806447 478.26074860405714 128486048282.5967 132732746682.54324 1325.0
1863.0633337 479.1747653514554 132732746682.54324 133944276714.55814 1200.0
789.02903229 479.432428054989 133944276714.55814 131398166238.67253 1542.0
462.89354837999997 478.88930849097187 131398166238.67253 127396443530.09538 1731.0
312.58333337 478.02556519104155 127396443530.09538 123570601480.29419 1503.1666666666667
216.19354838 477.18910793532245 123570601480.29419 120715377326.31104 978.6129032258065
190.61333337 476.55105487738183 120715377326.31104 119084796053.22234 619.2
321.29354837999995 476.183309890217 119084796053.22234 118795423686.31848 467.2903225806452
590.3677418999999 476.1180477416144 118795423686.31848 119250274246.05553 483.2903225806452
935.29642854 476.2206301863003 119250274246.05553 120239975697.69852 601.4285714285714
2038.2096771 476.44383755022517 120239975697.69852 123123717572.51668 923.0322580645161
2897.7066663 477.09136429845074 123123717572.51668 127265216705.598 1131.0
3324.7580648000003 477.9972040038491 127265216705.598 132809992015.0929 1049.0
2012.1133336999999 479.19119353787596 132809992015.0929 134761953339.55754 1063.0
804.15161285 479.6063278050952 134761953339.55754 133198679307.26682 1189.0
444.01612905 479.2738577854672 133198679307.26682 129839477242.45135 1470.0
288.19 478.55287659021184 129839477242.45135 126161756197.28024 1418.0
205.8322581 477.7558521866317 126161756197.28024 122567666848.74315 1240.6451612903227
208.99333337000002 476.96880172502097 122567666848.74315 120332412724.6906 869.2666666666667
300.85483866 476.46468487250576 120332412724.6906 119555959390.99721 628.9032258064516
503.17741933 476.28957135566014 119555959390.99721 119550848808.16685 568.0
692.76785719 476.2884187659375 119550848808.16685 119954428780.0022 601.1785714285714
1065.16451609 476.3794381551651 119954428780.0022 120814664269.91014 705.741935483871
2910.7966663 476.57344706132386 120814664269.91014 125252389509.45708 1031.5333333333333
2674.9419352 477.556953086058 125252389509.45708 128577192302.15105 1231.0
1665.1733337 478.2804213904924 128577192302.15105 129710644667.5157 1036.0
693.25806447 478.5250689979529 129710644667.5157 127247692905.3999 1419.0
385.78064514 477.9933711516623 127247692905.3999 124594829447.90318 1154.0
264.01666663 477.4131298005038 124594829447.90318 121612041576.35555 1132.6333333333334
170.44838715 476.75327956164983 121612041576.35555 119356177588.57013 711.6451612903226
150.60999999999999 476.2445145666599 119356177588.57013 118112408341.07156 431.1666666666667
301.74193553 475.96402352143184 118112408341.07156 118124909604.43845 334.8709677419355
621.62903229 475.96684166015297 118124909604.43845 118885782582.87457 400.1290322580645
1007.62142854 476.13842638314713 118885782582.87457 120139920530.0134 564.3571428571429
2537.077419 476.4212721087085 120139920530.0134 124151613340.81725 1000.6774193548387
3355.38 477.3161883947545 124151613340.81725 129662455057.98508 1059.0
3613.3838715 478.51466761450143 129662455057.98508 136101584199.8189 1001.0
2317.73 479.8912344108505 136101584199.8189 136721898306.1292 1880.0
1100.9806447 480.0203586289268 136721898306.1292 135605532302.24673 1317.0
539.9 479.78573634671346 135605532302.24673 133180744355.77698 1214.0
366.34666663 479.27004346145833 133180744355.77698 129667601414.74527 1428.0
246.96451609000002 478.51577841889605 129667601414.74527 126024037846.56218 1295.0
261.39 477.72573006267766 126024037846.56218 122912524732.64555 1256.6
464.54838715 477.0451716388114 122912524732.64555 121579441415.60007 1000.8709677419355
613.82258067 476.7459272475417 121579441415.60007 121099560400.4753 856.483870967742
783.49642854 476.6376996843652 121099560400.4753 121180478921.59674 825.8214285714286
1165.5548391 476.65594923806873 121180478921.59674 121824479435.89297 886.6451612903226
1869.6466663 476.8011906711531 121824479435.89297 123521160214.10164 1048.1666666666667
2124.4806447 477.1782940100835 123521160214.10164 125463565563.20079 1199.0
1796.99 477.60314207419094 125463565563.20079 126246549585.08281 1306.0
885.0903225699999 477.77439842193417 126246549585.08281 124610279268.91216 1305.0
455.69032257000003 477.41650902644625 124610279268.91216 122098391401.24408 1174.1290322580646
304.21333337000004 476.8629660354632 122098391401.24408 120063629598.93446 809.9333333333333
231.66451609 476.40406621536636 120063629598.93446 118494998373.7306 518.1290322580645
214.75 476.0502928222216 118494998373.7306 117687029045.42296 327.8333333333333
308.16451609 475.86813098408993 117687029045.42296 117864642597.2434 279.5806451612903
546.04193553 475.90817010758417 117864642597.2434 118552748083.12454 351.61290322580646
909.83928573 476.06331711392073 118552748083.12454 119718755418.76561 502.85714285714283
1421.4290324 476.32628674306847 119718755418.76561 121440649297.53941 740.258064516129
2428.3 476.7146254617815 121440649297.53941 124406497237.95517 1116.9333333333334
3763.0193553 477.37193727864286 124406497237.95517 130660207625.38681 1225.0
2436.1266663 478.73002538860067 130660207625.38681 133525963244.29791 1136.0
1197.3548391 479.3434630464266 133525963244.29791 133065761569.66606 1171.0
555.33548391 479.245589444846 133065761569.66606 130708139492.6964 1207.0
350.71666662999996 478.74037114023236 130708139492.6964 127354746696.03102 1354.0
236.13548391 478.01656522685755 127354746696.03102 123527418600.89023 1356.3870967741937
221.42333337000002 477.17966286108714 123527418600.89023 120986401648.71906 998.8333333333334
324.73548390999997 476.61217899159203 120986401648.71906 120030472394.02982 719.9032258064516
609.35161285 476.3965882710938 120030472394.02982 120089516947.55276 650.3870967741935
985.7 476.40990458898347 120089516947.55276 120906806562.09479 723.3928571428571
2291.8129028000003 476.59422791206464 120906806562.09479 124111150959.15044 1056.774193548387
4449.55 477.3073383550198 124111150959.15044 131976256809.36678 1244.0
3880.1516134000003 479.0138785217709 131976256809.36678 138802262895.57764 1121.0
2453.6166663 480.40928451964436 138802262895.57764 141131723246.80792 1354.0
1183.2322580999999 480.84477907025763 141131723246.80792 140598875981.57764 1178.0
557.03870972 480.7451628307305 140598875981.57764 138162169595.56613 1231.0
358.46333337000004 480.2896185446936 138162169595.56613 134492387406.10188 1474.0
249.80322581000001 479.54899774693786 134492387406.10188 130155726836.24995 1550.0
229.89333337 478.62113680903303 130155726836.24995 126790437866.75414 1319.0
365.29354837999995 477.8933591134633 126790437866.75414 125002892147.88756 1072.0
547.31935486 477.5023823595555 125002892147.88756 123531806598.75519 1161.0
849.14285719 477.18062261565075 123531806598.75519 122956408095.72832 1163.5714285714287
1250.4677419000002 477.0547699247 122956408095.72832 123158638506.98341 1136.1935483870968
1510.1299999999999 477.09900229811535 123158638506.98341 123567899133.57835 1184.7666666666667
1515.1870972000002 477.1885168708614 123567899133.57835 124008708857.32245 1151.0
1239.4633337 477.2849319460461 124008708857.32245 123859120528.82713 1110.0
601.77419352 477.25221358898233 123859120528.82713 121996290734.72557 1108.6451612903227
388.15806447 476.83993927260383 121996290734.72557 120263307300.08553 818.2258064516129
280.93 476.44909952640626 120263307300.08553 118817919833.30324 561.4666666666667
177.04838715 476.1231212975424 118817919833.30324 117575771520.61073 343.2903225806452
172.53666663 475.84305038787437 117575771520.61073 116997066265.99223 198.0
336.30322581 475.7125938381407 116997066265.99223 117480367312.53867 193.48387096774192
