464.56451609000004 477.2554680664917 123874000000.0 122258917700.53891 1131.6129032258063
659.65 476.89916953101914 122258917700.53891 121712263623.97635 961.7142857142857
951.15483866 476.7758826395977 121712263623.97635 121699143502.11586 917.5483870967741
1659.9866663 476.7729236585737 121699143502.11586 122926482152.53477 1019.8666666666667
2699.1419352 477.04822444281166 122926482152.53477 126262625630.73569 1253.1935483870968
1575.67 477.7779146173963 126262625630.73569 126538031575.71078 1280.0
713.32258067 477.8381521381695 126538031575.71078 124511083671.63058 1279.0
424.62580648 477.3948127015815 124511083671.63058 121983494077.84474 1149.032258064516
310.39333337 476.83705324263525 121983494077.84474 120002141834.1627 795.6333333333333
281.58064514 476.3901988800547 120002141834.1627 118564240935.88667 519.2258064516129
418.20333337 476.06590909695234 118564240935.88667 118164584756.11989 373.46666666666664
646.4677419 475.9757855626961 118164584756.11989 118911758974.69604 405.38709677419354
823.24193553 476.1442848386775 118911758974.69604 119834356592.02553 541.6451612903226
988.3142857299999 476.3523582751523 119834356592.02553 120740198596.35847 689.3214285714286
1362.1709675999998 476.55665281830363 120740198596.35847 121969812364.94347 864.6451612903226
2147.7633336999997 476.83396760598635 121969812364.94347 124147667361.3347 1140.3
1841.0354837999998 477.31532531962705 124147667361.3347 125113541926.6459 1280.0
1189.78 477.52658397345715 125113541926.6459 124395164953.55458 1279.0
594.82903229 477.3694586512587 124395164953.55458 122343444666.40277 1171.8064516129032
420.22580648 476.91823289724914 122343444666.40277 120556638439.68733 870.0322580645161
311.41999999999996 476.51525449699756 120556638439.68733 119074088920.65459 605.9
254.25161285000001 476.1808951106573 119074088920.65459 117908321927.43565 391.51612903225805
250.38666663000004 475.9180166653372 117908321927.43565 117379843954.52765 256.1
385.09354837999996 475.79888276702604 117379843954.52765 117833833820.486 253.29032258064515
503.59677418999996 475.90122493698965 117833833820.486 118439898853.54039 339.7741935483871
772.675 476.0378662276816 118439898853.54039 119366822185.73152 464.42857142857144
1221.7258067 476.2469152426097 119366822185.73152 120777360440.94585 656.9032258064516
1835.29 476.5650339289458 120777360440.94585 122697148160.91554 928.5
2337.2064514000003 476.9980036447712 122697148160.91554 125131583675.39722 1228.5483870967741
1562.3966663 477.5305301127291 125131583675.39722 125377883889.79195 1279.0
738.0903225699999 477.58440155069815 125377883889.79195 123447963679.73979 1268.5806451612902
432.57419352 477.16228426940944 123447963679.73979 121295021269.58467 1018.0645161290323
317.36 476.68178197329377 121295021269.58467 119568203183.94113 705.2
250.34838715 476.29233269822754 119568203183.94113 118217438945.71425 456.06451612903226
278.91333337000003 475.98770039353343 118217438945.71425 117642298802.54855 302.3333333333333
432.71290324 475.85804752086307 117642298802.54855 118107507028.87323 296.7741935483871
634.39677419 475.9629186268876 118107507028.87323 118902491033.27754 400.16129032258067
1031.23214281 476.14219463989116 118902491033.27754 120198577744.11835 570.6428571428571
2826.0580648 476.43450106994095 120198577744.11835 124856986891.64754 1048.1290322580646
3411.81 477.4704695738512 124856986891.64754 129937621317.3545 1281.0
3811.2419351999997 478.5740602886585 129937621317.3545 136156309233.70735 1281.0
2567.3199999999997 479.9028730824558 136156309233.70735 138974066506.2334 1281.0
1280.1032257000002 480.4414033475852 138974066506.2334 138431556481.6315 1280.0
596.22258067 480.3399806471549 138431556481.6315 135976043422.69092 1279.0
389.55 479.86453496867097 135976043422.69092 132909026093.96364 1275.0
298.3 479.2122556558834 132909026093.96364 129448736787.85419 1273.0
279.24333336999996 478.4685380504758 129448736787.85419 126332095032.95702 1273.0
289.20967743 477.7931091498156 126332095032.95702 123800090992.2492 1273.7096774193549
509.45161285000006 477.23930249174305 123800090992.2492 122308855474.87471 1130.258064516129
811.6857142700001 476.91043199703984 122308855474.87471 122051829109.4267 994.1071428571429
938.59354838 476.8524648419997 122051829109.4267 121890618796.1802 960.2258064516129
1082.84333337 476.81610708078034 121890618796.1802 121824716213.4006 942.0666666666667
1106.3645162 476.8012440715833 121824716213.4006 121763078805.17934 931.741935483871
1086.40666663 476.7873429871852 121763078805.17934 121708498456.8242 922.3333333333334
569.67096771 476.7750334814669 121708498456.8242 120539530784.07127 819.1935483870968
370.67741933 476.51139620750365 120539530784.07127 119288041348.37534 622.3225806451613
257.07666663000003 476.2291478007161 119288041348.37534 118131489548.71667 427.3666666666667
220.67096770999999 475.96832496589644 118131489548.71667 117229656363.38438 260.64516129032256
218.76999999999998 475.76502623160155 117229656363.38438 116869823057.63008 160.03333333333333
310.14516134 475.6839096162376 116869823057.63008 117341052529.42706 171.80645161290323
523.89354838 475.7901380814759 117341052529.42706 118166173380.93199 278.16129032258067
870.45714281 475.97614368370876 118166173380.93199 119378952676.82175 444.0
1979.5193553 476.2496510322106 119378952676.82175 122439926819.29387 798.3225806451613
2226.3033337 476.93999251675547 122439926819.29387 124666715926.8447 1199.5666666666666
1878.1870972000002 477.428853002372 124666715926.8447 125738645720.54402 1277.0
1149.0333337 477.6633083378268 125738645720.54402 124928832314.31651 1273.0
495.3548386599999 477.48618379578227 124928832314.31651 122523524109.82147 1204.0
333.8677419 476.95884621331106 122523524109.82147 120484016928.57645 877.9677419354839
243.83000000000004 476.4988761679243 120484016928.57645 118882847784.02658 584.2666666666667
189.46774190000002 476.1377644979762 118882847784.02658 117644481505.22258 354.19354838709677
256.43666663 475.8585395638464 117644481505.22258 117220377242.83395 222.1
443.07419352 475.7629344551023 117220377242.83395 117857794966.16858 242.7741935483871
617.75483866 475.90662645765747 117857794966.16858 118704865014.27078 364.0
765.28928573 476.097624044716 118704865014.27078 119530313386.31535 499.07142857142856
943.56129028 476.2837874123399 119530313386.31535 120275832354.28279 627.0645161290323
1027.55 476.4519243018229 120275832354.28279 120652954279.61865 717.0333333333333
976.8838709500001 476.53697660794285 120652954279.61865 120726765841.63249 752.8064516129032
667.42333337 476.5536233291909 120726765841.63249 120141591490.0458 709.3
403.71612905 476.42164896031704 120141591490.0458 119169362551.17384 581.1935483870968
287.08064514 476.2023821721186 119169362551.17384 118224541164.0447 425.5806451612903
205.99666663 475.9893014346359 118224541164.0447 117329746784.68555 276.6333333333333
148.38709676 475.7875894465026 117329746784.68555 116557045556.17715 141.29032258064515
194.45 475.6134007114917 116557045556.17715 116379119270.31235 66.13333333333334
280.94193553 475.57329108888916 116379119270.31235 116960512848.2274 101.38709677419355
438.87419352 475.7043536628105 116960512848.2274 117734509316.17421 212.09677419354838
696.30357146 475.878834381464 117734509316.17421 118737665905.51875 356.2857142857143
1151.1419352 476.1050216295712 118737665905.51875 120217802049.06885 560.4516129032259
2360.3566663 476.4388367273497 120217802049.06885 123448884392.293 947.5666666666667
3241.9032257 477.16248565010784 123448884392.293 128177292072.67177 1275.0
1782.5066662999998 478.19410577869024 128177292072.67177 128983726087.38051 1280.0
746.89677419 478.368168807982 128983726087.38051 127043252317.96255 1278.0
375.64516134 477.948655362634 127043252317.96255 124040229518.86145 1275.0
243.90333336999998 477.29182622897235 124040229518.86145 121205512211.06981 1056.0666666666666
184.84838715 476.66159499573064 121205512211.06981 119126729592.3106 660.4193548387096
192.87333337 476.19276716109846 119126729592.3106 118052762473.84222 408.06666666666666
335.94193553 475.9505776541574 118052762473.84222 118161352680.2342 333.19354838709677
509.38064513999996 475.9750569612791 118161352680.2342 118664348632.43239 384.1290322580645
868.33571427 476.0884863853027 118664348632.43239 119710471045.29945 510.92857142857144
1424.8 476.324418368358 119710471045.29945 121442345716.98827 739.9032258064516
1924.4266662999999 476.71500805525216 121442345716.98827 123322109239.67667 1032.5333333333333
1215.6612905 477.13475705154787 123322109239.67667 122969341933.69658 1148.3870967741937
507.56333337 477.0575988481401 122969341933.69658 121265966391.9678 979.2666666666667
323.29032257 476.6752292268759 121265966391.9678 119717295533.23665 715.1935483870968
247.14838714999996 476.3259574950917 119717295533.23665 118489879484.91814 490.7096774193548
174.21333337 476.0491383592508 118489879484.91814 117435300043.3373 306.23333333333335
127.72258067000001 475.81138413961617 117435300043.3373 116579775103.66267 151.4516129032258
146.42333337000002 475.61852459505474 116579775103.66267 116291798550.16122 60.6
223.35161284999998 475.55360652618606 116291798550.16122 116778313151.03558 79.19354838709677
346.11290324 475.6632806922984 116778313151.03558 117414055006.93921 170.8709677419355
484.26071427 475.8065949068844 117414055006.93921 118094895633.5843 277.2857142857143
726.53548391 475.96007566131294 118094895633.5843 118876259901.4026 396.93548387096774
1309.1966663 476.13627873283775 118876259901.4026 120337770678.94475 581.0333333333333
1171.8387095 476.4658932519045 120337770678.94475 120949483326.21072 746.9677419354839
474.84666663 476.60385280248323 120949483326.21072 119877837570.4581 704.4333333333333
279.6322581 476.3621645400221 119877837570.4581 118728662528.87302 523.516129032258
199.85806447 476.10299109807687 118728662528.87302 117750917853.82202 351.16129032258067
129.28333337 475.8825333304378 117750917853.82202 116857936263.77061 199.9
84.03225809999999 475.6812299963414 116857936263.77061 116113489412.231 67.09677419354838
113.14666663 475.51341059788797 116113489412.231 115894289187.06137 1.2666666666666666
232.11612905 475.46903602382406 115894289187.06137 116534565988.8718 30.483870967741936
370.49677419 475.6083331805392 116534565988.8718 117310117729.56973 143.0
510.6 475.78316450170644 117310117729.56973 118078037007.41885 267.60714285714283
657.51935486 475.95627524964357 118078037007.41885 118714686796.81282 381.96774193548384
854.1066666300001 476.0998391512884 118714686796.81282 119264980855.60236 478.03333333333336
947.85161285 476.223946967885 119264980855.60236 119770407934.50769 563.8064516129032
510.09333337 476.3379359347108 119770407934.50769 119183278654.07063 553.6333333333333
296.63548391 476.2055206707421 119183278654.07063 118318998226.27919 434.6774193548387
208.72903229000002 476.0105995097607 118318998226.27919 117506467636.69212 298.7096774193548
135.18666663000002 475.82742733018307 117506467636.69212 116711329867.87334 168.33333333333334
87.80000000000001 475.64818076372256 116711329867.87334 116027220720.59862 48.516129032258064
111.45999999999998 475.49480816011055 116027220720.59862 115807291539.73796 0.0
214.72258067 475.4521693318981 115807291539.73796 116431418373.59502 19.096774193548388
400.33870972 475.5850807875552 116431418373.59502 117308627627.86743 134.8709677419355
731.26785719 475.7828285905923 117308627627.86743 118521090635.18481 304.60714285714283
953.14193553 476.0561774098297 118521090635.18481 119645730402.42603 495.258064516129
1351.0700000000002 476.30981741146275 119645730402.42603 120929247791.01547 691.0
1593.1806447000001 476.5992890823219 120929247791.01547 122248873966.39397 903.0322580645161
1183.9866663 476.89690436770275 122248873966.39397 122232999934.11726 1004.5
488.36451609000005 476.89332429727494 122232999934.11726 120699813999.61398 873.5483870967741
282.75161285 476.547544880382 120699813999.61398 119199426348.13522 627.2903225806451
188.82666662999998 476.20916246011166 119199426348.13522 117928815392.74254 403.3333333333333
150.30322581000001 475.92263647266515 117928815392.74254 116946059207.99533 220.8709677419355
159.52333337000002 475.70109540306476 116946059207.99533 116558653615.2856 111.73333333333333
259.50967743 475.613763213545 116558653615.2856 117029571613.93744 121.2258064516129
568.4677419 475.7199214639174 117029571613.93744 118062462230.08089 245.09677419354838
937.83214281 475.95276425385055 118062462230.08089 119444786024.29865 441.2857142857143
2323.1806447 476.2644984267701 119444786024.29865 123233143587.2249 870.3225806451613
3496.29 477.11529824742456 123233143587.2249 128563806141.3413 1270.2333333333333
3116.6806447 478.2775320831732 128563806141.3413 132933358402.6378 1279.0
1863.0633337 479.21743054075665 132933358402.6378 133945063057.35129 1277.0
787.02903229 479.43259529080206 133945063057.35129 132121268625.25864 1270.0
455.89354837999997 479.0447189760227 132121268625.25864 129342526106.11308 1266.0
301.58333337 478.4456132324872 129342526106.11308 126071239874.92651 1275.0
205.19354838 477.7360542158632 126071239874.92651 122517181744.69373 1225.1612903225807
184.61333337 476.95741581973243 122517181744.69373 120247689435.93777 858.1666666666666
320.29354837999995 476.44557722957546 120247689435.93777 119544098339.20662 621.1290322580645
589.3677418999999 476.2868963327033 119544098339.20662 119731641768.74963 582.2903225806451
934.29642854 476.32919300152224 119731641768.74963 120562225574.86066 666.3571428571429
2038.2096771 476.516514563568 120562225574.86066 123332126941.78659 965.483870967742
2897.7066663 477.13694814999707 123332126941.78659 127110824593.89066 1270.9333333333334
3324.7580648000003 477.9634349505448 127110824593.89066 132035380041.92032 1281.0
2012.1133336999999 479.02645258228847 132035380041.92032 133424714803.41849 1281.0
801.15161285 479.3219299879665 133424714803.41849 131613212312.76857 1280.0
436.01612905 478.93572465201134 131613212312.76857 128750643997.70557 1278.0
277.19 478.3178597016416 128750643997.70557 125418338256.51595 1275.0
193.8322581 477.5932498373832 125418338256.51595 121956439619.19446 1180.3548387096773
202.99333337000002 476.83095165069784 121956439619.19446 119920839763.66766 786.7666666666667
299.85483866 476.3718628244627 119920839763.66766 119288236983.41422 574.1290322580645
502.17741933 476.22919192228557 119288236983.41422 119375987238.98418 532.258064516129
692.76785719 476.24898223702843 119375987238.98418 119836540318.30785 577.5714285714286
1065.16451609 476.3528507709309 119836540318.30785 120738557829.21458 690.1612903225806
2910.7966663 476.5562827760971 120738557829.21458 125015186101.30162 1093.7666666666667
2674.9419352 477.50507132574404 125015186101.30162 128212201439.50551 1279.0
1665.1733337 478.2016407164916 128212201439.50551 128719946911.76222 1278.0
690.25806447 478.3112339546217 128719946911.76222 126644648305.76701 1272.0
376.78064514 477.8614716329324 126644648305.76701 123669363108.71553 1266.1935483870968
252.01666662999997 477.2107093413639 123669363108.71553 120978589420.39174 1009.0666666666667
156.44838715 476.6104170997726 120978589420.39174 118919078450.87585 625.1612903225806
142.60999999999999 476.1459356001073 118919078450.87585 117810389379.00099 371.43333333333334
300.74193553 475.8959398960778 117810389379.00099 117927908595.63472 294.61290322580646
620.62903229 475.9224320549222 117927908595.63472 118756464126.56595 373.80645161290323
1007.62142854 476.1092611922792 118756464126.56595 120052923133.6214 546.8214285714286
2537.077419 476.4016515862926 120052923133.6214 124095325009.6847 989.2258064516129
3355.38 477.3038768612609 124095325009.6847 129031446010.22226 1281.0
3613.3838715 478.3784688129122 129031446010.22226 134723168899.83972 1281.0
2317.73 479.5980793066439 134723168899.83972 136897549529.13681 1281.0
1099.9806447 480.05319677119775 136897549529.13681 135874411362.71849 1281.0
534.9 479.84292032384485 135874411362.71849 133256284306.21376 1281.0
357.34666663 479.28610895495825 133256284306.21376 130102549740.05779 1280.0
236.96451609000002 478.60965891216443 130102549740.05779 126478653207.20502 1277.0
257.39 477.8251647434832 126478653207.20502 123327341512.06317 1267.5
463.54838715 477.1359014680803 123327341512.06317 121845913265.56908 1055.3225806451612
612.82258067 476.80602464266326 121845913265.56908 121269366878.41609 891.6451612903226
782.49642854 476.67599613856925 121269366878.41609 121292788807.66695 848.6428571428571
1164.5548391 476.6812784861675 121292788807.66695 121894837454.74348 901.2903225806451
1869.6466663 476.8170585148271 121894837454.74348 123502074744.54984 1082.6333333333334
2124.4806447 477.1741195854221 123502074744.54984 125254313169.93875 1270.0967741935483
1796.99 477.55737383419483 125254313169.93875 126105106307.61588 1280.0
883.0903225699999 477.7434615720945 126105106307.61588 124533390232.56087 1279.0
448.69032257000003 477.3996916519162 124533390232.56087 122053265305.9383 1155.3225806451612
294.21333337000004 476.8527887473925 122053265305.9383 120013066347.74779 802.1
221.66451609 476.3926626855543 120013066347.74779 118440679314.53282 509.61290322580646
208.75 476.03804224504574 118440679314.53282 117638895389.21927 319.5
307.16451609 475.85728029513507 117638895389.21927 117831002645.94142 273.16129032258067
546.04193553 475.900586710086 117831002645.94142 118530834568.85979 347.2258064516129
908.83928573 476.05837495914744 118530834568.85979 119702007634.5635 499.7142857142857
1421.4290324 476.3225096153729 119702007634.5635 121429697554.8164 738.0967741935484
2428.3 476.7121555152946 121429697554.8164 124401007997.37862 1114.8333333333333
3763.0193553 477.3707366573444 124401007997.37862 130507604344.83739 1280.0
2436.1266663 478.69708705910585 130507604344.83739 133000885645.38895 1280.0
1197.3548391 479.23179192798574 133000885645.38895 132258381319.5876 1277.0
550.33548391 479.07387948098415 132258381319.5876 129710459870.07089 1274.0
341.71666662999996 478.5250291107427 129710459870.07089 126546893700.10706 1273.0
226.13548391 477.8400904855877 126546893700.10706 122970177875.8954 1253.8387096774193
216.42333337000002 477.0577816876412 122970177875.8954 120610972574.80609 924.1666666666666
323.73548390999997 476.5275084742458 120610972574.80609 119785776737.45494 670.0322580645161
608.35161285 476.3414020607701 119785776737.45494 119929317869.77792 617.7741935483871
984.7 476.37377489169546 119929317869.77792 120796938419.10838 701.5357142857143
2291.8129028000003 476.5694493502725 120796938419.10838 124039777500.1582 1042.4193548387098
4449.55 477.2917273622393 124039777500.1582 131809226610.43813 1281.0
3880.1516134000003 478.9780329398744 131809226610.43813 138207564356.7157 1281.0
2453.6166663 480.29810513305586 138207564356.7157 140729735623.60333 1280.0
1183.2322580999999 480.76962714967345 140729735623.60333 139927373323.3549 1279.0
552.03870972 480.6196248501318 139927373323.3549 137358355820.24423 1276.0
348.46333337000004 480.1393448906794 137358355820.24423 134180251403.70633 1275.0
239.80322581000001 479.4826140799035 134180251403.70633 130550568101.25238 1276.0
224.89333337 478.7063604794415 130550568101.25238 127280058206.57437 1277.0
365.29354837999995 478.0004442492067 127280058206.57437 124940875250.91226 1278.0
547.31935486 477.4888178589047 124940875250.91226 123220264874.34508 1254.0967741935483
848.14285719 477.1124813810904 123220264874.34508 122741742916.96349 1122.4285714285713
1250.4677419000002 477.0078177858625 122741742916.96349 123018539516.10141 1108.3870967741937
1510.1299999999999 477.0683594742129 123018539516.10141 123475305907.68779 1166.5333333333333
1515.1870972000002 477.16826463422746 123475305907.68779 123726665555.32904 1221.9032258064517
1239.4633337 477.2232426848926 123726665555.32904 123323876953.968 1208.0666666666666
597.77419352 477.1351436907192 123323876953.968 121641270725.9055 1037.774193548387
379.15806447 476.759871611616 121641270725.9055 120015195091.00166 769.6451612903226
268.93 476.39314278101074 120015195091.00166 118630749064.91898 526.2666666666667
163.04838715 476.080908674993 118630749064.91898 117424811644.24138 316.03225806451616
166.53666663 475.80901975749356 117424811644.24138 116885855544.52988 176.8
335.30322581 475.6875237927254 116885855544.52988 117406346419.33394 178.58064516129033
