468.56451609000004 477.2554680664917 123874000000.0 122267648100.74118 1132.3548387096773
661.65 476.90113849813736 122267648100.74118 121722212424.00906 963.2142857142857
955.15483866 476.7781263924242 121722212424.00906 121714442424.24525 919.5483870967741
1663.9866663 476.7763740244125 121714442424.24525 122945027125.76297 1022.6
2701.1419352 477.0522806486796 122945027125.76297 126005587397.32423 1358.1290322580646
1580.67 477.7216945313483 126005587397.32423 125701655060.1592 1509.0
729.32258067 477.65521764220455 125701655060.1592 123481066558.91083 1368.225806451613
452.62580648 477.16952461918436 123481066558.91083 121359996660.54588 1026.1612903225807
341.39333337 476.69643587292416 121359996660.54588 119661393485.47041 718.2333333333333
306.58064514 476.3133499065111 119661393485.47041 118400093160.28633 478.6774193548387
427.20333337 476.0288888498616 118400093160.28633 118076717838.4579 353.1666666666667
648.4677419 475.9559778716091 118076717838.4579 118859365737.50278 394.1290322580645
826.24193553 476.1324685921296 118859365737.50278 119807071343.48026 535.258064516129
990.3142857299999 476.346204633171 119807071343.48026 120725767478.1684 686.0
1364.1709675999998 476.5533981682833 120725767478.1684 121964890232.22285 863.0967741935484
2150.7633336999997 476.8328575174161 121964890232.22285 124148794578.52806 1140.9666666666667
1845.0354837999998 477.3155718675696 124148794578.52806 124889550952.26178 1368.1290322580646
1196.78 477.4775920717983 124889550952.26178 124001588030.26149 1351.7333333333333
613.82903229 477.28337445981225 124001588030.26149 122115422204.25203 1129.2903225806451
448.22580648 476.8668069923888 122115422204.25203 120470600279.01753 845.1935483870968
342.41999999999996 476.4958503110098 120470600279.01753 119083830924.54356 600.0
280.25161285 476.18309222475045 119083830924.54356 117971475372.1092 397.51612903225805
262.38666663000004 475.93225323988037 117971475372.1092 117446710208.89833 266.6
387.09354837999996 475.81395631399874 117446710208.89833 117881635783.47807 262.4193548387097
507.59677418999996 475.9120008529031 117881635783.47807 118479530841.2598 346.83870967741933
774.675 476.0468044296932 118479530841.2598 119397242272.1884 470.25
1223.7258067 476.2537758845711 119397242272.1884 120801545311.35605 661.2258064516129
1839.29 476.5704883426603 120801545311.35605 122721452326.09467 932.4333333333333
2340.2064514000003 477.0033797738615 122721452326.09467 125045536497.22253 1272.741935483871
1567.3966663 477.51170964506184 125045536497.22253 124896791604.60672 1436.6666666666667
754.0903225699999 477.4791757665369 124896791604.60672 123005735796.17189 1270.5483870967741
460.57419352 477.0655590105363 123005735796.17189 121070716666.81757 965.0645161290323
348.36 476.6311945572435 121070716666.81757 119487793763.78001 680.9
276.34838715 476.2741979620613 119487793763.78001 118222628571.23267 450.16129032258067
290.91333337000003 475.98887028206326 118222628571.23267 117671201228.38672 305.1666666666667
434.71290324 475.8645629459844 117671201228.38672 118130547933.95648 300.96774193548384
637.39677419 475.96811269926883 118130547933.95648 118923996128.65237 403.741935483871
1032.23214281 476.14704468395405 118923996128.65237 120215175921.10359 573.6785714285714
2827.0580648 476.4382444567216 120215175921.10359 124836426275.85558 1063.0
3413.81 477.46597250128076 124836426275.85558 129355796866.29185 1499.7666666666667
3812.2419351999997 478.4484776314034 129355796866.29185 134976756680.96507 1506.0
2570.3199999999997 479.65201120394835 134976756680.96507 137222013029.99222 1506.0
1290.1032257000002 480.113855492614 137222013029.99222 136104853094.85947 1506.0
618.22258067 479.89192962459794 136104853094.85947 133117824604.95671 1502.0
417.55 479.2566619746824 133117824604.95671 129527801740.76694 1509.0
322.3 478.48560365654373 129527801740.76694 125506086815.64241 1512.0
291.24333336999996 477.61244243561737 125506086815.64241 122437058577.05495 1270.6333333333334
292.20967743 476.93934564209627 122437058577.05495 120895831452.1965 906.1290322580645
513.4516128500001 476.5917526955788 120895831452.1965 120438648074.04865 747.4193548387096
813.6857142700001 476.4886441303673 120438648074.04865 120795756114.35785 741.6428571428571
942.59354838 476.5691827050874 120795756114.35785 121089721860.9044 794.483870967742
1088.84333337 476.63548079858015 121089721860.9044 121314608294.74388 836.4333333333333
1113.3645162 476.6861994349896 121314608294.74388 121450204653.17647 865.516129032258
1094.40666663 476.71678048109527 121450204653.17647 121521427464.80574 882.0333333333333
588.67096771 476.7328433614807 121521427464.80574 120460537613.61287 797.9677419354839
400.67741933 476.49358087812647 120460537613.61287 119302795906.39835 617.3548387096774
292.07666663000003 476.2324753961205 119302795906.39835 118215779422.96565 435.46666666666664
248.67096770999999 475.9873262901185 118215779422.96565 117344891621.07602 276.93548387096774
231.76999999999998 475.7910035214328 117344891621.07602 116972324569.3673 177.83333333333334
313.14516134 475.7070163591901 116972324569.3673 117413619265.31664 186.0
527.89354838 475.8064966783852 117413619265.31664 118221775000.8278 288.51612903225805
872.45714281 475.9886778631262 118221775000.8278 119420430327.8271 451.85714285714283
1981.5193553 476.2590054866547 119420430327.8271 122471190131.69632 804.1290322580645
2229.3033337 476.9470433314606 122471190131.69632 124650578940.78105 1220.8333333333333
1882.1870972000002 477.4253234778611 124650578940.78105 125298456788.04149 1439.516129032258
1157.0333337 477.5670290437536 125298456788.04149 124186768375.2287 1398.0333333333333
516.3548386599999 477.3238775973816 124186768375.2287 122022494456.7018 1135.6129032258063
365.8677419 476.845848997903 122022494456.7018 120231375735.61595 817.6451612903226
279.83000000000004 476.44189800081546 120231375735.61595 118794816906.47723 557.0
219.46774190000002 476.11791089455954 118794816906.47723 117653116501.58403 348.16129032258067
268.43666663 475.86048613651576 117653116501.58403 117251421555.44168 225.43333333333334
445.07419352 475.76993272214645 117251421555.44168 117882201071.40347 247.25806451612902
620.75483866 475.9121282848069 117882201071.40347 118727131508.65579 367.80645161290323
767.28928573 476.1026458070942 118727131508.65579 119549488942.48479 502.35714285714283
947.56129028 476.28811207543635 119549488942.48479 120296638938.3484 630.4516129032259
1033.55 476.45661681063336 120296638938.3484 120679152062.21404 720.9333333333333
984.8838709500001 476.5428849937334 120679152062.21404 120761175355.97221 757.7096774193549
679.42333337 476.5613837068047 120761175355.97221 120189722707.17818 715.9666666666667
427.71612905 476.4325039934998 120189722707.17818 119252660203.95602 592.0
322.08064514 476.2211682913748 119252660203.95602 118354259847.24301 443.1290322580645
245.99666663 476.0185520629776 118354259847.24301 117499340377.6349 301.03333333333336
182.38709676 475.8258206441918 117499340377.6349 116739987363.00203 170.03225806451613
208.45 475.65464097452707 116739987363.00203 116528266067.09503 93.0
283.94193553 475.606912999796 116528266067.09503 117063242514.99524 121.74193548387096
442.87419352 475.7275118383668 117063242514.99524 117809581751.64645 226.4516129032258
698.30357146 475.89575783400505 117809581751.64645 118792149471.72612 366.82142857142856
1154.1419352 476.1173093080122 118792149471.72612 120259386732.8063 568.258064516129
2363.3566663 476.4482153208855 120259386732.8063 123482352307.36539 953.6666666666666
3243.9032257 477.169805841506 123482352307.36539 127778118647.55447 1438.6451612903227
1787.5066662999998 478.1079470424249 127778118647.55447 128013296090.2843 1506.0
761.89677419 478.15870841577475 128013296090.2843 125505382366.10847 1506.0
405.64516134 477.6122883565417 125505382366.10847 122571775258.65845 1280.8064516129032
279.90333337 476.96972829469064 122571775258.65845 120320937418.38258 868.4666666666667
215.84838715 476.46209684672584 120320937418.38258 118625943661.56967 549.1935483870968
206.87333337 476.07982491239727 118625943661.56967 117755820279.83258 343.8333333333333
338.94193553 475.88363847606684 117755820279.83258 117975826539.81866 294.5483870967742
513.38064514 475.9332341162801 117975826539.81866 118553084425.90529 360.35483870967744
870.33571427 476.0633929693065 118553084425.90529 119639383909.8555 496.2857142857143
1426.8 476.308386087022 119639383909.8555 121401095944.80353 730.7741935483871
1928.4266662999999 476.70570499431744 121401095944.80353 123303388016.6358 1027.8666666666666
1221.6612905 477.1306622958521 123303388016.6358 122970600810.30054 1146.9354838709678
522.56333337 477.05787419297917 122970600810.30054 121298804303.81923 982.0666666666667
350.29032257 476.6826351609876 121298804303.81923 119797160227.85681 724.5806451612904
284.14838714999996 476.34396937930916 119797160227.85681 118621955017.94641 508.0967741935484
217.21333337 476.0789253536189 118621955017.94641 117612674371.28584 331.53333333333336
163.72258067 475.85136933527633 117612674371.28584 116772103279.24037 181.58064516129033
163.42333337000002 475.6618808113707 116772103279.24037 116453325844.28976 89.3
226.35161284999998 475.5900193517335 116453325844.28976 116889022268.71722 101.19354838709677
351.11290324 475.6882376620192 116889022268.71722 117496508790.68124 186.4516129032258
487.26071427 475.8251823243195 117496508790.68124 118156508197.6545 288.92857142857144
731.53548391 475.97396487773995 118156508197.6545 118926870091.16899 406.03225806451616
1314.1966663 476.14769284870744 118926870091.16899 120381106194.29788 588.8
1177.8387095 476.4756667104866 120381106194.29788 120990285511.22568 753.8709677419355
490.84666663 476.6130549190856 120990285511.22568 119938645008.50336 712.6666666666666
308.6322581 476.37587844125017 119938645008.50336 118831247586.39815 536.8387096774194
241.85806447 476.1261271056378 118831247586.39815 117908234644.11665 372.5806451612903
177.28333337 475.91799698920573 117908234644.11665 117062613970.77457 229.36666666666667
127.03225809999999 475.72737014670304 117062613970.77457 116338439306.01262 102.19354838709677
132.14666663 475.5641206731318 116338439306.01262 116103715760.26776 26.0
235.11612905 475.51120734000625 116103715760.26776 116682491898.82663 56.483870967741936
374.49677419 475.64167986898707 116682491898.82663 117414175354.18716 163.41935483870967
512.6 475.8066220365616 117414175354.18716 118151851611.17712 282.14285714285717
662.51935486 475.97291515130235 118151851611.17712 118773087405.87949 392.7096774193548
861.1066666300001 476.1130102403878 118773087405.87949 119318074687.83537 487.03333333333336
956.85161285 476.23592121962906 119318074687.83537 119824306835.37863 572.4516129032259
525.09333337 476.35009175358107 119824306835.37863 119250419966.15007 563.4666666666667
324.63548391 476.22066305055256 119250419966.15007 118423241637.49821 448.741935483871
250.72903229000002 476.03410952582277 118423241637.49821 117665265016.58626 320.19354838709677
183.18666663000002 475.8632247557679 117665265016.58626 116916706441.72594 198.1
129.8 475.6944784584594 116916706441.72594 116250969526.06297 83.3225806451613
130.45999999999998 475.5444025081296 116250969526.06297 116043262381.73915 13.966666666666667
218.72258067 475.4979182414146 116043262381.73915 116607556359.01445 45.483870967741936
404.33870972 475.6247872766038 116607556359.01445 117431067928.7386 158.96774193548387
733.26785719 475.8104301011584 117431067928.7386 118607859424.21481 321.39285714285717
957.14193553 476.0757463744282 118607859424.21481 119710513723.16776 507.4516129032258
1356.0700000000002 476.32442799349747 119710513723.16776 120982237633.3999 700.5
1597.1806447000001 476.61123988123586 120982237633.3999 122291711794.5941 910.7741935483871
1190.9866663 476.90656558290345 122291711794.5941 122275905039.77464 1011.4333333333333
509.36451609000005 476.90300068556036 122275905039.77464 120773067110.89969 883.1612903225806
317.75161285 476.56406565423987 120773067110.89969 119322839921.72543 643.4516129032259
229.82666662999998 476.2369959228068 119322839921.72543 118096524930.2051 427.03333333333336
184.30322581000001 475.96044295090286 118096524930.2051 117127901052.2075 249.32258064516128
175.52333337000002 475.7420877033831 117127901052.2075 116711103093.26872 138.9
262.50967743 475.64812964230583 116711103093.26872 117134568640.68268 141.96774193548387
571.4677419 475.74359076661017 117134568640.68268 118136605855.55019 259.64516129032256
939.83214281 475.9694783263188 118136605855.55019 119498685773.39227 451.67857142857144
2325.1806447 476.27665443694 119498685773.39227 123272503808.15875 877.741935483871
3498.29 477.1239072196323 123272503808.15875 128183917682.32515 1434.0666666666666
3118.6806447 478.1955358692694 128183917682.32515 131949879093.50027 1507.0
1867.0633337 479.0082686289877 131949879093.50027 132376139604.48227 1508.0
802.02903229 479.0989237780694 132376139604.48227 129951554370.77261 1511.0
482.89354837999997 478.57706763884585 129951554370.77261 126590513850.04855 1513.0
333.58333337 477.84963120079806 126590513850.04855 123124506462.40332 1386.1666666666667
234.19354838 477.09153684654495 123124506462.40332 120467257351.18085 923.2258064516129
199.61333337 476.49509638050984 120467257351.18085 118941913706.74748 587.8
323.29354837999995 476.15108563526104 118941913706.74748 118707517647.3449 448.741935483871
592.3677418999999 476.0982222930412 118707517647.3449 119198077174.0055 471.93548387096774
936.29642854 476.2088581808763 119198077174.0055 120207092338.12996 594.4285714285714
2040.2096771 476.43642136629 120207092338.12996 123107003910.91563 919.0
2899.7066663 477.0877086419326 123107003910.91563 126580476191.67253 1390.9333333333334
3325.7580648000003 477.8474357374612 126580476191.67253 130907180918.16197 1506.0
2016.1133336999999 478.78333281203584 130907180918.16197 131726948599.40675 1506.0
816.15161285 478.9602738181323 131726948599.40675 129355103399.43527 1506.0
464.01612905 478.44832795152934 129355103399.43527 125961313897.84633 1507.0
310.19 477.7120109137897 125961313897.84633 122622429457.05994 1314.5333333333333
223.8322581 476.98115233582763 122622429457.05994 120121824576.29259 855.0322580645161
216.99333337000002 476.4171909283474 120121824576.29259 118753350953.26877 544.9333333333333
302.85483866 476.1085590783195 118753350953.26877 118541187003.80528 419.96774193548384
506.17741933 476.060709743754 118541187003.80528 118902382991.05547 433.96774193548384
694.76785719 476.1421702731293 118902382991.05547 119521369622.97423 513.9285714285714
1069.16451609 476.28177032543397 119521369622.97423 120544048709.17873 649.1612903225806
2912.7966663 476.51241513513276 120544048709.17873 124841502469.22043 1087.8666666666666
2677.9419352 477.4670827797945 124841502469.22043 127457847000.09926 1499.225806451613
1670.1733337 478.0388186920137 127457847000.09926 127338203711.07312 1526.0
706.25806447 478.01299454156555 127338203711.07312 124640304230.92982 1522.032258064516
406.78064514 477.42307616599516 124640304230.92982 122011073142.03929 1169.0645161290322
287.01666663 476.84327314885866 122011073142.03929 119970177058.25183 795.2333333333333
189.44838715 476.3829898642877 119970177058.25183 118342990339.0279 497.96774193548384
159.60999999999999 476.0160104508407 118342990339.0279 117470788741.6437 297.6666666666667
303.74193553 475.8193842970342 117470788741.6437 117715084795.90207 250.2258064516129
623.62903229 475.8744555446127 117715084795.90207 118625744408.15842 346.0967741935484
1008.62142854 476.07977997477633 118625744408.15842 119966684023.33319 529.3928571428571
2538.077419 476.38220208013826 119966684023.33319 124041522062.87186 978.1290322580645
3357.38 477.29210893763604 124041522062.87186 128488032099.51805 1472.1
3614.3838715 478.2611767967879 128488032099.51805 133581930625.517 1506.0
2321.73 479.35536593481856 133581930625.517 135186760168.87398 1506.0
1110.9806447 479.69667379176394 135186760168.87398 133595245317.14891 1506.0
557.9 479.35819764294956 133595245317.14891 130440567452.08743 1507.0
386.34666663 478.6826176240206 130440567452.08743 126784414880.43246 1507.0
263.96451609 477.8920417498759 126784414880.43246 122976003861.0259 1378.0967741935483
269.39 477.05905596260413 122976003861.0259 120727393530.74687 934.4
465.54838715 476.553764891914 120727393530.74687 120170708840.23099 711.6451612903226
615.82258067 476.42821579617294 120170708840.23099 120194142121.41904 670.1935483870968
784.49642854 476.4335007039736 120194142121.41904 120572431086.40092 703.6071428571429
1167.5548391 476.51881621253966 120572431086.40092 121436753491.33917 806.483870967742
1873.6466663 476.71374684062675 121436753491.33917 123209823577.88458 1022.9666666666667
2127.4806447 477.11019763295815 123209823577.88458 124897376579.06288 1297.516129032258
1801.99 477.4793037137058 124897376579.06288 125300385407.87889 1458.2666666666667
897.0903225699999 477.567450876614 125300385407.87889 123582981601.64403 1348.258064516129
475.69032257000003 477.1918157483911 123582981601.64403 121476362700.09492 1043.7096774193549
326.21333337000004 476.7226799052988 121476362700.09492 119705201639.97905 730.9333333333333
249.66451609 476.32322995939984 119705201639.97905 118303933788.64168 474.06451612903226
222.75 476.0072020272083 118303933788.64168 117579306186.61 303.8333333333333
310.16451609 475.8438472016704 117579306186.61 117799296801.92163 265.741935483871
549.04193553 475.8934393151311 117799296801.92163 118517080260.40192 343.51612903225805
910.83928573 476.055272950023 118517080260.40192 119696538800.01978 498.2857142857143
1423.4290324 476.3212762291429 119696538800.01978 121430450664.44283 737.7741935483871
2431.3 476.71232536410525 121430450664.44283 124396310344.78287 1119.9333333333334
3764.0193553 477.3697091742745 124396310344.78287 129938775135.44675 1491.8709677419354
2439.1266663 478.5743093320628 129938775135.44675 131850836312.30836 1508.0
1207.3548391 478.98701409719587 131850836312.30836 130511874559.13115 1511.0
573.33548391 478.69800875439915 130511874559.13115 127372430678.03018 1520.0
371.71666662999996 478.0203821882215 127372430678.03018 123813465881.72324 1459.1
254.13548391 477.2422278831416 123813465881.72324 120954847040.59608 1017.4516129032259
229.42333337000002 476.60506248096436 120954847040.59608 119323216491.47864 658.1666666666666
326.73548390999997 476.23708085058155 119323216491.47864 118961175539.2265 499.9032258064516
611.35161285 476.1554297562531 118961175539.2265 119403248400.35564 509.0967741935484
986.7 476.25513044662955 119403248400.35564 120446454855.46687 630.7857142857143
2293.8129028000003 476.4904047937453 120446454855.46687 123817313875.71414 996.6774193548387
4449.55 477.24306952662164 123817313875.71414 131079124699.04617 1477.2
3880.1516134000003 478.8204456505604 131079124699.04617 136874662224.02448 1507.0
2456.6166663 480.04891797046633 136874662224.02448 138816538271.08133 1508.0
1193.2322580999999 480.4119533129709 138816538271.08133 137426391061.26146 1510.0
575.03870972 480.15206413558826 137426391061.26146 134277413364.22676 1518.0
378.46333337000004 479.50327804428474 134277413364.22676 130561471585.49307 1517.0
266.80322581 478.7087139187337 130561471585.49307 126320480135.28223 1537.0
237.89333337 477.79056870850445 126320480135.28223 122881270123.9448 1359.4666666666667
367.29354837999995 477.0383355476695 122881270123.9448 121346725154.7961 978.8064516129032
550.31935486 476.69344275029226 121346725154.7961 120810489675.17255 813.9354838709677
850.14285719 476.5725055649915 120810489675.17255 121119783073.59082 798.0
1252.4677419000002 476.6422605037417 121119783073.59082 121975031481.0883 894.6774193548387
1514.1299999999999 476.8351446732269 121975031481.0883 122796429456.5006 1030.5666666666666
1520.1870972000002 477.0197789712381 122796429456.5006 123295032094.79027 1135.1290322580646
1246.4633337 477.1288346664021 123295032094.79027 123053511215.36859 1153.1666666666667
616.77419352 477.0760085772897 123053511215.36859 121508182562.33344 1005.7096774193549
409.15806447 476.7298562386859 121508182562.33344 119995340076.03784 757.4516129032259
302.93 476.3886648795755 119995340076.03784 118690130265.15598 529.6666666666666
196.04838715 476.0943009168146 118690130265.15598 117534898138.06659 329.96774193548384
181.53666663 475.8338363701683 117534898138.06659 116989779073.8895 194.06666666666666
338.30322581 475.7109510987127 116989779073.8895 117480076586.49464 192.8709677419355
