466.56451609000004 477.2554680664917 123874000000.0 122531238452.63313 1032.0
660.65 476.9605860290106 122531238452.63313 121897707854.13771 998.7142857142857
952.15483866 476.81770587598953 121897707854.13771 121820916755.74219 942.2903225806451
1659.9866663 476.80038717991476 121820916755.74219 123006391691.64668 1035.9333333333334
2699.1419352 477.065702469739 123006391691.64668 126528086094.81569 1183.774193548387
1575.67 477.8359768361364 126528086094.81569 127139440593.22665 1150.0
719.32258067 477.9696939180286 127139440593.22665 125547063403.759 1122.0
440.62580648 477.6214049439543 125547063403.759 123160781719.1166 1111.0
330.39333337 477.0994710671734 123160781719.1166 120817176003.7061 953.9666666666667
298.58064514 476.57401353263555 120817176003.7061 119125094949.51442 630.0645161290323
423.20333337 476.192398500116 119125094949.51442 118541018616.32948 449.1333333333333
647.4677419 476.06067176732734 118541018616.32948 119156768661.84447 455.51612903225805
824.24193553 476.1995418723149 119156768661.84447 119994783550.63524 574.2903225806451
989.3142857299999 476.38853936640396 119994783550.63524 120850208371.1493 711.2142857142857
1362.1709675999998 476.58146332231604 120850208371.1493 122040635487.1183 879.258064516129
2147.7633336999997 476.849940344411 122040635487.1183 124193049562.16373 1150.0666666666666
1841.0354837999998 477.3252514352939 124193049562.16373 125289882173.39548 1231.0
1190.78 477.5651535812326 125289882173.39548 124824814861.46747 1182.0
602.82903229 477.4634328218433 124824814861.46747 122831863355.66301 1157.3870967741937
436.22580648 477.0275291679053 122831863355.66301 120905574104.99603 937.6451612903226
331.41999999999996 476.5939499560207 120905574104.99603 119343771469.10675 656.0333333333333
272.25161285 476.2417166145933 119343771469.10675 118120931604.4593 430.4516129032258
259.38666663000004 475.9659449063254 118120931604.4593 117537526054.3029 286.1
386.09354837999996 475.83442877689424 117537526054.3029 117938102991.80244 274.258064516129
505.59677418999996 475.9247301604604 117938102991.80244 118511671570.77402 353.93548387096774
773.675 476.0540531282756 118511671570.77402 119417052120.7833 474.35714285714283
1221.7258067 476.25824359963536 119417052120.7833 120809770327.96304 663.5483870967741
1835.29 476.5723433306186 120809770327.96304 122718181001.71164 932.8666666666667
2337.2064514000003 477.0026642610918 122718181001.71164 125160769991.66617 1225.483870967742
1562.3966663 477.53691382144933 125160769991.66617 125546809504.05083 1225.0
744.0903225699999 477.62134941033486 125546809504.05083 123864114880.63112 1182.0
447.57419352 477.25330596689224 123864114880.63112 121628115188.41733 1063.6451612903227
337.36 476.75690464330563 121628115188.41733 119827794703.71136 753.1333333333333
268.34838715 476.3508783725104 119827794703.71136 118423534654.48763 493.6774193548387
286.91333337000003 476.0341756099431 118423534654.48763 117793829696.52419 331.2
433.71290324 475.89220687478 117793829696.52419 118207523078.55127 317.03225806451616
635.39677419 475.98546507631903 118207523078.55127 118969142558.84917 413.64516129032256
1031.23214281 476.1572265581527 118969142558.84917 120243595228.96338 579.6071428571429
2826.0580648 476.444653863095 120243595228.96338 124852479009.09917 1066.6129032258063
3411.81 477.4694835977907 124852479009.09917 130153219537.39014 1196.0
3811.2419351999997 478.6205956264602 130153219537.39014 136783318323.81061 1127.0
2567.3199999999997 480.03184115232955 136783318323.81061 139985796592.48846 1132.0
1281.1032257000002 480.63054712890045 139985796592.48846 139848127529.6725 1129.0
606.22258067 480.6048097830758 139848127529.6725 137812213003.37125 1131.0
405.55 480.224193868643 137812213003.37125 135163349816.23189 1127.0
314.3 479.6916949843113 135163349816.23189 131127467563.50435 1501.0
287.24333336999996 478.8308801129947 131127467563.50435 128472530210.76683 1101.0
291.20967743 478.2578308246853 128472530210.76683 126441817852.01898 1089.0
511.45161285000006 477.8171080166271 126441817852.01898 125159859269.98543 1055.0
812.6857142700001 477.53671462598106 125159859269.98543 123992541073.77626 1372.2857142857142
939.59354838 477.2813956854279 123992541073.77626 123153131964.38826 1214.1290322580646
1083.84333337 477.0977978924734 123153131964.38826 122748033023.05814 1073.0
1108.3645162 477.00919357459713 122748033023.05814 122385517765.7206 1045.2903225806451
1088.40666663 476.9277216431485 122385517765.7206 122119032771.91156 1005.6
577.67096771 476.86762128369674 122119032771.91156 120821221622.00446 874.9677419354839
388.67741933 476.5749259409121 120821221622.00446 119508591334.84616 662.8709677419355
281.07666663000003 476.27888843817004 119508591334.84616 118326297592.20865 461.0
240.67096770999999 476.01224573572586 118326297592.20865 117398480994.92886 290.06451612903226
228.76999999999998 475.8030840836179 117398480994.92886 117001007779.85527 184.4
312.14516134 475.7134823669647 117001007779.85527 117430045453.80928 189.58064516129033
525.89354838 475.81019960635916 117430045453.80928 118227756419.78847 290.4193548387097
871.45714281 475.9900262443166 118227756419.78847 119422700292.61188 452.39285714285717
1979.5193553 476.2595174318024 119422700292.61188 122468017202.58206 804.1612903225806
2226.3033337 476.9463277407717 122468017202.58206 124642062024.01784 1219.9
1878.1870972000002 477.42346063517454 124642062024.01784 125358093820.75584 1410.0645161290322
1151.0333337 477.5800730141636 125358093820.75584 124474096725.98326 1304.0
506.3548386599999 477.3867228184566 124474096725.98326 122262763941.4544 1142.9032258064517
353.8677419 476.90003697371543 122262763941.4544 120359817674.7836 847.1935483870968
268.83000000000004 476.4708655107766 120359817674.7836 118855260491.06264 572.1
211.46774190000002 476.13154273591846 118855260491.06264 117674599248.4833 354.64516129032256
265.43666663 475.865328955925 117674599248.4833 117259041882.09598 227.76666666666668
444.07419352 475.7716505595347 117259041882.09598 117884985722.9793 248.06451612903226
618.75483866 475.91275602411616 117884985722.9793 118724645777.66699 367.7741935483871
766.28928573 476.1020852001955 118724645777.66699 119545531445.88911 501.9642857142857
944.56129028 476.28721954124694 119545531445.88911 120287587329.86469 629.3548387096774
1028.55 476.45457540141285 120287587329.86469 120662612240.15251 718.8333333333334
978.8838709500001 476.53915476773847 120662612240.15251 120737346720.05902 754.4516129032259
672.42333337 476.5560096346547 120737346720.05902 120159480984.07677 711.4666666666667
417.71612905 476.4256835778251 120159480984.07677 119211624608.64731 586.0645161290323
310.08064514 476.2119135337499 119211624608.64731 118302046187.01527 435.35483870967744
234.99666663 476.006776316422 118302046187.01527 117442060808.51707 292.06666666666666
174.38709676 475.8129082075106 117442060808.51707 116685704792.8716 161.0
205.45 475.64240414627403 116685704792.8716 116486466938.03003 85.23333333333333
282.94193553 475.59749029261275 116486466938.03003 117034039134.59952 116.03225806451613
440.87419352 475.7209285695671 117034039134.59952 117786576515.6761 222.1290322580645
697.30357146 475.8905718024518 117786576515.6761 118774654796.06856 363.5357142857143
1152.1419352 476.11336373389 118774654796.06856 120243887924.294 565.516129032258
2360.3566663 476.4447198746716 120243887924.294 123466024016.47507 951.0
3241.9032257 477.16623447429464 123466024016.47507 127815793162.98203 1416.483870967742
1782.5066662999998 478.11607881782476 127815793162.98203 128317558046.18138 1398.0
751.89677419 478.22438118847 128317558046.18138 126413492576.50092 1270.0
393.64516134 477.81091263702996 126413492576.50092 123735912282.84023 1172.0
268.90333337 477.2252651537271 123735912282.84023 121079736750.89876 1012.4666666666667
207.84838715 476.6332288567656 121079736750.89876 119095793918.67145 648.1290322580645
203.87333337 476.18579023876214 119095793918.67145 118055990424.9162 405.9
337.94193553 475.951305325725 118055990424.9162 118167693590.96219 334.03225806451616
511.38064513999996 475.97648638209245 118167693590.96219 118672510284.8525 385.4516129032258
869.33571427 476.0903270827362 118672510284.8525 119717948948.65604 512.2142857142857
1424.8 476.3261048598683 119717948948.65604 121447401204.98325 740.8064516129032
1924.4266662999999 476.7161482194369 121447401204.98325 123325255037.23264 1033.2666666666667
1216.6612905 477.1354451087561 123325255037.23264 122973860010.4391 1148.8709677419354
515.56333337 477.0585870539018 122973860010.4391 121286005606.16165 981.2666666666667
340.29032257 476.67974867076265 121286005606.16165 119767310216.72989 720.9677419354839
273.14838714999996 476.3372373064343 119767310216.72989 118578650228.72313 502.16129032258067
206.21333337 476.0691588247007 118578650228.72313 117560993588.84467 323.8333333333333
156.72258067 475.839719023635 117560993588.84467 116723654653.731 173.4516129032258
160.42333337000002 475.65095911941637 116723654653.731 116415360758.10522 82.3
225.35161284999998 475.5814609463718 116415360758.10522 116862358599.66309 95.96774193548387
350.11290324 475.68222691606474 116862358599.66309 117477082688.02525 182.74193548387098
486.26071427 475.82080313075414 117477082688.02525 118141385862.19629 286.14285714285717
728.53548391 475.97055587515695 118141385862.19629 118910460081.55838 403.51612903225805
1309.1966663 476.143991899314 118910460081.55838 120359899343.60167 585.6666666666666
1172.8387095 476.47088392954475 120359899343.60167 120965598898.03204 750.1935483870968
483.84666663 476.6074873473234 120965598898.03204 119907547205.1169 708.1666666666666
299.6322581 476.3688649537927 119907547205.1169 118791515164.86897 531.0967741935484
229.85806447 476.11716625278956 118791515164.86897 117856802194.0415 365.0
166.28333337 475.9064026587109 117856802194.0415 117005767572.4158 220.53333333333333
120.03225809999999 475.7145553589756 117005767572.4158 116286915637.02878 93.29032258064517
129.14666663 475.5525057793122 116286915637.02878 116063978359.6871 18.5
234.11612905 475.5022494047987 116063978359.6871 116654573551.80061 51.064516129032256
372.49677419 475.635386283093 116654573551.80061 117391851153.33054 159.32258064516128
511.6 475.8015895296056 117391851153.33054 118134865797.00583 278.92857142857144
659.51935486 475.96908606785524 118134865797.00583 118755937815.51364 389.7741935483871
856.1066666300001 476.1091424933499 118755937815.51364 119296216287.90984 483.8666666666667
950.85161285 476.2309914947924 119296216287.90984 119796986141.91342 568.516129032258
518.09333337 476.3439301177071 119796986141.91342 119217643924.17079 558.6
315.63548391 476.2132710699528 119217643924.17079 118382697911.21677 442.6774193548387
238.72903229000002 476.02496569941735 118382697911.21677 117613023952.05801 312.61290322580646
172.18666663000002 475.85144814068036 117613023952.05801 116859313121.11176 189.16666666666666
122.80000000000001 475.68154037897017 116859313121.11176 116198901333.62823 74.41935483870968
127.45999999999998 475.53266486330665 116198901333.62823 115999625396.3767 7.766666666666667
217.72258067 475.48945810931525 115999625396.3767 116576340069.19525 39.83870967741935
402.33870972 475.6177502410269 116576340069.19525 117406480201.63918 154.48387096774192
732.26785719 475.8048873312983 117406480201.63918 118588953674.44795 318.0357142857143
954.14193553 476.0714825607686 118588953674.44795 119691704364.89989 504.4193548387097
1351.0700000000002 476.32018591901215 119691704364.89989 120959154593.121 697.1666666666666
1593.1806447000001 476.6060339632659 120959154593.121 122268173573.08197 906.9677419354839
1184.9866663 476.901257007912 122268173573.08197 122247764987.5403 1007.2333333333333
499.36451609000005 476.89665425970685 122247764987.5403 120733437346.02292 877.483870967742
305.75161285 476.55512795354593 120733437346.02292 119271165151.21025 636.0
218.82666662999998 476.2253417120456 119271165151.21025 118039437593.63875 418.2
176.30322581000001 475.9475738488816 118039437593.63875 117073723689.77968 240.32258064516128
172.52333337000002 475.72987459192507 117073723689.77968 116669754651.63309 131.0
261.50967743 475.63880853282984 116669754651.63309 117105556952.22247 136.3548387096774
569.4677419 475.7370507106002 117105556952.22247 118113360203.82251 255.48387096774192
938.83214281 475.9642380982467 118113360203.82251 119480950530.61192 448.39285714285717
2323.1806447 476.27265460771576 119480950530.61192 123256678110.29926 875.0322580645161
3496.29 477.12044578090536 123256678110.29926 128403754468.72609 1341.1
3116.6806447 478.2429860713849 128403754468.72609 132236027906.4328 1480.0
1863.0633337 479.0691254586203 132236027906.4328 132980083554.07156 1381.0
792.02903229 479.227367833703 132980083554.07156 131097102012.08546 1298.0
469.89354837999997 478.82432592533684 131097102012.08546 128540585748.88892 1198.0
322.58333337 478.2725201271075 128540585748.88892 125605936309.30176 1167.0
226.19354838 477.634281782437 125605936309.30176 122054685535.73866 1245.9354838709678
196.61333337 476.8531090518129 122054685535.73866 119971505863.6379 798.6666666666666
322.29354837999995 476.38328954976043 119971505863.6379 119370007953.75537 584.9677419354839
590.3677418999999 476.24763372885775 119370007953.75537 119621623601.043 559.3225806451613
935.29642854 476.3043806046556 119621623601.043 120490224489.48778 651.6071428571429
2038.2096771 476.50027615910864 120490224489.48778 123285558265.10912 956.0
2897.7066663 477.126762525177 123285558265.10912 127041041656.77681 1279.9333333333334
3324.7580648000003 477.94817184093984 127041041656.77681 132131630830.56435 1219.0
2012.1133336999999 479.0469227627742 132131630830.56435 133797775507.66582 1174.0
806.15161285 479.40127084382516 133797775507.66582 132306397888.26459 1165.0
451.01612905 479.08409142668324 132306397888.26459 129843077848.68349 1143.0
299.19 478.55365375538173 129843077848.68349 126910560963.77164 1141.0
215.8322581 477.9196327567305 126910560963.77164 123081365142.36182 1337.483870967742
213.99333337000002 477.0821008622839 123081365142.36182 120681573184.61736 937.3
301.85483866 476.54343102945813 120681573184.61736 119783706378.90656 675.2903225806451
504.17741933 476.34093513281607 119783706378.90656 119700394361.28267 598.258064516129
693.76785719 476.32214577385713 119700394361.28267 120056918132.32011 621.6785714285714
1066.16451609 476.4025525783311 120056918132.32011 120882808033.92577 719.5483870967741
2910.7966663 476.5888155241149 120882808033.92577 125061901134.7527 1131.3
2674.9419352 477.5152889621069 125061901134.7527 128055491863.14801 1355.0
1665.1733337 478.16781607233935 128055491863.14801 128617973142.74915 1257.0
696.25806447 478.289223644021 128617973142.74915 126738215021.94612 1205.0
394.78064514 477.88193679395147 126738215021.94612 124070764577.5775 1169.0
276.01666663 477.29850493822784 124070764577.5775 121331872815.58664 1051.0666666666666
181.44838715 476.6900931022974 121331872815.58664 119200457783.51273 676.516129032258
156.60999999999999 476.2093950797277 119200457783.51273 118023801124.54529 411.4
302.74193553 475.94404894602013 118023801124.54529 118069960772.20175 323.2903225806452
621.62903229 475.95445463755675 118069960772.20175 118850234510.8104 392.8709677419355
1007.62142854 476.13040922661486 118850234510.8104 120115835681.1982 559.6071428571429
2537.077419 476.4158402528638 120115835681.1982 124136005998.3277 997.516129032258
3355.38 477.3127747152948 124136005998.3277 129222224411.76851 1223.0
3613.3838715 478.4196469699479 129222224411.76851 135247843544.39447 1156.0
2317.73 479.70966472658324 135247843544.39447 137884597177.99896 1102.0
1101.9806447 480.2377261503083 137884597177.99896 137383949714.36191 1087.0
545.9 480.1441296904771 137383949714.36191 135315342982.04631 1085.0
375.34666663 479.72402020035014 135315342982.04631 132690009800.8794 1091.0
255.96451609000002 479.165676265606 132690009800.8794 129002455085.24783 1316.0
266.39 478.3722113285664 129002455085.24783 126340371904.96553 1085.0
464.54838715 477.79491948927506 126340371904.96553 124807790748.9099 1076.0
613.82258067 477.45970926266625 124807790748.9099 123785364274.56816 1060.0
783.49642854 477.2360814248837 123785364274.56816 122996247352.65181 1186.3214285714287
1165.5548391 477.0634836729335 122996247352.65181 122998382036.26434 1126.0
1869.6466663 477.06395057661075 122998382036.26434 124356770527.47972 1177.8666666666666
2124.4806447 477.3610609202712 124356770527.47972 126462851919.40118 1137.0
1796.99 477.82170864378855 126462851919.40118 127655135757.44241 1147.0
887.0903225699999 478.0814020629058 127655135757.44241 126456793955.31607 1142.0
462.69032257000003 477.8203836297717 126456793955.31607 124070750549.15034 1132.0
315.21333337000004 477.2985018698929 124070750549.15034 121439691267.43713 1048.5666666666666
241.66451609 476.7144093972569 121439691267.43713 119400998964.81793 701.8709677419355
219.75 476.2546231314429 119400998964.81793 118289134260.97485 449.3
309.16451609 476.00386428980033 118289134260.97485 118255328077.96759 359.61290322580646
547.04193553 475.9962416767285 118255328077.96759 118807114746.44522 403.61290322580646
909.83928573 476.12068442635206 118807114746.44522 119890118432.42805 537.25
1421.4290324 476.36493424276676 119890118432.42805 121551199164.75754 762.9354838709677
2428.3 476.7395577728366 121551199164.75754 124484450479.3223 1129.4333333333334
3763.0193553 477.3889874189244 124484450479.3223 130668407769.23267 1251.0
2436.1266663 478.7317953311532 130668407769.23267 133319249766.43687 1219.0
1198.3548391 479.29950016300234 133319249766.43687 132832797197.63167 1182.0
561.33548391 479.19604364050014 132832797197.63167 130630967498.84569 1155.0
360.71666662999996 478.7237141158743 130630967498.84569 127867815120.61984 1136.0
246.13548391 478.1273073862767 127867815120.61984 123508440523.75667 1564.9032258064517
226.42333337000002 477.1755119255811 123508440523.75667 121016864239.10088 984.7333333333333
325.73548390999997 476.6190492194634 121016864239.10088 120052395218.55139 724.0967741935484
609.35161285 476.40153252560924 120052395218.55139 120103765859.14078 653.258064516129
985.7 476.4131181459496 120103765859.14078 120916487462.69008 725.2857142857143
2291.8129028000003 476.59641124553224 120916487462.69008 124117630874.63571 1057.967741935484
4449.55 477.3087556593692 124117630874.63571 132101834316.08554 1198.0
3880.1516134000003 479.04058577543293 132101834316.08554 138788416731.68033 1173.0
2453.6166663 480.4066959677847 138788416731.68033 141591825470.60593 1171.0
1184.2322580999999 480.93079556377006 141591825470.60593 141138390724.32288 1149.0
563.03870972 480.84602556072593 141138390724.32288 138965386641.32062 1138.0
367.46333337000004 480.43978063961873 138965386641.32062 136178280518.8524 1141.0
258.80322581 479.9075458355705 136178280518.8524 128939814611.54266 2642.0
234.89333337 478.35869082916963 128939814611.54266 126235185481.33565 1070.0
366.29354837999995 477.77191283493784 126235185481.33565 124490222510.87413 1057.0
548.31935486 477.3902498930171 124490222510.87413 123324168079.77065 1048.0
849.14285719 477.135207366529 123324168079.77065 122814794665.89209 1136.2142857142858
1250.4677419000002 477.0237958586816 122814794665.89209 123066245640.0022 1117.8387096774193
1510.1299999999999 477.07879388451494 123066245640.0022 123677096250.56522 1107.0
1515.1870972000002 477.21240075471684 123677096250.56522 124219272612.64642 1113.0
1240.4633337 477.3309870106401 124219272612.64642 124061420012.61308 1114.0
605.77419352 477.29646107012536 124061420012.61308 122253191920.42923 1092.0
397.15806447 476.89787819585683 122253191920.42923 120448099448.33675 853.9032258064516
291.93 476.49077569876783 120448099448.33675 118961926422.04938 587.9666666666667
188.04838715 476.15559910285276 118961926422.04938 117692109167.22736 364.4193548387097
178.53666663 475.8692761873822 117692109167.22736 117085999711.1492 214.46666666666667
337.30322581 475.73264195472257 117085999711.1492 117539963729.7801 205.4516129032258
