467.56451609000004 477.2554680664917 123874000000.0 122265487033.73761 1132.1612903225807
660.65 476.9006511127058 122265487033.73761 121718579822.04985 962.8214285714286
952.15483866 476.7773071317207 121718579822.04985 121705369981.3031 918.5806451612904
1659.9866663 476.7743279163967 121705369981.3031 122930796500.67644 1020.6
2699.1419352 477.0491680885119 122930796500.67644 125970054874.3847 1364.0967741935483
1575.67 477.71392276342624 125970054874.3847 125526088948.35689 1558.1333333333334
723.32258067 477.6168173552837 125526088948.35689 123348741342.01135 1346.225806451613
446.62580648 477.14058209580304 123348741342.01135 121261705900.29762 1007.5806451612904
337.39333337 476.67426835820874 121261705900.29762 119589079775.51761 704.3333333333334
303.58064514 476.29704099583165 119589079775.51761 118346788478.77658 468.6774193548387
425.20333337 476.0168670452811 118346788478.77658 118037447446.93294 345.8
648.4677419 475.9471252134655 118037447446.93294 118833988767.41936 388.93548387096774
825.24193553 476.1267453241812 118833988767.41936 119788673724.39601 531.6451612903226
989.3142857299999 476.3420554182219 119788673724.39601 120711501725.38191 683.2857142857143
1362.1709675999998 476.55018081312176 120711501725.38191 121951063898.62192 860.9354838709677
2147.7633336999997 476.8297392644614 121951063898.62192 124133358161.66289 1138.6
1841.0354837999998 477.3121955734171 124133358161.66289 124870789841.66096 1365.3870967741937
1190.78 477.47348859178936 124870789841.66096 123976312930.59225 1348.2666666666667
607.82903229 477.2778462227892 123976312930.59225 122085810053.11188 1124.9354838709678
443.22580648 476.8601285640757 122085810053.11188 120440903839.14519 840.258064516129
338.41999999999996 476.4891528730593 120440903839.14519 119055969598.8865 595.3333333333334
277.25161285 476.1768086601007 119055969598.8865 117946919640.42862 393.3225806451613
261.38666663000004 475.92671768269355 117946919640.42862 117428346368.33994 263.23333333333335
387.09354837999996 475.8098165843868 117428346368.33994 117869657577.05388 260.03225806451616
506.59677418999996 475.90930062602655 117869657577.05388 118469703159.13037 345.03225806451616
773.675 476.0445879925869 118469703159.13037 119388788298.92017 468.67857142857144
1221.7258067 476.25186926001805 119388788298.92017 120791972971.10715 659.6451612903226
1835.29 476.56832949280715 120791972971.10715 122706636753.2753 930.4666666666667
2337.2064514000003 477.00013927236995 122706636753.2753 125029206531.83507 1270.3225806451612
1562.3966663 477.5081379116 125029206531.83507 124875495062.65024 1433.6
748.0903225699999 477.47451773023846 124875495062.65024 122978624275.93324 1266.741935483871
454.57419352 477.05962910672207 122978624275.93324 121040149001.2125 960.3870967741935
344.36 476.6243006317574 121040149001.2125 119459237156.5303 676.1666666666666
273.34838715 476.2677575905571 119459237156.5303 118197638987.60797 445.8709677419355
289.91333337000003 475.9832369223643 118197638987.60797 117652577393.20845 301.73333333333335
434.71290324 475.86036460622375 117652577393.20845 118118568861.71796 298.48387096774195
636.39677419 475.96541227721326 118118568861.71796 118913908292.64305 402.03225806451616
1031.23214281 476.14476957434437 118913908292.64305 120206461656.21739 572.1071428571429
2826.0580648 476.4362791286011 120206461656.21739 124828493947.36285 1061.7096774193549
3411.81 477.4642375212955 124828493947.36285 128798985206.17256 1709.6666666666667
3811.2419351999997 478.3282938066421 128798985206.17256 133966608694.72713 1675.0
2567.3199999999997 479.43717751908275 133966608694.72713 135768845070.29123 1675.0
1281.1032257000002 479.82046896433246 135768845070.29123 134170895071.88281 1678.0
612.22258067 479.4806242177547 134170895071.88281 130689137825.62833 1683.0
412.55 478.73626976594613 130689137825.62833 126641911079.81892 1684.0
319.3 477.860872939593 126641911079.81892 122933495798.80096 1396.2903225806451
290.24333336999996 477.049758486177 122933495798.80096 120743979804.58977 932.4666666666667
292.20967743 476.557505594179 120743979804.58977 119803020534.4153 681.741935483871
512.4516128500001 476.3452910542208 119803020534.4153 119730832850.86577 602.3870967741935
812.6857142700001 476.32901056627554 119730832850.86577 120316862832.70264 645.7857142857143
940.59354838 476.4611779054358 120316862832.70264 120776233188.31967 730.8064516129032
1084.84333337 476.56477969966613 120776233188.31967 121101230184.76308 794.0333333333333
1108.3645162 476.6380762708081 121101230184.76308 121301941025.88719 836.3870967741935
1088.40666663 476.68334258590147 121301941025.88719 121411841091.25504 861.2333333333333
582.67096771 476.70812834714815 121411841091.25504 120377204848.97981 782.258064516129
395.67741933 476.4747868400947 120377204848.97981 119238431862.92436 605.3548387096774
289.07666663000003 476.21795937368614 119238431862.92436 118167263059.94582 426.43333333333334
245.67096770999999 475.97638932821144 118167263059.94582 117307094958.17494 270.0
230.76999999999998 475.7824830834479 117307094958.17494 116945673314.0835 172.56666666666666
313.14516134 475.70100841165095 116945673314.0835 117396460529.9968 182.4516129032258
526.89354838 475.8026286136151 117396460529.9968 118208404569.27061 286.0967741935484
871.45714281 475.9856637892855 118208404569.27061 119409554059.42133 449.82142857142856
1979.5193553 476.2565525618902 119409554059.42133 122459887760.86613 802.2903225806451
2226.3033337 476.9444943078182 122459887760.86613 124636711397.57542 1218.8333333333333
1878.1870972000002 477.42229033192814 124636711397.57542 125280656124.23642 1437.0
1151.0333337 477.56313563522235 125280656124.23642 124162623975.79239 1394.5
511.3548386599999 477.3185966701208 124162623975.79239 121995822010.81682 1131.5806451612902
361.8677419 476.83983356130284 121995822010.81682 120205386931.36807 813.4193548387096
276.83000000000004 476.43603674591066 120205386931.36807 118771425576.92094 553.0333333333333
217.46774190000002 476.11263544811027 118771425576.92094 117633701610.9761 344.7096774193548
267.43666663 475.8561094704635 117633701610.9761 117236976862.21736 222.53333333333333
445.07419352 475.7666764793096 117236976862.21736 117872934119.89297 245.32258064516128
619.75483866 475.9100392515539 117872934119.89297 118719239495.39125 366.2903225806452
766.28928573 476.1008659213783 118719239495.39125 119542108196.77463 501.14285714285717
945.56129028 476.2864474958896 119542108196.77463 120287707309.56384 629.0322580645161
1029.55 476.4546024604339 120287707309.56384 120664889425.62328 719.0
979.8838709500001 476.5396683413674 120664889425.62328 120740998008.3505 754.9354838709677
675.42333337 476.5568331096866 120740998008.3505 120168214371.9186 712.5
423.71612905 476.4276532187457 120168214371.9186 119229999580.72708 588.4516129032259
318.08064514 476.2160576411202 119229999580.72708 118331063000.85858 439.35483870967744
241.99666663 476.0133204783172 118331063000.85858 117475626197.64185 297.26666666666665
180.38709676 475.8204747965829 117475626197.64185 116720510075.54102 166.48387096774192
207.45 475.6502502424574 116720510075.54102 116513068316.436 90.36666666666666
283.94193553 475.6034869964914 116513068316.436 117053308610.89296 119.7741935483871
441.87419352 475.72527245511566 117053308610.89296 117800935777.87206 224.96774193548387
697.30357146 475.89380878671597 117800935777.87206 118784273313.86292 365.5
1152.1419352 476.11553299816484 118784273313.86292 120249959987.8333 566.8387096774194
2360.3566663 476.44608930713423 120249959987.8333 123469838905.26204 951.8666666666667
3241.9032257 477.16706887691646 123469838905.26204 127572376769.82202 1508.8387096774193
1782.5066662999998 478.063539125798 127572376769.82202 127349766459.91635 1678.0
755.89677419 478.0154902784193 127349766459.91635 124646226473.93098 1573.8064516129032
400.64516134 477.42437149473557 124646226473.93098 122001432521.96669 1168.741935483871
276.90333337 476.8410988998571 122001432521.96669 119942601769.68524 792.0666666666667
213.84838715 476.37677080958167 119942601769.68524 118378413055.84119 498.83870967741933
205.87333337 476.02399933600384 118378413055.84119 117591955894.88681 310.76666666666665
338.94193553 475.8466988040773 117591955894.88681 117870211468.99823 272.7741935483871
512.38064514 475.9094254889536 117870211468.99823 118482903597.1173 346.0967741935484
869.33571427 476.0475650873065 118482903597.1173 119590055757.76025 486.64285714285717
1424.8 476.2972611091024 119590055757.76025 121364923140.80357 723.8709677419355
1924.4266662999999 476.69754694199446 121364923140.80357 123271263802.70221 1022.3333333333334
1216.6612905 477.12363600234085 123271263802.70221 122938646506.77048 1141.9032258064517
519.56333337 477.05088506272324 122938646506.77048 121271501632.0334 977.3
347.29032257 476.6764775895429 121271501632.0334 119773120271.79832 720.3870967741935
281.14838714999996 476.3385476481277 119773120271.79832 118599798527.11137 504.4193548387097
214.21333337 476.07392840034083 118599798527.11137 117592152550.22055 327.93333333333334
161.72258067 475.84674313575755 117592152550.22055 116754684196.75839 178.4516129032258
162.42333337000002 475.6579540569789 116754684196.75839 116440094925.9737 86.7
226.35161284999998 475.58703672812754 116440094925.9737 116880624041.31575 99.38709677419355
351.11290324 475.68634446377723 116880624041.31575 117491128532.66626 185.32258064516128
487.26071427 475.8239694618274 117491128532.66626 118152938132.29353 288.17857142857144
729.53548391 475.9731600839255 118152938132.29353 118920365089.63683 405.1290322580645
1309.1966663 476.14622577574124 118920365089.63683 120366589393.48602 586.9
1172.8387095 476.472392736465 120366589393.48602 120969941194.07784 751.0645161290323
487.84666663 476.60846666533104 120969941194.07784 119918868335.9529 709.4666666666667
305.6322581 476.37141820837905 119918868335.9529 118812212178.87892 533.5806451612904
237.85806447 476.1218340502659 118812212178.87892 117887444340.85608 369.258064516129
174.28333337 475.9133102661984 117887444340.85608 117042677039.44525 226.06666666666666
126.03225809999999 475.72287579789116 117042677039.44525 116323758073.549 99.25806451612904
132.14666663 475.5608111076531 116323758073.549 116094509718.05055 23.9
235.11612905 475.5091320374325 116094509718.05055 116676478668.28928 55.29032258064516
374.49677419 475.6403243165666 116676478668.28928 117410317858.72885 162.61290322580646
512.6 475.80575244786496 117410317858.72885 118149373549.63074 281.57142857142856
660.51935486 475.97235652606645 118149373549.63074 118767155631.02548 392.0
858.1066666300001 476.1116724472317 118767155631.02548 119307668295.91348 485.76666666666665
951.85161285 476.23357426610585 119307668295.91348 119806681372.17448 570.1612903225806
522.09333337 476.34611668294417 119806681372.17448 119232406522.33842 560.6333333333333
321.63548391 476.21660047865095 119232406522.33842 118405188168.23605 445.7741935483871
246.72903229000002 476.0300379269815 118405188168.23605 117644849975.70418 317.0967741935484
180.18666663000002 475.85862262752573 117644849975.70418 116896884638.18869 194.9
128.8 475.6900100627116 116896884638.18869 116236057991.89476 80.51612903225806
130.45999999999998 475.541041026126 116236057991.89476 116032619231.66258 12.333333333333334
218.72258067 475.49585479787345 116032619231.66258 116600623601.66959 44.096774193548384
404.33870972 475.6232244368056 116600623601.66959 117426722234.22522 158.0
732.26785719 475.809450458572 117426722234.22522 118602558761.7689 320.7857142857143
954.14193553 476.0745509160507 118602558761.7689 119700551557.5837 506.19354838709677
1351.0700000000002 476.3221812263382 119700551557.5837 120964789097.68419 698.4
1593.1806447000001 476.6073047130546 120964789097.68419 122271808558.37636 907.7096774193549
1184.9866663 476.90207680612906 122271808558.37636 122250182959.152 1007.7
504.36451609000005 476.8971995848335 122250182959.152 120745771707.40645 878.7741935483871
313.75161285 476.55790972201316 120745771707.40645 119296747654.04689 639.0322580645161
226.82666662999998 476.23111133379496 119296747654.04689 118073203208.06412 423.0
182.30322581000001 475.9551855744058 118073203208.06412 117108727914.91794 245.80645161290323
174.52333337000002 475.73776553537374 117108727914.91794 116696640853.37798 136.1
262.50967743 475.64486944395355 116696640853.37798 117125284140.59567 140.03225806451613
570.4677419 475.7414977774111 117125284140.59567 118128264024.47882 258.2903225806452
938.83214281 475.9675978414064 118128264024.47882 119491200481.87793 450.32142857142856
2323.1806447 476.27496627917856 119491200481.87793 123263208536.11578 876.4193548387096
3496.29 477.1218741330087 123263208536.11578 127895332994.52914 1539.8666666666666
3116.6806447 478.1332469230583 127895332994.52914 131204599073.43182 1676.0
1863.0633337 478.8475283991867 131204599073.43182 131174326139.29904 1681.0
796.02903229 478.84099420230933 131174326139.29904 128265777852.11348 1687.0
476.89354837999997 478.21320480296 128265777852.11348 124644772431.75365 1606.0645161290322
329.58333337 477.4240534627633 124644772431.75365 121783312067.10132 1151.2333333333333
232.19354838 476.7919061946552 121783312067.10132 119600802264.50163 745.6774193548387
198.61333337 476.2996847687193 119600802264.50163 118374157682.9327 472.3
323.29354837999995 476.023039621771 118374157682.9327 118341174293.42343 373.4516129032258
591.3677418999999 476.0156008780837 118341174293.42343 118959343594.22874 423.19354838709677
935.29642854 476.15501659770604 118959343594.22874 120044116030.90703 562.0357142857143
2038.2096771 476.39966532045713 120044116030.90703 122997148436.191 897.1935483870968
2897.7066663 477.06368076032174 122997148436.191 126427202015.56299 1405.7666666666667
3324.7580648000003 477.8139112020042 126427202015.56299 130300315866.96185 1674.7096774193549
2012.1133336999999 478.6523453198709 130300315866.96185 130668408566.55367 1677.0
809.15161285 478.73179550324926 130668408566.55367 127817602008.56523 1679.0
458.01612905 478.1164692442403 127817602008.56523 124263655245.04245 1562.6129032258063
307.19 477.3406944980408 124263655245.04245 121485436337.66444 1097.2
221.8322581 476.7247262827389 121485436337.66444 119386911530.95691 704.3548387096774
215.99333337000002 476.25144599254776 119386911530.95691 118271659130.38997 446.8666666666667
302.85483866 475.99992315833856 118271659130.38997 118230272954.07388 356.1290322580645
505.17741933 475.99059354239716 118230272954.07388 118699418978.43213 392.5806451612903
693.76785719 476.09639580027783 118699418978.43213 119382699743.45935 486.2857142857143
1066.16451609 476.25049610813244 119382699743.45935 120448208374.82175 630.1935483870968
2910.7966663 476.4908002649575 120448208374.82175 124774349272.39299 1074.8666666666666
2674.9419352 477.45239485397923 124774349272.39299 127157396769.03589 1583.4516129032259
1665.1733337 477.9736213405591 127157396769.03589 126626801561.26608 1680.0
700.25806447 477.85756814550876 126626801561.26608 124016753878.83075 1483.9032258064517
401.78064514 477.28669157454743 124016753878.83075 121595781450.61487 1086.8709677419354
284.01666663 476.7496124155649 121595781450.61487 119693110297.5657 739.4
187.44838715 476.3205029989999 119693110297.5657 118160529291.51578 461.0
159.60999999999999 475.97487134614875 118160529291.51578 117351456929.9247 273.46666666666664
303.74193553 475.79248352793616 117351456929.9247 117637951131.71696 234.4516129032258
622.62903229 475.8570674327586 117637951131.71696 118573351500.90234 335.83870967741933
1007.62142854 476.0679638026392 118573351500.90234 119929282637.94002 522.1785714285714
2537.077419 476.37376694585924 119929282637.94002 124015196391.59851 973.0
3355.38 477.2863509167976 124015196391.59851 128083849431.02235 1615.9666666666667
3613.3838715 478.1739368510733 128083849431.02235 132724022299.1548 1675.0
2317.73 479.172909889229 132724022299.1548 133869982172.27385 1680.0
1102.9806447 479.41662742923734 133869982172.27385 131794766672.80301 1680.0
551.9 478.9749118654874 131794766672.80301 128166401038.31258 1680.0
382.34666663 478.1917550266162 128166401038.31258 124321085857.72758 1579.3333333333333
260.96451609 477.35325587439365 124321085857.72758 121297850214.63927 1085.0967741935483
268.39 476.6824199852592 121297850214.63927 119629923042.00021 710.8
465.54838715 476.30625237753725 119629923042.00021 119462515282.17337 566.1290322580645
614.82258067 476.2684969062186 119462515282.17337 119734792950.97592 576.0967741935484
783.49642854 476.3299036876355 119734792950.97592 120260896476.46701 641.3571428571429
1165.5548391 476.44855581336645 120260896476.46701 121231453656.70117 764.8709677419355
1869.6466663 476.6674455698469 121231453656.70117 123067109615.99182 994.9666666666667
2124.4806447 477.0789828556413 123067109615.99182 124797571626.9704 1278.6129032258063
1796.99 477.4574741091362 124797571626.9704 125223770486.69727 1444.4
890.0903225699999 477.5506934572829 125223770486.69727 123517514530.09563 1337.1612903225807
469.69032257000003 477.1774966163814 123517514530.09563 121420923051.2981 1034.032258064516
322.21333337000004 476.7101766015557 121420923051.2981 119660315952.79427 722.9333333333333
246.66451609 476.31310689057153 119660315952.79427 118268803902.59138 467.48387096774195
221.75 475.9992795091504 118268803902.59138 117554279091.59827 298.96666666666664
310.16451609 475.8382053858427 117554279091.59827 117783244509.133 262.38709677419354
548.04193553 475.88982067383523 117783244509.133 118504385119.74564 341.258064516129
909.83928573 476.052409815008 118504385119.74564 119686251995.2804 496.2857142857143
1421.4290324 476.31895624611644 119686251995.2804 121419651064.64325 735.9677419354839
2428.3 476.7098897304112 121419651064.64325 124382685869.08209 1118.0333333333333
3763.0193553 477.3667291927126 124382685869.08209 129610618238.74187 1608.4193548387098
2436.1266663 478.5034790068513 129610618238.74187 131080711367.16258 1676.0
1198.3548391 478.82078812155464 131080711367.16258 129267435364.98347 1680.0
567.33548391 478.4294054316822 129267435364.98347 125715778329.1256 1669.4516129032259
367.71666662999996 477.6583067211561 125715778329.1256 122570012537.81253 1297.7666666666667
251.13548391 476.9693307482662 122570012537.81253 120147510166.03053 853.1935483870968
228.42333337000002 476.42298379928513 120147510166.03053 118794489144.14085 550.3666666666667
326.73548390999997 476.11783697432134 118794489144.14085 118620053719.0477 429.7741935483871
610.35161285 476.0784965536869 118620053719.0477 119181028065.59114 463.61290322580646
985.7 476.2050130955325 119181028065.59114 120294647954.9834 600.6071428571429
2291.8129028000003 476.456167784164 120294647954.9834 123714388913.68028 976.4516129032259
4449.55 477.22055750517944 123714388913.68028 130447528226.88747 1681.3666666666666
3880.1516134000003 478.68412005760575 130447528226.88747 135797941770.87498 1674.0
2453.6166663 479.8266571184336 135797941770.87498 137293851125.95828 1678.0
1184.2322580999999 480.1272856844192 137293851125.95828 135422418296.93874 1682.0
569.03870972 479.7467924919053 135422418296.93874 131813603517.58893 1686.0
374.46333337000004 478.9789776640598 131813603517.58893 127658683001.22517 1686.0
263.80322581 478.08216771017163 127658683001.22517 123517558353.49948 1501.1290322580646
236.89333337 477.17750620155283 123517558353.49948 121012900158.22755 1000.2666666666667
367.29354837999995 476.61815520032195 121012900158.22755 120140669121.06113 731.2258064516129
549.31935486 476.42144093844405 120140669121.06113 120029351768.50494 653.9677419354839
849.14285719 476.3963355364242 120029351768.50494 120591355992.60103 692.2857142857143
1250.4677419000002 476.5230843465496 120591355992.60103 121630001519.93494 824.2903225806451
1510.1299999999999 476.7573300676443 121630001519.93494 122562711860.067 983.8666666666667
1515.1870972000002 476.9676842264472 122562711860.067 123131641515.80563 1104.0645161290322
1240.4633337 477.09309744440196 123131641515.80563 122932531727.21323 1130.9333333333334
610.77419352 477.0495476218752 122932531727.21323 121417108130.21036 988.6451612903226
404.15806447 476.70931622242 121417108130.21036 119925672686.4169 744.5483870967741
299.93 476.37295279350855 119925672686.4169 118638313256.57542 519.8666666666667
194.04838715 476.0826146271031 118638313256.57542 117497262829.68037 322.741935483871
180.53666663 475.8253523060596 117497262829.68037 116963116140.9483 188.86666666666667
338.30322581 475.7049405186989 116963116140.9483 117462819726.06288 189.3548387096774
