4.359241068876629
5.477168473539907
5.277432165211787
4.98743269129911
3.8598539870287123
3.8813429613909145
3.7078623867420513
4.279130936519762
5.892176498252366
6.950840683220511
7.612809821899172
7.431993656244229
6.863296876721857
6.521504354032387
5.506756013205325
4.497431269800028
3.732671312243431
3.898925996354839
4.184627574707488
5.470644343307925
6.668228463260893
7.4859994558473435
8.08559212534082
8.06432013201046
7.705032952833601
7.372438126957472
6.381829094851872
5.3650590873462995
3.965822197024819
3.8987140887036
3.765854384735796
4.840275355890148
6.262764616442511
7.215691917050809
7.89938164884381
7.883668209529829
7.453875993741446
6.972231192069305
4.747216793645257
3.8937919936543404
3.658512165487471
3.762967688890938
3.5590696388099126
3.5690359409016494
3.790074803595896
3.6573235728084246
3.8730365346656193
3.732705286267806
4.365724280277746
5.3542942201017665
5.095878876583404
5.300377839761537
5.217087474858035
5.3813367187843895
5.688519369146402
6.51841838856512
7.393488382443059
8.031977522869012
8.471702518618946
8.402270960763504
7.9615359796626315
7.450036552250617
5.793942126203668
4.252242177224732
3.7389897054664845
3.9160745147232374
4.043153880838684
5.435883350122438
6.755889743348685
7.641682065204373
8.22243546866175
8.108203358598443
7.604619392448389
7.2414988440301915
6.504846908972216
6.221871270136109
5.973745442607061
6.250014967593957
6.692101117518571
7.344115304399354
8.002456479202506
8.527726564066018
8.847917733978429
8.69372687650533
8.23560519107445
7.779756801364626
6.786168607230431
5.293133243516269
3.7621395146864405
3.858976024777826
3.6827001745361194
3.7186513963458037
4.81801782534322
6.3553330857497246
7.4717277005161336
7.73157247105447
7.520112277754739
7.197237701283846
6.034361838521446
4.938714555379079
4.294801429527302
5.139930211745682
6.126262361819933
7.070909423685996
7.882947183225386
8.48553855111242
8.870014248309628
8.785390655731375
8.406289263127105
8.075979901937858
7.467292875985321
6.777775031263242
6.000390436773987
6.26816723350369
6.9336185563682
7.654800697601299
8.311167165378771
8.83493403479554
9.107110923763063
8.986493144963175
8.521766697309317
8.112393390884856
7.529381171864355
7.192324919896359
6.769336251746163
6.8831713109627914
7.306264065394576
7.873679240976542
8.438044324900082
8.911775758231338
9.112166828651606
9.033451892240146
8.555464867122009
7.974166347334082
7.057785775859106
6.330932091180713
5.345018477924555
5.044352549081262
5.456871593552612
6.4967297791453165
7.490478186331715
8.197251155385036
8.66530232542221
8.61163664700349
8.099055990179322
7.4606018714839255
5.494113778356826
3.9565938381118837
3.6834811967766576
3.816421588640541
3.6580380540294373
3.6965208998133505
3.8660325919380742
3.9407801525902837
5.6347624330798975
6.525166609074791
6.690938441511436
6.60841545619655
5.087958505634829
3.9525974386123117
3.6924487455882957
3.810105058249758
3.6212377762831114
3.6512311285289663
3.8728715002502634
4.137220529977229
5.928262146395773
6.7227575834896225
6.900310700008775
6.943831800449158
6.240424003300603
4.698501346006224
3.7263450386107095
3.8667798256630705
3.711332651901513
3.7606939040708305
5.012564568584029
6.503901332380125
7.619725036338033
7.892130547178944
7.563748525358112
7.062268294572551
4.993930049333253
3.90275201024952
3.6693825067088266
3.77936070661014
3.576306546777287
3.58799303119497
3.800289613108392
3.67356925368143
3.929910708440719
4.685145075959035
5.384524187674171
5.9119671356621675
5.349079227308598
4.731573918072963
3.782072866636854
3.89319525951068
3.7131167655676185
4.25242815738933
5.865475469328242
6.990800820796068
7.829843673423126
7.981423061790646
7.674182610601484
7.239857809231621
6.041937330772539
4.606195257977755
3.729594133468975
3.8319448154132445
3.6391010801840746
3.660687018135187
3.8700171961004743
3.814073810949968
5.3634273424033
6.319103133999838
6.541931646260644
6.475010892728629
4.764891687517949
3.9034054584776205
3.636060672925952
3.745902935847341
3.5451948595892464
3.5665567543040755
3.7753636653012723
3.6295014845299134
3.8438231318559435
3.7030892537426787
3.8320959471621547
4.8603331352764965
4.468701542505517
4.379786277185149
3.9846325208680007
4.203438319380451
4.758793739166096
5.896102727268826
6.992133019396707
7.800893637381834
8.404274606757767
8.374252321915964
