4.35693776962018
5.472927897774351
5.273061250970722
5.455988879218633
6.969007605404016
7.185765433377409
7.025812686890285
6.974183167671648
7.0425126832108225
6.974890736497445
7.050140477600108
6.984930281607708
2.17945658134299
3.649973135781991
3.3963396951597042
4.590686023572854
6.8973571252375105
7.086365163353545
6.982928503689064
6.971287306308647
7.039781912121077
6.976323787550937
7.051830495277445
6.9887319536942805
3.1912950096289086
4.667148027092729
4.396472731203566
4.706010328359822
6.95408988576513
7.163663242529937
7.020095491746506
6.976676267204444
7.0406847120436975
6.972919831057854
7.048596881311298
6.985002178572465
2.669347359906623
4.0287011303425375
2.5437632236341754
4.630552477766569
7.042503731353118
7.307587520195055
7.156506092044905
7.012984465066189
6.987860916939181
6.908306532841207
6.977378090485301
6.90738969917132
1.4581219541122339
1.1650533688487457
1.1971934379600402
4.007190831493362
6.867243628088653
7.0573133747447425
6.9839214653921005
6.985414018548515
7.058176265641368
6.9959476742764135
7.0712235286548495
7.009211707015405
5.668144792648883
6.082763074712508
4.789840736113117
4.071190066025026
6.868386031503836
7.053297887292892
6.974842451463313
6.972988951957537
7.046543597249089
6.9840473824391776
7.060113681194038
6.997195711019679
4.003105032639565
5.0878976654524495
4.92652199407614
5.229222198393806
6.892275829809788
7.073977975487535
7.006247869451725
7.009835831064749
7.08284514030347
7.455343314552523
8.149464584069127
8.214999788171273
7.921781412733883
7.589293468119632
6.644391777912798
5.326056058758777
6.941865398458996
7.078974637068736
6.9724567920884315
6.958913885131179
7.028276731751501
6.965187981628571
7.041881158407356
6.979069834460638
2.7219566928522303
3.764159207538194
3.513919541628594
4.424413505977107
6.875717488269304
7.052125787386235
6.985652757389618
6.990159408507386
7.0641703976073815
7.0030440933777305
7.079288307006829
7.018452147589627
6.983252383696865
7.22442245934133
6.8399315119104775
6.381082768298822
6.897603774104008
7.076377875498144
7.01112449783081
7.0162414251449885
7.538022657245835
8.26208605912228
8.745386591538672
8.704467911497654
8.324661013194454
7.992085768862244
7.439055198107493
7.132651085277575
6.921896516563136
7.086165673268921
7.139879090667623
7.694865578882477
8.274155481687677
8.745942507229167
9.046947834033631
8.919804084776477
8.453187215614458
7.910702497689547
7.009723739200767
6.299155405808077
6.934366357709508
7.074335189131654
7.000285359976643
6.998540840939281
7.071843037160305
7.010965870220357
7.187121415202462
7.525561108995904
7.393176928972072
7.037382895418947
5.182658082478627
5.062268510082525
7.014705908625174
7.350184270662401
7.041429911622118
6.966429759250061
7.021542696442176
6.943853972224302
7.012032728874152
6.948300670964835
2.170103649054015
1.2992796751658933
1.893666114670408
5.068678280170964
7.20529592787913
8.070866936272267
7.546479912446493
7.0230249501048405
7.089360969450352
6.953487909160697
7.008404463878565
6.93924365597123
1.6789128699427351
1.2431949085355045
2.1657898576264802
5.008255907527882
7.115294217352638
7.219705625958614
7.046715843770626
6.964259717799062
7.024483978650213
6.947897984801702
7.025399302014369
6.958261834942823
2.177213650413451
1.4936553470754124
1.4194557731823956
5.761761180803015
7.1108458810834545
8.124520545206149
7.745566198453977
7.060416534359468
7.017117913388444
6.938740461396563
6.9945593191356625
6.920941940463072
1.2074703989665867
1.159959409612635
1.4515321878524166
4.457463473401392
6.926079209949681
7.140248386372759
7.018671065354555
6.964611051307991
7.024594235228207
6.9565027223675475
7.033026340868846
6.969749564112396
2.107930236347169
2.9069056026167344
2.857250446889199
4.391861501166376
7.009570533753785
7.379104287296829
7.348787517676299
7.168555076713095
7.055229231187155
6.934618870076424
7.002566547046273
6.937454311756793
1.6989254162586747
1.2477104936886345
1.2114616696177611
4.508458086888597
7.128601353826793
8.275870784799553
8.101031487377867
7.246789985789342
7.032313615574738
6.914371960966118
6.978798002085095
6.899893058436856
1.411817954664592
1.102873242671766
0.4653205641192173
4.315068952042348
6.859876620608746
7.05006587230002
6.970415369217122
6.967311064639129
7.040548797671738
6.977594758655677
7.054098106060379
6.9920570936644255
