4.356124840470847
5.471424593486372
5.268983996827375
4.976229896343025
3.4198154084375414
2.9490778010968004
3.3417056114054002
4.805978209836376
6.209660765617156
7.121223121236775
7.694857189811056
7.47899269276147
6.8900900236681455
6.534152633714786
5.513334374872169
4.494786482303886
3.3622740733152874
3.6052433102018506
4.367628951324782
5.576492575004871
6.692515331302536
7.461040484871114
8.043343607018107
8.026382264364852
7.675613957309185
7.35046660553537
6.363666003052006
5.348971966991036
3.7804001641230975
3.25716933869477
3.7633619176692132
5.066718048468948
6.362396404185694
7.24059376311473
7.888000976907916
7.866223913957059
7.438946617224699
6.960738098716326
4.685113771560324
3.002891354375236
2.708815673798968
2.839275001388568
2.6000023985725065
2.631760771802176
2.8518272451247926
2.680868891806643
3.928448332363052
5.318731190992885
5.994427812490119
6.32090498194841
5.798883757517858
5.734134613615424
5.498259658234529
5.546962999481121
5.778688801217949
6.539600371623137
7.360852949020501
7.964237390896848
8.400271745792505
8.3434374476252
7.918497801580522
7.420401108942779
5.769481279109363
4.165720989981741
3.055398120844899
3.4113686685031173
4.339070058556249
5.692478425079971
6.8671854258637826
7.667025731676489
8.209063729577627
8.089585776421506
7.588766744656956
7.229084153322558
6.490645147998045
6.20600869028796
5.953109851447422
6.222880498948355
6.646824700712406
7.270850319780013
7.904206552162433
8.408554974664842
8.740405508797759
8.609541779456801
8.176051443918578
7.740112876462426
6.753467163413706
5.268172531014539
3.0750111782293486
2.936907409036788
2.72774875688285
3.7127802622880735
5.592576521704078
6.824384031546086
7.731577904464177
7.892554919418109
7.619300254557318
7.25260625058717
6.072844541470262
4.957978489778218
4.301094552232048
5.128561111988395
6.086838793279618
6.998185407871814
7.780978435100041
8.36056522965879
8.755168868291214
8.694452237547168
8.341722858702628
8.032261345015087
7.429351784503391
6.746289067911517
5.971312780271226
6.234651557790867
6.877858857878786
7.5655335380336926
8.192752657407032
8.689715385812807
9.008332371468263
8.879201452648564
8.437225444909647
8.05782898090834
7.4845855759740125
7.155910459892894
6.733114920012498
6.8432935298835975
7.247537081884305
7.784277836683641
8.318540366000345
8.767843788252382
9.05640065098858
8.924596718921146
8.455727642284575
7.911107945433353
7.006774860652099
6.292265430877887
5.312249486134483
5.015865111207047
5.416276384308245
6.428885364878713
7.39468818866688
8.078986847550512
8.556413333280302
8.525783432807698
8.03865340441191
7.421409514546848
5.462807563735263
3.2911152103575265
2.721101587465502
2.8717028801208464
2.64491593907091
2.670611491916614
3.4433103948636195
5.241060980631003
6.7417335182440015
7.248891675647402
7.153669348650338
6.8814808782222645
5.284900138895567
3.468312657570454
2.7480868437547334
2.894202228499857
2.6753756836180607
2.7045735669527833
3.743857042611202
5.531092828854754
6.9163852582658665
7.369143306759644
7.311938961769159
7.184912731169842
6.413025836687668
4.724313214058916
2.8014532458860657
2.859327740849494
2.6694049400012974
4.193438129949834
5.893587655552967
7.0394851192852705
7.917747782798958
8.076775281420227
7.679250704584822
7.1282153010553735
5.040952297378402
3.1263371452729114
2.721053627564217
2.8580321182003594
2.627260421085814
2.645084579840317
2.8964459641790405
3.2859154697622355
5.32186741281721
6.144826953088688
6.321317885483033
6.465577377791068
5.750601754668885
4.977436751734479
3.6706030551977182
3.171124713367117
3.4310530069333165
4.731328683411016
6.157532451723068
7.140206175779767
7.893115745887969
8.01229015492486
7.689652211786994
7.24527089276455
6.043318634696844
4.5855739166724625
2.838714633234483
2.8991789127194725
2.6522522249291516
2.63283361789372
3.134582312842759
4.839318234881223
6.454925621122927
7.0345936430164615
6.998189168564432
6.743901246092204
4.959070504697958
3.108641108979768
2.6802438137906304
2.805814407554828
2.5631768191233606
2.545596254718455
2.8029302743160276
2.559653534018345
3.555873703597375
5.010269373146927
5.713375556064485
6.106175674757967
5.37820409078968
4.941465505404491
4.3560800927894014
4.431084021303054
4.895881866678418
5.9480414585519945
6.978535904633437
7.742881153373503
8.334938128777207
8.31500713124858
