4.35693776962018
5.472927897774351
5.273061250970722
4.984406634855929
3.3949869082951256
2.748914850760528
3.436732941760585
4.885215329957697
6.266488627503402
7.1631473402266685
7.724595245102791
7.500662865705398
6.905220684815307
6.544464121712471
5.522466426516057
4.504513219108849
3.373997724249115
3.6195987032276147
4.386194939944294
5.5973825069596
6.711502249551291
7.478566068544318
8.056902054006166
8.03630580282732
7.683136424237309
7.356394364417315
6.370290797083507
5.356993548641552
3.7907139135324313
3.26988223143716
3.7796424655523397
5.086572377911599
6.381707378376399
7.258555625910375
7.901845044971953
7.87656098329861
7.446079103338787
6.966682329022002
4.690578078466958
2.2976846866767087
2.0766735309865503
2.226484737716989
1.9633579843259952
1.9777578066911028
2.257869232815162
3.2108858252188446
5.330073785199714
6.269403500248664
6.605847666765777
6.685714573471204
6.067865905122926
5.907728938896213
5.621632313847555
5.632246294701436
5.845154137894147
6.5900989200120605
7.397442153331769
7.99311388572016
8.42141678281942
8.358150324453554
7.928555337064843
7.428076009238309
5.77720999570775
4.173954825810171
3.0661738429416223
3.4260045935626904
4.356277312724377
5.7103645673825
6.883309121396705
7.681431515564105
8.22072224275898
8.097624982371444
7.59507952576196
7.233670849668533
6.496592487061043
6.213862969376925
5.964781425391845
6.237006377034126
6.661725549239116
7.286630493892726
7.919386398776653
8.423277196774887
8.750948742802672
8.617683622813145
8.182207390447257
7.745083445979089
6.759402240759571
5.275512851645294
2.7806289135437217
2.3162912910930737
2.45007439148225
4.194729676139076
5.90647653626435
7.035994501647643
7.865078406925492
7.9831506643409895
7.678725611116411
7.289039446763339
6.101904748965965
4.980691980495536
4.322551558215293
5.1481831622157115
6.10454048824692
7.013604286951646
7.795502127128262
8.373552788529075
8.765577279928362
8.701921909800355
8.34640339874892
8.0350782573624
7.433109381405712
6.7539596749337125
5.983111988308239
6.247708785915677
6.891522085718104
7.579394801971449
8.206025161600243
8.701869551094514
9.016722321730503
8.884129171544688
8.440565749514136
8.059973943655995
7.48753632739389
7.161025537563767
6.742691328525199
6.854795890522908
7.2599473279064055
7.797176622070762
8.331397837086245
8.779456805245117
9.062923973288578
8.930320889820175
8.459734535509064
7.9133891789950255
7.012020762892799
6.300784978618264
5.325190183115673
5.031175015701637
5.434856863921982
6.447485351985998
7.411014299061392
8.093613572734439
8.56764112559431
8.533797560020467
8.044278493997519
7.426522858425714
5.468370604777167
2.8617915427522718
2.0887118857346056
2.2559077334453264
2.0158542211645063
2.2997458101531816
4.424662481991482
5.995218738502825
7.211387777981685
7.563588292878837
7.3574617547994015
7.004225957577167
5.377146004930871
3.409543074852781
2.1142233166723816
2.277224393261905
2.0396889461707737
2.4906120536461698
4.648511393425256
6.170000973030175
7.314649703818459
7.6357763909192915
7.484819245391895
7.289446905150099
6.492746689655565
4.777723501110479
2.447929342953106
2.3187210963352403
2.8408114391441934
4.545690865153902
6.1224717436761
7.194605032638499
8.015325196354908
8.1423198226562
7.721974682552567
7.155493331486506
5.062656677123117
2.5417394552619843
2.087769400553399
2.2351727850918435
1.9883951414883274
2.0201929456310967
2.6306513448136
4.550011444011252
6.2401184454303475
6.757663478395003
6.717151788772769
6.702331883499713
5.926383114721975
5.092544198723051
3.751611579071154
3.228941963911745
3.478783299359609
4.772590800144698
6.190250173934748
7.167784924974466
7.912741408348195
8.026239688951414
7.699056527405441
7.252819849638813
6.050906835072832
4.593367748019475
2.348826085551118
2.2895121711011495
2.0312878606069678
2.0804385028805026
3.815255222889535
5.539231362817871
6.894358054118312
7.328269862204044
7.188604209627593
6.858385322598576
5.044800663014711
2.3685859723265814
2.0530889364284155
2.19353386984867
1.9331901479536153
1.9525339777108286
2.237071080049313
2.7533832336794637
5.04971135003168
6.061138973955208
6.389078310976247
6.509170703044299
5.6762287287546425
5.133674724210815
4.4887329276068275
4.523033354874318
4.968557241782252
6.002605986492709
7.018355725327631
7.773030123318147
8.355831182806632
8.329589108235185
