4.77762860440072
5.334915683922412
5.172317723852591
4.921258379492543
4.1499027543577025
4.409795045319502
4.3648491233910764
4.4281794131720655
5.240878448715068
6.484439462670382
7.306645532554427
7.222550563765841
6.726379847840562
6.438216505407883
5.444876455995295
4.457134801842005
3.938074996047062
4.29238668197658
4.240543311091074
5.183204155310689
6.463844693783476
7.323144551211106
7.964761654533088
7.977154900580118
7.646024737558928
7.334945250203545
6.353883171855808
5.347150428145653
3.9784115474861625
4.118500258909325
4.12884553150305
4.644814462301911
6.0667117009777725
7.058030425126738
7.782939129107428
7.799339977698743
7.39759345335865
6.938273309418781
4.669770593440337
4.24010369115479
4.311867416584786
4.379032209596698
4.204896899128016
4.1974666770220015
4.390836509823346
2.6491148825660584
4.564166078098901
4.490862580331385
4.655318335716283
3.8910443629288114
4.011296523639005
4.7579051246524715
4.732976114430873
5.038596861363254
5.4519081224781525
6.347591661670921
7.257267335799266
7.909502441138374
8.373890805810062
8.328585623910499
7.9105769863957995
7.418371475839409
5.7693293242942865
4.16953922471969
3.179429837941071
3.7940967706346562
4.305311886033446
5.566904634567866
6.8056292644641045
7.639902860940872
8.19966990672193
8.086232059902851
7.5888903365637415
7.230567803282261
6.4952300863078465
6.214535622819743
5.966815531916893
6.241200798882154
6.671716023961621
7.303328922657229
7.940331611580097
8.446021628487598
8.771496033391635
8.633162249318097
8.19398375715593
7.7524765974014125
6.7649450695478786
5.279060772650711
3.1682286811496585
3.3792773928213773
3.7246100755840743
4.161366746708612
4.998132404391891
6.407435059003668
7.480556660907861
7.728086714644518
7.514606828668343
7.192381975942219
6.030550449859249
4.93570099240637
4.29273734501533
5.131776822225679
6.102013968646453
7.02302718003324
7.8120286310147
8.394300725769272
8.783190770182896
8.71605936123826
8.35709941646503
8.042722393181986
7.4398396506925915
6.7589702290043085
5.986789687027258
6.252986629043143
6.901918239608335
7.59714373570965
8.228268348060997
8.72657173469543
9.03829364047996
8.901573202149676
8.454189112920412
8.069895431729167
7.496816410765613
7.168708517688465
6.749591992439825
6.8630343198799455
7.27287856111952
7.8158398858017115
8.35442254059511
8.804677338328284
9.081159870041132
8.947891319744219
8.474290441495814
7.923722810737943
7.019448862592221
6.305808118662253
5.328335550651846
5.033099595190969
5.440277095820823
6.460206231833341
7.4304194635269125
8.116416565487958
8.588089237412653
8.549022103721516
8.055930919443316
7.433800924827855
5.474225350124938
3.668673160654082
2.8325596062763285
3.3937305594996188
3.549346789553053
3.9988637735911343
4.318892162919667
3.8585939631104225
5.8793619654754625
6.677359059815238
6.787393649750912
6.6644702571980545
5.128161494696953
3.916607779527032
3.955568626495918
4.251969284343696
4.11055322504636
4.220733088717174
4.412215231315814
3.4560157187985645
5.30919695988473
6.296718128018343
6.623140167212339
6.776461131453171
6.1165934853603465
4.545498206192997
3.405711176771442
3.9547567705359157
3.996961240078857
4.1704372688754745
4.838053955278086
6.287302772092424
7.458040395444849
7.772698264256305
7.484231767199986
7.013874047848741
4.95880263161126
4.13816245388904
4.198424253737638
4.519375254542139
4.405977988242893
4.419042915635837
4.564562240517626
3.4757267427252803
4.651153262082598
4.567639637339424
4.650632091780088
4.612556820036197
4.392194839380426
4.334027362705255
4.331405723695248
4.422749227632627
4.274691991893228
4.329870890247982
4.84822022208507
6.1806905283607865
7.304801708074557
7.621271951577008
7.438988798714863
7.097908722301243
5.937212547430933
4.545885054414528
3.850552482357335
4.081803997292151
4.042787269255301
4.163769506192162
4.424699787635626
2.480170992040464
5.112880455238057
6.090856659938396
6.3925976139364185
6.384613625559141
4.698811587435339
4.240040904396697
4.094563053020378
4.197534921316043
4.102998284109894
4.155139089798666
4.321858557722199
0.3803069895618574
4.713433668262027
4.6489419135695975
4.704298207580431
4.807100070443202
4.428330150896786
4.6208155229602035
4.439497390089887
4.580619270937876
4.523678446128681
5.538906533757422
6.741168059844694
7.598946205055998
8.25291788058606
8.262816416264975
