4.568841301213341
5.400320821991798
5.217326313863912
4.9443815920117355
5.192943841434834
5.418483064543149
5.327098632435689
5.330829123842133
5.389805602668557
5.381020219255538
6.220698228026617
6.492664321537554
6.251497971211819
6.152935526514273
5.233464283637472
4.319994881797372
5.201725390654281
5.409617780221251
5.309293305578354
5.316005081212142
5.50021843254493
6.224018625708375
7.273694921416835
7.511936857663271
7.342555123027775
7.151587751608501
6.217472274151877
5.2566397125773
5.198481869373767
5.415481489151986
5.3113641172282735
5.2683488731723465
5.431793424819037
5.6615167828988024
6.8543796120364435
7.175050130127529
6.991341904964312
6.693783350410501
4.489998487935814
2.3845465658176606
5.138339486455917
5.281688875153452
5.1300202582567085
5.130981751836853
5.282257118625513
5.156901119206123
5.270831390768722
5.19570229334495
2.090975177301635
2.5552342480576176
3.0148188694481224
3.972998369045861
5.142737096388594
5.340542670662781
5.21111191063701
5.747695001861878
6.8652419442459465
7.634287375566984
8.194743435176116
8.205578124914908
7.828987585867905
7.36688456511258
5.730166387366201
4.141016289130681
5.169469215778271
5.3899508915901775
5.22231353264012
5.27414785248223
5.478416905411835
6.523352544342288
7.497755484074972
7.612924469244307
7.280392643384414
7.044454246273733
6.355337941931888
6.120792135276819
5.895851284490114
6.187185319919174
6.622660937949549
7.255180939842136
7.894525740687051
8.402395712904767
8.736401651023586
8.607405368019364
8.17417737360859
7.739171212702432
6.752388090887274
5.266529443192502
5.1968884188323194
5.353141941732733
5.246867080667997
5.216265868710764
5.3295427562194995
5.2244265635948395
5.568973261257056
6.2875351339484755
6.583335738052765
6.635233999419631
5.618752041528003
4.673809545337168
5.136679291204712
5.348524356760326
5.553070258418902
6.6169066630398055
7.542845808695612
8.202522666509923
8.656358171900383
8.628667186199213
8.298784368334564
8.006632981129787
7.410363364281686
6.734914843543858
5.96287116883882
6.229608557426228
6.8736646050795
7.562431313625058
8.19047222240601
8.688779299922476
9.007799387460762
8.878668340180619
8.43655717764033
8.05715945028703
7.484450107887664
7.155774839103474
6.732979243972955
6.84315823484663
7.246598299029426
7.783200754752514
8.318003414815948
8.76744294939805
9.055468878951334
8.924596616393911
8.455727225404399
7.910973717603554
7.0066401188171445
6.292264795969905
5.42732018192075
5.535379146161437
5.527057561186487
6.161362288776985
7.226941863757734
7.967892486335339
8.48753630626939
8.479555872900987
8.008367869633089
7.403486058943129
5.449591424649787
3.068597525883673
5.152253214777271
5.38474784890359
5.248195587231416
5.396640261425063
5.408870780388499
5.367775798408567
5.513092251643458
5.686354522198401
3.8270697974032633
4.892123280971649
3.839408127729511
2.610554228498705
5.159309632371398
5.34961811824001
5.2734236869358195
5.232082193966135
5.409007090332253
5.308631756566173
5.399178302726597
5.3416194007174855
3.846724784878136
5.1137855651411845
4.897586203008677
3.7813420667302813
5.145143238915072
5.386333491278716
5.300844595728305
5.36052534616806
5.521137433442144
5.453874365652195
5.453740343971358
5.925160001116653
6.29120837004352
6.300042942013004
4.436247688682238
2.5044105298017953
5.145738770572102
5.226402449753456
5.093979229368877
5.137694232021621
5.25223380202055
5.133155623158415
5.287363516314764
5.192046327015905
2.31015092572399
3.3454141573679337
3.4548365983179545
3.5349773003812075
5.116349717969217
5.329033604256524
5.183269881675957
5.1968903775899715
5.325951149532556
5.228291586928247
5.86536021654986
6.646191761966447
6.807931935518397
6.719238528881016
5.656493133560026
4.344144090161725
5.160966812810864
5.311109471043993
5.176778868435524
5.153129238547719
5.310123441039594
5.171858194890321
5.3333189802264105
5.227457772197324
3.490326104095592
4.646614028543409
3.432848433212367
2.1110446318360854
5.091888970565145
5.251189644438195
5.104124911077789
5.106807856084441
5.244435569367171
5.144788848830773
5.258041110257496
5.149380949040991
2.000603229824546
1.3286335544791683
2.440775707891275
3.0872668858640155
5.145032244098229
5.378647332736638
5.26365133772822
5.270681974579369
5.480088572274088
6.492674109267585
7.557344346746586
7.794359017231514
