4.358021675152626
5.476072388466219
5.276747196980501
5.008051568022235
4.761622974640348
4.435015002161348
3.738793225431264
4.411955964358695
5.291051673484564
6.538506633605969
7.347953959756865
7.2514145487352195
6.7449251028836565
6.449495985249088
5.453072416547719
4.490694257312933
4.480154498990832
3.6967733426992107
4.015397112697979
5.288140810091312
6.542406792135883
7.38859739584926
8.015787928544725
8.01511016375054
7.672370824484515
7.350865318408127
6.366089357652925
5.3548036014360685
4.835112493916347
4.806282169564587
3.222941505863945
4.443329562105102
5.934879364475436
6.984423419920694
7.745244510309684
7.776501291144173
7.383178067271043
6.929611309305308
4.663332503134623
4.350008553453592
4.161944896699808
3.9652483417005477
2.682524779811086
1.9861050339546829
3.5070844484195325
2.4878619051420756
4.6464564593727715
4.701564043420443
4.663702984980828
5.532690188533778
5.225748645613168
5.38098097616766
5.269859307349237
5.41299194923058
5.705793940913605
6.519447278078533
7.3788347094043365
8.005283763362339
8.444152276514211
8.38007751106527
7.945715022241308
7.439396182568095
5.785374184345051
4.551129080116022
3.7155043884586068
4.134393919813487
4.080438038667771
5.221339299760041
6.606766879595335
7.523897554037201
8.137959052365547
8.04830234972733
7.564142355082383
7.216381497532984
6.486403227223101
6.209635591659351
5.965156761870646
6.24335507589263
6.680485560037847
7.32257833051431
7.970121269050416
8.484940903428695
8.807378765637788
8.661447314476971
8.213391450669373
7.765512061606907
6.775089872356059
5.285485236930026
4.47957826232302
4.819011837085826
3.7422433473799455
4.646663067042013
4.284651454980986
5.54390124170402
6.953682150758887
7.380665109050938
7.291733282564276
7.059679999984907
5.932764443941909
4.87489868173075
4.614453453860005
4.9835686079232
6.011869347452502
6.980953662220381
7.805907454743309
8.410205775950336
8.80626719591808
8.736329202568559
8.372871320724094
8.05345183714518
7.449527755382238
6.76600307391922
5.991954009485762
6.260167737233555
6.916886715743435
7.625099515575888
8.2684524084187
8.776226849446447
9.078896757544282
8.938581954345107
8.48117163661574
8.08745870335199
7.510812573737306
7.179502111785633
6.75905245631035
6.872766650674418
7.2897061583882135
7.8450999637396395
8.394300114593847
8.85416884229274
9.105381145982141
8.986353584512845
8.506473192475422
7.944650964206885
7.035647461318632
6.316946597532663
5.336126369510959
5.03844595350092
5.448712829282345
6.4790168802498815
7.459646964051817
8.154896559063038
8.62429753600482
8.578264637823525
8.076957273333463
7.447000752320064
5.483354075869876
3.8149277682719056
3.489200081442066
4.137891775571681
2.489920874688501
1.9244572698257354
2.953724586283762
5.004679050866642
6.613651292609424
7.171221393634587
7.106131909345408
6.854934842394275
5.267810410302851
4.522845133278081
4.672468931861646
4.70505497051748
3.996937766286546
2.809243877376794
3.2712565992803686
3.874357330410139
5.589368219722404
6.49226576365405
6.7502932831258775
6.854276138008387
6.174779274669021
4.948887498658914
3.9257003922022253
4.856611015849433
3.074015114427784
4.228267809421096
4.500916018619561
6.138666928325233
7.377928290929589
7.724426700609683
7.453941569980617
6.995886231608876
4.945404123996681
4.805007169483586
4.8531471843425065
1.7944426546434826
3.422608345736352
3.8799351532039585
3.1870670311061824
3.6021839001783658
3.97972219166515
4.917506461303304
5.533753851189362
5.999265193149643
5.411200386588103
4.871732595133681
4.0802207660438565
3.7846752615593964
3.6016112328752037
4.1724641868311565
5.833422094607196
6.9550943812611905
7.796228960083569
7.954718700251271
7.655898415631276
7.227984893709143
6.032825796246757
4.597591576700221
3.960812744330809
4.424398765132014
4.0877307300594765
3.938389991021478
3.5242213262689592
3.3703707101584843
5.055442206841577
6.1085689155089575
6.404689211984117
6.391823114587065
4.703890625662545
4.053038309425778
4.318296230716256
3.429345374593333
3.980966319628614
3.7554261087240475
2.933103776189359
2.4477252014917106
3.6752691324919162
4.579955441879413
4.223374127636633
4.701374254100132
4.349895014134647
4.304293194217701
4.281155984505326
4.599036904232592
4.455865198609504
5.690259746479349
6.849012816208685
7.6871664468975744
8.319108698917827
8.312460136200945
