4.840630613474133
5.312652854466928
5.156134794195697
4.910825787153106
4.823734762124515
4.974063554729203
4.826902642957487
4.8349624733409335
4.9935077803886365
5.788135949147986
6.869981908577958
6.927971959894924
6.533862436643008
6.322746702099922
5.360262877007445
4.403170469610677
4.807511384057888
4.979851235878238
4.842360788826136
4.846837865501675
5.7747703160456965
6.8583465551069756
7.6722913377932676
7.778579230590793
7.515927521206158
7.256399252522689
6.29688159002997
5.310500849455969
4.822038808234909
4.981374168528835
4.834691184456684
4.84221778118215
5.2255354521505595
6.375870343522558
7.353705152193959
7.509361923662878
7.208738176092015
6.824558792676044
4.586763524274881
2.3911134255986326
4.7654156479620315
4.888027187434919
4.609074827110595
4.512601154005196
4.814433726394125
4.752634039942449
4.92197715629827
4.805092914181875
2.8195229264795874
3.458160090182549
3.6927108632181813
4.405871956276281
4.803903939294189
4.966709365385055
5.361347131964421
6.282159237681826
7.20740541078686
7.867570977031102
8.343229583641705
8.305576050686508
7.894213377483903
7.407860186811973
5.76211581028363
4.165114284189311
4.7784617522398385
4.967272071875184
4.838858865965819
4.843785793512879
5.882110650428791
7.018133018566367
7.808288900839589
7.821148790743161
7.415955639008325
7.126398792321002
6.418576707800042
6.166091015677325
5.933420384272814
6.2183417553258415
6.651264424918182
7.281221761609713
7.91776777639102
8.423275252091122
8.751482976249063
8.618883534368026
8.18220817669554
7.745485347952354
6.759536680766774
5.275647317462159
4.8235488391769135
4.956573820836319
4.799579400209399
4.806804337161814
4.962239448329016
4.9534556116603286
6.2454132263614826
6.901653188430239
6.979920948471483
6.872648896364198
5.7955282221784685
4.788383645801227
4.810632563075544
5.056796875574785
5.833885149993763
6.842851228508548
7.690590459467885
8.305087801840404
8.722729269429685
8.673372719239165
8.328612722234949
8.024749228082705
7.425837835757424
6.749225037822523
5.979981384852571
6.246609397017126
6.892058595630213
7.581411392149612
8.208838665792605
8.704807316918023
9.020051353345316
8.887458231066075
8.443502127363434
8.062119644553203
7.489151327565615
7.163309679135645
6.744986319274066
6.857501789597563
7.263319625200731
7.8010728405506935
8.335280554659303
8.783326824973251
9.066384911539469
8.933249688829303
8.462671528206721
7.915672252184585
7.01391201590318
6.302276425767497
5.3260099420906
5.03172320144745
5.435671198416307
6.449250686131241
7.414516562159367
8.098041697348823
8.571384184233393
8.535935437220816
8.046420251946614
7.427198177529805
5.469052349215957
3.0550136062125945
4.766819025672682
4.9183114531198795
4.762656944500044
4.773025588232967
4.927387542612602
4.80761139673006
4.965328675763025
4.904057264437378
5.43480573898033
5.85902053612063
4.54180305875318
2.9007534297153645
4.788542732474204
4.921663176611133
4.762512445018024
4.772553950305889
4.931523396505221
4.8166593296872255
4.9824149606771195
4.928657243049296
5.537413715471689
6.131270906115351
5.643852151430282
4.248112427115988
4.796218876678844
4.95270913030324
4.802732713986558
4.81558299722683
4.974711753875369
4.967102468396341
6.31004113972802
7.005215712689541
6.987182711038223
6.716659458368594
4.74095840201416
3.0757808518231577
4.767792758483605
4.899213767248846
4.720621235337619
4.562982798791506
4.814504520151946
4.767503848491992
4.9420539661208664
4.826425824647695
3.0499557725122415
4.18883872453844
4.079083445529298
3.9374325104709538
4.796980712107118
4.9585564130859066
4.6739459838930575
4.640791505684847
4.940610988303543
5.462609617949631
6.835026922940376
7.305909499403535
7.233689951607857
6.975117680385489
5.8461609355935025
4.466183244113896
4.787951207650668
4.934187793299446
4.726403541594715
4.4818726944074125
4.78289183493564
4.795130248116628
4.969089912272462
4.855633222695091
4.867123334221506
5.477194539594434
4.04129005174795
2.047932202270335
4.723410507816663
4.868868727060393
4.626926735275964
4.492939007558519
4.7590276893810195
4.730036516138059
4.905445211205719
4.784936514878094
2.723143377503872
2.7473775857932115
2.865897013940284
3.360474225969913
4.723030025220805
4.931078565021883
4.740442415680237
4.8010227280989035
6.105393962754046
7.168531719249486
7.98059967580889
8.078234243936176
