401.3440860215054 582.0 62840000.0 49750884.22419644 406.26344086021504
251.61904761904762 572.5489242800704 49750884.22419644 50469541.2153894 251.35416666666666
310.3360215053763 573.099798627027 50469541.2153894 49506858.142144665 310.6720430107527
267.98055555555555 572.361870219179 49506858.142144665 39847441.28073389 271.6388888888889
920.0483870967741 564.957607795352 39847441.28073389 39598857.507026136 920.0672043010753
880.1694444444445 564.7670601131011 39598857.507026136 48566164.213375755 876.6527777777778
720.4811827956989 571.6407972176678 48566164.213375755 57868208.48099499 716.9354838709677
396.5483870967742 578.771121731424 57868208.48099499 63630217.833803244 394.31451612903226
213.52777777777777 582.4929308537747 63630217.833803244 40758943.60239711 222.25
144.81989247311827 565.6563044647633 40758943.60239711 44298540.885344006 143.38709677419354
121.57222222222222 568.369522822934 44298540.885344006 39273569.529374756 123.47222222222223
138.3736559139785 564.517716122216 39273569.529374756 57890662.296407335 131.43817204301075
156.02956989247312 578.7883333233984 57890662.296407335 59833178.21525153 155.33602150537635
369.79464285714283 580.1607207167763 59833178.21525153 58407389.57812871 370.4166666666667
397.244623655914 579.1844218710105 58407389.57812871 34188193.82045989 406.26344086021504
613.7 559.4061790504988 34188193.82045989 56520721.26174021 605.0138888888889
614.1075268817204 577.7382282216746 56520721.26174021 36945119.90985839 621.3440860215054
438.19444444444446 562.1977719802007 36945119.90985839 52462903.47700967 432.15277777777777
240.38978494623655 574.627776713339 52462903.47700967 56057009.05996519 238.9784946236559
137.04569892473117 577.382777485845 56057009.05996519 38856522.52383142 143.38709677419354
105.73611111111111 564.1332094384263 38856522.52383142 56631544.47797316 98.77777777777777
84.15591397849462 577.8231778814123 56631544.47797316 57710174.51527875 83.64247311827957
90.34166666666667 578.6499834711306 57710174.51527875 35743873.14982416 98.77777777777777
109.19086021505376 560.981420198035 35743873.14982416 40205565.4662111 107.54032258064517
135.7284946236559 565.2321218253021 40205565.4662111 51781415.12252814 131.43817204301075
234.5952380952381 574.1053933554449 51781415.12252814 43319952.48584125 238.125
330.747311827957 567.6194024565817 43319952.48584125 65022672.02280491 322.6209677419355
645.1166666666667 583.361531387533 65022672.02280491 40770119.062509276 654.4027777777778
943.5994623655914 565.6648708244685 40770119.062509276 39592482.09802951 943.9650537634409
717.5055555555556 564.7621731512951 39592482.09802951 42988901.182636924 716.1388888888889
352.1693548387097 567.3656406860894 42988901.182636924 57934674.25681862 346.51881720430106
155.33602150537635 578.822069946359 57934674.25681862 57718537.777357705 155.33602150537635
108.35 578.6563941880547 57718537.777357705 50265406.04438574 111.125
82.19354838709677 572.943322268492 50265406.04438574 46088221.913176246 83.64247311827957
94.79444444444445 569.741372508597 46088221.913176246 35663140.06436613 98.77777777777777
106.7741935483871 560.8996719381073 35663140.06436613 33652158.5054584 107.54032258064517
139.3494623655914 558.8634033840843 33652158.5054584 54926211.15188304 131.43817204301075
296.3422619047619 576.5159834981869 54926211.15188304 35823333.356366515 304.2708333333333
247.36290322580646 561.0618795732897 35823333.356366515 58218061.64043161 238.9784946236559
800.1472222222222 579.039295746423 58218061.64043161 51754182.64509503 802.5694444444445
651.3494623655914 574.0845187610197 51754182.64509503 35914635.17572789 657.1908602150538
588.6583333333333 561.1543294631791 35914635.17572789 57384666.88384259 580.3194444444445
378.96505376344084 578.4004711083563 57384666.88384259 48087792.93010651 382.36559139784947
179.46236559139786 571.2741098111537 48087792.93010651 48483388.61168866 179.23387096774192
117.59444444444445 571.5773469819056 48483388.61168866 32985746.328654163 123.47222222222223
83.69354838709677 558.1886114380152 32985746.328654163 32826330.946615264 83.64247311827957
93.40277777777777 558.0271914945873 32826330.946615264 50799197.804709114 86.43055555555556
105.77150537634408 573.3524913032089 50799197.804709114 46102394.17517018 107.54032258064517
142.72043010752688 569.7522360160373 46102394.17517018 44401547.87228086 143.38709677419354
235.35714285714286 568.4484810844638 44401547.87228086 37783403.142666414 238.125
176.1263440860215 563.046596166962 37783403.142666414 61402340.70308061 167.28494623655914
553.25 581.1205807492248 61402340.70308061 55065567.22749179 555.625
409.93817204301075 576.6228045381074 55065567.22749179 64718273.33285935 406.26344086021504
393.51944444444445 583.1716501931279 64718273.33285935 60450778.318511195 395.1111111111111
216.59139784946237 580.5385080139829 60450778.318511195 64310791.86833458 215.08064516129033
120.63978494623656 582.9174668811178 64310791.86833458 35172896.1184332 131.43817204301075
83.25555555555556 560.4032634422256 35172896.1184332 58686699.72951652 74.08333333333333
76.33333333333333 579.3985223377557 58686699.72951652 38814292.929657415 83.64247311827957
85.40277777777777 564.0904488301627 38814292.929657415 36050295.550773025 86.43055555555556
96.11827956989248 561.2916956933705 36050295.550773025 37502371.91736983 95.59139784946237
158.86559139784947 562.7620311274493 37502371.91736983 47040688.10458976 155.33602150537635
255.08035714285714 570.4714693386885 47040688.10458976 56132986.04685112 251.35416666666666
232.7768817204301 577.4410163585583 56132986.04685112 39460334.983557746 238.9784946236559
559.7666666666667 564.6608780184586 39460334.983557746 50014385.50220973 555.625
593.7123655913979 572.7509067226357 50014385.50220973 39821031.30984345 597.4462365591398
453.9611111111111 564.937363679389 39821031.30984345 64201437.58861415 444.5
243.34677419354838 582.8492526544063 64201437.58861415 43710881.36696747 250.92741935483872
121.35752688172043 567.919062370471 43710881.36696747 48499681.92182555 119.48924731182795
85.82777777777778 571.5898363428823 48499681.92182555 46676638.999763586 86.43055555555556
80.21505376344086 570.1924136621434 46676638.999763586 37199335.80780877 83.64247311827957
93.81111111111112 562.455184504267 37199335.80780877 56230202.27421627 86.43055555555556
103.86021505376344 577.5155358113983 56230202.27421627 46414308.90024503 107.54032258064517
114.00537634408602 569.9913289666207 46414308.90024503 31811068.10454976 119.48924731182795
137.69940476190476 556.9991622766123 31811068.10454976 44970072.82632401 132.29166666666666
105.25537634408602 568.8842742606591 44970072.82632401 38788475.12547369 107.54032258064517
82.49444444444444 564.0643063811879 38788475.12547369 60415672.91602012 74.08333333333333
143.7258064516129 580.5170339645867 60415672.91602012 61137867.93518684 143.38709677419354
126.26944444444445 580.9588021943962 61137867.93518684 36245845.94663934 135.81944444444446
85.42204301075269 561.4897050286951 36245845.94663934 40828754.31415783 83.64247311827957
75.24462365591398 565.7098166836981 40828754.31415783 50125832.51858475 71.69354838709677
81.40277777777777 572.836334545809 50125832.51858475 36832247.88466917 86.43055555555556
72.81989247311827 562.0834806509225 36832247.88466917 39553576.09914296 71.69354838709677
84.62222222222222 564.7323504166777 39553576.09914296 34766494.899364755 86.43055555555556
95.54569892473118 559.9917519497208 34766494.899364755 34684981.91230833 95.59139784946237
138.7768817204301 559.9092139813579 34684981.91230833 54425737.24378738 131.43817204301075
289.6488095238095 576.1323536988951 54425737.24378738 51134334.89639441 291.0416666666667
389.6801075268817 573.609384965673 51134334.89639441 38658405.64862966 394.31451612903226
541.7694444444444 563.9326013516899 38658405.64862966 66571573.31610341 530.9305555555555
1181.8145161290322 584.3277222329658 66571573.31610341 63345403.05577316 1182.9435483870968
919.6722222222222 582.3152659293748 63345403.05577316 46687545.21138308 926.0416666666666
540.4059139784946 570.200773633976 46687545.21138308 53738839.097796544 537.7016129032259
215.11021505376345 575.6058235569283 53738839.097796544 53601123.010520436 215.08064516129033
124.91944444444445 575.5002596222927 53601123.010520436 57090512.656003974 123.47222222222223
80.89784946236558 578.1749921661755 57090512.656003974 49444609.67008824 83.64247311827957
90.475 572.3141547070315 49444609.67008824 59827633.39167762 86.43055555555556
101.5725806451613 580.1573289363986 59827633.39167762 43884454.679577604 107.54032258064517
197.1451612903226 568.0521120539848 43884454.679577604 59939315.612045854 191.18279569892474
297.8392857142857 580.2256451882196 59939315.612045854 44458266.50032314 304.2708333333333
448.43279569892474 568.4919577883238 44458266.50032314 61329296.91230255 442.11021505376345
749.5361111111112 581.0758997069936 61329296.91230255 51698326.87915955 753.1805555555555
685.1989247311828 574.041703469496 51698326.87915955 62512621.66907315 681.0887096774194
353.9555555555556 581.7997419784224 62512621.66907315 51708012.01612717 358.06944444444446
143.8252688172043 574.0491274472317 51708012.01612717 52696536.82299837 143.38709677419354
83.45430107526882 574.8068643983905 52696536.82299837 51978078.73191162 83.64247311827957
81.75 574.2561425149423 51978078.73191162 39585178.46928762 86.43055555555556
75.38440860215054 564.7565746783617 39585178.46928762 49175014.5091351 71.69354838709677
84.72777777777777 572.1075011016917 49175014.5091351 44661816.120443836 86.43055555555556
92.64516129032258 568.647985302745 44661816.120443836 36811789.048887484 95.59139784946237
102.61290322580645 562.0627645564513 36811789.048887484 55702595.08152627 95.59139784946237
158.6220238095238 577.1111074522721 55702595.08152627 55470372.612261675 158.75
165.6048387096774 576.9331012508819 55470372.612261675 50908576.22977036 167.28494623655914
112.64166666666667 573.4363334827398 50908576.22977036 54665296.45944282 111.125
330.2204301075269 576.3159837589917 54665296.45944282 42827295.02069621 334.5698924731183
156.30277777777778 567.2417642192711 42827295.02069621 63776699.21451744 148.16666666666666
105.1774193548387 582.5843046357483 63776699.21451744 57264043.42390541 107.54032258064517
77.75268817204301 578.3080092377631 57264043.42390541 41274785.33819732 83.64247311827957
76.07777777777778 566.0517142121452 41274785.33819732 46184676.93194098 74.08333333333333
71.4758064516129 569.8153084698746 46184676.93194098 45305701.993163675 71.69354838709677
82.6 569.1415451150002 45305701.993163675 35276744.60295067 86.43055555555556
96.15591397849462 560.508417764735 35276744.60295067 36829648.53069634 95.59139784946237
126.45967741935483 562.0808486114927 36829648.53069634 55583693.25909663 119.48924731182795
183.6220238095238 577.0199652737565 55583693.25909663 51823396.01951631 185.20833333333334
222.52956989247312 574.1375731011323 51823396.01951631 39708631.86869194 227.02956989247312
162.32777777777778 564.8512057911315 39708631.86869194 44235496.36497645 160.51388888888889
461.8763440860215 568.3211971134339 44235496.36497645 64982705.320639916 454.05913978494624
446.81666666666666 583.3366005143256 64982705.320639916 38840862.13673556 456.84722222222223
259.06720430107526 564.1173521305132 38840862.13673556 60455388.18655453 250.92741935483872
112.89784946236558 580.5413278800733 60455388.18655453 42586514.82525414 119.48924731182795
85.7388888888889 567.057198237795 42586514.82525414 40533000.62433508 86.43055555555556
72.80376344086021 565.4831117010183 40533000.62433508 43210857.10348079 71.69354838709677
83.84166666666667 567.5357772386401 43210857.10348079 36400602.640200354 86.43055555555556
97.05376344086021 561.646407703181 36400602.640200354 40358211.24844348 95.59139784946237
162.11559139784947 565.3491298647888 40358211.24844348 58601601.021078 155.33602150537635
250.86011904761904 579.3332913638524 58601601.021078 57484285.98322602 251.35416666666666
200.63709677419354 578.476832442052 57484285.98322602 50740733.37804542 203.13172043010752
487.1694444444444 573.3076763869788 50740733.37804542 65147640.26950175 481.5416666666667
464.4596774193548 583.4394854679193 65147640.26950175 60809634.09026669 466.008064516129
432.84166666666664 580.7580208530886 60809634.09026669 62452751.54538824 432.15277777777777
150.63978494623655 581.7631192963811 62452751.54538824 49689805.2430458 155.33602150537635
77.15053763440861 572.5021052213727 49689805.2430458 32085502.80481157 83.64247311827957
76.95555555555555 557.2770478433897 32085502.80481157 39271467.43952789 74.08333333333333
72.61559139784946 564.5161048008405 39271467.43952789 41445183.81133109 71.69354838709677
96.925 566.1823302762207 41445183.81133109 36542773.5797937 98.77777777777777
107.69623655913979 561.790366364715 36542773.5797937 37001320.059695415 107.54032258064517
172.89247311827958 562.254678816237 37001320.059695415 52105330.157112464 167.28494623655914
248.79761904761904 574.3536849400712 52105330.157112464 45998288.08330892 251.35416666666666
260.10752688172045 569.6724352542398 45998288.08330892 38519928.63939951 262.8763440860215
490.5416666666667 563.7923830696766 38519928.63939951 61667341.56864965 481.5416666666667
713.7016129032259 581.282682342525 61667341.56864965 52810994.44454071 716.9354838709677
612.0388888888889 574.8945999499736 52810994.44454071 38870801.97952829 617.3611111111111
363.26075268817203 564.147668450482 38870801.97952829 51519726.91723683 358.46774193548384
141.36290322580646 573.9048006930723 51519726.91723683 45882363.91970946 143.38709677419354
91.34722222222223 569.5835755496771 45882363.91970946 58364775.69393458 86.43055555555556
77.38440860215054 579.1517569196993 58364775.69393458 41307380.46822687 83.64247311827957
88.21111111111111 566.0766994571077 41307380.46822687 45823082.78466719 86.43055555555556
110.49193548387096 569.5381345994693 45823082.78466719 53769693.51819411 107.54032258064517
198.4758064516129 575.6294744903993 53769693.51819411 41384591.558727406 203.13172043010752
264.5238095238095 566.1358843110486 41384591.558727406 41318597.309781685 264.5833333333333
424.4543010752688 566.085297537057 41318597.309781685 57973749.296597935 418.2123655913978
777.7833333333333 578.8520222564102 57973749.296597935 57551018.299734235 777.875
896.6344086021505 578.5279849692351 57551018.299734235 58599139.96792068 896.1693548387096
828.5944444444444 579.3314048852299 58599139.96792068 61900482.7541409 827.2638888888889
478.38440860215053 581.4252953017351 61900482.7541409 62854382.79084002 477.9569892473118
209.9516129032258 582.0089718569553 62854382.79084002 48900179.59861954 215.08064516129033
130.67222222222222 571.896831055054 48900179.59861954 35295912.4008231 135.81944444444446
85.44354838709677 560.5278265872001 35295912.4008231 39824072.19348376 83.64247311827957
91.34722222222223 564.9396946172495 39824072.19348376 52468341.77998523 86.43055555555556
103.06451612903226 574.6319453523935 52468341.77998523 40521296.59581566 107.54032258064517
115.50806451612904 565.4741401761512 40521296.59581566 61946937.69992134 107.54032258064517
167.625 581.4537118909093 61946937.69992134 51490266.609860815 171.97916666666666
299.9462365591398 573.8822183933302 51490266.609860815 54703680.49114592 298.7231182795699
286.89166666666665 576.3454063885036 54703680.49114592 62058377.72121315 283.9861111111111
810.0564516129032 581.5218799890399 62058377.72121315 55245397.762422584 812.5268817204301
445.68055555555554 576.7606505894322 55245397.762422584 58162749.06845841 444.5
227.51344086021504 578.9968968310328 58162749.06845841 59272159.574884765 227.02956989247312
108.45698924731182 579.8175444208072 59272159.574884765 61512246.35327924 107.54032258064517
82.82777777777778 581.1878102692931 61512246.35327924 51914903.77742427 86.43055555555556
74.8763440860215 574.2077168233764 51914903.77742427 60141987.456897214 71.69354838709677
85.825 580.3496199869319 60141987.456897214 58472873.87134644 86.43055555555556
117.99462365591398 579.2346177470743 58472873.87134644 54510653.168222934 119.48924731182795
225.8548387096774 576.1974445628161 54510653.168222934 51449614.15214877 227.02956989247312
429.86309523809524 573.8510569402744 51449614.15214877 35321854.06679745 436.5625
687.9032258064516 560.55409445546 35321854.06679745 53509136.20364769 681.0887096774194
1326.236111111111 575.4297486931769 53509136.20364769 66492167.90963105 1321.1527777777778
1497.6478494623657 584.2781898469168 66492167.90963105 45081293.93898374 1505.5645161290322
1087.138888888889 568.9695289211649 45081293.93898374 46442823.17534898 1086.5555555555557
638.0806451612904 570.0131861013447 46442823.17534898 59072232.57520826 633.2930107526881
282.51881720430106 579.6940460120585 59072232.57520826 47456168.891687475 286.7741935483871
173.67777777777778 570.7899491003416 47456168.891687475 49310038.54300039 172.86111111111111
113.47849462365592 572.2110014883721 49310038.54300039 32912143.537288856 119.48924731182795
103.40833333333333 558.1140831317352 32912143.537288856 44815007.70145066 98.77777777777777
115.6774193548387 568.7654117150398 44815007.70145066 34646598.391138874 119.48924731182795
144.28225806451613 559.870347808367 34646598.391138874 37128858.393295884 143.38709677419354
227.74404761904762 562.383820874747 37128858.393295884 44096744.23853342 224.89583333333334
294.5537634408602 568.2148390205191 44096744.23853342 64870927.40277115 286.7741935483871
523.2722222222222 583.2668744437015 64870927.40277115 44840699.79231692 530.9305555555555
470.35215053763443 568.7851055522269 44840699.79231692 56285196.082928956 466.008064516129
328.56944444444446 577.5576903842091 56285196.082928956 43688111.196878225 333.375
183.56720430107526 567.9016082821762 43688111.196878225 55108847.82645176 179.23387096774192
105.21236559139786 576.6559805483323 55108847.82645176 48658761.448916234 107.54032258064517
85.24444444444444 571.711776060542 48658761.448916234 45323624.370772146 86.43055555555556
77.90053763440861 569.1552832100608 45323624.370772146 61650566.72534628 71.69354838709677
92.52222222222223 581.2724211351853 61650566.72534628 45336999.26296382 98.77777777777777
99.59677419354838 569.1655355071816 45336999.26296382 56106022.9889027 95.59139784946237
140.4516129032258 577.4203482830767 56106022.9889027 48328275.57111083 143.38709677419354
179.63690476190476 571.4584477073143 48328275.57111083 34927421.40879751 185.20833333333334
222.2983870967742 560.1547020221444 34927421.40879751 54197318.59099884 215.08064516129033
362.0027777777778 575.9572632486113 54197318.59099884 64213958.235437 358.06944444444446
608.263440860215 582.8570629224921 64213958.235437 60989830.31166527 609.3951612903226
645.5166666666667 580.8682472651144 60989830.31166527 37811785.8522899 654.4027777777778
406.36559139784947 563.0753357736622 37811785.8522899 37895711.434401006 406.26344086021504
173.98924731182797 563.1603166741453 37895711.434401006 55636205.681173585 167.28494623655914
105.31111111111112 577.0602177816611 55636205.681173585 40305209.838029236 111.125
82.5241935483871 565.3085025311547 40305209.838029236 37013807.15517979 83.64247311827957
93.29166666666667 562.2673229301291 37013807.15517979 54698236.021194786 86.43055555555556
102.91666666666667 576.3412330222585 54698236.021194786 42355170.30136597 107.54032258064517
143.55645161290323 566.879865010566 42355170.30136597 42893468.47935149 143.38709677419354
187.05059523809524 567.2924883634307 42893468.47935149 47427592.89202597 185.20833333333334
242.4247311827957 570.7680446517032 47427592.89202597 56595762.85137027 238.9784946236559
409.89166666666665 577.7957500814612 56595762.85137027 62723777.444225974 407.4583333333333
652.9032258064516 581.928906415351 62723777.444225974 51046130.69345084 657.1908602150538
538.0916666666667 573.5417735275449 51046130.69345084 37459640.53620533 543.2777777777778
334.4247311827957 562.7187624224978 37459640.53620533 36882374.7840176 334.5698924731183
154.4731182795699 562.1342378686611 36882374.7840176 34354802.595852606 155.33602150537635
93.90277777777777 559.5748828402743 34354802.595852606 53463014.318087995 86.43055555555556
81.46505376344086 575.394394742823 53463014.318087995 47335039.8386626 83.64247311827957
91.78611111111111 570.6970996759287 47335039.8386626 61116419.65009534 86.43055555555556
105.26344086021506 580.9456822327711 61116419.65009534 55058858.78478873 107.54032258064517
140.3978494623656 576.6176622949533 55058858.78478873 47137112.09724953 143.38709677419354
189.15178571428572 570.5453815174308 47137112.09724953 56754556.66035658 185.20833333333334
161.91129032258064 577.9174707867463 56754556.66035658 42299991.898076996 167.28494623655914
313.8277777777778 566.8375689399087 42299991.898076996 55464082.3034833 308.68055555555554
331.3736559139785 576.9282795212072 55464082.3034833 46714846.334651805 334.5698924731183
232.65 570.221700847704 46714846.334651805 41527690.32048097 234.59722222222223
109.81989247311827 566.2455742436553 41527690.32048097 47449537.29895593 107.54032258064517
78.6263440860215 570.7848657652318 47449537.29895593 33798576.03791386 83.64247311827957
79.69444444444444 559.011662037067 33798576.03791386 48083698.05954745 74.08333333333333
74.66935483870968 571.2709709574688 48083698.05954745 55757358.175259516 71.69354838709677
88.32222222222222 577.1530851744224 55757358.175259516 60560546.92940181 86.43055555555556
103.22311827956989 580.6056537068149 60560546.92940181 49038222.22269844 107.54032258064517
