2.195272360048123
0.3326829066967276
0.13181559331115578
0.2664847482468109
1.3973040319082646
2.772148724622128
2.6030597237033906
0.33502899450483437
0.285241038631725
0.29180239265109087
0.1863730510934607
0.17395650921288164
0.3924496539799649
0.12292887462198543
0.16887662586376306
0.3305054104482572
0.1263613577973577
0.19754594635794964
0.23930288027112123
0.057237539607656096
0.5271275375194278
0.9646672681350617
0.9376830505194622
0.6340702189533713
0.2432525498116802
0.02264462031127934
0.16620517329221363
0.32796957457503106
0.15401769476358362
1.7034276868345142
0.055014925332610876
0.3447758818966844
0.05428261769576492
0.08441581202706283
0.7404400925853065
0.36446559531376677
0.06216898522560177
0.17442476964419384
0.2729468969844948
0.393448150963271
0.25952536860031294
0.6032318723700514
0.37522682324643686
0.4197458254818742
0.6625057209749925
0.648689107493075
0.31408125015487576
0.11171785031544479
0.35454577707057267
0.29106452844673836
0.5298805410940868
0.2715777041150611
0.13343728036768798
0.47388626566467007
0.4965335656394374
0.09633135908484025
0.7108747219925577
0.687769181845614
1.1136032837167624
0.89957582842356
0.25016765753032955
0.10106282305823333
0.024264064942239205
0.45266363290651856
0.30588570260214754
0.028205716928971558
0.024406719452383374
0.8322043755306971
0.8250471581338981
0.7819826967379213
0.8214255050679733
0.4560405115065471
0.661308890675274
0.07337563922437784
2.4674152660773925
1.26354038788975
0.965505207357793
0.8327626702910358
0.9121073782277556
1.068225634147201
0.7569217826460708
0.7142129700752124
0.7029478813195156
1.614589644913751
1.9290095861594498
0.7295143369610573
0.3008430127378019
0.3480999396833142
0.17521075828432275
0.5178277937636411
0.5404776069104389
0.13348538910681507
0.4384248382127196
0.3081046008824524
0.6187839205748449
0.5274932498817968
0.5074567834496801
0.17773914701365534
0.2553717365056536
0.4486008210562966
0.3176117800709837
0.6761716942921905
0.202997689655819
0.3182645587714523
0.047423859318381556
0.14887551431890156
0.9671672704865855
0.7512462146405032
0.28492513904665717
0.3145725582734564
1.7598953310481626
1.2444742107621627
0.7036958848501582
0.4145609236125125
0.7609199636133881
0.801851454998352
0.8308837700048182
0.7934390792752954
0.6649281502816722
1.2605542692905698
2.3080166787363003
1.5954347411485563
1.0307530318201321
0.5744596975534333
0.2381172162191687
0.8809595623945894
0.7582162335723299
0.9287201533565459
0.5086414693845707
0.7524618490115373
0.7820404622912198
0.6379861844975938
1.9196507634876718
1.0826590501435018
1.149722283617118
0.7670030234236229
0.23743453683217552
0.08732268441506541
0.6615520591948956
0.6362660049735358
0.9408912735797443
0.6299744629101691
0.8154577802301
0.5347797669327297
0.7377134651298247
0.9426506266311625
0.4586046935854844
0.420519439461013
0.2520460352174272
0.593868602376765
0.6237765002848503
0.13441877532543645
0.33176705081509317
1.0303496430891506
0.9122433708581825
0.39195861398366816
0.492842413398177
0.021894597024811002
0.15856316293902228
0.320708076576786
0.18296837224102713
1.1393162775257553
0.3843483393894398
0.31559030054905746
0.6497961439730577
0.6819186566200246
0.3751639102401003
0.10453991564154652
0.6917495189293286
0.12032106058698933
0.10747749634122261
0.27216445584625726
0.134613347293024
0.2485478800784744
0.33330630694472996
0.13314206357510328
0.48748250706291874
0.6063432015402705
1.0220105929915144
0.5012520002239791
1.5065721456803125
0.01724020472601051
0.153026067604491
2.3765416567225506
3.3105242558081436
2.7496352681261182
2.7124758782326523
0.21583981919136042
0.30216387628890073
0.13032616756422577
0.4357691473330778
0.2664343040977335
0.03129014704862643
0.12862216686527095
0.38084590152122955
0.5678019600256827
0.5940235191932794
0.3430182321040487
0.20594247542717614
0.5470081649010083
0.30235287479656714
0.968958446633982
0.643124760918576
0.6617247304138147
0.3107517204848893
0.0008786851604782875
0.5305738368054129
0.5578838310619738
0.5503930004667059
0.27605933154433027
0.10129905941424111
0.20413420288172235
0.16858122471344616
0.6579524740287046
0.6664938512921386
0.7272744353348672
0.2900926615446373
0.02066265793882538
0.40685103096627895
0.2781534022118817
0.13326962816811871
0.473687166857812
0.3434988705445545
0.6611843820615899
0.09799447070246226
0.5650834871449884
0.9842522716438356
0.5464870081564608
0.13651291444769909
0.1252705471301101
1.3789352989500365
1.3316636928025516
0.13348223919208024
0.48078796357036824
0.3509597692451605
0.9578839459323563
1.0567641684310942
0.9099579971642737
0.8439707306959958
0.28067986211317253
