2.195272360048123
0.4387012276889992
0.6655743985038596
0.025116820618812596
2.6675779293771518
2.464921109635977
2.918430521400663
1.9325694515730758
0.4297282613480653
1.605959233479484
1.8800150644106461
1.7670151778963374
1.2992169137554592
1.160404265118026
2.1071104102328517
2.2701921447797933
3.1472967520857136
1.7215574483675615
0.24454165845691156
1.476365697052691
2.2152670267603223
2.2751317476797306
2.1083135787215914
2.0932718288611887
1.759777949399617
0.5687688719860748
0.6856778467967093
3.140347798091648
2.69412494950258
2.464743595342587
0.9815594685819224
1.298813008367674
1.946772383876733
2.306590369942331
2.1739484544544547
2.0939494012703257
1.824295730250557
0.26880538805576437
0.4944111321427176
2.9833466517447667
3.0101552720543863
2.3336920650911948
1.7600466424057695
1.0797890047716763
1.850472700717184
2.4017085274101264
2.4027491420161207
1.9907339098919963
1.5606935978755476
0.6625437775098337
1.3405637428415793
3.058947372863835
2.026900532046879
1.9006547563509137
0.46212682232542557
1.5806180089632813
2.5321152814586756
2.264976085275628
2.3636615670280863
2.2362020975962054
1.491088809492906
0.4750525238161658
0.19272476037445818
2.46106414486945
2.9600983283643956
1.9587225767991363
0.07224459497115987
1.884163566902269
2.3153157925467953
2.3243244591430283
2.374203510644543
1.9562284158392356
1.8650790876978693
1.9847300705763544
2.0277688338004136
2.5118855201051336
1.4417278839252068
1.600460101243657
2.380427599333539
2.5027929524189396
2.30728008017591
2.522830934424033
2.359523465178008
2.2457795330048222
1.8137012316007497
0.10150996912794996
1.7756977962141285
2.4346101795990593
3.394632499795679
3.102343188914026
2.8643794350528964
0.5438961687074904
1.81434475036309
2.2728637312528424
2.3106463802479347
1.9343318502887106
0.9725703668510626
0.3473826384316383
2.228704985347065
3.057324376009256
3.0085482059998023
1.3670577383184082
1.5132070812384155
2.2945768038483467
2.2981271039140436
2.508060265204294
2.311978599523517
2.182004068700695
2.2305211885046945
1.4793680218206422
1.1615214298575367
1.990038981980109
1.0612618828444482
1.5884377386464137
1.91421580411256
2.272006219444813
2.5009037351868115
2.4801073077930895
2.3310990195592622
2.241972957916237
1.9379304274409097
1.1604014694732228
0.41090305859943044
1.466076557861418
2.374862101613667
2.7345368222988284
0.2900282853666454
1.7679191782323964
2.3445360321013173
2.504045652202508
2.341450810487273
2.233588729610693
1.4601152553240129
0.31998840654164296
0.6576319135032582
2.7059369573928587
3.0698405064164085
2.319812709082748
1.2636018469065626
2.3094347328747897
2.5493897566720403
2.5093890254281086
2.20016997154982
2.0865668591957256
1.350774138712186
0.4071215347274233
0.02937338091304431
2.364176766245939
3.280337348025557
2.8327944733506794
1.0437477789036311
1.5148020889136904
2.3282494130183933
2.266566890555512
2.350856944689164
2.0223492967313845
0.7022104365168995
0.40095333276429157
1.8468646374835096
2.976544118275112
3.1769401625406246
2.993957241601291
3.1615409398560343
0.43775087280642566
1.6922616580940542
2.3866284734892025
2.358186793890673
1.9801291243803185
2.056033811784827
1.2673061690088931
0.5272119461457483
0.2651922606668218
3.289315598654489
2.35071296302349
0.32587463638687364
1.937148162379272
2.2534412085042272
2.4558362532766327
2.2588447108962177
1.7799532873599258
0.3748594381116801
1.7830425106833232
2.5022926642859753
2.852233248356346
3.392773308525711
2.6175718383647766
2.8573383629212668
0.4985720056684757
1.240726684412138
1.8446370778905163
2.259613402286381
1.87636913712374
1.669901953798416
0.9095857242615746
0.24485018722668128
3.1369094735935823
2.5435000653897735
0.9327990589097066
1.1263774375168878
1.963352860211473
2.3145296923379073
2.483754397902644
2.088992567744538
2.178190977805091
1.4759504884498253
1.2321075584264634
0.8000301500656928
1.211019936192776
3.3394315056739208
3.049781596271224
1.6026994597919053
1.3390975148369972
1.9600023302272052
2.3558092258289713
2.375414584653129
1.965961652615132
1.5924372189847749
1.285820353130303
0.3156338397445002
1.9029266835932948
3.30459327935605
2.7836543253426678
0.7106368777002974
1.4986049464795985
2.392771748977246
2.290789213263826
2.321070935283254
1.9277975651217023
1.4848212644840288
1.2438799577131339
1.1488296980310553
0.3650182083251554
1.0770508590965555
0.47942297161657565
2.0496397620512745
2.3205051398028433
2.5398048291626942
2.472063778878982
2.2794515872451284
1.9306158996980132
