2.218042336921725
1.1298545522702326
1.056081732708015
1.0782570951528978
1.3153229906517003
2.801756211872749
3.2985112071736395
1.3786827017912984
1.265916523290521
1.482015625748367
1.0641633925558365
0.8311109848667146
0.6902726667668362
0.22732182763240427
0.03085885654536291
2.17296580564983
1.2259999936912083
0.5511000101554289
1.2559559991237608
1.505463800229921
1.447218106799445
1.5458013816548382
1.3647052360689176
1.101928189991089
0.829632918058711
0.2246906670051687
1.0134787815410427
1.3396802073520968
0.14874634198691838
1.2822866370441313
1.034288730787047
1.5341859761545193
1.5424698246163446
1.594562990479183
1.3255891242393916
1.1406946524965695
0.6586269960202698
0.6794169160645858
0.005407515854279232
1.7245309587248852
0.267182477324015
0.19834406365287638
0.08065722827513655
1.4289804968053061
1.4516733824846522
1.602136047791948
1.3223371586003938
1.1958937108418897
0.4997511959191776
1.027885809052079
0.7338376641959372
2.261967408005825
0.3015691031479779
1.6743224460564279
1.658520145984211
1.6544729370521174
1.5870091259685222
1.608744033938429
1.4138060181727554
1.227437728121406
0.5933186035788371
0.4025458578789407
0.1850400695488288
2.1044795098551585
0.14488270676069215
2.9214762704851993
1.729852969691075
1.684718719229688
1.5795748514432228
1.6145172643663683
1.3649896863779287
1.1263574409229915
0.9771551106346301
0.6927263239006791
1.1902154645453988
2.894189500960289
2.374830748400531
2.079717287763234
2.817412384225217
2.1355138068762285
3.4002180544350757
3.4002180544350757
3.2614090848353237
3.1012776692856363
2.607696413474839
1.3613300630531953
0.5337041289735218
0.813506644432135
0.7052880322853934
0.8681883169660134
1.2848180992644505
0.44229778720423196
1.4608331063887094
1.570784515258746
1.4176848451149033
1.1690485998909117
0.09604780360472365
0.7483659691417976
0.35031019759603055
2.3126459511709463
0.8151000354966227
0.20532309803363713
1.4020048388212425
1.6331790666743353
1.6257051122660926
1.6378731701242821
1.4016058047661863
1.2112922885541537
1.0669444666011083
0.4583324122335295
0.6855025012464586
2.570318649508382
0.5513233266103077
2.20958476692177
1.6989412331826528
1.7776676093659212
1.6052546543226867
1.8564754603982754
3.2205709187329226
3.092801105618425
2.7127406539780052
2.289774819134421
1.2763995410852895
2.115560155346719
0.15557674485280515
2.5845081441889874
1.561236166688227
1.654050702135847
1.6619508110179286
1.6845356720262379
1.4476038777301905
1.820818226013227
2.3588045342868362
1.659975582158262
0.4059587523326531
2.0788171289053428
0.339824049027488
1.9267237352219186
1.6047900946259095
1.7026456083201682
1.6679250493545863
1.6470036468092857
1.513246582994136
2.6291583176648157
2.2967313215100305
1.7188277992873073
0.17250315080995327
1.6376407648299944
0.3150252859669638
1.8848688120504813
1.5290307254293338
1.5592793817176653
1.5248015840984332
1.6450262257175237
1.4649670203494276
1.0355481889895382
0.22327638853328446
0.3373672867026749
0.8576413709371691
0.9645690925972317
0.5872692006162978
0.6543465418796282
1.0814981250049982
1.3495607336875226
1.4256634768890282
1.5919583693271704
1.4236016046217446
1.140120948983447
0.9407689385542968
0.5004013644290977
0.5149365148746821
2.061811770924999
0.25933099160981765
1.6883202573396898
1.5170143747254576
1.6102610642517046
1.601205407603925
1.7052205144365205
1.4913960539990878
1.0276943003900936
0.19412795533641392
0.8897178674390585
1.510562284670212
0.19283557843744514
1.2867086710970925
3.0711857898269024
3.345079150332813
0.005213441975530753
1.3889264044835175
1.4836292497516246
1.2308913370817267
1.0615986178895613
0.7433592491005414
0.17409585417693485
0.41798450217049243
2.4413101242198083
0.27528715478191845
1.7549681157370183
1.4960073346193539
1.541324015945809
1.613104762655236
1.5858508474467332
0.019576249074630958
0.4706583151489703
0.07167431975203398
0.2385671170050654
0.1897083142767424
1.5325994499939322
0.24493613642749867
2.9496749128619686
2.2163661423021987
1.7833578789593736
1.6245843013653065
1.6422495920795346
1.4169120021242927
1.2194012612093799
0.6117203590495599
0.31398917933166315
0.07687002233281692
1.8191351486407785
0.10829787923581247
3.0061836892490734
1.4703302884121958
1.6343785593622644
1.6264502726404415
1.6670559895615964
1.416231200503459
1.0878851337834723
0.7087030478217451
0.27913534156493647
0.870869180234755
2.6403028386035903
0.6630669644972955
3.2538990433671486
1.8356002970510898
1.866094846729464
1.738575068239714
1.72226404650481
1.4673730663003188
2.756776675975253
