2.2957934774657254
1.2216812811769393
0.9123972239808111
0.8973127821741191
1.1694131968557215
1.285932411431939
1.6111863903112864
1.3203786154853967
1.07664900310066
1.2546801299686665
0.7658686372521242
0.5374047903422117
0.4223167360085105
0.30825926920862523
0.7494103896021591
2.011597170281264
0.39188600950100483
0.4843671044870592
0.9658947721287277
1.319568122794736
1.2050539377969733
1.2308078457224179
1.2726502695139583
0.7766553401902239
0.46756520757397046
0.5092770354934859
0.20497661664027333
1.2492660577485442
0.1778198554360353
0.6203248108805992
0.27157481581229037
1.101681320294563
1.3160657120641965
1.1845251940337005
1.161099780903517
0.8753406992258621
0.6076347934885153
1.0327384410010527
0.5715386290524962
1.7518965535106208
0.30325443481073666
1.15482336343322
0.1537524039783973
1.3033906490499336
1.201961570302657
1.542837979171704
1.2729469492539196
0.843299325594657
0.6041518233927081
0.20507695597558717
1.3417318299931456
2.148673212024443
0.34753744527453057
2.895490209190607
1.3854766520984816
1.2568737154109142
1.230669495317088
1.332457145738736
1.1487557237658659
0.8909299607607215
0.2191499628797975
0.49445943987783547
0.10779600471659911
2.0479617031767496
0.1688742692469738
2.9564104257512662
1.251725951761511
1.3685663326274025
1.3244447475309649
1.4198411812533969
1.1182012266112196
0.9464466214608724
0.8392112353458963
0.9175288073296985
1.9288709432094102
2.7634232966000614
2.31302199822513
2.9745035982937686
1.0950884228273372
2.9603799337058545
3.269856089822542
3.3165143488973743
3.1807989844966826
3.006669585414267
2.596893198541571
1.3242638862172065
0.6739054402609108
0.7495862114674976
0.6856823824804055
0.7967531237943857
1.3316574118600508
1.0721391064082164
1.227673286501461
1.4101913319834725
1.0879050265083112
0.7934494497468645
0.049386434716818695
0.8284764138607992
0.2534257952172583
2.305383517540424
0.06518497640282517
0.241337047842749
1.2388754515435503
1.2916671350058997
1.204709143257023
1.4767384790507003
1.1401184045025388
1.035184198986138
0.7746151757126545
0.19436536129419668
0.9657632710248483
2.495668427739572
0.6106988164581146
3.1164909821195454
1.3474816738556736
1.15911965171872
1.2702774919568744
2.9744979138951093
3.167636818110005
3.0314247625082653
2.694614508597006
2.235820277991931
1.5040047193623558
2.0935317422223627
0.0696981028878958
2.6128822286580444
1.1955219168427327
1.3018479263352765
1.2968996556623962
1.2671364105777503
1.0940941548098495
2.9031420635554763
2.287893337462707
1.6961552931948345
0.125327699881979
2.037624138187178
0.3837336636224826
2.8375223248266916
1.2553809111974896
1.2652189385958525
1.3702967945640938
1.3578151185464153
1.841451899611054
2.9362372101282093
2.3091414163871073
1.7415599489765692
0.30538423286099325
1.4849651833299813
0.041807989735588524
2.7412786007055256
1.1158361565407247
1.1819592224265536
1.3781289614289323
1.3012331520637428
1.1142764642729301
0.8478637391472996
0.22813471395346419
0.6106150245999338
1.0615132977589958
0.9321988054125705
0.5238226220537365
2.5384644826512384
0.6865691487963996
1.190001619228887
1.1125710114168381
1.1979697179712003
1.1102835297549256
0.8534301654477314
0.6618699806614288
0.09452509062216308
0.14628087041952975
2.092588971555922
0.2740842610342642
3.0032841447732355
1.1545354486917216
1.3602227922296244
1.2981406408711544
1.418936249726786
1.2389416322920601
0.6201666218371846
0.21542376818771425
0.8987307805515368
1.389093031346266
0.4788227865853738
1.2631505715430054
1.3897459740579263
1.473748864788968
1.3651939097407055
1.153427742769595
1.3130432634083617
1.0602244540292887
0.7755151459607545
0.43547575057882737
0.2855583620453892
1.0516862391862984
2.406009863515036
0.37626888024003513
2.994075652147979
1.1692507074753515
1.405486148676746
1.40802788734546
1.5667692079533044
1.1508623371744608
0.9165018060988177
0.43193337145045696
0.1413427683257602
0.4375080398190674
1.5249408764986856
0.3146592735296445
2.7891660602126422
1.247913912269612
1.1940362515489662
1.2125960076734095
1.4577957242015451
1.37695632156961
0.896422854474443
0.5241830353116286
0.12126929190874813
0.4411397628013858
1.8377375761751178
0.05577953373492539
2.8108680933158716
1.273544395329882
1.2178761752479832
1.3564206198094575
1.462960925714914
1.3184405263812895
0.8620077062930651
0.3659824650892536
0.09108594771881462
0.8789530750437367
2.5489923767399665
0.4771731850237648
3.095255575003915
1.3218330191464638
1.2394336078642882
1.3658639677106006
2.23670553715621
3.1412354895690155
2.9499133804015085
