401.3252688172043 582.0 62840000.0 7058373.90272684 422.1639784946237
251.61904761904762 522.350941808808 7058373.90272684 200825.6786475554 254.46428571428572
425.98924731182797 503.9927282165908 200825.6786475554 4817085.256547026 424.258064516129
374.75 517.6174166795174 4817085.256547026 5191726.739161283 374.5833333333333
680.7123655913979 518.682014625248 5191726.739161283 11771767.28055031 678.2284946236559
862.0027777777777 531.618632522296 11771767.28055031 11950423.94028173 861.9111111111112
697.3225806451613 531.9705320035852 11950423.94028173 13984561.253702998 696.5349462365591
387.52150537634407 535.3466905285457 13984561.253702998 6546984.465908771 390.26881720430106
219.0222222222222 521.3457970536828 6546984.465908771 8474083.07396184 218.24444444444444
203.1021505376344 525.1335425936492 8474083.07396184 1763891.977898341 205.56989247311827
229.07222222222222 508.6060501095252 1763891.977898341 9376114.438184824 226.12222222222223
264.30645161290323 526.9065007922943 9376114.438184824 750359.774550397 267.53225806451616
254.51344086021504 505.6146540918769 750359.774550397 5762858.246643514 252.65322580645162
378.0922619047619 519.8045834502993 5762858.246643514 2270295.9132507164 379.54761904761904
363.98924731182797 510.10067920027393 2270295.9132507164 13451874.554881291 359.80645161290323
274.3833333333333 534.6159289922559 13451874.554881291 6440706.417117066 277.06666666666666
553.0806451612904 521.1369057164026 6440706.417117066 4543889.073642135 553.763440860215
430.075 516.8110900814293 4543889.073642135 6934818.682544019 429.1333333333333
237.38172043010752 522.1080918932762 6934818.682544019 7117400.008746274 237.29032258064515
201.30107526881721 522.4669586378807 7117400.008746274 9242282.212524965 200.4811827956989
205.59444444444443 526.6434512453077 9242282.212524965 4792330.373279144 207.27777777777777
193.8951612903226 517.5443537230764 4792330.373279144 893350.6663251019 195.31451612903226
200.25277777777777 506.03668546177505 893350.6663251019 362503.03763285093 200.44444444444446
264.0537634408602 504.46991187806196 362503.03763285093 6302188.454806563 261.84139784946234
247.99462365591398 520.8646462732405 6302188.454806563 6944203.959992647 247.76612903225808
364.19940476190476 522.1265388179166 6944203.959992647 10075205.538576134 362.9166666666667
454.68279569892474 528.2805764034083 10075205.538576134 5769126.577289287 456.28225806451616
352.71944444444443 519.8169039622583 5769126.577289287 1472959.3305635708 354.35555555555555
391.6720430107527 507.74737511156627 1472959.3305635708 9669015.924895842 388.58870967741933
625.2194444444444 527.4822037144504 9669015.924895842 15189167.070542984 623.0694444444445
344.98118279569894 536.9992183639217 15189167.070542984 5210165.659001467 348.68279569892474
200.79569892473117 518.7182566401063 5210165.659001467 7161550.310088528 200.04032258064515
203.75555555555556 522.5537368163809 7161550.310088528 2077609.7575723736 205.68333333333334
192.8978494623656 509.5319744301165 2077609.7575723736 3931588.606242503 192.16935483870967
204.70833333333334 515.0039120028905 3931588.606242503 3437484.4034321727 204.88611111111112
255.65322580645162 513.5455850353726 3437484.4034321727 11234761.71738819 252.747311827957
251.5994623655914 530.5608942918252 11234761.71738819 10307132.776197111 251.95698924731184
425.94642857142856 528.7364333876977 10307132.776197111 2754123.1038657017 429.08035714285717
362.502688172043 511.52867401529295 2754123.1038657017 11855270.934147121 359.0967741935484
307.5472222222222 531.7831094157443 11855270.934147121 685729.1356040314 311.8333333333333
398.494623655914 505.4238995846954 685729.1356040314 8336897.452730415 395.61290322580646
435.44166666666666 524.8639018898494 8336897.452730415 6579233.467169276 436.1
370.6263440860215 521.4091830216776 6579233.467169276 13028383.673377275 368.19354838709677
202.82258064516128 534.0349667721421 13028383.673377275 211590.6684033107 207.58064516129033
205.44444444444446 504.02450061353983 211590.6684033107 3435588.479588814 204.16666666666666
191.34408602150538 513.5399892989806 3435588.479588814 600717.1501621231 192.36559139784947
201.31666666666666 505.1729904237794 600717.1501621231 11928167.646548918 196.93333333333334
251.65322580645162 531.926693849263 11928167.646548918 3885792.063525296 254.66129032258064
254.03494623655914 514.8687455078805 3885792.063525296 5759502.644628509 253.34677419354838
367.1636904761905 519.7979879566836 5759502.644628509 3333021.999101501 368.17857142857144
303.05913978494624 513.2372688128821 3333021.999101501 3584371.060352154 302.9569892473118
259.5777777777778 513.9791145858937 3584371.060352154 9858105.001840338 257.1333333333333
354.7204301075269 527.8538615553414 9858105.001840338 12150777.579283334 353.83870967741933
222.4611111111111 532.3651679591944 12150777.579283334 2410437.7318474967 226.2
206.0215053763441 510.51430165516155 2410437.7318474967 4649875.879483472 205.16129032258064
192.5483870967742 517.1239055083785 4649875.879483472 4863641.458996464 192.44086021505376
198.7888888888889 517.7548252770381 4863641.458996464 2693215.063055712 199.59166666666667
188.15322580645162 511.34890659387315 2693215.063055712 7772295.22632248 186.22043010752688
196.31666666666666 523.7541664793235 7772295.22632248 10323239.74356031 195.31944444444446
326.78494623655916 528.7680919097564 10323239.74356031 5873970.0977986865 328.4516129032258
271.3467741935484 520.0229757094664 5873970.0977986865 4615678.674202008 271.8279569892473
384.6845238095238 517.0229739510428 4615678.674202008 3880877.079347169 385.0
356.71505376344084 514.8542391468111 3880877.079347169 6034108.681931334 355.9032258064516
286.4916666666667 520.3377308575892 6034108.681931334 11101258.476297636 284.51666666666665
362.39247311827955 530.2979333624045 11101258.476297636 2304044.0586722363 365.6559139784946
222.03055555555557 510.200285377052 2304044.0586722363 -1388742.6510508498 223.4388888888889
207.02956989247312 499.301186738646 -1388742.6510508498 3555378.352996778 205.16129032258064
194.4758064516129 513.893543876806 3555378.352996778 9942821.60190763 192.06451612903226
201.34166666666667 528.0203734934047 9942821.60190763 1258819.7285371316 204.65833333333333
190.04032258064515 507.1153514317989 1258819.7285371316 1076365.8832369933 190.07258064516128
203.72222222222223 506.57684687868004 1076365.8832369933 7450498.766444229 201.25
354.47849462365593 523.1216699892179 7450498.766444229 2180596.978702739 356.4516129032258
225.56720430107526 509.8359367138411 2180596.978702739 5349715.488982756 224.3951612903226
269.50892857142856 518.9925442369662 5349715.488982756 7933081.928020148 268.45238095238096
232.18817204301075 524.0701955136948 7933081.928020148 4124774.8776107505 233.6021505376344
208.95833333333334 515.574092842657 4124774.8776107505 12260218.079368062 205.79722222222222
191.86021505376345 532.5807325805735 12260218.079368062 6317568.377610791 194.05645161290323
201.65833333333333 520.8948757766833 6317568.377610791 1066195.365070299 203.66666666666666
185.38709677419354 506.5468290386541 1066195.365070299 5239506.712237753 183.80645161290323
55.715053763440864 518.7759269861225 5239506.712237753 6138582.025682826 55.354838709677416
40.022222222222226 520.5430750159973 6138582.025682826 2142606.54627509 41.53333333333333
34.876344086021504 509.72380961230704 2142606.54627509 2375709.1815755395 34.755376344086024
41.666666666666664 510.4118018563006 2375709.1815755395 8565246.999487922 39.266666666666666
49.564516129032256 525.3127268610625 8565246.999487922 5582988.551573362 50.68279569892473
98.14784946236558 519.4510464634374 5582988.551573362 5352028.284732312 98.24462365591398
240.95535714285714 518.9970900768877 5352028.284732312 6307460.311395573 240.57142857142858
420.2795698924731 520.8750081982603 6307460.311395573 7445052.9968524035 419.8467741935484
419.3222222222222 523.1109662351927 7445052.9968524035 -1058020.5070891734 422.5833333333333
444.23924731182797 500.2772986975232 -1058020.5070891734 6322813.348709595 441.4623655913978
247.82777777777778 520.9051848578085 6322813.348709595 10624284.706913376 246.15277777777777
442.02150537634407 529.3598009756573 10624284.706913376 6247729.836524697 443.6317204301075
212.88978494623655 520.7576069200658 6247729.836524697 214841.7482002899 215.11559139784947
204.28055555555557 504.03409603352316 214841.7482002899 1805183.9112449887 203.63333333333333
191.45698924731184 508.7279214467813 1805183.9112449887 11030294.983994087 187.9758064516129
202.38333333333333 530.158156786655 11030294.983994087 2443078.4819507385 205.68333333333334
241.4784946236559 510.61063940303904 2443078.4819507385 11773984.294064155 238.0
309.3736559139785 531.6229993670961 11773984.294064155 13064789.648360066 308.9032258064516
429.6547619047619 534.0849099869199 13064789.648360066 9839001.260939058 431.0
392.8736559139785 527.8163128232251 9839001.260939058 7665146.105185705 393.6774193548387
241.1611111111111 523.5435630343305 7665146.105185705 -3590846.855955329 245.48333333333332
541.0752688172043 492.80177238630654 -3590846.855955329 1338052.9598293435 539.2096774193549
347.61944444444447 507.34920485231186 1338052.9598293435 1815550.4590275716 347.4166666666667
203.19892473118279 508.7585178596542 1815550.4590275716 -707672.9211489 204.11827956989248
191.0 501.311334290978 -707672.9211489 1079639.7662823522 190.30645161290323
197.54722222222222 506.5865096014547 1079639.7662823522 7943183.468472881 194.86666666666667
187.2016129032258 524.0900502656191 7943183.468472881 3738767.536970213 188.73655913978496
196.63888888888889 514.4348090411548 3738767.536970213 2856566.6164364833 196.96666666666667
297.38440860215053 511.8310315669582 2856566.6164364833 5311576.184310271 296.4731182795699
215.99462365591398 518.9175807760581 5311576.184310271 1741201.289849503 217.33870967741936
289.3333333333333 508.5390795350898 1741201.289849503 10638679.76815664 285.6666666666667
289.5483870967742 529.3880947167216 10638679.76815664 9984409.380716555 289.78494623655916
240.95277777777778 528.1021149896843 9984409.380716555 6884395.379323497 242.12777777777777
325.5456989247312 522.008984021429 6884395.379323497 9865871.121396128 324.41129032258067
201.7 527.8691259972269 9865871.121396128 -2747088.4825345688 206.55
193.93548387096774 495.292088362228 -2747088.4825345688 6007365.625568634 190.6451612903226
184.70967741935485 520.2851669192212 6007365.625568634 3259696.6107939724 185.70967741935485
192.87222222222223 513.0208521328288 3259696.6107939724 3778454.184430113 192.63888888888889
182.30107526881721 514.5519424472501 3778454.184430113 11902677.669736227 179.2311827956989
129.80833333333334 531.8764863191774 11902677.669736227 7161333.500617923 131.625
51.384408602150536 522.5533106736284 7161333.500617923 8895178.03323259 50.74193548387097
86.8010752688172 525.9612119963538 8895178.03323259 1154607.113388613 89.70161290322581
135.92559523809524 506.8077724511664 1154607.113388613 7890659.185473925 133.15178571428572
239.68010752688173 523.9868128817936 7890659.185473925 8308930.398413388 239.51612903225808
295.89444444444445 524.8089321623987 8308930.398413388 11605878.65150004 294.6
367.51612903225805 531.2918821923486 11605878.65150004 -1153591.5428494047 372.258064516129
221.3138888888889 499.99522496091043 -1153591.5428494047 9585818.728277337 217.15555555555557
204.6021505376344 527.3186781900623 9585818.728277337 11593487.140693417 203.83333333333334
189.40591397849462 531.2674746710628 11593487.140693417 -2329881.3410703833 194.58064516129033
195.19166666666666 496.5234570127631 -2329881.3410703833 9029055.660423486 190.77777777777777
184.60752688172042 526.2243507808324 9029055.660423486 -1534435.9703183137 188.51612903225808
193.75833333333333 498.8711792720702 -1534435.9703183137 1672302.055387076 192.50833333333333
121.09408602150538 508.33572645473464 1672302.055387076 2355291.136873219 120.84408602150538
121.65322580645162 510.3515388894122 2355291.136873219 7675835.416446178 119.6774193548387
201.0625 523.5645730599115 7675835.416446178 7392538.933939153 201.1904761904762
296.41129032258067 523.0077489391218 7392538.933939153 11259780.178065386 294.9596774193548
289.9972222222222 530.6101730780076 11259780.178065386 11196018.203383967 290.0
337.8333333333333 530.4845813096957 11196018.203383967 -1644778.269108083 342.60752688172045
206.20277777777778 498.5455087979722 -1644778.269108083 9643630.665449606 201.83333333333334
196.01344086021504 527.432308549332 9643630.665449606 -3063460.05810114 200.73924731182797
184.7258064516129 494.3583314790024 -3063460.05810114 9962728.007283427 179.83870967741936
192.71944444444443 528.0594998763847 9962728.007283427 4143423.89769815 194.93333333333334
183.43817204301075 515.629134610682 4143423.89769815 37292.580879706424 184.93548387096774
192.88611111111112 503.5100674231789 37292.580879706424 2106355.043316447 192.075
118.84677419354838 509.6168148851282 2106355.043316447 9578938.65969979 116.06182795698925
131.43548387096774 527.3051552966514 9578938.65969979 4301082.275115082 133.41666666666666
198.9970238095238 516.0944564236406 4301082.275115082 6976823.315723873 197.90178571428572
368.0376344086022 522.190652724009 6976823.315723873 10915571.586441344 366.55913978494624
337.4138888888889 529.9323303595571 10915571.586441344 13099936.847495243 336.55
396.6747311827957 534.1331263611848 13099936.847495243 -3162173.4582257774 402.7258064516129
226.64166666666668 494.06698319125593 -3162173.4582257774 7504056.444294266 222.51111111111112
209.80376344086022 523.2269385284404 7504056.444294266 9773276.259529378 208.93548387096774
196.71774193548387 527.6871291997646 9773276.259529378 10733439.858596569 196.33333333333334
200.50833333333333 529.5743473082761 10733439.858596569 5052592.0077704135 202.66666666666666
188.17741935483872 518.3125045666234 5052592.0077704135 8456670.022232013 186.8709677419355
197.13055555555556 525.0993169402492 8456670.022232013 3591184.915654094 198.99444444444444
390.0295698924731 513.9992253821247 3591184.915654094 8243317.126636431 388.2983870967742
310.0725806451613 524.6799681454578 8243317.126636431 11334397.182089347 308.9301075268817
395.2291666666667 530.7571459647214 11334397.182089347 6971244.333976149 397.04464285714283
429.38440860215053 522.1796871391945 6971244.333976149 8820856.119301312 428.68548387096774
381.0111111111111 525.8151309931095 8820856.119301312 9331408.468001762 380.7916666666667
427.0994623655914 526.8186304371069 9331408.468001762 4305401.476516638 428.9516129032258
245.23888888888888 516.1072043578744 4305401.476516638 9479108.69458997 243.225
353.7043010752688 527.1089377790216 9479108.69458997 1882928.4593416415 356.51612903225805
207.66666666666666 508.9573810838821 1882928.4593416415 3531778.106277535 207.0241935483871
207.19166666666666 513.8238887796929 3531778.106277535 700838.4301309474 208.25
192.7983870967742 505.46849400737676 700838.4301309474 5504845.528339098 190.96774193548387
201.25555555555556 519.2974550039769 5504845.528339098 12137953.409813803 198.68333333333334
239.9731182795699 532.3399082314514 12137953.409813803 5989098.25825824 242.2741935483871
227.76344086021504 520.249262093818 5989098.25825824 4089441.337423471 228.48387096774192
299.4375 515.4698074424925 4089441.337423471 8804117.2892132 297.5
424.88440860215053 525.7822305339707 8804117.2892132 6139630.962315683 425.8709677419355
280.75555555555553 520.5451367190343 6139630.962315683 7441578.26127645 280.23333333333335
358.2123655913978 523.1041365825089 7441578.26127645 8427138.90405618 357.8225806451613
218.44166666666666 525.0412730183174 8427138.90405618 10421138.183809673 217.65555555555557
205.04301075268816 528.9605129819707 10421138.183809673 2268830.943985504 208.06451612903226
192.16935483870967 510.0963554074912 2268830.943985504 10197618.083223775 189.18279569892474
198.47222222222223 528.5211803704743 10197618.083223775 967011.1507084607 202.0
185.69623655913978 506.254091163256 967011.1507084607 8861853.3965406 182.71236559139786
195.73888888888888 525.8957118483729 8861853.3965406 12183294.195797514 194.44444444444446
300.78494623655916 532.4292158402072 12183294.195797514 1901832.4351858776 304.6290322580645
339.18817204301075 509.0131753426845 1901832.4351858776 8297898.819208754 336.81182795698925
560.6785714285714 524.7872494032724 8297898.819208754 5649577.017053976 561.7857142857143
602.8306451612904 519.5819272404165 5649577.017053976 5251962.691396084 602.9704301075269
461.7638888888889 518.8004094279165 5251962.691396084 5621453.950364804 461.59722222222223
1476.717741935484 519.5266508679584 5621453.950364804 14298224.111740882 1473.4435483870968
1075.3222222222223 535.7769861460705 14298224.111740882 9453610.409564402 1077.1666666666667
618.8790322580645 527.0588204601784 9453610.409564402 8659128.85357802 619.1478494623656
278.48655913978496 525.4972532639292 8659128.85357802 4680109.513751727 279.94354838709677
212.725 517.2131387590342 4680109.513751727 4193947.826257243 212.87777777777777
195.6747311827957 515.778253778468 4193947.826257243 3725659.4369687894 195.81182795698925
210.19166666666666 514.3961210566846 3725659.4369687894 1365488.479736276 211.0888888888889
246.59139784946237 507.43017959067794 1365488.479736276 4231141.801992774 245.5268817204301
255.56182795698925 515.8880301728719 4231141.801992774 4484762.019418707 255.4784946236559
358.44642857142856 516.6365791641095 4484762.019418707 4801105.740631426 358.32738095238096
325.1989247311828 517.5702538364268 4801105.740631426 11100501.146986125 322.83870967741933
242.78055555555557 530.2964416531545 11100501.146986125 2697352.2426340273 246.0
345.01075268817203 511.361117298648 2697352.2426340273 6030189.743589211 343.741935483871
217.01111111111112 520.3300281167099 6030189.743589211 11196489.361963624 215.0
206.8736559139785 530.4855093493222 11196489.361963624 12279483.079792185 206.44623655913978
193.8279569892473 532.6186787935301 12279483.079792185 11213803.612255432 194.19892473118279
199.88611111111112 530.5196131756546 11213803.612255432 3961523.0746794073 202.65
188.72043010752688 515.0922622786654 3961523.0746794073 1645496.135752978 189.5483870967742
201.44166666666666 508.256609954067 1645496.135752978 10877816.054386754 197.86666666666667
305.3225806451613 529.8581212103464 10877816.054386754 5650933.849512447 307.2795698924731
252.84408602150538 519.5845941180072 5650933.849512447 3362813.5087424046 253.70967741935485
311.3392857142857 513.3251971520165 3362813.5087424046 6781744.870783459 309.9375
347.23924731182797 521.8072226770572 6781744.870783459 7444056.361049568 346.98387096774195
339.2138888888889 523.1090073303388 7444056.361049568 -1203273.537718987 342.52777777777777
407.98118279569894 499.8485907236255 -1203273.537718987 1360904.1665266026 407.0
236.60833333333332 507.4166491905251 1360904.1665266026 4073669.8059026264 235.54444444444445
213.95698924731184 515.4232584562563 4073669.8059026264 7958537.0810016645 212.48387096774192
199.14247311827958 524.1202280557619 7958537.0810016645 4301520.3633827185 200.4811827956989
203.45277777777778 516.0957494220228 4301520.3633827185 10535325.725677975 201.01388888888889
190.28225806451613 529.1849505642637 10535325.725677975 3807678.410149199 192.75806451612902
200.20833333333334 514.6381964726734 3807678.410149199 10325245.376959473 197.68055555555554
362.5 528.7720340167824 10325245.376959473 11953235.733146178 361.89784946236557
256.10752688172045 531.9760703834697 11953235.733146178 6468462.766375308 258.1666666666667
319.86011904761904 521.1914612994274 6468462.766375308 2190994.5446137507 321.63988095238096
367.3682795698925 509.86662467536485 2190994.5446137507 12601615.64008461 363.4731182795699
304.09444444444443 533.2531823213787 12601615.64008461 4679595.196168806 307.1277777777778
387.6639784946237 517.2116207731584 4679595.196168806 10086003.359099768 385.6209677419355
230.92222222222222 528.3017997058168 10086003.359099768 6922459.431870524 232.125
211.26612903225808 522.0837995729869 6922459.431870524 575155.267364502 213.61290322580646
197.30376344086022 505.09754564348356 575155.267364502 3801835.2337323385 196.07258064516128
201.38055555555556 514.6209505927634 3801835.2337323385 2893412.286574806 201.69722222222222
190.26612903225808 511.9397799526091 2893412.286574806 9709110.570933346 187.68548387096774
198.70555555555555 527.5610104325242 9709110.570933346 3079125.070565029 201.25
363.8494623655914 512.487903120891 3079125.070565029 6384838.07236734 362.6209677419355
253.91129032258064 521.0270955215497 6384838.07236734 12319338.544779321 251.70698924731184
321.9642857142857 532.697181982141 12319338.544779321 10821194.266883869 322.5952380952381
287.8494623655914 529.7468301107717 10821194.266883869 12851135.622534614 287.0833333333333
215.075 533.7446610746894 12851135.622534614 7167695.2027274445 217.24444444444444
325.94086021505376 522.5658147088092 7167695.2027274445 1348898.8846331444 328.08870967741933
205.39444444444445 507.3812161255192 1348898.8846331444 862620.2308135293 205.5638888888889
197.11290322580646 505.9459859239545 862620.2308135293 10735968.988497421 193.40322580645162
186.5268817204301 529.5793183567018 10735968.988497421 9597428.25137336 186.9247311827957
193.4361111111111 527.3414969078718 9597428.25137336 5584051.051816522 194.95
185.48655913978496 519.4531348259842 5584051.051816522 9522878.446403606 183.9784946236559
74.8638888888889 527.1949679808623 9522878.446403606 9310681.198855197 74.93333333333334
58.306451612903224 526.7778906322326 9310681.198855197 8524631.918211179 58.604838709677416
