389.35483870967744 582.0 62840000.0 13163487.44723928 407.9166666666667
248.5922619047619 534.2203076893535 13163487.44723928 11950426.794567006 249.10714285714286
448.9139784946237 531.9705376256622 11950426.794567006 10741936.788282206 449.35483870967744
246.4 529.591048170072 10741936.788282206 10406106.671932733 246.5
760.263440860215 528.9309682862126 10406106.671932733 51696258.22986103 744.7768817204301
862.2 574.0401177814065 51696258.22986103 62458880.61698004 857.9916666666667
697.3225806451613 581.7668684625144 62458880.61698004 45506970.48569912 703.5806451612904
361.6209677419355 569.2958240696992 45506970.48569912 13509061.659754965 373.5295698924731
216.6888888888889 534.6943806162703 13509061.659754965 10575209.3220037 217.77777777777777
198.11827956989248 529.2633424604901 10575209.3220037 11889063.585858809 197.58064516129033
243.01388888888889 531.8496706994189 11889063.585858809 10226089.262293158 243.63888888888889
266.3360215053763 528.5771409638176 10226089.262293158 10942247.731084209 266.0752688172043
277.36559139784947 529.9847627817862 10942247.731084209 10503775.479877073 277.5430107526882
413.70238095238096 529.1229380121722 10503775.479877073 9472252.019515838 414.14285714285717
353.10752688172045 527.0954608659449 9472252.019515838 9380591.945110224 353.1317204301075
133.52777777777777 526.9153014093546 9380591.945110224 10402634.545154134 133.10555555555555
478.48118279569894 528.924143761165 10402634.545154134 12139014.710526707 477.8010752688172
410.95 532.3419986722496 12139014.710526707 13163609.120252136 410.53055555555557
211.75537634408602 534.2204746054 13163609.120252136 11083430.913834823 212.502688172043
194.06989247311827 530.2628184666444 11083430.913834823 12173097.873013748 193.6290322580645
202.75555555555556 532.409132174118 12173097.873013748 11932508.947088487 202.80555555555554
186.91397849462365 531.9352448957803 11932508.947088487 11461318.569853146 187.04301075268816
213.19444444444446 531.0071426375895 11461318.569853146 10122764.153700242 213.69444444444446
238.1505376344086 528.3740536814108 10122764.153700242 9434754.296534594 238.41397849462365
270.78494623655916 527.0217584449128 9434754.296534594 12711407.783007612 269.5752688172043
399.8095238095238 533.4694395725908 12711407.783007612 12226969.049283005 400.0238095238095
442.8037634408602 532.5152420667696 12226969.049283005 11184262.319572013 443.18279569892474
216.775 530.4614257809752 11184262.319572013 9878828.3110611 217.25
370.4193548387097 527.8945935769132 9878828.3110611 12071582.50405597 369.5698924731183
540.2388888888889 532.2091776595041 12071582.50405597 54162004.910862975 523.95
316.8736559139785 575.9301941451004 54162004.910862975 10104531.028848648 333.2903225806452
193.3978494623656 528.3382161601508 10104531.028848648 9394192.531702362 193.6290322580645
201.9777777777778 526.9420335967943 9394192.531702362 10665656.58727125 201.44444444444446
185.9220430107527 529.4411181198091 10665656.58727125 11065474.224005666 185.7258064516129
218.6472222222222 530.227449229102 11065474.224005666 9748416.757619448 219.13888888888889
236.73387096774192 527.6382674201486 9748416.757619448 12322007.08381345 235.77956989247312
274.4059139784946 532.7024381953901 12322007.08381345 11069842.156172395 274.88709677419354
461.5565476190476 530.2360527318547 11069842.156172395 10823577.21995959 461.67261904761904
349.6236559139785 529.7515138461275 10823577.21995959 11300757.464265356 349.43548387096774
176.11944444444444 530.690885914462 11300757.464265356 10615476.94328355 176.35555555555555
378.25 529.3424891643849 10615476.94328355 12498508.380313275 377.51612903225805
331.0805555555556 533.0500922642534 12498508.380313275 13035110.293309906 330.85
344.46774193548384 534.0441946262013 13035110.293309906 10375724.094561655 345.4301075268817
203.95430107526883 528.8712508065522 10375724.094561655 11025936.541473158 203.67741935483872
205.74722222222223 530.149571975629 11025936.541473158 10396493.022217318 205.94722222222222
186.36827956989248 528.9120724919444 10396493.022217318 11991745.288475266 185.7258064516129
215.25833333333333 532.0519225379059 11991745.288475266 9061958.07968652 216.37222222222223
233.7311827956989 526.289021053177 9061958.07968652 12261865.770234406 232.54301075268816
291.3225806451613 532.5839780322799 12261865.770234406 12939527.696665509 291.0833333333333
545.264880952381 533.9130704864003 12939527.696665509 10159553.156661697 546.4285714285714
276.56720430107526 528.4463631010248 10159553.156661697 10479095.503859492 276.43817204301075
120.53888888888889 529.0744290937928 10479095.503859492 8348081.824417826 121.33333333333333
331.46774193548384 524.885884965235 8348081.824417826 10426660.790129699 330.66129032258067
183.53333333333333 528.9713677599101 10426660.790129699 8834645.355477735 184.125
185.002688172043 525.8422339745597 8834645.355477735 10347934.160736987 184.40860215053763
180.54032258064515 528.816629212483 10347934.160736987 10480296.155191947 180.45698924731184
193.9138888888889 529.0767889946876 10480296.155191947 12018424.910200652 193.27777777777777
180.1720430107527 532.1044733079709 12018424.910200652 11129912.242781758 180.45698924731184
209.25555555555556 530.3543725994186 11129912.242781758 10165780.70979797 209.61111111111111
225.08064516129033 528.4586034640856 10165780.70979797 9751319.837612601 225.24193548387098
293.9516129032258 527.6439734739282 9751319.837612601 12646648.756937074 292.88440860215053
420.29464285714283 533.3418839151791 12646648.756937074 13242510.942105185 420.0625
353.80913978494624 534.3287153718411 13242510.942105185 9983060.721156484 355.01612903225805
139.2111111111111 528.0994641760662 9983060.721156484 9939901.958720634 139.2
339.1182795698925 528.014634884382 9939901.958720634 11067853.26625507 338.6666666666667
49.547222222222224 530.2321352214115 11067853.26625507 8369459.7789751785 50.56666666666667
178.71236559139786 524.9279037035029 8369459.7789751785 9702962.503102703 178.18548387096774
179.56182795698925 527.5489262992019 9702962.503102703 10742666.285392396 179.13978494623655
193.36944444444444 529.5924820092196 10742666.285392396 10869642.947693387 193.27777777777777
183.05107526881721 529.8420568282249 10869642.947693387 10636159.804266898 183.09139784946237
216.6638888888889 529.3831416842487 10636159.804266898 11234345.055931278 216.41666666666666
231.8252688172043 530.5600735950161 11234345.055931278 11244716.702163756 231.8279569892473
247.1236559139785 530.580502595171 11244716.702163756 11611652.583409205 247.0
304.1190476190476 531.3032550885333 11611652.583409205 12321528.092382755 303.8392857142857
220.30913978494624 532.7014947274206 12321528.092382755 8868674.021510083 221.58870967741936
55.875 525.9091179043475 8868674.021510083 10202061.100706495 55.333333333333336
106.79032258064517 528.5299131979403 10202061.100706495 11609621.990431374 106.23655913978494
137.65833333333333 531.2992554356981 11609621.990431374 9852900.013083449 138.3138888888889
60.284946236559136 527.8436310601985 9852900.013083449 8625977.766583875 60.715053763440864
134.5215053763441 525.4320942308718 8625977.766583875 8982924.447346888 134.3548387096774
0.375 526.1336790861645 8982924.447346888 9849741.003324645 0.0
0.0 527.8374219720519 9849741.003324645 9728177.838622691 0.0
14.672222222222222 527.5984874759135 9728177.838622691 8910569.128363978 14.972222222222221
31.553763440860216 525.9914634591981 8910569.128363978 8768671.239888022 31.612903225806452
84.13978494623656 525.7125607128834 8768671.239888022 9177641.67288577 84.0
237.92559523809524 526.5163991501548 9177641.67288577 9763614.919790937 237.69642857142858
411.01075268817203 527.6681396699339 9763614.919790937 11363943.24894584 410.4032258064516
271.49444444444447 530.8153427630751 11363943.24894584 10057234.547826407 271.96944444444443
426.94354838709677 528.245254111245 10057234.547826407 11629317.203119768 426.3252688172043
264.525 531.338049036448 11629317.203119768 9992623.534544433 265.1333333333333
509.2768817204301 528.1182600506563 9992623.534544433 62322433.19383325 489.6801075268817
196.44892473118279 581.6834032834619 62322433.19383325 12155945.810192708 215.14247311827958
201.41666666666666 532.3753478079553 12155945.810192708 11973066.02672159 201.44444444444446
183.48387096774192 532.0151300526334 11973066.02672159 9370767.149459878 184.40860215053763
215.32222222222222 526.8959906041108 9370767.149459878 10019353.2874732 215.05555555555554
232.53225806451613 528.1707978408956 10019353.2874732 11923313.758806083 231.8279569892473
333.1989247311828 531.9171331612847 11923313.758806083 11643876.125765258 333.31720430107526
465.26785714285717 531.3667257022648 11643876.125765258 11527320.170162544 465.33035714285717
380.994623655914 531.137145789714 11527320.170162544 12414632.257532448 380.6532258064516
111.39444444444445 532.8848817193821 12414632.257532448 9419544.495203681 112.52222222222223
443.9489247311828 526.991863318159 9419544.495203681 14116104.06624255 442.1639784946237
323.4611111111111 535.5271463724627 14116104.06624255 12802291.086585412 323.94444444444446
197.95430107526883 533.648452140244 12802291.086585412 10196816.700411333 198.8978494623656
182.88709677419354 528.5196052387395 10196816.700411333 9558795.22635429 183.09139784946237
192.68055555555554 527.2655630311102 9558795.22635429 11428155.446973363 191.91666666666666
179.2231182795699 530.9418213349475 11428155.446973363 11526088.357494121 179.13978494623655
209.57777777777778 531.1347194920338 11526088.357494121 11397176.340415996 209.61111111111111
222.60752688172042 530.8808018826376 11397176.340415996 11414697.884026442 222.60752688172042
237.66935483870967 530.9153140139915 11414697.884026442 12646154.236457806 237.2231182795699
323.9404761904762 533.3409098596896 12646154.236457806 10188242.598211007 324.9702380952381
281.6559139784946 528.5027526930354 10188242.598211007 11054896.305795837 281.3225806451613
87.01666666666667 530.2066139356584 11054896.305795837 9277263.63094073 87.675
300.26344086021504 526.7122078263318 9277263.63094073 11212570.56555605 299.51075268817203
124.89444444444445 530.5171844473074 11212570.56555605 9643250.11151777 125.47777777777777
177.80645161290323 527.4315605640177 9643250.11151777 9522272.996918123 177.82258064516128
170.75537634408602 527.1937779594598 9522272.996918123 11671009.935610903 169.91935483870967
186.99444444444444 531.4201710852942 11671009.935610903 9386173.66115854 187.83333333333334
162.58870967741936 526.9262723684841 9386173.66115854 10795322.970396398 162.01612903225808
18.03611111111111 529.6959796314688 10795322.970396398 8112888.114879688 19.055555555555557
33.16129032258065 524.4236076740739 8112888.114879688 8748585.30623426 32.93010752688172
72.79301075268818 525.6730814639777 8748585.30623426 8523829.67650509 72.88978494623656
131.89880952380952 525.231320398648 8523829.67650509 11161756.292112788 130.82142857142858
216.36827956989248 530.4170957268888 11161756.292112788 10048896.212323505 216.7741935483871
137.40277777777777 528.2288649690497 10048896.212323505 8774312.806810407 137.86666666666667
345.2123655913978 525.7236493099377 8774312.806810407 12285284.931470102 343.8709677419355
83.71944444444445 532.6301066831986 12285284.931470102 10047089.380375115 84.56111111111112
191.31720430107526 528.2253136097029 10047089.380375115 10833047.031638144 190.99462365591398
178.38172043010752 529.7701269242543 10833047.031638144 8711840.815843632 179.13978494623655
191.34722222222223 525.6008595345892 8711840.815843632 10653306.275438335 190.55555555555554
176.63172043010752 529.416843368965 10653306.275438335 10866523.943689398 176.50537634408602
206.69444444444446 529.8359263720791 10866523.943689398 10320021.840721637 206.88888888888889
163.16129032258064 528.761767066246 10320021.840721637 9876221.119641844 163.33333333333334
108.78494623655914 527.8894690972271 9876221.119641844 10803883.976219146 108.45161290322581
198.03571428571428 529.712806436017 10803883.976219146 11527148.892753484 197.75
303.9516129032258 531.1368084251205 11527148.892753484 11644779.882966632 303.89784946236557
138.0888888888889 531.3685058300857 11644779.882966632 10938773.553855956 138.33333333333334
313.5537634408602 529.9779342265444 10938773.553855956 11131335.917784194 313.4516129032258
155.3111111111111 530.3571768077568 11131335.917784194 10627078.524384994 155.48333333333332
184.93010752688173 529.3652922720671 10627078.524384994 10937944.342407962 184.78494623655914
173.6747311827957 529.9763043971467 10937944.342407962 10321791.768950338 173.8709677419355
185.82222222222222 528.7652458906955 10321791.768950338 12054615.398356097 185.11111111111111
175.45430107526883 532.1757576028226 12054615.398356097 9114287.070757482 176.50537634408602
205.82222222222222 526.3918745873509 9114287.070757482 9835053.793229822 205.52777777777777
79.75 527.8085540073828 9835053.793229822 8246196.612867078 80.34946236559139
118.3736559139785 524.6856278252905 8246196.612867078 9418738.136116398 117.9489247311828
195.9702380952381 526.9902784054701 9418738.136116398 11149335.916467642 195.26785714285714
364.7069892473118 530.3926313506181 11149335.916467642 11057687.620509116 364.73118279569894
186.54444444444445 530.2121119797906 11057687.620509116 11877045.664330276 186.2
375.38709677419354 531.825999035802 11877045.664330276 12694520.626554847 375.0510752688172
154.82777777777778 533.4361769916989 12694520.626554847 9295839.26524856 156.11666666666667
197.6720430107527 526.7487185558334 9295839.26524856 11917657.998967698 196.66397849462365
185.69892473118279 531.9059930282697 11917657.998967698 11754745.376282573 185.7258064516129
195.63333333333333 531.5851045290414 11754745.376282573 10693494.760033693 196.0
180.19892473118279 529.4958345283421 10693494.760033693 9877029.847942524 180.45698924731184
209.06944444444446 527.8910586666457 9877029.847942524 11958523.490304856 208.25
237.45430107526883 531.9864856627216 11958523.490304856 9405710.159937022 238.41397849462365
333.55645161290323 526.9646716936693 9405710.159937022 10083866.941525355 333.31720430107526
430.8422619047619 528.2976005402395 10083866.941525355 13307615.282932831 429.5238095238095
421.491935483871 534.4180281859728 13307615.282932831 13712351.119489186 421.3306451612903
247.00277777777777 534.9732614635592 13712351.119489186 11052938.902660578 248.0
407.8440860215054 530.2027584446345 11052938.902660578 11401544.556680221 407.68279569892474
289.09444444444443 530.8894059449761 11401544.556680221 12788475.489286676 288.5361111111111
446.59139784946234 533.6212396001101 12788475.489286676 13769754.455640744 446.19354838709677
201.2741935483871 535.0520097225397 13769754.455640744 11885579.278956324 201.94354838709677
205.38055555555556 531.8428076706715 11885579.278956324 10305627.649208847 205.94722222222222
186.81989247311827 528.7334750346519 10305627.649208847 9582426.867640134 187.04301075268816
214.19722222222222 527.3120114294995 9582426.867640134 10843044.894915124 213.69444444444446
232.0241935483871 529.7897778969021 10843044.894915124 11386221.97580574 231.8279569892473
249.59677419354838 530.8592251038598 11386221.97580574 9910601.293976814 250.16129032258064
334.04761904761904 527.9570439226441 9910601.293976814 9677385.341626897 334.1577380952381
410.01344086021504 527.4986539473356 9677385.341626897 12357454.17469998 409.002688172043
137.1638888888889 532.7722582228939 12357454.17469998 8577005.076129433 138.59444444444443
334.9489247311828 525.3358375634268 8577005.076129433 11217046.857718062 333.93279569892474
179.51388888888889 530.5260013864144 11217046.857718062 8861947.286237946 180.4
199.96774193548387 525.8958963901919 8861947.286237946 10562133.832807725 199.30376344086022
184.05913978494624 529.2376423610359 10562133.832807725 9535290.726043798 184.40860215053763
194.63333333333333 527.2193645304999 9535290.726043798 9410151.16629117 194.63888888888889
177.72043010752688 526.9734005682275 9410151.16629117 9011356.605207168 177.82258064516128
208.675 526.1895629826486 9011356.605207168 10070438.235646877 208.25
246.95698924731184 528.2712061873059 10070438.235646877 11801683.992237367 246.31720430107526
362.9032258064516 531.6775593786493 11801683.992237367 10867383.195175132 363.26612903225805
597.2916666666666 529.8376152456891 10867383.195175132 13099490.35152502 596.3839285714286
590.9516129032259 534.1325138396372 13099490.35152502 29002866.97454837 585.0
312.03333333333336 554.1556495506678 29002866.97454837 10018249.574738929 319.3277777777778
1364.1612903225807 528.1686284744869 10018249.574738929 61953136.8217431 1344.6962365591398
1066.161111111111 581.4575039069173 61953136.8217431 64455167.156216174 1065.138888888889
612.8951612903226 583.0075269011213 64455167.156216174 51601802.66176346 617.6236559139785
243.6021505376344 573.9677144651794 51601802.66176346 10558508.426420182 258.88978494623655
214.78333333333333 529.2305165622741 10558508.426420182 12139104.740937723 214.13055555555556
192.69086021505376 532.3421760048773 12139104.740937723 11977320.799809672 192.70430107526883
225.13611111111112 532.0235106662917 11977320.799809672 9839376.626634523 225.94444444444446
243.63440860215053 527.8170506109714 9839376.626634523 9727405.860619925 243.68279569892474
278.4032258064516 527.5969701398392 9727405.860619925 12629728.97358654 277.3333333333333
394.0595238095238 533.3085570691856 12629728.97358654 10560974.265415996 394.92857142857144
307.3360215053763 529.2353632113349 10560974.265415996 10772199.826982003 307.247311827957
101.84166666666667 529.650530694413 10772199.826982003 10938188.232817352 101.75
320.755376344086 529.9767837679514 10938188.232817352 12707320.515887588 320.06451612903226
168.11388888888888 533.4613888949301 12707320.515887588 9142790.367318321 169.46666666666667
201.7768817204301 526.4478983081774 9142790.367318321 12153286.80729443 200.6236559139785
185.71505376344086 532.3701103780041 12153286.80729443 8988050.092789128 186.86290322580646
195.01944444444445 526.1437536306545 8988050.092789128 8813029.582002863 195.04444444444445
192.69086021505376 525.7997477991091 8813029.582002863 10084388.129272321 192.16935483870967
366.90833333333336 528.2986249437422 10084388.129272321 10320627.562017404 366.8
303.72849462365593 528.7629576218962 10320627.562017404 12404989.308421426 302.9569892473118
333.61290322580646 532.8658880317391 12404989.308421426 13234370.140765296 333.31720430107526
345.0029761904762 534.3175474855263 13234370.140765296 9300512.677159682 346.64285714285717
338.3440860215054 526.7579042275207 9300512.677159682 11794269.53876837 337.4032258064516
193.9111111111111 531.6629551521195 11794269.53876837 8726770.193658028 195.06666666666666
387.7043010752688 525.6302034840865 8726770.193658028 11567304.505789237 386.61290322580646
46.19166666666667 531.2159028144333 11567304.505789237 8840263.751852732 47.22222222222222
125.80645161290323 525.8532770295037 8840263.751852732 10031032.672937442 125.33333333333333
168.65591397849462 528.1937538743942 10031032.672937442 11783820.925954197 167.96774193548387
185.15 531.6423745511219 11783820.925954197 10795063.98873 185.48888888888888
180.28225806451613 529.6954705985382 10795063.98873 10201776.200194173 180.45698924731184
212.14166666666668 528.5293532210713 10201776.200194173 9662428.410519531 212.33333333333334
228.8763440860215 527.469255841366 9662428.410519531 12358385.318609638 227.8763440860215
278.63709677419354 532.7740922942311 12358385.318609638 10256741.245710142 279.43548387096774
353.36607142857144 528.6373879657061 10256741.245710142 9462099.595761713 353.7083333333333
349.502688172043 527.0755061020144 9462099.595761713 12481097.728628097 348.36559139784947
162.425 533.0157985563886 12481097.728628097 9838326.135906605 163.41666666666666
366.39516129032256 527.8149858533337 9838326.135906605 11908908.364148844 365.59139784946234
40.50555555555555 531.888758899081 11908908.364148844 10355617.98613742 41.083333333333336
199.84677419354838 528.8317319037874 10355617.98613742 11292706.707096487 199.46774193548387
179.53763440860214 530.6750283624627 11292706.707096487 10309168.2777111 179.8709677419355
189.28333333333333 528.7404342010184 10309168.2777111 9428232.83096276 189.58055555555555
182.2715053763441 527.0089403918923 9428232.83096276 10634840.644060802 181.7741935483871
211.64166666666668 529.3805488521195 10634840.644060802 12327488.476976097 210.97222222222223
231.2258064516129 532.7132348788923 12327488.476976097 10732259.062151935 231.8279569892473
276.44354838709677 529.5720264325055 10732259.062151935 10466563.060212271 276.55645161290323
356.57440476190476 529.0497963597276 10466563.060212271 10607874.54264471 356.5297619047619
261.01612903225805 529.3275465148535 10607874.54264471 12238462.583232045 260.39784946236557
76.83333333333333 532.53788084576 12238462.583232045 6984963.838780934 78.83333333333333
300.6962365591398 522.2066530624315 6984963.838780934 12340315.813689444 298.6666666666667
13.969444444444445 532.7385008451458 12340315.813689444 9210588.354785945 15.155555555555555
165.76075268817203 526.5811564214758 9210588.354785945 12063464.559714774 164.66666666666666
154.21774193548387 532.1931877691352 12063464.559714774 11411795.18905612 154.42741935483872
174.1 530.9095965845045 11411795.18905612 10063374.220811663 174.57777777777778
174.48655913978496 528.2573217443539 10063374.220811663 10636758.76984897 174.2258064516129
206.18333333333334 529.3843189614273 10636758.76984897 12293490.235499302 205.52777777777777
63.03225806451613 532.6462686456804 12293490.235499302 8263763.222194698 64.54301075268818
