397.33870967741933 582.0 62840000.0 12948926.492670085 415.98118279569894
250.61011904761904 533.925964141569 12948926.492670085 7980980.186523369 252.67261904761904
983.9059139784946 524.164340366615 7980980.186523369 4651636.722302919 985.1397849462365
802.9472222222222 517.12910255903 4651636.722302919 15756881.796984851 798.6333333333333
476.3306451612903 537.7780327900875 15756881.796984851 13241802.931835912 477.241935483871
385.4222222222222 534.3277440942153 13241802.931835912 11395365.427599393 386.1138888888889
365.01881720430106 530.8772349331502 11395365.427599393 5383910.303945677 367.23655913978496
299.43548387096774 519.0597547353416 5383910.303945677 7159741.943676177 298.741935483871
363.8833333333333 522.5501824410187 7159741.943676177 13163734.816918548 361.52777777777777
375.741935483871 534.2206470412601 13163734.816918548 13306850.82699801 375.64516129032256
421.86944444444447 534.4169794738601 13306850.82699801 12648018.709617877 422.10833333333335
446.2983870967742 533.3445823068231 12648018.709617877 6378816.060548784 448.64516129032256
452.5752688172043 521.0152591534925 6378816.060548784 2551565.4308819175 454.01612903225805
612.9375 510.9308338930884 2551565.4308819175 15047349.49413734 607.7827380952381
265.8467741935484 536.8046671760729 15047349.49413734 -3546442.544327032 272.78225806451616
148.25555555555556 492.93282977208327 -3546442.544327032 2945896.3603744325 145.7277777777778
342.4005376344086 512.0946844034352 2945896.3603744325 9232567.239338128 340.0268817204301
257.7055555555556 526.6243562980094 9232567.239338128 6617865.467596343 258.69444444444446
365.7983870967742 521.485114884586 6617865.467596343 6200547.956170426 365.9274193548387
342.19086021505376 520.6648701207488 6200547.956170426 5287637.949623843 342.5
381.03333333333336 518.8705297630538 5287637.949623843 7143804.319782767 380.27777777777777
369.5940860215054 522.5188567664696 7143804.319782767 11988899.155471167 367.741935483871
313.60555555555555 532.0463165183522 11988899.155471167 7299542.052553204 315.4
66.31451612903226 522.8249619653632 7299542.052553204 7637784.30354194 66.19354838709677
93.08333333333333 523.4897829414446 7637784.30354194 4929478.860446316 94.10483870967742
234.65178571428572 517.949141491026 4929478.860446316 12611931.60565186 231.48511904761904
391.4704301075269 533.273501647496 12611931.60565186 -1756820.2760448363 396.8279569892473
227.60833333333332 498.21482170953755 -1756820.2760448363 11940272.606369682 222.3
374.43548387096774 531.9505369519403 11940272.606369682 13272700.190209405 373.91129032258067
264.88055555555553 534.370130224836 13272700.190209405 12854152.690302363 265.02222222222224
344.1236559139785 533.7506037839289 12854152.690302363 11098583.520143926 344.752688172043
293.755376344086 530.2926645093744 11098583.520143926 6387458.46136863 295.48387096774195
351.2583333333333 521.0322459413107 6387458.46136863 9922341.465623429 349.85555555555555
362.55645161290323 527.9801194324323 9922341.465623429 5054708.699248795 364.3306451612903
399.4916666666667 518.318751889045 5054708.699248795 6289731.939845276 399.0
372.7258064516129 520.8401627783167 6289731.939845276 9804936.581464328 371.4193548387097
105.65860215053763 527.7493581083954 9804936.581464328 3561533.676429625 108.0
299.5386904761905 513.9117110449962 3561533.676429625 -4156171.128297789 302.73809523809524
293.1532258064516 491.133242495121 -4156171.128297789 -20526.117596408818 291.60215053763443
188.93333333333334 503.3394180606863 -20526.117596408818 10991973.904810084 184.6611111111111
381.27150537634407 530.0826758731108 10991973.904810084 4772258.939155408 383.56720430107526
264.15555555555557 517.4851137621674 4772258.939155408 4477070.656712975 264.25
252.19892473118279 516.613878443114 4477070.656712975 9478353.104145916 250.30645161290323
178.00537634408602 527.1074526529765 9478353.104145916 5304650.5656561265 179.53494623655914
226.73333333333332 518.9039683531862 5304650.5656561265 7101741.678814297 226.00277777777777
293.9731182795699 522.4361819204281 7101741.678814297 3518637.479783225 295.26881720430106
380.98333333333335 513.7851047947 3518637.479783225 5308340.367302597 380.27777777777777
407.6774193548387 518.9112207219396 5308340.367302597 12999709.62673423 404.81182795698925
323.9623655913978 533.9956305348701 12999709.62673423 8349686.674973547 325.7096774193548
224.93154761904762 524.8890393266722 8349686.674973547 10536417.376624791 224.03571428571428
160.1048387096774 529.1870962230212 10536417.376624791 3197657.1506178146 162.83870967741936
136.19444444444446 512.8377453765808 3197657.1506178146 3052000.5890089497 136.2277777777778
337.48387096774195 512.4078463986284 3052000.5890089497 4031987.2655017804 337.09139784946234
222.41944444444445 515.3002342593451 4031987.2655017804 8797710.107923778 220.5611111111111
374.43817204301075 525.7696371086778 8797710.107923778 6961743.980512625 375.0967741935484
362.4274193548387 522.1610140306627 6961743.980512625 12342949.576232767 360.38709677419354
372.2861111111111 532.7436885592464 12342949.576232767 11945820.556250926 372.4
47.17741935483871 531.9614647320094 11945820.556250926 10158064.546704743 47.806451612903224
37.486111111111114 528.4434372124887 10158064.546704743 8791990.873770684 38.0
48.126344086021504 525.7583958553424 8791990.873770684 9662942.930196572 47.806451612903224
115.20967741935483 527.4702671386623 9662942.930196572 8200959.453728399 115.76612903225806
207.58928571428572 524.5967134090524 8200959.453728399 -927701.6756810672 211.3720238095238
336.0376344086022 500.66192903488303 -927701.6756810672 6800290.541173814 333.14516129032256
154.11388888888888 521.8436745119624 6800290.541173814 8043467.128978026 153.61111111111111
345.13440860215053 524.2871595293706 8043467.128978026 5654103.669338147 346.0
223.98333333333332 519.5908244535267 5654103.669338147 3342149.115903845 224.85555555555555
368.4731182795699 513.2642070993667 3342149.115903845 4508803.048726259 368.01075268817203
360.51612903225805 516.7075352117746 4508803.048726259 4770814.990792626 360.38709677419354
384.1166666666667 517.4808520116599 4770814.990792626 5489272.90921827 383.8
249.3494623655914 519.2668467526015 5489272.90921827 3463339.4115076596 250.06451612903226
51.416666666666664 513.6218949621197 3463339.4115076596 8656106.828100864 49.4
53.93279569892473 525.49131342075 8656106.828100864 5379829.217178752 55.16129032258065
70.3763440860215 519.0517332889376 5379829.217178752 5436185.560791358 70.36559139784946
120.97916666666667 519.1625026539692 5436185.560791358 8164499.6019966025 119.86011904761905
151.67741935483872 524.5250509418554 8164499.6019966025 11430295.286455188 150.4516129032258
76.63055555555556 530.9460361702905 11430295.286455188 9118590.417865051 77.5
130.75537634408602 526.4003328902864 9118590.417865051 2349547.8268659506 133.25806451612902
230.4111111111111 510.33458776084706 2349547.8268659506 8547956.465065585 228.0
119.84946236559139 525.2787420175428 8547956.465065585 4450405.001635893 121.35483870967742
43.54032258064516 516.5351759271584 4450405.001635893 2799417.363646309 44.12903225806452
30.030555555555555 511.66235804416 2799417.363646309 1752285.903018341 30.4
25.88978494623656 508.5717952865784 1752285.903018341 2046909.1109391856 25.741935483870968
36.66111111111111 509.44136281286904 2046909.1109391856 8391936.697510289 34.2
45.56182795698925 524.9720824744168 8391936.697510289 2394029.3794827447 47.806451612903224
94.15053763440861 510.46587312002674 2394029.3794827447 10104495.28491368 91.28225806451613
239.94642857142858 528.3381459048303 10104495.28491368 2595078.312119978 243.0595238095238
409.5483870967742 511.0592602610143 2595078.312119978 8133746.775929885 407.4731182795699
279.4638888888889 524.4646057320001 8133746.775929885 3483730.8781736195 281.23333333333335
426.96505376344084 513.682079485095 3483730.8781736195 5181795.625714452 426.3037634408602
284.6611111111111 518.6624948505422 5181795.625714452 3977704.1009823894 285.10555555555555
503.06182795698925 515.1400198708607 3977704.1009823894 5882636.058626508 502.3225806451613
346.85483870967744 520.0400088048866 5882636.058626508 7599764.90540376 346.18279569892474
380.73055555555555 523.4150551588971 7599764.90540376 8671110.583198579 380.27777777777777
367.16129032258067 525.52080356008 8671110.583198579 7000214.355631994 367.741935483871
397.18055555555554 522.2366282162423 7000214.355631994 12094439.83925554 395.2
414.497311827957 532.2541996833821 12094439.83925554 9295495.370188877 415.5483870967742
507.4166666666667 526.7480426241643 9295495.370188877 11610746.995817672 506.56451612903226
346.8958333333333 531.3014713553985 11610746.995817672 -4170168.481006678 353.42857142857144
342.63709677419354 491.09192992013556 -4170168.481006678 1541752.2511075307 340.497311827957
128.24166666666667 507.9504144110358 1541752.2511075307 9409491.130910467 125.18333333333334
317.47849462365593 526.9721032573068 9409491.130910467 4558241.143180448 319.26344086021504
235.0888888888889 516.8534495876394 4558241.143180448 12592452.22602995 231.96944444444443
366.7956989247312 533.2351331724832 12592452.22602995 9986193.213842878 367.741935483871
360.8709677419355 528.1056211444499 9986193.213842878 11198522.150166366 360.38709677419354
382.3888888888889 530.4895133260852 11198522.150166366 7438539.322268672 383.8
364.9139784946237 523.0981634954936 7438539.322268672 9596990.167588817 364.06451612903226
60.486111111111114 527.3406358466401 9596990.167588817 8748828.455350611 60.8
45.704301075268816 525.6735593777581 8748828.455350611 3132557.1577362157 47.806451612903224
60.92204301075269 512.6456055917652 3132557.1577362157 6565669.150317902 59.6505376344086
112.24107142857143 521.3825221230387 6565669.150317902 640054.8109787309 114.69940476190476
132.58064516129033 505.289093811044 640054.8109787309 -198297.15081083926 132.88709677419354
104.58611111111111 502.8147346228495 -198297.15081083926 4545277.827400554 102.73333333333333
308.2795698924731 516.8151889274735 4545277.827400554 7873519.152628267 307.01075268817203
238.53333333333333 523.9531238517177 7873519.152628267 5575741.253867955 239.4
280.61021505376345 519.436801774844 5575741.253867955 8522867.024781989 279.48387096774195
46.65860215053763 525.2294282900888 8522867.024781989 5374513.383891624 47.806451612903224
29.919444444444444 519.0412849269594 5374513.383891624 4039443.0882362775 30.4
25.556451612903224 515.3222397944061 4039443.0882362775 3441018.758943273 25.741935483870968
33.644444444444446 513.5560165312501 3441018.758943273 1966613.5327000453 34.2
47.163978494623656 509.20437392175546 1966613.5327000453 10109518.969844192 44.12903225806452
82.8010752688172 528.3480200441766 10109518.969844192 503977.38463599794 86.39784946236558
133.92261904761904 504.88746723232373 503977.38463599794 10144895.884479562 129.94642857142858
209.65860215053763 528.4175539798391 10144895.884479562 3416243.959158764 212.16397849462365
152.33055555555555 513.4828947920803 3416243.959158764 3436285.69092058 152.3
350.23118279569894 513.5420470877656 3436285.69092058 10147568.37002948 347.6989247311828
272.10555555555555 528.4228067962648 10147568.37002948 5185270.805641933 274.0
375.1290322580645 518.6693253766066 5185270.805641933 5199480.805290516 375.0967741935484
359.3252688172043 518.6972553759159 5199480.805290516 12121489.744878095 356.7096774193548
232.36111111111111 532.3074798005174 12121489.744878095 3629398.3398332335 235.6
37.11021505376344 514.1120106340709 3629398.3398332335 4427554.311322514 36.774193548387096
34.96388888888889 516.4677331130296 4427554.311322514 6373339.075817445 34.2
47.064516129032256 521.0044940455723 6373339.075817445 4400267.863553652 47.806451612903224
117.48655913978494 516.3871983545662 4400267.863553652 11175251.162675757 114.96774193548387
200.05357142857142 530.4436765325431 11175251.162675757 -1632802.3748886012 205.35714285714286
292.08870967741933 498.58085512654236 -1632802.3748886012 12862559.591901796 286.6693548387097
153.00833333333333 533.7671628325338 12862559.591901796 7668328.503864175 154.98888888888888
321.55913978494624 523.5498180938021 7668328.503864175 5683083.726822679 322.2741935483871
268.9527777777778 519.6477852561687 5683083.726822679 11772697.274005936 266.5833333333333
363.5833333333333 531.6204643275875 11772697.274005936 8986619.06705397 364.5967741935484
352.6747311827957 526.1409409248992 8986619.06705397 7254494.854165146 353.2903225806452
216.69722222222222 522.7364209202557 7254494.854165146 7410268.460369997 216.6
27.150537634408604 523.0425966290031 7410268.460369997 11080732.537398329 25.741935483870968
34.016666666666666 530.2575034827543 11080732.537398329 10571358.055080464 34.2
53.685483870967744 529.2557727289512 10571358.055080464 6632637.689657285 55.16129032258065
127.29032258064517 521.5141499417402 6632637.689657285 2427668.6803783462 128.8709677419355
197.98809523809524 510.5651580469419 2427668.6803783462 8469012.644887015 195.5
344.9220430107527 525.1235765778814 8469012.644887015 8974901.131882628 344.7258064516129
198.45277777777778 526.1179091212865 8974901.131882628 4197337.847599123 200.2722222222222
379.4032258064516 515.7882592783508 4197337.847599123 5666837.554166397 378.8279569892473
256.4972222222222 519.6158531237064 5666837.554166397 2434229.0751610883 257.725
294.5806451612903 510.58452076552396 2434229.0751610883 6339319.1371842045 293.0967741935484
157.80645161290323 520.9376272696379 6339319.1371842045 10106888.233862784 156.3709677419355
313.6222222222222 528.3428492872475 10106888.233862784 9344850.90057874 313.8777777777778
340.8225806451613 526.845051770103 9344850.90057874 4067926.944156778 342.75
377.9166666666667 515.4063086507151 4067926.944156778 7765663.829464314 376.475
315.21505376344084 523.7411323544644 7765663.829464314 4368560.884753985 316.48924731182797
154.4247311827957 516.2936165918952 4368560.884753985 6009599.573147882 153.82258064516128
243.03571428571428 520.2895577817045 6009599.573147882 2357749.813215043 244.55357142857142
350.1774193548387 510.35879556521724 2357749.813215043 12029738.871678025 346.55913978494624
255.79444444444445 532.1267583836083 12029738.871678025 8497144.819923505 257.1333333333333
408.86290322580646 525.1788708529531 8497144.819923505 12004718.910375064 407.5268817204301
189.37777777777777 532.0774766416479 12004718.910375064 10519411.844574135 189.93333333333334
391.13978494623655 529.1536715565768 10519411.844574135 6526423.410533816 392.60483870967744
188.8252688172043 521.3053839448423 6526423.410533816 12281284.179924272 186.6478494623656
115.68055555555556 532.6222264150024 12281284.179924272 6177638.884682593 118.0
300.13709677419354 520.6198419457555 6177638.884682593 3386464.815423473 301.13709677419354
325.1166666666667 513.3950029503761 3386464.815423473 5162549.670623672 324.4166666666667
390.8790322580645 518.6246665939844 5162549.670623672 4998657.144138208 390.9462365591398
417.06451612903226 518.1533181729905 4998657.144138208 9666663.485568803 415.3333333333333
527.7380952380952 527.4775799543938 9666663.485568803 10899696.307749676 527.2380952380952
298.81182795698925 529.9011272255769 10899696.307749676 750527.9644460422 302.5940860215054
151.83333333333334 505.6151504970058 750527.9644460422 11202204.829536604 147.77777777777777
340.96505376344084 530.4967670884812 11202204.829536604 4861338.634890383 343.30645161290323
268.23333333333335 517.7480285922978 4861338.634890383 5803916.242261182 267.85
221.10752688172042 519.8852836485823 5803916.242261182 6629242.299820168 220.7741935483871
235.75806451612902 521.5074762444741 6629242.299820168 11582254.723925956 233.8790322580645
310.7583333333333 531.2453502137936 11582254.723925956 5168180.334011674 313.19444444444446
344.31720430107526 518.6357337599541 5168180.334011674 10589896.6274613 342.25
381.525 529.2922106125964 10589896.6274613 3926704.9395092307 384.0805555555556
153.61021505376345 514.9894980738914 3926704.9395092307 11242255.786063882 150.88440860215053
182.36559139784947 530.5756553361864 11242255.786063882 2011744.1102791347 185.82258064516128
425.5059523809524 509.33757484975587 2011744.1102791347 -4344610.561155863 428.14285714285717
522.5241935483871 490.57707174183116 -4344610.561155863 11409257.596232278 516.6344086021505
317.84444444444443 530.904598295609 11409257.596232278 4547681.115622047 320.46666666666664
954.6505376344086 516.8222821276612 4547681.115622047 10871102.08756619 952.258064516129
1047.075 529.8449247928025 10871102.08756619 9880567.345190063 1047.4333333333334
612.9005376344086 527.898011678477 9880567.345190063 5307228.951449745 614.5806451612904
258.5456989247312 518.9090362149185 5307228.951449745 2578112.099279249 259.53494623655916
155.69166666666666 511.0091852250572 2578112.099279249 5141321.14795984 154.66666666666666
269.23655913978496 518.5743847473766 5141321.14795984 7132477.676139585 268.4516129032258
370.84722222222223 522.496594053102 7132477.676139585 5934305.5954789575 371.2944444444444
395.5940860215054 520.1415661704242 5934305.5954789575 7750429.598705339 394.9220430107527
440.0268817204301 523.7111892112484 7750429.598705339 13541666.81323386 437.8763440860215
585.5267857142857 534.7391097076854 13541666.81323386 3520244.479275075 589.6785714285714
164.2258064516129 513.7898477834915 3520244.479275075 1645720.713958042 164.91935483870967
118.425 508.2572727868276 1645720.713958042 6252188.418571014 116.625
327.77150537634407 520.76637033995 6252188.418571014 12870646.833067417 325.2741935483871
237.9 533.7830922469509 12870646.833067417 6671036.208908713 240.2722222222222
334.48118279569894 521.5896228933723 6671036.208908713 6636433.422540257 334.46774193548384
295.3440860215054 521.5216105201654 6636433.422540257 5604591.92718685 295.6989247311828
340.1722222222222 519.4935082706776 5604591.92718685 9334067.49674771 338.69444444444446
355.3736559139785 526.8238568039524 9334067.49674771 4941970.293594246 356.9704301075269
257.0083333333333 517.9860094102199 4941970.293594246 11146951.370342154 254.6
51.11827956989247 530.3879345173406 11146951.370342154 10181880.971072737 51.483870967741936
97.75806451612904 528.490248805212 10181880.971072737 3873391.5161369224 100.1236559139785
134.25 514.8321458340351 3873391.5161369224 9941257.949729301 131.75
258.44354838709677 528.0173001080886 9941257.949729301 11089942.580874987 258.008064516129
205.67222222222222 530.275644477481 11089942.580874987 11489491.801510205 205.49444444444444
390.7231182795699 531.062635366611 11489491.801510205 6399709.118887663 392.5967741935484
234.56944444444446 521.0563248198827 6399709.118887663 6890074.218719728 234.36111111111111
285.7043010752688 522.0201458781733 6890074.218719728 12193959.666079365 283.6989247311828
141.94354838709677 532.4502235847018 12193959.666079365 9461759.83084189 142.93548387096774
118.25555555555556 527.0748382882065 9461759.83084189 3631319.457235932 120.46944444444445
211.98655913978496 514.1176807281527 3631319.457235932 7417305.529511552 210.53225806451613
349.775 523.0564281097296 7417305.529511552 6507408.82099829 350.1111111111111
402.752688172043 521.2680104412725 6507408.82099829 10865199.36541579 401.1317204301075
265.88709677419354 529.8333228906448 10865199.36541579 11413065.521545785 265.69354838709677
163.31845238095238 530.9120987545599 11413065.521545785 1171601.0798536388 167.5595238095238
243.36559139784947 506.85792940073304 1171601.0798536388 12292162.56085662 239.20698924731184
176.11111111111111 532.6436535289599 12292162.56085662 7911916.576994254 177.77777777777777
370.4166666666667 524.0285946513336 7911916.576994254 10614027.279897198 369.3817204301075
189.01944444444445 529.3396398260048 10614027.279897198 10368255.434818957 189.09722222222223
193.2284946236559 528.856571027058 10368255.434818957 11841914.178271428 192.65591397849462
42.986559139784944 531.756800654171 11841914.178271428 5967787.147807697 45.153225806451616
37.325 520.2073747387944 5967787.147807697 1392734.963335265 39.05555555555556
143.06720430107526 507.51059639664 1392734.963335265 6089342.840247707 141.2741935483871
337.1333333333333 520.4462945480731 6089342.840247707 7433208.646830427 336.6
391.11559139784947 523.0876859610115 7433208.646830427 7139677.363496678 391.23118279569894
439.0537634408602 522.5107451627349 7139677.363496678 7316748.9554874785 439.0
361.8333333333333 522.8587824297513 7316748.9554874785 -6674124.8109582905 367.625
144.33602150537635 483.7016122084337 -6674124.8109582905 -1686865.46582866 142.46774193548387
95.48055555555555 498.4212902756125 -1686865.46582866 9414990.129599236 91.175
308.7123655913978 526.9829116340399 9414990.129599236 9719144.267903935 308.5725806451613
220.30277777777778 527.5807318369147 9719144.267903935 7745755.072405935 221.04444444444445
358.5860215053763 523.7020013492117 7745755.072405935 11302838.654532045 357.23118279569894
197.06451612903226 530.6949852286238 11302838.654532045 6774456.742342845 198.7258064516129
38.25833333333333 521.7928977349497 6774456.742342845 7282451.964862483 38.02777777777778
27.768817204301076 522.7913711033505 7282451.964862483 2759606.357378638 29.419354838709676
36.375 511.54485759847677 2759606.357378638 8363001.519927689 34.2
53.22849462365591 524.9152098839958 8363001.519927689 3200374.1072343607 55.16129032258065
