403.51344086021504 582.0 62840000.0 10097768.194647629 423.21774193548384
252.61904761904762 528.3249236929281 10097768.194647629 1037843.6468835361 256.375
374.14784946236557 506.46315018109317 1037843.6468835361 13565024.697629927 369.4623655913978
271.1277777777778 534.7711530147992 13565024.697629927 4241919.105725001 274.7
861.9354838709677 515.9198389139844 4241919.105725001 13986909.296697924 858.266129032258
881.2083333333334 535.3499116705603 13986909.296697924 14659287.999975579 880.925
724.5 536.2723084476199 14659287.999975579 12895778.5449235 725.1290322580645
402.53494623655916 533.8325941036371 12895778.5449235 3762977.939435549 405.9139784946237
219.51666666666668 514.5062649862953 3762977.939435549 12394491.954477394 216.15
166.41666666666666 532.8452114254858 12394491.954477394 3210742.0338541195 169.80645161290323
183.13055555555556 512.8763648377831 3210742.0338541195 11937373.310368463 179.75
203.35752688172042 531.9448262173925 11937373.310368463 10965645.178640697 203.7258064516129
209.08333333333334 530.0308162609589 10965645.178640697 6122065.980802523 210.90322580645162
324.86309523809524 520.5106124450257 6122065.980802523 5602813.618063757 325.0892857142857
296.06720430107526 519.4900129734357 5602813.618063757 5991523.817279018 295.9139784946237
571.0638888888889 520.2540295718933 5991523.817279018 10016765.894756801 569.4833333333333
617.991935483871 528.1657122759013 10016765.894756801 9788522.205671985 618.0483870967741
443.18611111111113 527.7170953697691 9788522.205671985 11094919.751749692 442.6611111111111
246.38440860215053 530.2854479958706 11094919.751749692 8485826.255672043 247.33333333333334
164.28763440860214 525.1566240197692 8485826.255672043 11835332.214930046 163.00806451612902
165.03333333333333 531.7438361809228 11835332.214930046 2902093.968419578 168.44444444444446
153.95967741935485 511.9654035572772 2902093.968419578 8002809.632821811 152.01612903225808
156.3 524.2072465196843 8002809.632821811 11366237.33035017 154.98888888888888
174.18010752688173 530.8198614082655 11366237.33035017 9789333.556443065 174.7741935483871
204.43279569892474 527.7186900936985 9789333.556443065 9553747.770749671 204.53225806451613
313.1815476190476 527.2556421700942 9553747.770749671 1099742.6592894476 316.6875
387.76075268817203 506.6458424118834 1099742.6592894476 8471560.628289923 385.0
242.54444444444445 525.1285846831905 8471560.628289923 7227596.12260982 243.0
881.3467741935484 522.6835509996124 7227596.12260982 11608035.076761452 879.6801075268817
719.3805555555556 531.2961296966513 11608035.076761452 15933556.11100879 717.6888888888889
357.15860215053766 538.0204018851384 15933556.11100879 5661191.376784735 360.96774193548384
164.13440860215053 519.6047554647148 5661191.376784735 7629422.2949242275 163.3709677419355
165.2861111111111 523.4733472693339 7629422.2949242275 2014493.308840923 167.41666666666666
151.9758064516129 509.34568898920037 2014493.308840923 6574912.188168249 150.23387096774192
160.75 521.4006894732962 6574912.188168249 9304475.197401809 159.68333333333334
172.76344086021504 526.765692629376 9304475.197401809 7958117.390402689 173.2715053763441
207.08602150537635 524.1194031466536 7958117.390402689 6268164.567285484 207.7284946236559
373.82440476190476 520.797771735699 6268164.567285484 2372583.031344084 375.44642857142856
294.5779569892473 510.4025751604719 2372583.031344084 12596337.017137181 290.752688172043
364.6 533.242785033755 12596337.017137181 13434282.097626086 364.25
654.013440860215 534.5917949353715 13434282.097626086 8143140.907255282 655.9596774193549
592.6527777777778 524.4830700590879 8143140.907255282 8481313.16928909 592.5
383.9569892473118 525.1477534706717 8481313.16928909 8640170.360306226 383.8709677419355
185.4516129032258 525.459990018533 8640170.360306226 11759633.11000785 184.25806451612902
162.96666666666667 531.5947318833488 11759633.11000785 8988474.80388968 164.0
151.40860215053763 526.1445884076453 8988474.80388968 2287708.5323793218 153.8709677419355
155.36666666666667 510.1520717848865 2287708.5323793218 11842478.812009176 151.66666666666666
168.75537634408602 531.7579128115332 11842478.812009176 10510725.61596494 169.25806451612902
207.59139784946237 529.1365986244829 10510725.61596494 11362363.748080421 207.28494623655914
312.82738095238096 530.8122316250069 11362363.748080421 1410906.2751733419 316.95238095238096
232.14247311827958 507.5642282296378 1410906.2751733419 11160100.686913025 228.49462365591398
148.33333333333334 530.4138346863439 11160100.686913025 11163378.432014193 148.30833333333334
402.35215053763443 530.420290850937 11163378.432014193 10219739.083616525 402.6774193548387
397.4888888888889 528.5646595781428 10219739.083616525 7861380.339227498 398.3777777777778
222.58064516129033 523.9292648046885 7861380.339227498 9521343.468331613 221.93548387096774
152.6048387096774 527.1919509549966 9521343.468331613 11395239.981732504 151.8763440860215
155.1638888888889 530.8769878428064 11395239.981732504 4634249.044372971 157.73611111111111
146.22043010752688 517.0777835872756 4634249.044372971 8379988.6110677635 144.78225806451613
149.36666666666667 524.9485983045125 8379988.6110677635 3225075.441734472 151.34166666666667
160.1048387096774 512.918669264925 3225075.441734472 12030996.322571611 156.82258064516128
224.70430107526883 532.1292351808229 12030996.322571611 12134101.067176905 224.67741935483872
329.23809523809524 532.3323202838333 12134101.067176905 10117313.964208137 330.0833333333333
291.7768817204301 528.3633412399953 10117313.964208137 10073915.09776093 291.78494623655916
165.9611111111111 528.278040019737 10073915.09776093 9486598.614942178 166.1638888888889
514.8951612903226 527.1236593466105 9486598.614942178 14631844.654491723 512.9462365591398
458.75555555555553 536.2346605368479 14631844.654491723 4727332.042281925 462.55555555555554
249.33870967741936 517.3525139888709 4727332.042281925 11203851.312505841 246.8951612903226
155.68010752688173 530.5000101609963 11203851.312505841 2127560.459095804 159.04032258064515
158.75 509.6794017433507 2127560.459095804 9162218.239273908 156.0
149.1048387096774 526.4860841254695 9162218.239273908 4348400.16510937 150.86290322580646
156.775 516.2341131086723 4348400.16510937 2289522.8758276086 157.55555555555554
167.8494623655914 510.15742674030673 2289522.8758276086 6134608.337878654 166.41935483870967
178.84139784946237 520.5352646641063 6134608.337878654 2370777.222398499 180.25806451612902
214.0654761904762 510.3972453942635 2370777.222398499 8805377.455690127 211.41666666666666
164.26075268817203 525.7847074129082 8805377.455690127 5473087.806802221 165.497311827957
84.63333333333334 519.2350346547493 5473087.806802221 7631754.025421359 83.77777777777777
148.71236559139786 523.4779303258282 7631754.025421359 3348321.622713307 150.28763440860214
131.78333333333333 513.2824249835422 3348321.622713307 11198613.354517456 128.73611111111111
153.94354838709677 530.4896929710192 11198613.354517456 5642879.689273809 155.99462365591398
145.81989247311827 519.5687635271934 5642879.689273809 10508962.721124843 143.9758064516129
154.61666666666667 529.1331336242798 10508962.721124843 10099392.896730296 154.74166666666667
146.69354838709677 528.3281170728837 10099392.896730296 -1227513.0192234665 150.88709677419354
158.5611111111111 499.7770489529715 -1227513.0192234665 1229391.1366917808 157.6
175.51612903225808 507.0284942286825 1229391.1366917808 4936919.179351216 174.13709677419354
210.41397849462365 517.9711012672113 4936919.179351216 3844444.7982574664 210.83333333333334
369.3452380952381 514.7467108608764 3844444.7982574664 3354242.5550380778 369.5595238095238
447.6962365591398 513.2999003566173 3354242.5550380778 5865937.494302648 446.75
296.4972222222222 520.0071874888018 5865937.494302648 10099374.375908915 294.8388888888889
457.89784946236557 528.3280806698899 10099374.375908915 6987558.022846315 459.03225806451616
826.3638888888889 522.2117519759394 6987558.022846315 14608466.555259744 823.4
544.1209677419355 536.2025894981903 14608466.555259744 7736696.28086235 546.6586021505376
221.1021505376344 523.6841961382468 7736696.28086235 2690173.4049419984 222.95698924731184
164.05 511.3399292728385 2690173.4049419984 2942191.8173801936 163.91666666666666
150.52956989247312 512.0837506066367 2942191.8173801936 10929268.938993385 147.50806451612902
155.4361111111111 529.9592527421594 10929268.938993385 8870641.299213145 156.21666666666667
168.55376344086022 525.9129846225914 8870641.299213145 9216494.652565181 168.43010752688173
264.9193548387097 526.5927653515937 9216494.652565181 5684037.847148505 266.25
375.3184523809524 519.6496605961195 5684037.847148505 12228329.907132711 372.625
326.94086021505376 532.5179225443522 12228329.907132711 8030164.974721024 328.5
507.2888888888889 524.261013915831 8030164.974721024 6116851.053250387 508.0
688.6048387096774 520.5003624150094 6116851.053250387 8924220.055775885 687.5268817204301
358.9472222222222 526.0182945923871 8924220.055775885 7178749.860028407 359.6
160.91397849462365 522.5875428283317 7178749.860028407 8379655.845377255 160.44086021505376
150.68817204301075 524.9479442478105 8379655.845377255 10721859.270158997 149.78494623655914
153.925 529.5515854620367 10721859.270158997 5250134.298319851 156.0
145.2688172043011 518.7968156898011 5250134.298319851 2516010.255544381 146.25
149.6888888888889 510.8258943464611 2516010.255544381 9622724.544926105 146.93333333333334
157.63172043010752 527.3912172089927 9622724.544926105 11768565.00492534 156.83602150537635
169.41666666666666 531.6123250097014 11768565.00492534 3871807.0117636407 172.3763440860215
234.99404761904762 514.8274692386034 3871807.0117636407 8377173.550025843 233.14285714285714
223.61559139784947 524.9430652534991 8377173.550025843 2833814.269891913 225.67741935483872
115.77222222222223 511.7638790101664 2833814.269891913 1059952.3916855454 116.43333333333334
335.2096774193548 506.52840317546026 1059952.3916855454 6548481.475848978 333.13440860215053
130.9611111111111 521.3487394525308 6548481.475848978 5125900.217378721 131.49166666666667
152.90860215053763 518.5288705444964 5125900.217378721 3823554.89647654 153.3709677419355
146.2983870967742 514.6850552284357 3823554.89647654 1215164.088439962 147.24462365591398
152.375 506.98650371733737 1215164.088439962 4221239.26079275 151.18055555555554
144.36021505376345 515.8588032551553 4221239.26079275 5086293.605807421 144.0
149.5611111111111 518.4119733608297 5086293.605807421 3454787.903083755 150.17777777777778
171.1209677419355 513.5966555586161 3454787.903083755 4922951.1073652245 170.5779569892473
203.8763440860215 517.9298751130003 4922951.1073652245 7617443.253011066 202.88172043010752
265.4345238095238 523.4498022559184 7617443.253011066 682011.2677964587 268.3125
282.5456989247312 505.41292646029245 682011.2677964587 4260664.298035565 281.2016129032258
164.46944444444443 515.9751645301244 4260664.298035565 2047644.1608586388 165.3
379.15860215053766 509.4435322805925 2047644.1608586388 7729993.440111425 377.01075268817203
158.55277777777778 523.6710215891845 7729993.440111425 4190654.60564606 159.9
164.59139784946237 515.7685339817126 4190654.60564606 1023797.8934807461 165.75
154.88709677419354 506.42169475357423 1023797.8934807461 11965651.801784048 150.7741935483871
157.75555555555556 532.0005262762413 11965651.801784048 6929316.018306156 159.66666666666666
146.6720430107527 522.0972763118432 6929316.018306156 7137139.022666329 146.55913978494624
159.77777777777777 522.5057560100684 7137139.022666329 8243526.772322135 159.3388888888889
178.0268817204301 524.6803802076677 8243526.772322135 3777645.2681743074 179.69892473118279
247.2983870967742 514.549554966262 3777645.2681743074 4924721.718874347 246.88172043010752
340.5327380952381 517.9351009955127 4924721.718874347 9049106.739681005 338.8392857142857
261.6693548387097 526.2637615228213 9049106.739681005 9265663.228533411 261.5806451612903
164.88888888888889 526.6894070353933 9265663.228533411 11696329.794768648 163.92777777777778
348.494623655914 531.4700435351504 11696329.794768648 7451069.72046648 350.0537634408602
146.42777777777778 523.1227922091928 7451069.72046648 8238507.107669857 146.10555555555555
159.0 524.6705139702476 8238507.107669857 8175485.961058224 159.0
148.252688172043 524.546644820011 8175485.961058224 7974488.981410686 148.30107526881721
155.31666666666666 524.1515817910486 7974488.981410686 5362422.798893402 156.29166666666666
148.49193548387098 519.017520673687 5362422.798893402 8787210.56180285 147.17741935483872
155.91666666666666 525.7490000697504 8787210.56180285 217311.263995667 159.2111111111111
182.6451612903226 504.0413847015017 217311.263995667 5328662.7775483895 180.74193548387098
258.06451612903226 518.9511647696642 5328662.7775483895 9420620.41565043 256.5483870967742
328.5297619047619 526.9939780583475 9420620.41565043 6798335.6903077215 329.625
317.1263440860215 521.8398322188807 6798335.6903077215 4134316.542253465 318.11290322580646
212.33333333333334 515.6022546489811 4134316.542253465 2948303.903273076 212.76666666666668
408.3360215053763 512.1017901611167 2948303.903273076 13582608.116967492 404.33870967741933
265.575 534.7952746730962 13582608.116967492 4719586.025514998 268.975
368.4139784946237 517.3296519588016 4719586.025514998 12540441.645931361 365.46774193548384
165.66129032258064 533.1326880904709 12540441.645931361 1839501.3307330338 169.6290322580645
159.99444444444444 508.82920781109556 1839501.3307330338 3317929.5003624028 159.38888888888889
151.2311827956989 513.1927239622347 3317929.5003624028 2106600.4205025537 151.6451612903226
152.1861111111111 509.61753910517257 2106600.4205025537 11957839.677252041 148.37222222222223
176.4758064516129 531.9851387582237 11957839.677252041 4591320.02687073 179.2311827956989
268.14247311827955 516.9510804676573 4591320.02687073 5623543.038868775 267.76881720430106
350.8422619047619 519.5307570074317 5623543.038868775 7400798.16798831 350.1190476190476
358.491935483871 523.023982606046 7400798.16798831 12332114.102031868 356.64247311827955
415.51944444444445 532.7223459585476 12332114.102031868 5316339.33114174 418.2
897.7231182795699 518.9269428232786 5316339.33114174 7169270.2382155415 897.0
831.5694444444445 522.5689104682168 7169270.2382155415 15150287.086074121 828.4666666666667
484.40860215053766 536.9458812011126 15150287.086074121 7611087.791081973 487.1962365591398
215.94354838709677 523.4373104859197 7611087.791081973 11270387.909860028 214.5483870967742
167.95277777777778 530.6310670951789 11270387.909860028 10480266.28934515 168.22222222222223
152.86827956989248 529.0767302928508 10480266.28934515 4768092.925694392 154.96236559139786
157.3 517.4728179554476 4768092.925694392 9988887.883342175 155.2722222222222
170.0483870967742 528.1109175638105 9988887.883342175 9139280.139431965 170.3709677419355
182.28494623655914 526.4409988947456 9139280.139431965 11142586.741174873 181.5483870967742
247.3095238095238 530.3793375204959 11142586.741174873 3580579.653910366 250.44642857142858
354.9704301075269 513.9679244154248 3580579.653910366 1751419.2445030008 355.64516129032256
163.93055555555554 508.5692373818341 1751419.2445030008 2099956.854002267 163.7722222222222
529.1182795698925 509.5979309088999 2099956.854002267 8087584.791598863 526.8548387096774
449.5472222222222 524.3738735559012 8087584.791598863 10603593.733538039 448.55555555555554
232.50537634408602 529.3191325107472 10603593.733538039 12344373.214804709 231.83064516129033
154.2016129032258 532.7464926958274 12344373.214804709 11031609.66082057 154.66397849462365
157.9388888888889 530.1607463016163 11031609.66082057 11303549.981768236 157.8
147.75806451612902 530.6963863277253 11303549.981768236 733562.0823800117 151.66666666666666
153.78055555555557 505.5650764373157 733562.0823800117 4759346.315264765 152.2138888888889
186.9811827956989 517.4470027168979 4759346.315264765 8244149.373573782 185.68548387096774
294.5994623655914 524.6816039411623 8244149.373573782 3790417.7059775367 296.2741935483871
510.6547619047619 514.5872522584192 3790417.7059775367 4669662.249885965 510.30357142857144
533.9166666666666 517.1823041161683 4669662.249885965 5977863.191541393 533.4193548387096
1038.161111111111 520.2271793764779 5977863.191541393 11497363.477664722 1036.0
1105.7876344086021 531.078140183279 11497363.477664722 16196516.53739078 1104.0
1104.0 538.3811418202473 16196516.53739078 13558891.16646437 1104.9916666666666
826.9758064516129 534.7627387843194 13558891.16646437 14664166.945239749 826.5322580645161
288.508064516129 536.2790015855275 14664166.945239749 8110655.7291615 290.9247311827957
178.675 524.4192198814554 8110655.7291615 6799663.853815104 179.14444444444445
154.77956989247312 521.8424427471539 6799663.853815104 9450841.954118121 153.75
164.23888888888888 527.0533790132666 9450841.954118121 12064601.181975458 163.21666666666667
176.66666666666666 532.1954265705577 12064601.181975458 9134518.102581343 177.76612903225808
209.1478494623656 526.4316390292116 9134518.102581343 5673379.462553195 210.4516129032258
305.10714285714283 519.6287113574322 5673379.462553195 4577815.224741057 305.57142857142856
256.2768817204301 516.9112216341872 4577815.224741057 12382661.999485169 253.3548387096774
274.5416666666667 532.8219099989859 12382661.999485169 2576363.617765203 278.3
474.741935483871 511.00402465825846 2576363.617765203 9435752.854885165 472.1532258064516
333.56388888888887 527.0237211285674 9435752.854885165 6480881.955397427 334.68333333333334
188.55913978494624 521.2158714295742 6480881.955397427 8890718.408777425 187.63440860215053
153.63709677419354 525.952446527597 8890718.408777425 6149929.338052756 154.63172043010752
156.26388888888889 520.5653783541037 6149929.338052756 9332433.036629057 155.0
146.78763440860214 526.8206442444089 9332433.036629057 8981539.01090733 146.8790322580645
154.48888888888888 526.1309559869558 8981539.01090733 5029057.164588643 156.0
162.58333333333334 518.2430425051937 5029057.164588643 8305358.28875022 161.36559139784947
206.25537634408602 524.8019111192677 8305358.28875022 8350602.55646107 206.25
255.89583333333334 524.890839507527 8350602.55646107 11927387.829466559 254.42857142857142
281.3037634408602 531.925157845919 11927387.829466559 3777100.1261724867 284.33870967741933
219.67777777777778 514.5479460034605 3777100.1261724867 8192455.529994865 217.95
420.6505376344086 524.5799988003348 8192455.529994865 5520628.492819106 421.6209677419355
500.1972222222222 519.3284766927824 5520628.492819106 9014391.100481246 498.8277777777778
411.0 526.1955273354287 9014391.100481246 5010882.67695309 412.46774193548384
179.9784946236559 518.1894012989684 5010882.67695309 8151875.973601198 178.7768817204301
160.96666666666667 524.5002389825954 8151875.973601198 3148308.7406491563 162.86111111111111
148.3521505376344 512.6920957005567 3148308.7406491563 5584053.568304356 147.40322580645162
154.25555555555556 519.4531397721845 5584053.568304356 8046798.52520881 153.29166666666666
165.8978494623656 524.2937074461001 8046798.52520881 3813474.850557543 167.48387096774192
210.35752688172042 514.6553044132961 3813474.850557543 3592386.0211189 210.4516129032258
265.5208333333333 514.0027703924286 3592386.0211189 1337194.3892730325 266.4642857142857
299.44354838709677 507.34667081882526 1337194.3892730325 3857156.167144488 298.494623655914
189.20277777777778 514.7842279107954 3857156.167144488 6573850.513827225 188.13055555555556
457.244623655914 521.3986027340742 6573850.513827225 5405895.78002833 457.6532258064516
542.5916666666667 519.1029675676419 5405895.78002833 6796370.396697353 542.0333333333333
340.4166666666667 521.8359694004051 6796370.396697353 7280277.713140457 340.2096774193548
160.46774193548387 522.7870975741037 7280277.713140457 5778004.071057171 161.0
158.79444444444445 519.8343528293193 5778004.071057171 7743867.5250192275 158.0
148.33602150537635 523.6982913422792 7743867.5250192275 2555783.5158864185 150.23387096774192
152.75 510.9432833866939 2555783.5158864185 3643335.056374043 152.31666666666666
167.25 514.1531442440554 3643335.056374043 6516461.743182215 166.18279569892474
208.16129032258064 521.2858041159099 6516461.743182215 8102468.822914435 207.58064516129033
266.5238095238095 524.4031283760733 8102468.822914435 8763130.406189628 266.26190476190476
215.93279569892474 525.7016701087175 8763130.406189628 12133423.578860432 214.66666666666666
105.62222222222222 532.3309858371493 12133423.578860432 9351255.585624183 106.67222222222222
335.64247311827955 526.8576402889855 9351255.585624183 12988748.713073352 334.258064516129
130.66944444444445 533.9805939024111 12988748.713073352 11392109.866692256 131.26666666666668
154.08064516129033 530.8708224646969 11392109.866692256 8144493.583550872 155.2688172043011
146.18548387096774 524.485728767669 8144493.583550872 5627633.0158731 147.09677419354838
150.84166666666667 519.5387959277506 5627633.0158731 4448899.222719703 151.26111111111112
144.55376344086022 516.5307316864737 4448899.222719703 10830644.01722419 142.13172043010752
149.29444444444445 529.7654037579924 10830644.01722419 6425190.327958242 150.98055555555555
167.20430107526883 521.106408575642 6425190.327958242 8146185.336951068 166.56720430107526
