2.3291153948417236
1.1025362258540432
1.1364082699571032
0.7345170857376901
1.5462568137488253
0.3732798203827281
0.21076088823738015
0.734834894777304
0.1845875057974613
0.3902409437448062
0.7278636465573642
1.0965564854995353
0.7189537465785625
0.2487315462249402
0.5933730607065946
2.4259580548870456
0.5490239094868681
1.0206321839791768
0.06700099634801404
0.302052939946853
0.12218390629653042
0.02117308513071725
0.3714785403498122
2.7904282793094146
2.5284812810743036
1.552668552464927
0.575018174450252
1.8264565387430536
0.3073236359053304
0.8093133226275113
0.06602981705493605
0.508084950975463
0.32801705771042977
0.10083565737304312
0.02278249063000004
0.035438005668650074
2.3643074532315493
1.0690671757712624
1.4261800962268463
2.022336065925333
0.3478480505990391
1.1496616240186386
1.2141634321162273
1.6870433820405566
1.4514868407974435
0.6889832985609483
0.2664265323209829
0.20688907947389712
0.1192833158360016
1.5038882016163189
1.820263011170411
2.2872187528617536
0.5655023170858802
1.557693458523505
0.14038811170808163
0.09869354772388128
0.19525446868504837
2.926149813035204
3.045521395346455
2.949005747092608
2.292306763803322
1.6153803249301413
0.900284067163831
2.0420095748436555
0.17379553216007793
1.4498593462492595
0.28120123688009757
0.2501712556521083
0.13160378915979098
1.1651447068750045
2.993724106604387
2.8807239650279004
2.77245795819506
2.4334555269301434
1.9945101583870384
2.6623572218114036
2.1358934499931372
1.5799958423231877
2.2593192931202974
3.015084264083978
3.154511097839559
3.191356220036947
3.129463240139687
2.9519030108728783
2.646257296146147
1.2845020730015357
0.015991527038522246
0.8586134426448786
0.22658188027615456
0.9470023191360566
0.7976816464004077
0.2854116160150575
0.00671668337109077
0.063911720127384
0.10566948035694157
0.7299046310870256
1.2333871773870042
0.2508833734390645
1.0962622452937603
2.423086842166795
0.3570439629573219
1.4355167369648953
0.2825605763180432
0.06642590905506518
0.24079048882408127
0.03870831726782642
2.837704508621862
2.949318337034116
2.8975033857556842
2.4573542077240966
2.3556363680566212
2.6376753139683835
0.714172191197211
1.2458091328012988
0.8985339275406949
2.950954790063164
3.1377797005163792
3.1779631718888703
3.1189672160272566
3.040017678454001
2.567523713123788
2.4812367437701153
1.3542645623964642
2.1485778536415596
0.4459052429796757
0.8430900826440801
0.06488241977721598
0.22761138758090915
1.1331967608538687
3.0861412571671543
3.111539750791386
2.966522055300661
2.3981544062052462
1.5825826330797268
1.2950208901145936
1.891989339255418
0.4133515025060692
1.0867871296616984
0.20568964132908407
0.05533655247956393
1.4706475361560025
3.1626457937982577
3.076363579912429
2.8647194365088358
2.2260495830718368
1.9403700606560843
0.16345429361241415
1.5655908107124532
0.11582534646447717
1.1642742686214853
0.9766569978704984
1.9824400273304912
0.4727992894516815
0.13652971143693238
0.2522405757048407
0.4623001861276461
2.0606034806900424
1.4085208785266266
0.5406161919818171
0.9294619287726547
0.4279460314285637
1.5758749346126062
0.40804902743699145
1.7026363978059837
2.2620127581155085
0.677255999130693
0.7362059910203049
0.07470430547081275
0.27638035887355583
0.8097068750289322
0.4476231257807459
2.272463730425444
0.034607202790824854
1.1137486788703437
1.4164179818004348
1.2694209672791672
0.41136902253990115
0.357839851938099
0.20915223512452563
2.101357387581901
1.5773732693646632
0.23975521608066153
0.124285219499229
0.3501143217064948
0.860825127890342
1.196407374285859
1.2765511070308246
1.087655519918676
2.1576651510160008
1.0151284929549336
0.09920137273047747
0.15621473667174257
0.6635058173192254
1.055890567331958
1.9957888120363794
2.487220495816862
0.4553284472257757
1.06179422844422
0.35087176424052435
0.705877563487078
0.46489868928266986
0.0017049655273546627
1.2223364696684746
2.8959268706303063
2.434138118085788
2.3772716493544452
0.9201371835356555
1.4540249341426488
0.4657338737579386
1.3417922706183916
0.8043179706756627
1.9774271516379258
2.2880390374507478
1.6020363843675847
0.27291369769511586
0.24696131277853883
0.8090726574206029
1.9116689444904296
1.4909668012966664
1.685123692039215
0.03687591710111526
1.6225211150402614
1.5358671713392489
2.9531725367948907
3.059660788896445
2.265519296862606
0.45912957729705095
0.2118131963162333
0.6333165207684157
0.3404484945208752
2.5173675706304808
2.753345200020849
0.45869068117260214
1.3511856427573137
0.08517686730986895
1.4489700946126256
3.0641256562403005
3.1292765424271423
3.1240974588367596
2.8831732584666234
