2.030699112563325
0.3996894088067684
1.8109909457438835
0.15556141040586402
3.2309667057467584
2.820411463480542
2.893219216583744
1.6335191137625529
1.3744803408581956
1.3137516436395988
0.48551102078474084
0.7675392581028113
0.188209805738782
0.7738025457929352
0.5719342503364864
0.10543799339114557
3.096156090861898
1.4732333306965026
0.7711045313675111
1.281167720436597
1.4901231987523413
1.1570360021970685
1.2562812120189997
1.0375013364969483
0.2154605880492193
1.1530596886138964
1.6315940272889993
0.8234686213475575
3.2034543020595425
3.0855968979675925
0.41258699121615905
1.3286948708813466
1.3636447133062108
1.5990238464139663
0.8319459849921915
0.7945591890032202
0.19722347556958786
1.2053128354945333
1.1041627530163556
1.371825303672428
1.9648402889846937
2.7533352980448997
0.9722381416906165
1.4808277566745425
1.0246385967698548
1.3212410468975957
0.9278773593195209
0.2661464287537645
0.6387535566565106
0.8683501006539274
0.17071007005736183
1.7585725937191992
1.1054419761919716
1.231363394797635
1.4182177272342125
1.578105665390559
1.3691667686968163
1.5870965696591464
1.1599790291331646
0.8867820081497015
0.1444833776679788
0.9669317634392014
0.8157407422317551
1.455445466680628
0.7126473141674303
1.2200823788210093
1.188867283007665
1.282314458234013
1.3980090132454097
1.6271437562989925
1.4142181831997693
0.6578698091551298
0.5745286753899661
0.3777715306433129
0.6722653452801284
2.8117382654242196
1.952287395828435
1.1694838846536935
1.2709337142718664
1.5518970769097344
1.5351835512067056
1.5861376963111082
0.9364479401827013
1.6155040402410838
2.3282267707652804
0.5824899776746499
2.693916381124719
0.20687373478575166
1.756810697006296
0.3640820050751721
2.801830152137237
0.9191430095931694
1.3663830061695457
1.4249684514767933
1.2183190685700382
0.7816957887491438
0.28061762684426794
1.6821812364164277
1.7239826965407214
1.219200371889059
3.1430540390707353
0.5146569759320063
1.3733064292938124
1.5970904160433534
1.2861514411976316
1.6046801419197307
1.179498387349701
1.2345451619769525
0.6046406744262076
0.17549624149776744
0.1317980865291868
2.3935318894534374
0.28269814363968315
1.29522950103333
1.2487850232894644
1.387509700713021
1.1327873529267287
1.6250620003024037
1.1722705864108023
1.6919710606492022
2.2481457513529812
1.9332832807426015
0.19073083732074103
1.521939536898194
1.1667690781791755
1.0762725680317566
1.3325860405837031
1.535943434380978
1.3659363015764998
1.4328236337566336
0.9334479551095614
1.1295312973249123
2.082692680279119
1.1329775591297224
0.21233386481467642
1.817547071088268
0.518810919110118
1.2154758491979867
1.0884425039781487
1.2792662903465346
1.5514285876578804
1.7829649582347706
1.1794521374815492
0.5929481682193471
1.7694451093441836
0.9493879712570519
1.383759470959811
1.1581763424910627
1.3602802703347567
0.7960978561674081
1.0650789165374697
1.4370076101492304
1.3959073324767735
1.0939849728115618
1.0394071254605626
0.4944573555950891
0.6714146536634091
0.814543353116643
2.2450553485185853
0.20799830108639838
2.085041760113783
3.0619863095006794
2.662147819182482
1.363116227176035
1.4869808651924554
1.2715249301380362
1.164572462195998
0.711728186565896
0.6579030325780635
0.17386052616100534
2.0202000468778074
1.455269811026672
0.4344779986153542
0.0820879256193523
1.1955638742067287
1.4543368177417768
1.2783825499519526
1.8327576305969777
1.0634524515072687
0.7522792222303027
0.8296670669299724
2.5478666672200445
3.233407278472532
2.972978293613652
3.356643634224689
2.6255930687546885
2.7883076494621175
0.07525055086353172
1.3979705270138054
1.4311584903191659
1.0680980429248108
0.8331122900484971
0.05869026801332611
0.8852208987969501
0.054498353906423436
1.9267185317976498
0.6133808078120149
0.8097386360412311
1.290666970784308
1.5212202455639456
1.5098727708455377
1.4428188988078103
1.1043580881750916
0.8880284796088107
0.13506875698889198
0.3474156169659759
0.5300486593338509
0.9629447768752266
1.2996803977036704
0.8850123229579601
0.5352383017577571
1.3287458798543974
1.4210547482876654
1.653880335978571
1.1260096953835594
0.8258916597451424
0.38057085551428127
0.44438273867706046
0.7329015128986427
1.4580569423274012
1.3901820197800872
1.059520302789689
0.648826007868391
1.1339680580109746
1.4052617052783674
1.6640297814164975
1.1077917465849056
0.4729588681989725
0.019752050408070154
0.155594157779964
0.10121317397429452
2.469284443410859
0.6458669071212375
1.0923502257933744
1.6518674615024707
1.4917058079318517
1.3905275307912839
1.6758136095377938
1.1680377190681983
0.7484856852685571
