244.0 582.0 62840000.0 61370234.21890638 244.58064516129033
243.0 581.1009411445438 61370234.21890638 42785381.0598612 250.71428571428572
242.0 567.2096357823585 42785381.0598612 60924774.54730701 235.20430107526883
244.0 580.8284525156399 60924774.54730701 38327782.54284622 252.65
287.94354838709677 563.5978208408701 38327782.54284622 53887167.30857651 282.06451612903226
672.0666666666667 575.7195220351313 53887167.30857651 56132526.42526068 671.1444444444444
524.9166666666666 577.4406640434113 56132526.42526068 37703450.00143683 531.7258064516129
253.58064516129033 562.9656376586356 37703450.00143683 59259052.87711916 245.4516129032258
222.0 579.8095270258974 59259052.87711916 47550944.8012456 226.41666666666666
194.0 570.8625979688907 47550944.8012456 12148143.504876444 207.16666666666666
221.0 532.3599796308172 12148143.504876444 59489295.4587933 202.7
192.0 579.9503669029853 59489295.4587933 11621716.292110996 209.8790322580645
247.0 531.3230775450671 11621716.292110996 51320397.80028718 232.20967741935485
245.0 573.7520083338875 51320397.80028718 40317457.86718871 249.58035714285714
245.0 565.3178910505003 40317457.86718871 54122485.54059708 239.82258064516128
245.0 575.8999012410388 54122485.54059708 41504616.86320256 249.8
243.0 566.2278876757014 41504616.86320256 43305472.61275475 242.25806451612902
240.0 567.6083031550675 43305472.61275475 41113568.54786553 240.79166666666666
236.0 565.9281362115402 41113568.54786553 37270141.1909314 237.36559139784947
214.0 562.5268802264229 37270141.1909314 26389360.235594608 218.0
205.0 551.509279391436 26389360.235594608 11237909.325223567 210.8
217.0 530.5670941254403 11237909.325223567 56533342.918034956 200.0
170.0 577.7479031385739 56533342.918034956 9257101.417691333 188.22222222222223
223.0 526.6725786485657 9257101.417691333 59566573.53063565 204.2311827956989
234.50806451612902 579.9976380639526 59566573.53063565 50515698.49477939 237.91935483870967
242.86011904761904 573.1351797079221 50515698.49477939 33896793.37011069 249.76190476190476
244.0 559.11111439859 33896793.37011069 61504295.38952251 233.66935483870967
245.0 581.1829466478462 61504295.38952251 58736018.08513007 246.0
244.0 579.4363264881007 58736018.08513007 54445727.016226694 245.53225806451613
275.47222222222223 576.1476765204543 54445727.016226694 42403757.10432157 280.06388888888887
248.1263440860215 566.9171084016092 42403757.10432157 34930560.2927783 250.84677419354838
230.0 560.1578803758774 34930560.2927783 56919706.35438455 221.70967741935485
194.0 578.0440634880804 56919706.35438455 10483808.04101485 211.86666666666667
222.0 529.0836916668223 10483808.04101485 58365505.05097537 204.0188172043011
174.0 579.1523159959881 58365505.05097537 11448685.516293453 192.08333333333334
223.0 530.982259350275 11448685.516293453 54169114.56973852 207.06451612903226
246.0 575.9356439337174 54169114.56973852 44066695.98580897 249.80376344086022
244.0 568.1918060412263 44066695.98580897 44029316.54586982 244.04761904761904
245.0 568.1631534645194 44029316.54586982 60383050.007615514 238.8709677419355
247.0 580.4970784621053 60383050.007615514 50616555.86411882 250.7
247.0 573.2124902164838 50616555.86411882 60711390.46534829 243.16129032258064
246.0 580.6979250186971 60711390.46534829 41023571.15050316 253.54166666666666
245.0 565.859150230596 41023571.15050316 49606702.77226946 241.7258064516129
241.0 572.4384044296454 49606702.77226946 46970192.71759303 241.90322580645162
231.0 570.4174322935457 46970192.71759303 48219178.72657164 230.41666666666666
224.0 571.3748213685644 48219178.72657164 39496053.22873219 227.1451612903226
225.0 564.688257234449 39496053.22873219 45703175.75706695 222.56666666666666
228.0 569.4462218979521 45703175.75706695 62304596.34636509 221.81720430107526
247.0 581.6724924459148 62304596.34636509 43324541.73709353 254.11827956989248
247.0 567.6229202694153 43324541.73709353 60127998.48283019 240.08630952380952
247.0 580.3410629017312 60127998.48283019 38465847.943269 255.06451612903226
247.0 563.7376223383201 38465847.943269 58118385.16786228 239.35
246.0 578.9628904342833 58118385.16786228 55369098.424738444 246.95698924731184
245.0 576.8554712373997 55369098.424738444 40325214.679700874 250.75
241.0 565.3238369037787 40325214.679700874 35155924.27732186 242.86021505376345
234.0 560.3860781894788 35155924.27732186 57518758.473052576 225.56989247311827
220.0 578.503256745376 57518758.473052576 40668859.148375556 226.4
222.0 565.5872517520113 40668859.148375556 59176108.23420067 214.9784946236559
207.76111111111112 579.7587896113462 59176108.23420067 44050720.81564646 213.55833333333334
213.08602150537635 568.1795605450596 44050720.81564646 49153505.03126499 211.19623655913978
246.90860215053763 572.091013375669 49153505.03126499 59276007.857916586 243.16129032258064
246.0 579.8198984237256 59276007.857916586 57582563.61840192 246.73214285714286
243.0 578.5521654990756 57582563.61840192 35444897.4344995 251.24193548387098
241.0 560.6786850263297 35444897.4344995 55680752.2905207 233.125
234.0 577.0943642307097 55680752.2905207 57136603.63685643 233.38709677419354
225.0 578.2103224270493 57136603.63685643 60755702.46413984 223.55
214.0 580.7250307626388 60755702.46413984 52512454.31409664 217.0
209.0 574.6657590684208 52512454.31409664 12213381.28353593 224.0
231.0 532.4884782857525 12213381.28353593 42155195.888783954 219.35
197.81451612903226 566.7265780109416 42155195.888783954 11075259.921682868 209.3548387096774
219.63888888888889 530.2467240881632 11075259.921682868 43521659.22569853 207.08333333333334
209.88978494623655 567.774017342344 43521659.22569853 50049983.43837568 207.46774193548387
246.9005376344086 572.778193717793 50049983.43837568 57609241.423918866 244.11021505376345
212.88095238095238 578.5726149191362 57609241.423918866 39470695.35248166 220.41071428571428
154.08870967741936 564.6688195838161 39470695.35248166 40856243.94162598 153.5483870967742
192.04444444444445 565.7308883921281 40856243.94162598 57140335.823584765 185.69444444444446
138.0752688172043 578.2131832715855 57140335.823584765 41750422.88583282 143.752688172043
168.48611111111111 566.4163061199018 41750422.88583282 53240096.20437942 164.0
90.71774193548387 575.2235206376255 53240096.20437942 10819562.475784188 106.5241935483871
46.48924731182796 529.743622797231 10819562.475784188 11008649.238257142 46.384408602150536
32.06388888888889 530.1155212268701 11008649.238257142 10999174.443061486 32.025
26.88978494623656 530.0968587514848 10999174.443061486 11010938.956170082 26.838709677419356
37.66111111111111 530.1200312773047 11010938.956170082 11011866.74569925 37.644444444444446
46.56182795698925 530.1218587415289 11011866.74569925 10647736.132130643 46.704301075268816
95.14784946236558 529.4058951562567 10647736.132130643 60754177.968110815 76.47043010752688
240.94940476190476 580.7240982251742 60754177.968110815 37655127.51311737 250.5297619047619
241.0 562.9167075414094 37655127.51311737 45426675.24828305 238.0752688172043
240.0 569.2342751151668 45426675.24828305 48166661.99571197 238.875
246.0 571.3345655578353 48166661.99571197 37791867.16892579 249.80376344086022
244.0 563.0551666237303 37791867.16892579 44535278.58687521 241.34444444444443
238.0 568.5509900991578 44535278.58687521 50742764.61527677 235.61290322580646
229.0 573.3092333974816 50742764.61527677 49143900.22448215 229.51612903225808
214.0 572.0836509736762 49143900.22448215 43702487.48634479 216.0
210.0 567.9126281834206 43702487.48634479 11381848.528245201 222.00537634408602
230.0 530.8506107374526 11381848.528245201 52353525.83721772 214.15555555555557
206.0 574.543935135743 52353525.83721772 11075964.302752363 221.41935483870967
247.0 530.2481115054213 11075964.302752363 53323298.95886407 231.25806451612902
245.0 575.2872983001313 53323298.95886407 44617178.168987334 248.63095238095238
246.0 568.6137688369491 44617178.168987334 41991804.19191919 246.95698924731184
246.0 566.6013328725633 41991804.19191919 59052286.75374606 239.35
245.0 579.6787568803766 59052286.75374606 43457977.69819166 250.752688172043
243.0 567.7252033458082 43457977.69819166 57084300.130636804 237.6888888888889
235.0 578.1702300600573 57084300.130636804 42807976.932548225 240.26075268817203
217.0 567.2269562659312 42807976.932548225 34985590.42994892 219.83870967741936
205.0 560.2136024869768 34985590.42994892 12298322.80502005 213.70555555555555
222.0 532.6557873432213 12298322.80502005 36122979.58363286 213.0
193.0 561.3652936882584 36122979.58363286 10309491.873065304 202.94166666666666
215.58602150537635 528.7410702332663 10309491.873065304 43598395.11999045 203.1720430107527
189.69086021505376 567.832837942678 43598395.11999045 46988265.787135385 188.45698924731184
242.8422619047619 570.4312858989565 46988265.787135385 34934042.322358154 247.85714285714286
239.0 560.1614061900781 34934042.322358154 59409658.06307358 229.83870967741936
230.0 579.9016525385823 59409658.06307358 35473803.148369625 239.16666666666666
219.0 560.7079542137694 35473803.148369625 59682618.15278326 209.89247311827958
200.0 580.0686228062239 59682618.15278326 10796413.753673779 218.83333333333334
223.0 529.698123584807 10796413.753673779 59746231.09168946 204.65860215053763
184.0 580.1075349762995 59746231.09168946 10873907.562691605 202.20967741935485
220.38888888888889 529.8504390025317 10873907.562691605 62787853.460856624 200.26388888888889
140.48387096774192 581.9681018510558 62787853.460856624 9750018.81321958 160.23387096774192
83.325 527.6414162880523 9750018.81321958 11370009.320205042 82.68333333333334
48.27956989247312 530.8272910852523 11370009.320205042 10465959.01606754 48.623655913978496
83.8010752688172 529.0486091005465 10465959.01606754 62062164.633632824 64.56720430107526
134.91964285714286 581.5241964514244 62062164.633632824 45125325.10974377 141.95238095238096
231.63440860215053 569.003280269493 45125325.10974377 33759126.36187876 235.8548387096774
233.99444444444444 558.9717163028952 33759126.36187876 51850776.46741371 226.94722222222222
202.0 574.1585611198111 51850776.46741371 12188056.335961359 216.7741935483871
217.0 532.4385958132572 12188056.335961359 33324715.292079277 208.8
168.0 558.5318427510797 33324715.292079277 9918240.427081771 176.70967741935485
198.0 527.9720587704711 9918240.427081771 12243695.769094601 197.09677419354838
190.3388888888889 532.5481886360953 12243695.769094601 10373271.799954962 191.01666666666668
158.56720430107526 528.8664307792218 10373271.799954962 10510154.074941568 158.46774193548387
170.76944444444445 529.1354752507473 10510154.074941568 11099931.962942025 170.525
151.4758064516129 530.2953205330676 11099931.962942025 25789475.184196398 146.0
119.73118279569893 550.9018511130513 25789475.184196398 38113154.950537965 115.16129032258064
201.05654761904762 563.3804944237744 38113154.950537965 61223316.049129315 191.53571428571428
239.8978494623656 581.0110709874994 61223316.049129315 50663828.60740948 243.81720430107526
226.0 573.248726337343 50663828.60740948 46262348.47987119 227.63055555555556
205.0 569.8748462796608 46262348.47987119 12042601.13036766 217.74193548387098
220.0 532.1520931355726 12042601.13036766 61910656.042621 200.7111111111111
167.0 581.4315183239437 61910656.042621 9340627.639993327 186.59677419354838
211.0 526.8367508786076 9340627.639993327 10951817.125365455 210.36290322580646
174.15277777777777 530.0035791863259 10951817.125365455 10801440.089553703 174.16666666666666
171.33870967741936 529.70800293464 10801440.089553703 10943945.111797346 171.23655913978496
186.87222222222223 529.9880990128431 10943945.111797346 32806142.1918432 178.40277777777777
97.30376344086021 558.006748877247 32806142.1918432 10691431.557114169 105.56720430107526
129.38978494623655 529.4917792674313 10691431.557114169 56867740.76411598 112.18010752688173
198.98809523809524 578.0042301448384 56867740.76411598 34639713.94006664 208.20833333333334
243.8790322580645 559.8633767890814 34639713.94006664 51699288.55441546 237.48655913978496
243.0 574.0424406253786 51699288.55441546 36057425.31173361 248.96666666666667
241.0 561.2989151071823 36057425.31173361 33451781.449765865 241.90322580645162
236.0 558.6605066963215 33451781.449765865 60527795.05223436 225.5
218.0 580.5856193138668 60527795.05223436 60746046.991738 217.8494623655914
206.0 580.719124489627 60746046.991738 11722075.912577929 224.25806451612902
230.0 531.5207555853807 11722075.912577929 55071010.01264448 213.17777777777778
199.80645161290323 576.6269766128988 55071010.01264448 10882494.12517601 216.24193548387098
211.04166666666666 529.867316039139 10882494.12517601 51817581.72528168 195.2111111111111
210.52956989247312 574.1331162523452 51817581.72528168 45213096.53483455 213.01075268817203
246.9005376344086 569.0705599690866 45213096.53483455 55313793.807033055 243.16129032258064
246.0 576.8130784192188 55313793.807033055 58213890.44101458 244.83333333333334
246.0 579.0360983841445 58213890.44101458 50505307.89738702 248.8548387096774
246.0 573.127214971444 50505307.89738702 33235112.917119134 252.59444444444443
247.0 558.4411136751769 33235112.917119134 43330581.861725554 243.16129032258064
246.0 567.6275502246693 43330581.861725554 60427307.393122934 239.35
245.0 580.5241507989848 60427307.393122934 63912561.871236056 243.6290322580645
239.0 582.6690545521733 63912561.871236056 59267632.301334634 240.65322580645162
231.0 579.8147750779441 59267632.301334634 47917141.60747327 235.27777777777777
226.0 571.1432999295762 47917141.60747327 47849144.21362532 225.91397849462365
225.0 571.0911776787809 47849144.21362532 56604574.229425944 221.58333333333334
227.0 577.8025042940991 56604574.229425944 46940092.8197923 230.6236559139785
247.0 570.3943597265943 46940092.8197923 54765487.292254604 244.11021505376345
245.0 576.3927833452653 54765487.292254604 43762387.44643999 249.58035714285714
243.0 567.9585434834936 43762387.44643999 53355672.55019487 239.3951612903226
242.0 575.3121137283558 53355672.55019487 61876764.091035075 238.64444444444445
242.0 581.410786545048 61876764.091035075 45663724.62529891 247.98387096774192
237.0 569.4159813009555 45663724.62529891 51399339.90024054 234.73333333333332
223.0 573.8125200638117 51399339.90024054 60407504.18655409 219.56720430107526
209.0 580.5120371353921 60407504.18655409 11660817.409111233 227.1505376344086
230.0 531.4000948967342 11660817.409111233 47406794.7839154 216.11111111111111
196.26612903225808 570.7521022141235 47406794.7839154 10492161.399363928 209.99462365591398
209.65833333333333 529.1001103366808 10492161.399363928 50131980.28799161 194.32777777777778
213.0483870967742 572.8410470143423 50131980.28799161 45305783.7232619 214.86559139784947
246.90591397849462 569.141607763823 45305783.7232619 52879314.623152554 244.11021505376345
246.0 574.9469696259637 52879314.623152554 48889014.667264305 247.68154761904762
439.3333333333333 571.8882727659892 48889014.667264305 61720815.16997651 434.51881720430106
326.64444444444445 581.3153922582303 61720815.16997651 40029812.63861511 334.94444444444446
827.991935483871 565.0974014714835 40029812.63861511 48423069.77904317 824.7849462365591
886.4083333333333 571.5311106021724 48423069.77904317 40268464.580035485 889.4972222222223
469.3306451612903 565.2803360758788 40268464.580035485 40099435.11201851 469.3225806451613
251.28763440860214 565.1507693994931 40099435.11201851 51481077.16052586 246.95698924731184
242.0 573.8751743765554 51481077.16052586 54960591.85025289 240.55555555555554
236.0 576.5423374403241 54960591.85025289 58757609.87435393 234.47043010752688
232.0 579.4528773084978 58757609.87435393 34061704.048296 241.48888888888888
236.0 559.2780987385129 34061704.048296 35615058.62056804 235.43548387096774
247.0 560.8509858964057 35615058.62056804 48523682.39202243 242.21236559139786
246.0 571.608233496891 48523682.39202243 53720620.4591719 243.88392857142858
247.0 575.5918583680025 53720620.4591719 63939763.20263892 243.16129032258064
246.0 582.686022500679 63939763.20263892 39305164.77503119 255.4361111111111
246.0 564.5419349227443 39305164.77503119 63310087.32997726 236.96774193548387
243.0 582.2932362938445 63310087.32997726 52644235.85051828 247.0611111111111
239.0 574.7667739735937 52644235.85051828 55741362.47471761 237.7741935483871
232.0 577.140823941041 55741362.47471761 54552475.36699552 232.36290322580646
227.0 576.2295026610738 54552475.36699552 41963405.02214639 231.75555555555556
227.0 566.5795639698817 41963405.02214639 62968187.64631058 219.04569892473117
214.03055555555557 582.0799623132208 62968187.64631058 40743088.860757545 222.56666666666666
221.56720430107526 565.6441512810416 40743088.860757545 48243463.24521174 218.78225806451613
246.93279569892474 571.3934362550972 48243463.24521174 58430741.84955821 243.16129032258064
246.0 579.2023221592306 58430741.84955821 61330922.95399955 244.83333333333334
245.0 581.0768943601593 61330922.95399955 35694340.21056839 254.5483870967742
244.0 560.9312644091129 35694340.21056839 42401914.141873196 241.34444444444443
243.0 566.9156957099528 42401914.141873196 49314884.422745116 240.3494623655914
242.0 572.2147160154309 49314884.422745116 55395961.42648163 239.6
235.0 576.8760626164915 55395961.42648163 38534679.286602736 241.2258064516129
227.0 563.8073191982146 38534679.286602736 33853748.52282028 228.66666666666666
225.0 559.0675282858472 33853748.52282028 42448900.200673185 221.58333333333334
225.0 566.9517120776703 42448900.200673185 52216498.78676476 221.24193548387098
218.76111111111112 574.4388993706162 52216498.78676476 53916011.97235311 218.06666666666666
220.88440860215053 575.7416324236975 53916011.97235311 43798061.90818009 224.67741935483872
246.93010752688173 567.9858891380338 43798061.90818009 56519630.02885691 242.21236559139786
247.0 577.7373917555867 56519630.02885691 36855167.16556001 255.16071428571428
245.0 562.1066881292567 36855167.16556001 55757707.59572134 237.91935483870967
246.0 577.1533530167603 55757707.59572134 62968362.23440323 243.15
246.0 582.0800712197196 62968362.23440323 60219144.75386008 246.95698924731184
244.0 580.3968172696485 60219144.75386008 37658390.80127197 252.65
241.0 562.9200118636309 37658390.80127197 45305976.75689187 238.0752688172043
234.0 569.1417557304833 45305976.75689187 41546648.13711675 235.32258064516128
231.0 566.2601060369682 41546648.13711675 40275950.41136541 231.38888888888889
234.0 565.2860742131207 40275950.41136541 62555522.88169884 225.56989247311827
219.94444444444446 581.8259847414647 62555522.88169884 45549702.086050786 226.46666666666667
233.2258064516129 569.3285792543375 45549702.086050786 59818329.48692764 227.91397849462365
157.48655913978496 580.1516377180675 59818329.48692764 56195050.722168684 158.8709677419355
166.24107142857142 577.4885909844279 56195050.722168684 37069953.62316841 174.17857142857142
246.78225806451613 562.3241754092969 37069953.62316841 46706231.4210345 243.16129032258064
247.0 570.2150972315545 46706231.4210345 36938978.62404789 250.7
246.0 562.1915534710744 36938978.62404789 63492874.00220875 236.01612903225808
245.0 582.4072569936408 63492874.00220875 50911746.898322634 249.8
242.0 573.4387639050269 50911746.898322634 42366031.25467898 245.1209677419355
82.36021505376344 566.8881902904102 42366031.25467898 49100774.462549366 79.76612903225806
40.99444444444445 572.0505936511526 49100774.462549366 10573894.188023027 55.80833333333333
29.760752688172044 529.2607575419763 10573894.188023027 10842513.921762878 29.612903225806452
37.37777777777778 529.7887342600167 10842513.921762878 11130896.993708981 37.25
54.225806451612904 530.3563122603358 11130896.993708981 11234955.992643408 54.193548387096776
