2.428784952148604
1.1688332555324905
0.4625639179738026
0.7064850142461849
0.8269520464916722
1.3963708474042678
1.5908791797769188
0.6835290304063566
1.6073434462952132
1.7047820094122337
1.931118558198265
1.3802512548379298
1.3401986290423986
0.7476179028545058
0.750253027606322
0.8480271217485624
1.2865992119859078
0.7076534468350015
0.9795097105468629
1.8692571726927347
1.7864712998836565
2.1270467908556
2.0025040464408694
1.6824639297847745
1.4388761877308875
0.6674710942130107
0.3336006204792761
1.192107088610486
1.08082704556249
1.2491210281462397
0.3478513433899493
1.9357556895172203
1.8995927318928725
2.172307487464687
1.9935959274740578
1.7513750471144123
1.465852184168851
0.3292181234332663
1.0001170818983565
0.13012698286407387
1.527801337172244
1.001643041741862
0.20481005269800923
1.6653703545867875
1.8308742632380852
1.943355516603364
2.1914624208599696
1.724441566289175
1.389826759314312
0.5867106418954688
1.5640299063350087
1.9940934849084115
0.5450636240401963
0.3218909639445835
1.3368092159905882
1.9499806993068938
1.8992588259492758
2.1305836679946974
2.027026753555308
2.0752695997953534
1.1693200419299634
0.43522075663751547
0.5876776482850645
1.8512738309257857
1.247485899191651
1.1861357493469855
1.2299004042731752
1.8410236947935295
2.162426360820217
1.9678653507338102
2.073054982455588
2.029606442788449
1.7714515370363497
1.8239875775451666
1.8378668226433836
2.675767157240539
2.008171274405282
2.3441568250986338
1.8710070635239517
2.1100139032584986
1.9478800428405063
1.9462138772546205
2.266132950879941
2.008038555068138
1.5368479665336559
0.5330453527489625
0.38736978965140567
0.8336795090668216
1.0231862036236699
0.9191395476285367
1.5882622886382096
1.3315232229692686
2.079309273910724
2.1634574185703688
1.9244105644983398
1.8085149947692702
0.8701449431956525
0.38207856005176355
0.1285895033862876
0.9935770610921466
0.998881363536011
0.10871383349262187
1.9251368280560883
1.995856916132567
1.9312009211404408
2.0983356823941013
2.2218015495003254
1.9002129994634656
1.6955025891563889
1.5901030830846747
1.284385361467022
2.458267979419393
0.749737864132396
2.2424408189867386
2.038113879599752
2.1361448306164945
2.2310321002911326
2.150972478316336
2.110806389734796
1.9501408895264447
1.607769914028762
1.1559942488690855
1.1871009672257418
2.0110126106324078
0.3159427670991679
1.9646101788582724
1.9634375303804985
2.2018701599240207
1.86750801000083
2.058302298890239
1.9834967239075472
1.719093726142961
1.2833534627292842
0.6961751752191883
0.9211490942760863
1.8915425091084466
0.05779910561295454
2.094433318316069
1.9128577845548387
2.014356361225442
1.9914042982865918
2.087576451247123
1.946118845314095
1.9968463824672475
1.1134339706470273
0.5618356996863656
0.4938443568359592
1.618013754202095
0.009534787625673058
0.7621409497619482
0.1882389610538353
1.7027950078033596
2.145644458200784
2.1158090041604294
2.2236340526556715
1.6225616283402928
1.0546964896924513
0.5672674418769281
0.10927718552252896
0.6367816557714177
0.9398232764483856
0.9321129940972437
1.6161616400594072
1.413624508065728
1.802562452899242
1.8980019994276656
2.0779426771501037
1.7613121215721201
1.6771559611206255
1.1846148546442414
0.36671434581170104
2.1143182190363508
0.589660102571262
0.650500778542817
1.148504248418707
1.8571491251026107
1.9070809670956674
1.911017764086122
2.239178404982739
1.7666082657838311
0.6284776177709088
0.37269310864554406
0.8743385035102103
0.8470518136418619
1.3959167912853623
1.5064774329443065
1.5342176909352956
0.4184794321991725
1.7818331030955543
1.9954815842054994
1.8936561133188927
1.6342112006081608
1.402989437466677
0.9256359928576829
1.1817340897892654
0.711644834309074
0.5191924705439512
0.31168338185188293
1.6949580396887427
1.938442602315638
2.0445076492195695
2.001902425768114
1.9710021108614002
1.9706676139073405
1.4687704671662785
1.2465987518572867
0.5813952901523791
1.5917356127523858
0.540880051105058
0.8144072835234182
0.5066786388691189
1.8171587476084121
1.9279520244581525
2.15742507444062
2.0721665382985486
1.838359734076858
1.5940047823718326
1.346694461958529
1.0065134069127986
1.8358526954069314
0.7654738698600267
0.806215876552919
0.2920629712518279
1.9175198927804666
2.0268830883954894
2.0061176851176596
2.17729316137211
1.9803763187355965
1.5125636954099448
1.155475212972552
1.3750651585631073
2.3735955504143353
0.2170661755385468
2.120745487556813
1.8735610969238903
2.0263010810623054
2.0887919902549275
2.1598196817732855
1.9760600472005023
1.8878263937323827
