2.4142714059137242
1.291289479077673
0.10765519116299949
0.20628158139259645
0.9306299303596948
1.260835640104168
1.4294125950219598
0.5716721462813057
1.4786350532992887
1.4698850227121387
1.6241402370208842
0.8514910036746071
1.4078546823373148
0.32191423308915645
0.4384651566198783
0.6864850768933288
1.022773928447684
0.2330376696168499
1.227357235200639
1.5588723521181285
1.4932902018308938
1.6804292066283781
1.8642400519797555
1.3585010602472871
1.1551757020537292
0.39813599537507205
0.9950155902606399
0.3206230659936504
0.2720248417539244
1.110583752299351
0.19284839357460992
1.620718361246153
1.5707007547166385
1.826795951920109
1.6931677310250248
1.252616978876377
0.9289079661133939
0.34661660563634467
0.4047844158633813
0.4118506029965485
0.2863249551662985
0.5539592588474305
0.04851372052146097
1.3085898983731878
1.866359251301532
1.7657651337240916
1.9038318049691882
0.8755754707745784
1.2216868255244084
0.41429142751174997
0.8331831090936865
1.277513860235738
0.0034303848431904704
1.2226733811771222
1.7048890035764017
1.7119685393956416
1.6963265660811049
1.849426015422946
1.6453974338855593
0.22399822046782436
0.9547818758493776
0.35224490762953886
0.3402008803756411
0.916518685246035
0.17889252767765473
1.6186474035040528
1.882196687114071
1.7630895412884098
1.4963701170575312
1.8793662029531668
1.849958983573929
0.10835459247294876
1.5576841938314057
1.238122764454825
1.2258028955819258
1.6768244170391355
1.4666130944717022
1.6138383530643146
1.937558223599109
2.9075516955259344
3.0370150686484934
3.1151381150152955
3.086509195618567
2.923598828209053
2.5207141305358896
1.462597727631363
0.40440556350572
0.3761503651677329
0.10055472768402929
1.2409993585839163
0.910057840314134
1.452801317325533
1.870220326296823
1.8727805072453618
1.4540384323328783
1.4317625569932915
0.345066162669212
0.5238552039073618
0.37787471937872574
1.1985630310901865
0.04078138803822462
0.7040010910488723
1.7411300485838441
1.9626259650617666
1.8989903181944208
1.6431319012840722
1.7675110162948104
0.9202555573768918
1.4634981174868504
1.3073646604111415
0.5840681781438404
1.1463318598943237
0.4320710299740216
1.4811028832459305
2.048512413187365
1.7257718636730333
1.823701416471797
1.8633837912459814
2.13790998183684
2.9338343855619122
2.5521838589848285
2.440768476306507
1.1722936855779396
0.7302481335409738
0.27203331761255534
1.8340390609467347
1.4518627149973204
1.4810849375839723
2.0736839754227323
1.6141734618657697
2.0279406861983498
2.4219264962205176
2.4127774276437273
1.7158099161951295
0.6788281152883928
0.6464552567974877
0.04178090149646785
1.9663710250592334
1.4796796998619723
2.13807457720963
1.5862687041641899
1.7991178162359622
1.9645712182685808
2.449181467751381
2.125084460517493
1.8462586567443335
0.04131379432307991
0.22144431920065433
0.6607824207319846
1.8938016877092216
1.4689844419103852
1.5179765491881023
1.4914072746771658
1.7437130328973567
1.5924145387609872
0.08725929560647838
0.5101164180856377
0.12272585625835575
0.5276084131106731
0.0794882206446057
0.683414279609873
1.3537240787582396
0.0018033451587338156
1.714337488444884
1.6834698997833584
1.8964430359530444
1.6812202560273344
0.9906618371326359
1.3407318127965335
1.0771328275132985
0.6200682499979058
0.9495750400257421
0.09617712751428353
1.423826371789947
1.3850897171829977
1.8430197141087652
1.5135539585020301
1.9503869566883887
1.6221996955440912
0.3684102564814533
0.6559766436002019
0.7184980621351365
0.9644080260928307
0.5763839987749853
0.9623332350862404
1.4118839262361673
1.2450521805436203
0.763657391046412
1.5915054355191225
1.7027041193686887
1.6510574327918366
1.4296949710942295
1.1832857572054039
0.5730456434634053
0.5569051500982298
1.0700240438925914
0.537307149903048
1.5234906691089831
1.376497862441921
1.4646255084740556
1.4772764280621373
1.7670243422010843
1.8512307641019439
0.40292252194677847
1.1263509671469065
1.026284933646846
0.23094273205822713
0.3393071477614322
0.37158812846391864
1.571029521757777
1.5639860982803828
1.5333263402690018
1.709059908864691
1.5300000581338922
1.7585945675245007
0.09954628682964595
0.8398416390589594
0.7605188454914025
0.4148397771402621
0.42326875308435863
0.014626734985655698
1.2359870990513824
1.4445706461256524
1.861850777732024
1.725497905830668
1.8286781149441473
1.5349717344764129
0.34857805030586153
1.1163155243814025
0.4942892531653631
0.6023850574850456
1.286532351430726
0.3843445222361064
1.8043954766664039
1.8701471910261813
1.5809158119508604
1.5965539589666087
1.7531791508580814
2.707758930500115
2.8424822337970865
