145.79706129032255 976.4455239431677 673917419.4 940079.9371390624 397.33870967741933
250.72363571428556 972.3376031974856 940079.9371390624 1610590.4348205996 250.61011904761904
1653.093796774193 972.3644236173928 1610590.4348205996 1577919947.3297238 983.9059139784946
258.57729333333333 977.2399039876003 1577919947.3297238 1636947.3509422122 802.9472222222222
480.74348064516096 972.3654778940377 1636947.3509422122 3058703.836134868 476.3306451612903
388.17198 972.4223481534453 3058703.836134868 2469773.8433044325 385.4222222222222
368.7338516129032 972.3987909537321 2469773.8433044325 2344436.0015880764 365.01881720430106
303.5549161290323 972.3937774400634 2344436.0015880764 1919272.8658274433 299.43548387096774
369.47578666666664 972.3767709146331 1919272.8658274433 2336840.504115383 363.8833333333333
381.7454935483871 972.3934736201646 2336840.504115383 2414905.81489561 375.741935483871
424.80637 972.3965962325958 2414905.81489561 2705941.795213287 421.86944444444447
447.0427806451613 972.4082376718085 2705941.795213287 2863373.9205033532 446.2983870967742
452.48501935483864 972.4145349568201 2863373.9205033532 2904331.901730155 452.5752688172043
613.1810857142858 972.4161732760692 2904331.901730155 3932047.8848882383 612.9375
267.094535483871 972.4572819153955 3932047.8848882383 1702490.8158374073 265.8467741935484
151.53975333333335 972.3680996326335 1702490.8158374073 953937.5720470331 148.25555555555556
346.6048677419355 972.3381575028818 953937.5720470331 2204378.5053302143 342.4005376344086
260.36126 972.3881751402132 2204378.5053302143 1652681.3763134317 257.7055555555556
369.8208193548387 972.3661072550525 1652681.3763134317 2348424.059851742 365.7983870967742
346.4647935483871 972.393936962394 2348424.059851742 2193949.2411882738 342.19086021505376
386.58968666666664 972.3877579696475 2193949.2411882738 2448814.107953397 381.03333333333336
375.5298870967742 972.3979525643181 2448814.107953397 2373675.7191014197 369.5940860215054
316.2054288888889 972.394947028764 2373675.7191014197 2014818.117503819 313.60555555555555
66.3328322580645 972.3805927247001 2014818.117503819 423118.28041900706 66.31451612903226
93.05438172043009 972.3169247312168 423118.28041900706 599811.1875731056 93.08333333333333
234.86526785714315 972.3239924475029 599811.1875731056 1510278.0989331822 234.65178571428572
394.0042118279566 972.3604111239573 1510278.0989331822 2518414.5069439933 391.4704301075269
230.86063333333334 972.4007365802777 2518414.5069439933 1462476.3129614075 227.60833333333332
378.558722580645 972.3584990525184 1462476.3129614075 2403163.691727065 374.43548387096774
267.48397 972.396126547669 2403163.691727065 1700103.7787538676 264.88055555555553
348.0538483870968 972.3680041511501 1700103.7787538676 2211520.05965626 344.1236559139785
297.9057322580645 972.3884608023862 2211520.05965626 1888065.8169670394 293.755376344086
356.81183666666664 972.3755226326787 1888065.8169670394 2255678.9787710817 351.2583333333333
368.5339548387097 972.3902271591509 2255678.9787710817 2324461.0476620276 362.55645161290323
402.39037 972.3929784419065 2324461.0476620276 2562654.147158819 399.4916666666667
373.33231505376347 972.4025061658863 2562654.147158819 2388620.4721323415 372.7258064516129
104.92337956989243 972.3955448188852 2388620.4721323415 674635.9999166565 105.65860215053763
299.88968571428614 972.3269854399966 674635.9999166565 1925395.888740307 299.5386904761905
295.234031182796 972.3770158355496 1925395.888740307 1882189.0552442377 293.1532258064516
192.29150333333334 972.3752875622098 1882189.0552442377 1210076.3554840866 188.93333333333334
385.51344516129 972.3484030542194 1210076.3554840866 2448947.8071791506 381.27150537634407
266.73870999999997 972.3979579122871 2448947.8071791506 1694923.6432915344 264.15555555555557
255.8099677419355 972.3677969457316 1694923.6432915344 1617319.5026388592 252.19892473118279
181.95526774193547 972.3646927801055 1617319.5026388592 1144698.1681262779 178.00537634408602
232.07081999999997 972.345787926725 1144698.1681262779 1455311.1195633088 226.73333333333332
299.9702451612903 972.3582124447825 1455311.1195633088 1890770.7392950498 293.9731182795699
383.99036 972.3756308295717 1890770.7392950498 2448063.605966067 380.98333333333335
408.4200483870968 972.3979225442387 2448063.605966067 2620609.8060955773 407.6774193548387
323.65834838709674 972.4048243922438 2620609.8060955773 2078838.6801642873 323.9623655913978
224.50506190476176 972.3831535472066 2078838.6801642873 1439961.67117344 224.93154761904762
161.96499569892484 972.3575984668469 1439961.67117344 1024612.3616802242 160.1048387096774
139.69749333333334 972.3409844944672 1024612.3616802242 877621.1356442642 136.19444444444446
341.6986193548387 972.3351048454257 877621.1356442642 2170274.9490386476 337.48387096774195
224.9712 972.3868109979616 2170274.9490386476 1426900.7211149582 222.41944444444445
378.5747290322581 972.3570760288445 1426900.7211149582 2403237.8734653764 374.43817204301075
366.75699999999995 972.3961295149386 2403237.8734653764 2329546.775828469 362.4274193548387
377.75382666666667 972.3931818710331 2329546.775828469 2389912.8305729707 372.2861111111111
51.809224731182795 972.3955965132229 2389912.8305729707 297869.1707685693 47.17741935483871
39.98207 972.3119147668307 297869.1707685693 240365.59139168626 37.486111111111114
48.7609516129032 972.3096146236556 240365.59139168626 308740.61857801373 48.126344086021504
115.27603548387094 972.3123496247431 308740.61857801373 742463.5576737463 115.20967741935483
207.67153571428528 972.3296985423069 742463.5576737463 1332277.5423868196 207.58928571428572
338.4708172043007 972.3532911016954 1332277.5423868196 2162271.536066829 336.0376344086022
157.24170333333333 972.3864908614427 2162271.536066829 991734.2638252521 154.11388888888888
349.3340258064516 972.339669370553 991734.2638252521 2221757.795467117 345.13440860215053
226.52103 972.3888703118187 2221757.795467117 1438351.105308014 223.98333333333332
372.58466129032263 972.3575340442123 1438351.105308014 2364930.741009669 368.4731182795699
364.8529806451613 972.3945972296403 2364930.741009669 2317460.7592023024 360.51612903225805
389.63606666666664 972.3926984303681 2317460.7592023024 2464053.841163588 384.1166666666667
254.78542688172047 972.3985621536465 2464053.841163588 1600486.5572512485 249.3494623655914
53.45492222222222 972.36401946229 1600486.5572512485 327796.35946262366 51.416666666666664
54.55196666666669 972.3131118543785 327796.35946262366 351819.207489075 53.93279569892473
70.32024838709674 972.3140727682995 351819.207489075 454015.55831568805 70.3763440860215
120.95548690476195 972.3181606223326 454015.55831568805 777386.2947912298 120.97916666666667
153.7612021505376 972.3310954517916 777386.2947912298 974779.6135150596 151.67741935483872
79.93895333333333 972.3389911845405 974779.6135150596 491809.89841423056 76.63055555555556
134.3960193548387 972.3196723959365 491809.89841423056 844287.9039762365 130.75537634408602
233.50169 972.333771516159 844287.9039762365 1479806.6807010234 230.4111111111111
123.08293655913982 972.359192267228 1479806.6807010234 773339.1719125874 119.84946236559139
47.31362903225806 972.3309335668764 773339.1719125874 278474.8649548857 43.54032258064516
34.909573333333334 972.3111389945982 278474.8649548857 195032.91071610968 30.030555555555555
31.25610322580645 972.3078013164286 195032.91071610968 167486.1721605356 25.88978494623656
39.20734 972.3066994468863 167486.1721605356 241930.1880456308 36.66111111111111
46.190435483871 972.3096772075218 241930.1880456308 295525.1391587133 45.56182795698925
94.17113548387094 972.3118210055663 295525.1391587133 605016.9620478802 94.15053763440861
240.17091071428527 972.3242006784819 605016.9620478802 1542719.6516558777 239.94642857142858
412.1241129032262 972.3617087860662 1542719.6516558777 2633519.269600558 409.5483870967742
282.8552233333333 972.405340770784 2633519.269600558 1791051.6405144192 279.4638888888889
431.147577419355 972.3716420656206 1791051.6405144192 2738848.003992372 426.96505376344084
287.20038 972.4095539201596 2738848.003992372 1826075.065037203 284.6611111111111
507.496864516129 972.3730430026014 1826075.065037203 3230111.117766792 503.06182795698925
350.816047311828 972.4292044447106 3230111.117766792 2222192.3310832824 346.85483870967744
386.27539 972.3888876932433 2222192.3310832824 2448078.319591273 380.73055555555555
373.0858451612903 972.3979231327836 2448078.319591273 2354189.455419553 367.16129032258067
400.06024 972.3941675782168 2354189.455419553 2547936.2537063044 397.18055555555554
415.2187677419355 972.4019174501482 2547936.2537063044 2660274.296463446 414.497311827957
507.5329451612905 972.4064109718585 2660274.296463446 3258735.6789874523 507.4166666666667
346.2992214285714 972.4303494271595 3258735.6789874523 2222604.670292265 346.8958333333333
344.7551247311833 972.3889041868117 2222604.670292265 2197571.6455002925 342.63709677419354
131.26099333333335 972.38790286582 2197571.6455002925 819104.9321597128 128.24166666666667
321.6461129032258 972.3327641972863 819104.9321597128 2043390.3781705964 317.47849462365593
237.73257999999998 972.3817356151268 2043390.3781705964 1510228.966207629 235.0888888888889
370.8760580645161 972.3604091586483 1510228.966207629 2358382.9708316564 366.7956989247312
365.20977419354836 972.3943353188332 2358382.9708316564 2314707.1116019404 360.8709677419355
387.9039633333333 972.3925882844641 2314707.1116019404 2456957.673923334 382.3888888888889
370.8282 972.3982783069569 2456957.673923334 2345232.866255147 364.9139784946237
62.266103333333334 972.3938093146502 2345232.866255147 384347.35976826516 60.486111111111114
46.2812193548387 972.3153738943906 384347.35976826516 299419.94416206283 45.704301075268816
60.864122580645144 972.3119767977664 299419.94416206283 395982.7063089184 60.92204301075269
112.21892142857138 972.3158393082523 395982.7063089184 722031.6447293404 112.24107142857143
134.62832688172045 972.3288812657892 722031.6447293404 854193.825285242 132.58064516129033
108.04239333333334 972.3341677530113 854193.825285242 675414.6301616249 104.58611111111111
312.4672741935484 972.3270165852065 675414.6301616249 1980024.1870213645 308.2795698924731
241.21332999999998 972.3792009674809 1980024.1870213645 1533525.4372973305 238.53333333333333
284.3827838709677 972.3613410174919 1533525.4372973305 1806227.0158790462 280.61021505376345
50.05807849462364 972.3722490806351 1806227.0158790462 299710.09442704974 46.65860215053763
34.791019999999996 972.311988403777 299710.09442704974 197866.58609810352 29.919444444444444
30.919667741935477 972.3079146634439 197866.58609810352 163709.58719224096 25.556451612903224
36.18152 972.3065483834877 163709.58719224096 220824.7518660677 33.644444444444446
47.8049870967742 972.3088329900746 220824.7518660677 306834.36029350094 47.163978494623656
82.79251290322584 972.3122733744117 306834.36029350094 537331.547475502 82.8010752688172
133.8988357142857 972.321493261899 537331.547475502 861978.1344491044 133.92261904761904
211.88466451612885 972.3344791253779 861978.1344491044 1345055.3193518005 209.65860215053763
155.76669333333334 972.353802212774 1345055.3193518005 978897.0730144315 152.33055555555555
354.4524967741935 972.3391558829205 978897.0730144315 2252265.419234935 350.23118279569894
274.78958 972.3900906167694 2252265.419234935 1742243.086361532 272.10555555555555
379.1517419354839 972.3696897234545 1742243.086361532 2411802.9840392233 375.1290322580645
363.638764516129 972.3964721193615 2411802.9840392233 2305922.7095244853 359.3252688172043
237.2731633333333 972.3922369083809 2305922.7095244853 1491261.2204510865 232.36111111111111
42.03907849462366 972.359650448818 1491261.2204510865 240797.61982095105 37.11021505376344
37.47457 972.3096319047928 240797.61982095105 226644.07828849583 34.96388888888889
47.7034516129032 972.3090657631315 226644.07828849583 307151.82909114944 47.064516129032256
117.55968387096775 972.3122860731636 307151.82909114944 759181.8410098393 117.48655913978494
200.11109642857127 972.3303672736404 759181.8410098393 1288291.550995438 200.05357142857142
294.4044645161294 972.3515316620397 1288291.550995438 1876074.1026730537 292.08870967741933
156.24092333333334 972.3750429641069 1876074.1026730537 980258.5335851833 153.00833333333333
325.6809193548387 972.3392103413433 980258.5335851833 2069958.0681873665 321.55913978494624
271.69986 972.3827983227275 2069958.0681873665 1730266.7864704623 268.9527777777778
367.5699129032258 972.3692106714587 1730266.7864704623 2336262.2852456844 363.5833333333333
356.9936193548387 972.3934504914098 2336262.2852456844 2266799.268952392 352.6747311827957
221.5610888888889 972.390671970758 2266799.268952392 1390578.8719261033 216.69722222222222
32.075953763440864 972.355623154877 1390578.8719261033 176427.34757277666 27.150537634408604
36.54877 972.3070570939028 176427.34757277666 219798.43280870153 34.016666666666666
54.3441903225806 972.3087919373123 219798.43280870153 349823.98858713475 53.685483870967744
127.37043870967744 972.3139929595435 349823.98858713475 821353.3734706184 127.29032258064517
198.01362500000027 972.3328541349388 821353.3734706184 1272816.4434987018 197.98809523809524
347.4032322580648 972.35091265774 1272816.4434987018 2216791.1758706123 344.9220430107527
201.71687333333335 972.3886716470348 2216791.1758706123 1273980.9848359162 198.45277777777778
383.614990322581 972.3509592393934 1273980.9848359162 2437394.672265547 379.4032258064516
259.06046 972.3974957868905 2437394.672265547 1648773.8547588524 256.4972222222222
298.3584096774194 972.3659509541903 1648773.8547588524 1895011.4493590225 294.5806451612903
161.57854838709676 972.3758004579744 1895011.4493590225 1013998.8092166797 157.80645161290323
319.36185333333333 972.3405599523686 1013998.8092166797 2016055.385043216 313.6222222222222
346.8011193548387 972.3806422154017 2016055.385043216 2186880.236426454 340.8225806451613
380.79752 972.3874752094571 2186880.236426454 2423338.873029193 377.9166666666667
315.7266784946236 972.3969335549211 2423338.873029193 2024785.8958734164 315.21505376344084
153.94107741935483 972.3809914358349 2024785.8958734164 988459.9590648297 154.4247311827957
243.10972976190521 972.3395383983626 988459.9590648297 1562511.114049513 243.03571428571428
352.56479677419367 972.362500444562 1562511.114049513 2246543.056989341 350.1774193548387
259.25164333333333 972.3898617222795 2246543.056989341 1641712.4230297313 255.79444444444445
413.038487096774 972.3656684969211 1641712.4230297313 2623278.903282739 408.86290322580646
191.64497 972.4049311561313 2623278.903282739 1214843.4926199445 189.37777777777777
395.4154397849462 972.3485937397047 1214843.4926199445 2515631.210091793 391.13978494623655
192.47771397849462 972.4006252484037 2515631.210091793 1210276.3539167538 188.8252688172043
120.54394333333332 972.3484110541566 1210276.3539167538 741181.8882705154 115.68055555555556
306.4267677419355 972.3296472755308 741181.8882705154 1931715.7080421112 300.13709677419354
327.9243 972.3772686283216 1931715.7080421112 2087663.0021357292 325.1166666666667
391.7113129032258 972.3835065200853 2087663.0021357292 2509006.201269778 390.8790322580645
417.02326129032264 972.4003602480508 2509006.201269778 2678377.7678431757 417.06451612903226
527.8542428571428 972.4071351107137 2678377.7678431757 3387790.6693169633 527.7380952380952
300.362893548387 972.4355116267726 3387790.6693169633 1916392.601287765 298.81182795698925
155.04682333333335 972.3766557040515 1916392.601287765 974448.4789510054 151.83333333333334
345.1549580645161 972.338977939158 974448.4789510054 2190563.14912489 340.96505376344084
270.93008 972.387622525965 2190563.14912489 1722057.7653885314 268.23333333333335
224.60197419354841 972.3688823106155 1722057.7653885314 1422050.075433691 221.10752688172042
239.99141935483874 972.3568820030173 1422050.075433691 1515159.0390863933 235.75806451612902
316.29393 972.3606063615634 1515159.0390863933 2000016.8367527644 310.7583333333333
350.3161806451613 972.3800006734701 2000016.8367527644 2209878.442807868 344.31720430107526
384.40863 972.3883951377123 2209878.442807868 2446111.62750466 381.525
153.6946193548387 972.3978444651002 2446111.62750466 986494.8594585699 153.61021505376345
182.33703225806485 972.3394597943783 986494.8594585699 1171305.927115315 182.36559139784947
425.98109642857156 972.3468522370846 1171305.927115315 2737193.9343667156 425.5059523809524
524.9932462365591 972.4094877573747 2737193.9343667156 3356346.118966705 522.5241935483871
321.0930633333333 972.4342538447587 3356346.118966705 2035129.0346315952 317.84444444444443
963.9136010752691 972.3814051613853 2035129.0346315952 12889856.009148456 954.6505376344086
1053.7177277777778 972.8024960002541 12889856.009148456 18417943.827945285 1047.075
611.5193129032258 972.9560539952207 18417943.827945285 3897187.0331554324 612.9005376344086
261.9353806451614 972.4558874813262 3897187.0331554324 1654299.5409288588 258.5456989247312
160.54724222222222 972.3661719816371 1654299.5409288588 1003052.1646704073 155.69166666666666
275.2995 972.3401220865868 1003052.1646704073 1727762.025935392 269.23655913978496
373.88332 972.3691104810374 1727762.025935392 2381369.290636488 370.84722222222223
396.3279451612903 972.3952547716254 2381369.290636488 2536655.1986866007 395.5940860215054
440.0304419354839 972.4014662079475 2536655.1986866007 2827876.222031712 440.0268817204301
585.7315964285718 972.4131150488812 2827876.222031712 3758574.2326815124 585.5267857142857
165.233235483871 972.4503429693073 3758574.2326815124 1052540.914620102 164.2258064516129
121.85390333333334 972.3421016365847 1052540.914620102 763657.8632369082 118.425
331.9960516129032 972.3305463145294 763657.8632369082 2110757.677292787 327.77150537634407
240.52593000000002 972.3844303070916 2110757.677292787 1525423.6812270123 237.9
338.4438 972.361016947249 1525423.6812270123 2151407.6252906392 334.48118279569894
299.5220741935484 972.3860563050116 2151407.6252906392 1896769.099051196 295.3440860215054
345.67780666666664 972.375870763962 1896769.099051196 2185063.0039232657 340.1722222222222
361.348135483871 972.3874025201569 2185063.0039232657 2278690.677143569 355.3736559139785
259.4601088888889 972.3911476270857 2278690.677143569 1652873.3307697005 257.0083333333333
51.231993548387095 972.3661149332307 1652873.3307697005 324517.12034678494 51.11827956989247
97.77723225806454 972.3129806848139 324517.12034678494 630469.6669289336 97.75806451612904
134.18792142857137 972.3252187866772 630469.6669289336 862507.7860130003 134.25
260.81832365591447 972.3345003114405 862507.7860130003 1663645.0643797743 258.44354838709677
209.17529333333334 972.3665458025752 1663645.0643797743 1319749.5258195985 205.67222222222222
394.956206451613 972.3527899810327 1319749.5258195985 2507807.029929941 390.7231182795699
237.03211 972.4003122811972 2507807.029929941 1506757.4791074346 234.56944444444446
289.5044806451613 972.3602702991643 1506757.4791074346 1838649.033622878 285.7043010752688
145.67781935483868 972.3735459613449 1838649.033622878 909426.5864003955 141.94354838709677
123.24545666666668 972.336377063456 909426.5864003955 757732.8012281167 118.25555555555556
217.9083193548387 972.330309312049 757732.8012281167 1366526.465032473 211.98655913978496
352.88054999999997 972.3546610586012 1366526.465032473 2243725.921058463 349.775
403.5590838709677 972.3897490368423 2243725.921058463 2589594.043834752 402.752688172043
265.4566559139785 972.4035837617533 2589594.043834752 1704613.4726244074 265.88709677419354
162.88817142857144 972.368184538905 1704613.4726244074 1049311.836895419 163.31845238095238
245.624422580645 972.3419724734758 1049311.836895419 1564757.309977514 243.36559139784947
179.54799333333335 972.3625902923991 1564757.309977514 1133076.6043235054 176.11111111111111
374.649829032258 972.3453230641729 1133076.6043235054 2379761.360044904 370.4166666666667
191.3802 972.3951904544018 2379761.360044904 1214723.797743645 189.01944444444445
196.8159774193548 972.3485889519097 1214723.797743645 1244449.6085045724 193.2284946236559
46.58269032258064 972.3497779843401 1244449.6085045724 276775.54216443177 42.986559139784944
42.233713333333334 972.3110710216865 276775.54216443177 241583.2683184305 37.325
148.897064516129 972.3096633307327 241583.2683184305 919623.9397101018 143.06720430107526
340.37306 972.3367849575884 919623.9397101018 2170595.473371019 337.1333333333333
391.9164193548387 972.3868238189348 2170595.473371019 2507574.689776358 391.11559139784947
439.06326129032254 972.400302987591 2507574.689776358 2814622.2119211107 439.0537634408602
361.46015714285727 972.4125848884768 2814622.2119211107 2320783.3942721398 361.8333333333333
145.82137096774193 972.3928313357709 2320783.3942721398 927416.2297295375 144.33602150537635
98.87381333333335 972.3370966491891 927416.2297295375 611128.2681577251 95.48055555555555
312.9267193548387 972.3244451307263 611128.2681577251 1986041.5508291097 308.7123655913978
222.9187 972.3794416620332 1986041.5508291097 1413593.312506423 220.30277777777778
362.6729774193548 972.3565437325002 1413593.312506423 2302954.303495733 358.5860215053763
200.82655161290322 972.3921181721398 2302954.303495733 1263378.780072648 197.06451612903226
42.79055888888889 972.3505351512028 1263378.780072648 248267.30470641298 38.25833333333333
33.122347311827966 972.3099306921882 248267.30470641298 177942.99159975647 27.768817204301076
38.91431 972.3071177196639 177942.99159975647 235109.13076557874 36.375
53.8782419354839 972.3094043652305 235109.13076557874 341401.8873492017 53.22849462365591
