149.79706129032255 976.4455239431677 673917419.4 966829.4042914109 401.3440860215054
251.72363571428556 972.3386731761716 966829.4042914109 1615858.4865941114 251.61904761904762
312.585732258064 972.3646343394637 1615858.4865941114 1996706.4118863817 310.3360215053763
271.57729333333333 972.3798682564754 1996706.4118863817 1718933.8509496104 267.98055555555555
928.4692870967739 972.3687573540379 1718933.8509496104 10840631.869144758 920.0483870967741
883.2414244444444 972.7433596612143 10840631.869144758 9051666.057330143 880.1694444444445
722.9730989247312 972.6688194190554 9051666.057330143 4614029.440407154 720.4811827956989
400.1731956989247 972.4845611776162 4614029.440407154 2538484.7059796522 396.5483870967742
218.27300888888888 972.4015393882391 2538484.7059796522 1367634.592694208 213.52777777777777
150.23742903225806 972.3547053837077 1367634.592694208 933040.266202248 144.81989247311827
124.09803666666667 972.337321610648 933040.266202248 779122.0989911039 121.57222222222222
139.04278064516132 972.3311648839596 779122.0989911039 893471.6731648942 138.3736559139785
155.97426666666664 972.3357388669266 893471.6731648942 1004567.00281518 156.02956989247312
370.19299047619063 972.3401826801125 1004567.00281518 2378129.4297601143 369.79464285714283
399.47087956989253 972.3951251771904 2378129.4297601143 2553193.1296821265 397.244623655914
618.3175311111111 972.4021277251873 2553193.1296821265 3942025.067370987 613.7
618.1371258064516 972.4576810026948 3942025.067370987 3939305.5088627664 614.1075268817204
440.78070444444444 972.4575722203545 3939305.5088627664 2810285.560961372 438.19444444444446
243.54393763440856 972.4124114224385 2810285.560961372 1542893.6700707078 240.38978494623655
140.87339569892478 972.3617157468028 1542893.6700707078 880211.6558989814 137.04569892473117
110.6869088888889 972.3352084662359 880211.6558989814 677527.7162331283 105.73611111111111
89.5809623655914 972.3271011086492 677527.7162331283 541023.1686727853 84.15591397849462
92.91654 972.3216409267469 541023.1686727853 578851.3145852851 90.34166666666667
109.8570258064516 972.3231540525834 578851.3145852851 700307.6406969107 109.19086021505376
135.69685483870967 972.3280123056278 700307.6406969107 873180.6239762147 135.7284946236559
234.6956250000003 972.334927224959 873180.6239762147 1510046.3614683056 234.5952380952381
333.095609677419 972.3604018544587 1510046.3614683056 2121355.0704583814 330.747311827957
650.013411111111 972.3848542028184 2121355.0704583814 4144700.1352222776 645.1166666666667
951.7334537634406 972.4657880054089 4144700.1352222776 12153382.927030945 943.5994623655914
717.8506366666667 972.7820384146397 12153382.927030945 4586066.975224085 717.5055555555556
355.0457838709678 972.4834426790089 4586066.975224085 2251831.6702231998 352.1693548387097
158.96487204301073 972.3900732668089 2251831.6702231998 995274.3475808463 155.33602150537635
113.26739222222223 972.3398109739032 995274.3475808463 695645.5644938791 108.35
87.60384731182798 972.3278258225797 695645.5644938791 528626.6278461727 82.19354838709677
97.39037 972.3211450651138 528626.6278461727 611695.8327326687 94.79444444444445
107.4237129032258 972.3244678333093 611695.8327326687 689775.2944732689 106.7741935483871
139.32929354838706 972.3275910117788 689775.2944732689 893655.2264949131 139.3494623655914
296.5950428571433 972.3357462090597 893655.2264949131 1906442.568342122 296.3422619047619
249.3119881720433 972.3762577027337 1906442.568342122 1585750.0991408038 247.36290322580646
806.1970588888889 972.3634300039656 1585750.0991408038 5894616.573978562 800.1472222222222
654.779574193548 972.5372756905824 5894616.573978562 4177644.5239067473 651.3494623655914
591.6525988888889 972.4671057809562 4177644.5239067473 3775038.7783792997 588.6583333333333
382.24007526881724 972.4510015511352 3775038.7783792997 2430865.197226216 378.96505376344084
183.11118172043007 972.397234607889 2430865.197226216 1147100.9824146258 179.46236559139786
122.49026444444445 972.3458840392966 1147100.9824146258 754096.086109627 117.59444444444445
89.08852473118279 972.3301638434443 754096.086109627 538895.2185204272 83.69354838709677
95.99036 972.3215558087408 538895.2185204272 603324.0403916016 93.40277777777777
106.4200483870968 972.3241329616156 603324.0403916016 679312.7195127225 105.77150537634408
142.7148 972.3271725087804 679312.7195127225 922403.6886728809 142.72043010752688
235.43958571428556 972.3368961475469 922403.6886728809 1515945.2466391993 235.35714285714286
178.008006451613 972.3606378098656 1515945.2466391993 1131808.5660646302 176.1263440860215
558.2002711111111 972.3452723426426 1131808.5660646302 3554386.002334857 553.25
413.4029204301075 972.4421754400934 3554386.002334857 2628806.6095953174 409.93817204301075
396.4628666666667 972.4051522643838 2628806.6095953174 2523968.321252355 393.51944444444445
219.76827741935486 972.4009587328501 2523968.321252355 1386410.3927454136 216.59139784946237
124.46667741935482 972.3554564157098 1386410.3927454136 776725.4729038978 120.63978494623656
88.15660444444445 972.3310690189161 776725.4729038978 536153.3181410118 83.25555555555556
81.77965483870967 972.3214461327256 536153.3181410118 492343.59360564494 76.33333333333333
87.98207 972.3196937437442 492343.59360564494 551814.6181165781 85.40277777777777
96.7609516129032 972.3220725847247 551814.6181165781 617067.4184195434 96.11827956989248
158.9211967741935 972.3246826967368 617067.4184195434 1025446.212203908 158.86559139784947
255.1715357142853 972.3410178484881 1025446.212203908 1642434.076413137 255.08035714285714
234.78264516129 972.3656973630565 1642434.076413137 1497453.0202252003 232.7768817204301
564.6000366666667 972.359898120809 1497453.0202252003 3598429.215256058 559.7666666666667
597.7990795698925 972.4439371686102 3598429.215256058 3807408.9485002714 593.7123655913979
456.6515855555555 972.45229635794 3807408.9485002714 2913835.8383652726 453.9611111111111
246.47175806451617 972.4165534335345 2913835.8383652726 1559715.2722779287 243.34677419354838
125.12179784946241 972.3623886108911 1559715.2722779287 779860.5822762056 121.35752688172043
90.73884444444445 972.331194423291 779860.5822762056 554563.3010990493 85.82777777777778
85.669835483871 972.3221825320439 554563.3010990493 515637.3372184983 80.21505376344086
96.4077 972.3206254934887 515637.3372184983 602472.0242162405 93.81111111111112
104.5062677419355 972.3240988809686 602472.0242162405 672760.7802331831 103.86021505376344
113.9331516129032 972.3269104312093 672760.7802331831 735208.8465307297 114.00537634408602
137.60429642857147 972.3294083538611 735208.8465307297 887752.8085538871 137.69940476190476
107.1590516129032 972.3355101123421 887752.8085538871 679258.2065082956 105.25537634408602
85.93895333333333 972.3271703282603 679258.2065082956 532566.9321646251 82.49444444444444
147.3960193548387 972.3213026772866 532566.9321646251 926761.7481341397 143.7258064516129
128.98224555555555 972.3370704699254 926761.7481341397 812430.0673108395 126.26944444444445
88.78454946236559 972.3324972026924 812430.0673108395 551203.5241448599 85.42204301075269
79.21685483870968 972.3220481409658 551203.5241448599 482970.9497245723 75.24462365591398
86.40957333333333 972.3193188379889 482970.9497245723 523843.92636772915 81.40277777777777
78.25610322580646 972.3209537570547 523843.92636772915 468764.6530475219 72.81989247311827
87.20734 972.3187505861218 468764.6530475219 544900.3976832811 84.62222222222222
96.190435483871 972.3217960159072 544900.3976832811 615965.4798955309 95.54569892473118
138.7840387096774 972.3246386191958 615965.4798955309 892993.6468861726 138.7768817204301
289.885196428571 972.3357197458754 892993.6468861726 1865331.3069403921 289.6488095238095
392.075725806452 972.3746132522776 1865331.3069403921 2506396.3959197053 389.6801075268817
546.14689 972.4002558558368 2506396.3959197053 3476716.3478980265 541.7694444444444
1199.7846741935487 972.4390686539159 3476716.3478980265 32761287.554378986 1181.8145161290322
914.9698244444444 973.335483808054 32761287.554378986 10347452.636922376 919.6722222222222
541.7844989247312 972.7228105265384 10347452.636922376 3450151.67068144 540.4059139784946
218.50959569892473 972.4380060668273 3450151.67068144 1378904.0572027918 215.11021505376345
129.75594555555557 972.355156162288 1378904.0572027918 802397.3563182222 124.91944444444445
86.263264516129 972.3320958942527 802397.3563182222 520714.4820938989 80.89784946236558
93.06024 972.3208285792837 520714.4820938989 585050.9053680575 90.475
102.2187677419355 972.3234020362147 585050.9053680575 656900.3679122354 101.5725806451613
197.27488064516155 972.3262760147164 656900.3679122354 1266812.139112146 197.1451612903226
297.94207857142857 972.3506724855645 1266812.139112146 1916915.2976337888 297.8392857142857
450.98361935483916 972.3766766119053 1916915.2976337888 2876995.4486036035 448.43279569892474
754.513771111111 972.4150798179442 2876995.4486036035 4814359.152891202 749.5361111111112
689.1488010752688 972.4925743661156 4814359.152891202 4392522.793075235 685.1989247311828
356.08535777777774 972.475700911723 4392522.793075235 2265937.0270435438 353.9555555555556
146.846488172043 972.3906374810817 2265937.0270435438 921746.5032174184 143.8252688172043
87.31998924731184 972.3368698601287 921746.5032174184 540611.6383422173 83.45430107526882
86.73729666666667 972.3216244655337 540611.6383422173 529400.973608986 81.75
80.8282 972.3211760389444 529400.973608986 483099.77181980555 75.38440860215054
87.30777 972.3193239908727 483099.77181980555 545699.986241277 84.72777777777777
93.2812193548387 972.3218279994496 545699.986241277 595001.9501843753 92.64516129032258
102.54154193548385 972.3238000780074 595001.9501843753 658863.9857812251 102.61290322580645
158.61177857142854 972.3263545594313 658863.9857812251 1019165.5373972086 158.6220238095238
167.6417677419355 972.3407666214958 1019165.5373972086 1068190.5450098538 165.6048387096774
116.04239333333334 972.3427276218003 1068190.5450098538 722593.9317518369 112.64166666666667
334.4672741935484 972.32890375727 722593.9317518369 2122168.147653925 330.2204301075269
158.6522188888889 972.3848867259061 2122168.147653925 999731.3864981777 156.30277777777778
108.53869784946238 972.3399892554598 999731.3864981777 678008.4165812705 105.1774193548387
81.68711075268817 972.3271203366633 678008.4165812705 499923.7823906884 77.75268817204301
81.05768666666667 972.3199969512956 499923.7823906884 492638.8193229503 76.07777777777778
76.91966774193548 972.3197055527729 492638.8193229503 464362.0274275456 71.4758064516129
85.18152 972.318574481097 464362.0274275456 535348.7424392872 82.6
96.8049870967742 972.3214139496976 535348.7424392872 617738.3572406291 96.15591397849462
126.43767419354842 972.3247095342896 617738.3572406291 815686.1543161016 126.45967741935483
183.6131214285714 972.3326274461726 815686.1543161016 1182172.8509223436 183.6220238095238
224.674987096774 972.3472869140369 1182172.8509223436 1428116.6049926232 222.52956989247312
165.76669333333334 972.3571246641997 1428116.6049926232 1040840.9535367853 162.32777777777778
466.46324946236547 972.3416336381414 1040840.9535367853 2970725.0215144097 461.8763440860215
449.80624666666665 972.4188290008606 2970725.0215144097 2868139.003966075 446.81666666666666
262.2646451612904 972.4147255601587 2868139.003966075 1662712.621673577 259.06720430107526
116.59306559139786 972.3665085048669 1662712.621673577 726226.6615297176 112.89784946236558
90.67038555555555 972.3290490664612 726226.6615297176 554278.4736616744 85.7388888888889
78.22993870967741 972.3221711389464 554278.4736616744 472394.6246021158 72.80376344086021
86.42457 972.3188957849841 472394.6246021158 544336.8863697888 83.84166666666667
97.7034516129032 972.3217734754547 544336.8863697888 627903.2927836137 97.05376344086021
162.17258709677418 972.3251161317113 627903.2927836137 1040260.2950798939 162.11559139784947
250.93252499999986 972.3416104118031 1040260.2950798939 1611336.1461857592 250.86011904761904
202.557690322581 972.3644534458474 1611336.1461857592 1291150.3025699956 200.63709677419354
491.8214788888889 972.3516460121027 1291150.3025699956 3127677.475798006 487.1694444444444
468.2750053763441 972.425107099032 3127677.475798006 2983553.8196413056 464.4596774193548
435.7804155555556 972.4193421527856 2983553.8196413056 2779967.123533812 432.84166666666664
153.4919559139785 972.4111986849414 2779967.123533812 963212.6700145246 150.63978494623655
80.97749032258059 972.3385285068006 963212.6700145246 499362.81883380417 77.15053763440861
81.93886666666667 972.3199745127533 499362.81883380417 497248.62924850814 76.95555555555555
78.06251290322581 972.3198899451698 497248.62924850814 471870.15997597005 72.61559139784946
99.54877 972.318874806399 471870.15997597005 622804.4422495046 96.925
108.3441903225806 972.32491217769 622804.4422495046 696222.1903055081 107.69623655913979
172.95108387096775 972.3278488876122 696222.1903055081 1113759.110767493 172.89247311827958
248.83505357142886 972.3445503644307 1113759.110767493 1600020.64173349 248.79761904761904
262.209683870968 972.3640008256693 1600020.64173349 1668371.476427066 260.10752688172045
495.06131777777784 972.366734859057 1668371.476427066 3152462.882610722 490.5416666666667
718.37305483871 972.4260985153044 3152462.882610722 4580911.584533208 713.7016129032259
614.9549044444444 972.4832364633813 4580911.584533208 3923989.2192440215 612.0388888888889
366.42561397849465 972.4569595687698 3923989.2192440215 2330092.4916519066 363.26075268817203
144.91188172043013 972.3932036996661 2330092.4916519066 906424.0525075477 141.36290322580646
96.23129777777778 972.3362569621003 906424.0525075477 589122.5782759482 91.34722222222223
82.81456021505376 972.323564903131 589122.5782759482 497126.3419605908 77.38440860215054
90.79752 972.3198850536784 497126.3419605908 569300.5388107089 88.21111111111111
111.1675387096774 972.3227720215524 569300.5388107089 715344.2416885045 110.49193548387096
198.58623870967742 972.3286137696675 715344.2416885045 1273706.862450779 198.4758064516129
264.53532500000046 972.350948274498 1273706.862450779 1699087.7249373146 264.5238095238095
427.01640967741946 972.3679635089975 1699087.7249373146 2728831.003404825 424.4543010752688
782.91831 972.4091532401362 2728831.003404825 4992926.034759557 777.7833333333333
903.3126806451611 972.4997170413903 4992926.034759557 9820669.954399353 896.6344086021505
831.0171922222223 972.7008612481 9820669.954399353 6947192.850331906 828.5944444444444
480.8186655913978 972.5811330354304 6947192.850331906 3062118.667072389 478.38440860215053
213.47771397849462 972.4224847466829 3062118.667072389 1347596.2498239155 209.9516129032258
135.54394333333332 972.3539038499929 1347596.2498239155 839287.2056088371 130.67222222222222
90.81386451612906 972.3335714882243 839287.2056088371 550164.2781283258 85.44354838709677
93.9243 972.3220065711251 550164.2781283258 591632.3964332306 91.34722222222223
103.7113129032258 972.3236652958573 591632.3964332306 664365.0253588494 103.06451612903226
115.44261612903233 972.3265746010143 664365.0253588494 745083.3468159161 115.50806451612904
167.60424285714288 972.3298033338726 745083.3468159161 1081011.3169733128 167.625
302.362893548387 972.3432404526789 1081011.3169733128 1926145.2947303585 299.9462365591398
290.5829344444445 972.3770458117892 1926145.2947303585 1839815.1333573784 286.89166666666665
816.109259139785 972.3735926053342 1839815.1333573784 6298481.192544953 810.0564516129032
447.38007999999996 972.5541033830227 6298481.192544953 2853826.8253742163 445.68055555555554
230.60466236559142 972.414153073015 2853826.8253742163 1455203.5804080223 227.51344086021504
112.21184946236562 972.3582081432163 1455203.5804080223 693503.696166583 108.45698924731182
87.76059666666667 972.3277401478466 693503.696166583 536704.0385994093 82.82777777777778
80.3161806451613 972.321468161544 536704.0385994093 481894.47636808915 74.8763440860215
88.40863 972.3192757790547 481894.47636808915 551657.0102015265 85.825
118.6946193548387 972.322066280408 551657.0102015265 759184.0047463428 117.99462365591398
226.01445161290354 972.3303673601898 759184.0047463428 1451431.9367521994 225.8548387096774
430.23109642857156 972.35805727747 1451431.9367521994 2758635.3124906216 429.86309523809524
690.8615258064515 972.4103454124996 2758635.3124906216 4416139.129952412 687.9032258064516
1355.5819522222223 972.476645565198 4416139.129952412 55043189.12926344 1326.236111111111
1523.2818806451614 973.7819248301447 55043189.12926344 87245819.22593853 1497.6478494623657
1065.7205055555555 974.2400765687623 87245819.22593853 19144890.536470976 1087.138888888889
636.5166247311828 972.9762469593464 19144890.536470976 4057471.159636436 638.0806451612904
285.9353806451614 972.4622988463855 4057471.159636436 1806255.6297810918 282.51881720430106
178.54724222222222 972.3722502251912 1806255.6297810918 1118339.3881961792 173.67777777777778
118.85863978494623 972.3447335755278 1118339.3881961792 727395.3252446878 113.47849462365592
105.95554222222222 972.3290958130098 727395.3252446878 666498.1950986158 103.40833333333333
116.3279451612903 972.3266599278039 666498.1950986158 742684.7332261389 115.6774193548387
144.25624838709678 972.329707389329 742684.7332261389 931310.3868992693 144.28225806451613
227.80302500000045 972.337252415476 931310.3868992693 1467190.4981058638 227.74404761904762
296.8111924731183 972.3586876199242 1467190.4981058638 1894620.350311747 294.5537634408602
527.82057 972.3757848140125 1894620.350311747 3360122.815064452 523.2722222222222
474.10089032258065 972.4344049126025 3360122.815064452 3020667.528947368 470.35215053763443
331.1453744444445 972.4208267011579 3020667.528947368 2106302.2159626004 328.56944444444446
186.78519784946238 972.3842520886385 2106302.2159626004 1174323.957724002 183.56720430107526
109.06239677419359 972.3469729583089 1174323.957724002 678247.6037083677 105.21236559139786
90.19169555555555 972.3271299041483 678247.6037083677 549364.6489722235 85.24444444444444
83.34813548387098 972.3219745859589 549364.6489722235 501471.33903854835 77.90053763440861
95.12122 972.3200588535615 501471.33903854835 597280.7380473703 92.52222222222223
100.2319935483871 972.3238912295219 597280.7380473703 640766.8537776297 99.59677419354838
140.45465161290326 972.3256306741511 640766.8537776297 906894.1098862016 140.4516129032258
179.58077857142854 972.3362757643954 906894.1098862016 1158667.981480305 179.63690476190476
224.452732258065 972.3463467192591 1158667.981480305 1428930.1788418868 222.2983870967742
366.15584888888884 972.3571572071536 1428930.1788418868 2326918.9235822023 362.0027777777778
612.8782494623656 972.3930767569433 2326918.9235822023 3908252.767036575 608.263440860215
648.8043322222222 972.4563301106815 3908252.767036575 4141005.880105424 645.5166666666667
409.5985666666667 972.4656402352042 4141005.880105424 2604896.234310555 406.36559139784947
177.55416344086018 972.4041958493724 2604896.234310555 1114765.3719082077 173.98924731182797
110.17045666666667 972.3445906148763 1114765.3719082077 677023.6536583204 105.31111111111112
87.94326559139783 972.3270809461463 677023.6536583204 531807.075518741 82.5241935483871
95.88055 972.3212722830207 531807.075518741 599860.998320655 93.29166666666667
103.5590838709677 972.3239944399328 599860.998320655 660925.5174834162 102.91666666666667
143.55880645161292 972.3264370206992 660925.5174834162 925467.1758210934 143.55645161290323
187.00424285714286 972.3370186870328 925467.1758210934 1201748.8578550722 187.05059523809524
244.624422580645 972.3480699543142 1201748.8578550722 1560334.9001923685 242.4247311827957
414.16466 972.3624133960077 1560334.9001923685 2633531.3851761073 409.89166666666665
657.5584311827956 972.405341255407 2633531.3851761073 4194171.723303837 652.9032258064516
540.9107555555556 972.4677668689321 4194171.723303837 3448764.4991746065 538.0916666666667
337.6654397849462 972.4379505799669 3448764.4991746065 2141450.878218273 334.4247311827957
158.13914193548388 972.3856580351287 2141450.878218273 987514.6539438039 154.4731182795699
98.76426888888889 972.3395005861577 987514.6539438039 601086.1573719392 93.90277777777777
86.90781720430104 972.3240434462948 601086.1573719392 524166.6444808334 81.46505376344086
94.37306 972.3209666657792 524166.6444808334 590190.2006069897 91.78611111111111
105.9164193548387 972.3236076080242 590190.2006069897 678346.6028425143 105.26344086021506
140.38584193548385 972.3271338641136 678346.6028425143 904168.8193006286 140.3978494623656
189.12087142857158 972.336166752772 904168.8193006286 1218046.3061745989 189.15178571428572
163.8616935483871 972.348721852247 1218046.3061745989 1041348.6529668393 161.91129032258064
317.95714666666663 972.3416539461186 1041348.6529668393 2014482.3543075793 313.8277777777778
335.14177311827956 972.3805792941723 2014482.3543075793 2128617.800123618 331.3736559139785
235.25203333333334 972.385144712005 2128617.800123618 1492989.9967426744 232.65
113.01168709677415 972.3597195998697 1492989.9967426744 703915.549029724 109.81989247311827
82.55504623655915 972.3281566219612 703915.549029724 507641.2426247638 78.6263440860215
84.68500333333333 972.320305649705 507641.2426247638 513178.0963756727 79.69444444444444
80.11697096774193 972.320527123855 513178.0963756727 480280.82673117024 74.66935483870968
90.91431 972.3192112330692 480280.82673117024 566908.6847795004 88.32222222222222
103.8782419354839 972.3226763473912 566908.6847795004 661862.0292925297 103.22311827956989
