151.79706129032255 976.4455239431677 673917419.4 977828.9254136381 404.2956989247312
252.72363571428556 972.3391131570165 977828.9254136381 1626976.2013642222 252.61904761904762
273.585732258064 972.3650790480546 1626976.2013642222 78824763.33440359 240.0
347.3106266666666 974.1292732017685 78824763.33440359 294808197.0075911 235.0
904.2273516129029 975.6169419007632 294808197.0075911 1370891650.121446 341.4731182795699
888.2414244444444 977.1157118477033 1370891650.121446 1384472854.0236223 711.3111111111111
728.9730989247312 977.1238589406261 1384472854.0236223 1326878497.2238557 537.239247311828
408.1731956989247 977.0893092364871 1326878497.2238557 1117665487.7962453 255.8763440860215
233.81189777777777 976.9426478020877 1117665487.7962453 564865670.2930884 246.0
218.7454935483871 976.2761889290266 564865670.2930884 151977979.47472507 288.0
235.80637000000002 974.8592029646463 151977979.47472507 1498929.8273385724 287.59166666666664
254.04278064516132 972.3599571930935 1498929.8273385724 1626083.0352679938 253.34677419354838
261.2592129032258 972.3650433214107 1626083.0352679938 1680709.1612571261 261.33870967741933
381.46680000000015 972.3672283664503 1680709.1612571261 290680576.12738556 262.9970238095238
211.094535483871 975.6017668239978 290680576.12738556 165458033.72121063 239.0
405.33419777777783 974.964515888447 165458033.72121063 465575710.29848224 236.0
624.1371258064516 976.085151420597 465575710.29848224 1127527253.1087701 237.0
447.78070444444444 976.9520221037155 1127527253.1087701 1255554597.2456834 241.74444444444444
250.54393763440856 977.0465234536567 1255554597.2456834 803100853.674919 248.13440860215053
213.4056537634409 976.6208856003941 803100853.674919 313488242.0981115 290.0
220.82301999999999 975.6856185371255 313488242.0981115 1387362.635858115 317.5527777777778
209.5298870967742 972.3554945054343 1387362.635858115 1307308.7023584964 203.8790322580645
212.91654 972.3522923480944 1307308.7023584964 1349352.1559230306 210.24444444444444
229.8570258064516 972.3539740862369 1349352.1559230306 1473841.2486412989 229.16666666666666
257.63233870967736 972.3589536499456 1473841.2486412989 1656361.0327700244 257.6639784946237
371.9813392857146 972.3662544413107 1656361.0327700244 233509499.44857678 276.9434523809524
303.095609677419 975.3582187473489 233509499.44857678 337750901.00254995 239.0
332.5939666666667 975.7683448396808 337750901.00254995 422963438.79898465 235.0
545.4700129032257 975.9999006489103 422963438.79898465 933560199.1310713 235.0
723.8506366666667 976.7676427748394 933560199.1310713 1337916047.8354888 408.825
362.0457838709678 977.0959304426128 1337916047.8354888 1090771784.1424284 257.2016129032258
213.60734516129028 976.9170834450023 1090771784.1424284 562776071.1915195 251.0
217.97850333333332 976.2729442099247 562776071.1915195 173598439.16267672 287.0
226.5339548387097 975.0219417022115 173598439.16267672 1416614.9819246074 277.55645161290323
214.39037 972.356664599277 1416614.9819246074 1358738.550444527 211.75555555555556
226.4237129032258 972.3543495420178 1358738.550444527 1447564.8004357996 225.747311827957
258.36155161290316 972.3579025920174 1447564.8004357996 1660862.3719167453 258.3817204301075
431.66647142857187 972.3664344948767 1660862.3719167453 269645609.42361784 321.8125
209.486719354839 975.5244323875869 269645609.42361784 142834466.60901615 240.0
230.55817 974.7877692703829 142834466.60901615 89089961.29845247 234.0
521.0618322580642 974.261847405418 89089961.29845247 676014966.9712694 234.0
597.6525988888889 976.4487810046138 676014966.9712694 1270140285.775657 236.70555555555555
389.24007526881724 977.055273116842 1270140285.775657 1141403937.185475 237.8709677419355
215.57623548387096 976.965212868047 1141403937.185475 626669438.0180677 237.0
218.63748666666666 976.3721575124505 626669438.0180677 302280046.1334595 235.0
218.9702451612903 975.6444119343142 302280046.1334595 128669025.0371671 236.0
207.99036 974.6636020836775 128669025.0371671 31656642.510198012 236.0
218.4200483870968 973.3103782388681 31656642.510198012 1397711.9469514717 228.8709677419355
255.97286451612905 972.3559084778781 1397711.9469514717 1642559.5122809242 255.9811827956989
367.1895857142856 972.3657023804913 1642559.5122809242 258291633.0207886 261.98214285714283
149.008006451613 975.4773636202922 258291633.0207886 944326.888213247 234.53763440860214
257.96416 972.3377730755285 944326.888213247 46862836.57665118 233.75833333333333
371.6986193548387 973.6319776264742 46862836.57665118 334778306.3020141 234.0
232.9712 975.7602671366902 334778306.3020141 242680171.07949996 234.0
217.5747290322581 975.4023085148053 242680171.07949996 128603230.478939 234.0
204.6602258064516 974.6629928748049 128603230.478939 12007031.27517763 235.0
211.97882666666666 972.7779730909772 12007031.27517763 1330772.539226101 210.74722222222223
200.77965483870966 972.353230901569 1330772.539226101 1254494.403698594 195.14247311827958
201.98207 972.3501797761479 1254494.403698594 1280091.9033773255 199.325
209.7609516129032 972.351203676135 1280091.9033773255 1344793.5696177431 209.09677419354838
275.0824870967742 972.3537917427847 1344793.5696177431 1769558.4764223793 275.0241935483871
390.24296428571387 972.3707823390569 1769558.4764223793 241554379.10836017 291.95238095238096
203.78264516129 975.3968960534056 241554379.10836017 97049427.89788035 244.0
235.50836999999999 974.3483633467162 97049427.89788035 37651474.10535985 247.0
379.3340258064516 973.4466244114855 37651474.10535985 302042980.7266793 254.0
231.52103 975.6435403703186 302042980.7266793 131002829.34446028 273.0
220.5846612903226 974.685211382819 131002829.34446028 1392148.7607773344 260.51075268817203
207.56265806451617 972.355685950431 1392148.7607773344 1309311.0574339675 203.43548387096774
216.60273333333333 972.3523724422973 1309311.0574339675 1361692.308853863 211.38888888888889
207.669835483871 972.3544676923541 1361692.308853863 1298037.6999523176 202.01612903225808
214.4077 972.3519215079981 1298037.6999523176 1364321.7146617225 211.725
222.5062677419355 972.3545728685864 1364321.7146617225 1424268.5241829678 221.84139784946237
233.93315161290317 972.3569707409673 1424268.5241829678 1503411.2483966858 234.002688172043
275.9971535714286 972.3601364499358 1503411.2483966858 1772994.21423231 276.05059523809524
78.1590516129032 972.3709197685693 1772994.21423231 488205.3178778908 76.6747311827957
153.20562 972.3195282127151 488205.3178778908 965371.0339419673 149.44722222222222
210.3960193548387 972.3386148413576 965371.0339419673 1328819.3794586249 206.66935483870967
210.50169 972.3531527751783 1328819.3794586249 1337597.0759658122 207.67222222222222
206.5318612903226 972.3535038830386 1337597.0759658122 1305342.726945585 202.95698924731184
200.20879032258063 972.3522137090778 1305342.726945585 1256918.5539767633 196.0779569892473
216.60957333333334 972.350276742159 1256918.5539767633 1355861.1442478737 211.37777777777777
209.25610322580644 972.3542344457699 1355861.1442478737 1307159.9843737679 203.59408602150538
207.20734 972.3522863993749 1307159.9843737679 1315429.2946419967 204.55277777777778
151.76301612903228 972.3526171717856 1315429.2946419967 969033.9398390906 151.26344086021504
99.17113548387094 972.3387613575935 969033.9398390906 638139.7596315022 99.38978494623656
242.17091071428527 972.3255255903853 638139.7596315022 1554471.3522068504 241.95535714285714
361.075725806452 972.3621788540883 1554471.3522068504 286274116.30449206 242.0
343.72189 975.5855666040607 286274116.30449206 415652585.32949275 235.0
464.147577419355 975.9800341992649 415652585.32949275 755558610.7413911 234.0
385.22815777777777 976.5612613299229 755558610.7413911 862775848.4355918 234.0
549.7818107526882 976.6897413635795 862775848.4355918 1230441894.9586825 234.0
226.50959569892473 977.0314588452062 1230441894.9586825 707780616.0579412 235.0
218.46983444444442 976.4981065466739 707780616.0579412 343532145.44277036 234.0
205.0858451612903 975.784054743051 343532145.44277036 123802316.29888666 235.0
208.06024 974.6185399657304 123802316.29888666 25644130.20453489 237.0
218.2187677419355 973.1567813945704 25644130.20453489 1395608.936202479 226.53763440860214
312.4361709677422 972.3558243574481 1395608.936202479 2007433.8535086699 312.30913978494624
430.7992214285714 972.3802973541403 2007433.8535086699 369923561.9128674 280.0
239.943296774194 975.8557705486762 369923561.9128674 295164789.692629 238.0
305.8859933333333 975.6182529032817 295164789.692629 347775060.5202751 234.0
695.1514892473118 975.7955844035877 347775060.5202751 1213273431.2361012 234.0
362.08258 977.0211598267764 1213273431.2361012 1123139031.1553926 243.0
214.44057419354834 976.9478507900717 1123139031.1553926 664259780.7189871 236.0
235.98396774193546 976.4305276098121 664259780.7189871 377036102.4873228 242.0
210.70396333333332 975.8750981045852 377036102.4873228 115099743.02938825 261.0
200.8282 974.5379605836054 115099743.02938825 1252639.8423707846 233.5215053763441
202.30777 972.3501055936948 1252639.8423707846 1286554.605448466 199.6472222222222
208.2812193548387 972.3514621842179 1286554.605448466 1334267.1906122041 207.6236559139785
225.44476774193546 972.3533706876244 1334267.1906122041 1451050.1594095195 225.5
297.00463571428566 972.3580420063763 1451050.1594095195 1906796.408152161 296.98214285714283
135.6417677419355 972.3762718563261 1906796.408152161 862828.3801813758 134.03225806451613
182.4423933333333 972.3345131352072 862828.3801813758 1150681.9487039393 178.725
341.4672741935484 972.3460272779481 1150681.9487039393 109299902.62041242 290.6989247311828
212.21332999999998 974.4815206806567 109299902.62041242 1343155.6211895943 250.26111111111112
205.4956870967742 972.3537262248476 1343155.6211895943 1296097.9706515276 201.92741935483872
206.46668064516126 972.351843918826 1296097.9706515276 1298432.9538252456 202.30913978494624
216.42435333333333 972.351937318153 1298432.9538252456 1357240.8728852866 211.20833333333334
212.91966774193548 972.3542896349154 1357240.8728852866 1334139.2295461078 207.24193548387098
208.18152 972.3533655691818 1334139.2295461078 1323925.2447157414 205.53333333333333
169.50391182795698 972.3529570097886 1323925.2447157414 1087987.5658693798 168.95967741935485
87.79251290322584 972.3435195026348 1087987.5658693798 570102.5250053415 88.08064516129032
135.8988357142857 972.3228041010002 570102.5250053415 873384.9752364599 135.93154761904762
193.674987096774 972.3349353990094 873384.9752364599 1235169.628603433 191.50537634408602
247.96669333333332 972.3494067851441 1235169.628603433 1566391.7867881074 244.1611111111111
384.4524967741935 972.3626556714715 1566391.7867881074 277985250.7572148 258.9596774193548
233.78958 975.5550928336662 277985250.7572148 1485627.8110312698 327.2
218.1517419354839 972.3594251124413 1485627.8110312698 1380808.2218732622 214.59139784946237
215.0581193548387 972.3552323288749 1380808.2218732622 1354198.1716585786 210.9005376344086
224.90649666666667 972.3541679268664 1354198.1716585786 1411599.1714060854 219.67777777777778
213.2299387096774 972.3564639668562 1411599.1714060854 1332234.2461187015 207.57258064516128
199.42457 972.3532893698447 1332234.2461187015 1264320.0289027484 196.80555555555554
196.155064516129 972.3505728011561 1264320.0289027484 1253980.4433633275 195.5215053763441
122.55968387096775 972.3501592177345 1253980.4433633275 792033.03651009 122.82795698924731
202.11109642857127 972.3316813214603 792033.03651009 1299779.6972681102 202.0625
171.557690322581 972.3519911878907 1299779.6972681102 1088234.4060985395 169.61559139784947
201.84092333333334 972.3435293762439 1088234.4060985395 1274278.8263405499 198.14166666666668
353.6809193548387 972.3509711530536 1274278.8263405499 225554630.1831248 251.8548387096774
215.69986 975.3199741835728 225554630.1831248 1370258.5866423487 292.7888888888889
207.5699129032258 972.3548103434657 1370258.5866423487 1307326.9237538024 204.00537634408602
202.63878064516123 972.3522930769501 1307326.9237538024 1272114.1749877706 198.5
207.9722 972.3508845669995 1272114.1749877706 1301530.7210116312 202.78055555555557
203.0625129032258 972.3520612288404 1301530.7210116312 1266740.388745955 197.40591397849462
216.54877 972.3506696155498 1266740.388745955 1377511.422610073 213.84722222222223
214.3441903225806 972.3551004569043 1377511.422610073 1374750.3072541016 213.70430107526883
201.37581505376346 972.3549900122902 1374750.3072541016 1297750.7942580245 201.502688172043
212.21600595238124 972.3519100317703 1297750.7942580245 1362102.5283126442 212.35119047619048
230.209683870968 972.3544841011325 1362102.5283126442 1468682.3398953888 228.11290322580646
276.38354000000004 972.3587472935958 1468682.3398953888 85456362.5504219 234.98333333333332
414.614990322581 974.2165310861898 85456362.5504219 449349672.33988273 234.0
237.06046 976.0526993446798 449349672.33988273 327280247.1348383 234.0
223.3584096774194 975.7363244379958 327280247.1348383 191342975.9096223 236.0
208.8366129032258 975.1301400970099 191342975.9096223 57598336.014425315 238.0
213.69518666666664 973.8218490002254 57598336.014425315 1337200.2387142282 227.41944444444445
200.8011193548387 972.3534880095485 1337200.2387142282 1253489.3465617693 195.16666666666666
201.79752 972.3501395738624 1253489.3465617693 1276401.8544293218 199.14166666666668
223.1675387096774 972.3510560741771 1276401.8544293218 1429595.4157602398 222.46774193548387
312.7797870967742 972.3571838166304 1429595.4157602398 2011393.3952344302 312.6639784946237
399.606753571429 972.3804557358094 2011393.3952344302 254762082.68578714 296.0
276.645441935484 975.4603946282971 254762082.68578714 292081183.83842194 239.0
333.11831 975.6069161170531 292081183.83842194 400013874.31714356 234.0
446.038487096774 975.9375377019487 400013874.31714356 706841390.0797898 234.0
763.3366366666667 976.496648121242 706841390.0797898 1348077730.5127227 367.6972222222222
488.8186655913978 977.1020262330611 1348077730.5127227 1259637214.9362557 314.96774193548384
220.47771397849462 977.048972534455 1259637214.9362557 714365103.5220872 234.51344086021504
221.3828322222222 976.5070593467397 714365103.5220872 352127565.9876389 234.0
207.4267677419355 975.8074118640968 352127565.9876389 132751431.30623753 235.0
207.9243 974.7014021417243 132751431.30623753 30114628.999170054 238.0
217.7113129032258 973.2753324772539 30114628.999170054 1397229.0025661069 227.64247311827958
229.6361645161291 972.3558891601026 1397229.0025661069 1472583.8030626476 229.70698924731184
300.4613857142857 972.3589033521225 1472583.8030626476 1932108.7966502805 300.4375
272.362893548387 972.377284351866 1932108.7966502805 78533786.18582253 239.0
211.84682333333336 974.1254445550767 78533786.18582253 1338689.633726983 233.73888888888888
375.1549580645161 972.353547585349 1338689.633726983 307721130.09547466 235.9247311827957
375.86896888888884 975.6644159194686 307721130.09547466 513804843.6314238 241.0
237.60466236559142 976.1816096872628 513804843.6314238 298239024.82493144 252.0
204.3355053763441 975.6295552383269 298239024.82493144 46669531.59277681 270.0
212.69393 973.628260222938 46669531.59277681 1333022.0206392922 223.99444444444444
200.3161806451613 972.3533208808255 1333022.0206392922 1248378.5794505104 194.68279569892474
202.40863 972.349935143178 1248378.5794505104 1284268.2760751212 199.74722222222223
233.6946193548387 972.351370731043 1284268.2760751212 1497384.8085796426 232.97043010752688
349.9176774193552 972.3598953923431 1497384.8085796426 2249838.0339657012 349.73924731182797
569.7310964285716 972.3899935213586 2249838.0339657012 628993004.5909411 313.0
452.216364516129 976.3757655350792 628993004.5909411 989576356.3351827 238.0
792.5902855555555 976.820890072562 989576356.3351827 1343742049.5924227 447.1611111111111
1523.2818806451614 977.0994253446866 1343742049.5924227 1549188328.9684818 1213.9543010752689
1069.7205055555555 977.2226684636884 1549188328.9684818 1435650098.7157922 936.75
643.5166247311828 977.1545591474 1435650098.7157922 1302973914.258445 481.4139784946237
293.9353806451614 977.0749693546842 1302973914.258445 885952705.1354204 241.16935483870967
226.7611311111111 976.7164838905409 885952705.1354204 448425501.0451994 235.0
208.2995 976.0508510020904 448425501.0451994 179512299.28632006 235.0
215.88332 975.0580018249166 179512299.28632006 92547352.12136623 235.0
227.3279451612903 974.2994277404497 92547352.12136623 65823336.64908662 235.0
258.4820548387097 973.950364635142 65823336.64908662 1664427.678144843 282.5510752688172
359.5530250000004 972.3665771071257 1664427.678144843 251840332.8341001 257.0
171.233235483871 975.44634775401 251840332.8341001 40693276.73382303 238.0
245.65390333333335 973.5133322448812 40693276.73382303 48350584.092373535 234.0
360.9960516129032 973.6605881556226 48350584.092373535 312746689.5093591 234.0
292.71204111111115 975.6828922408432 312746689.5093591 356074133.8372493 234.0
218.95455268817204 975.8181362332534 356074133.8372493 203911140.44563922 234.0
205.9414290322581 975.2067752466198 203911140.44563922 68555839.2595976 234.0
212.04447333333331 973.9930599884312 68555839.2595976 1332938.0013169781 228.55555555555554
202.34813548387098 972.3533175200527 1332938.0013169781 1266989.981982212 196.70430107526883
207.12122 972.3506795992793 1266989.981982212 1311477.3323693457 204.45277777777778
213.2319935483871 972.3524590932948 1311477.3323693457 1368799.8184770665 212.56989247311827
254.64820000000003 972.354751992739 1368799.8184770665 1636763.406282696 254.6478494623656
313.43792142857137 972.3654705362512 1636763.406282696 49646009.46503494 293.88392857142856
194.452732258065 973.68550018202 49646009.46503494 1233154.104660559 209.90591397849462
284.77529333333337 972.3493261641864 1233154.104660559 104182637.56476435 234.88055555555556
425.956206451613 974.4258982343997 104182637.56476435 482496542.29715866 235.0
247.03211 976.1189930845943 482496542.29715866 367809879.9968241 235.0
333.39426559139787 975.8500268478175 367809879.9968241 443332464.8336851 236.0
211.2853462365591 976.0406649296674 443332464.8336851 210857819.50982368 240.0
215.61212333333333 975.2491330457916 210857819.50982368 68647673.94512028 242.0
202.9083193548387 973.9944949053925 68647673.94512028 1266057.5697127888 219.66666666666666
205.88055 972.3506423027885 1266057.5697127888 1308533.466012218 203.2138888888889
215.5590838709677 972.3523413386405 1308533.466012218 1383937.179765793 214.88978494623655
258.7523548387097 972.3553574871906 1383937.179765793 1664794.6216485542 258.747311827957
323.07567142857147 972.3665917848659 1664794.6216485542 131376836.67493914 269.9672619047619
214.624422580645 974.6886744136568 131376836.67493914 25502826.273718465 247.0
287.6813266666667 973.1528562853811 25502826.273718465 130503684.91234128 234.0
405.649829032258 974.6805896751142 130503684.91234128 458335740.75923234 234.0
280.20242222222225 976.0706714815185 458335740.75923234 424075548.7380994 234.0
345.6654397849462 976.0021510974761 424075548.7380994 504842011.0814859 235.0
209.93215268817204 976.163684022163 504842011.0814859 245695938.9094415 238.0
214.56704666666667 975.416807398603 245695938.9094415 95813388.47912641 238.0
203.897064516129 974.3349281356427 95813388.47912641 1276882.2172795138 228.08333333333334
204.37306 972.3510752886912 1276882.2172795138 1295727.3599497788 201.71666666666667
216.9164193548387 972.351829094398 1295727.3599497788 1391543.1865962432 216.23924731182797
256.5471322580645 972.3556617274638 1391543.1865962432 1648156.8671414878 256.5510752688172
322.97801428571444 972.3659262746856 1648156.8671414878 70447152.69832046 294.88690476190476
133.8616935483871 974.0190414828727 70447152.69832046 849094.336660972 157.28225806451613
166.67381333333333 972.3339637734664 849094.336660972 1047107.362453301 163.00833333333333
341.9267193548387 972.3418842944981 1047107.362453301 239354122.80193892 233.80913978494624
213.9187 975.3863178980862 239354122.80193892 133479781.94932996 234.0
208.6729774193548 974.7081461291605 133479781.94932996 28813442.3102521 235.0
198.6410677419355 973.2448178419514 28813442.3102521 1250313.5110507982 204.33333333333334
207.61833666666666 972.350012540442 1250313.5110507982 1300144.4598448647 202.41944444444445
199.11697096774193 972.3520057783937 1300144.4598448647 1241981.8271740428 193.4758064516129
202.91431 972.349679273087 1241981.8271740428 1284491.3762174603 200.25
219.8782419354839 972.3513796550486 1284491.3762174603 1406138.4919452232 219.19086021505376
