149.79706129032255 976.4455239431677 673917419.4 966894.5465755499 401.3252688172043
251.72363571428556 972.338675781863 966894.5465755499 1615923.6494140571 251.61904761904762
428.585732258064 972.3646369459765 1615923.6494140571 2735299.5576778767 425.98924731182797
378.44395999999995 972.4094119823071 2735299.5576778767 2407092.2517769546 374.75
685.5472440860211 972.3962836900711 2407092.2517769546 4368610.221217841 680.7123655913979
867.2414244444444 972.4747444088487 4368610.221217841 8404309.679041948 862.0027777777777
699.9730989247312 972.6418462366267 8404309.679041948 4461173.83382905 697.3225806451613
391.1705075268817 972.4784469533531 4461173.83382905 2480662.3807412125 387.52150537634407
223.81189777777777 972.3992264952296 2480662.3807412125 1402618.1685480028 219.0222222222222
208.7454935483871 972.3561047267419 1402618.1685480028 1306216.534271664 203.1021505376344
231.80637000000002 972.3522486613708 1306216.534271664 1470214.3988885847 229.07222222222222
265.0427806451613 972.3588085759555 1470214.3988885847 1699725.49601446 264.30645161290323
254.38824516129029 972.3679890198406 1699725.49601446 1631412.9799982777 254.51344086021504
378.2525142857144 972.3652565191999 1631412.9799982777 2429950.9965251307 378.0922619047619
366.094535483871 972.397198039861 2429950.9965251307 2335688.914898513 363.98924731182797
277.87308666666667 972.393427556596 2335688.914898513 1762714.009426075 274.3833333333333
557.7150827956989 972.3705085603771 1762714.009426075 3556285.238776741 553.0806451612904
432.78348222222223 972.4422514095511 3556285.238776741 2761940.2932651993 430.075
240.54393763440856 972.4104776117306 2761940.2932651993 1524850.4154902252 237.38172043010752
205.37070752688177 972.3609940166195 1524850.4154902252 1295125.9002117934 201.30107526881721
210.78968666666665 972.3518050360084 1295125.9002117934 1322590.8943676972 205.59444444444443
199.5298870967742 972.3529036357746 1322590.8943676972 1245042.7061383561 193.8951612903226
202.91654 972.3498017082455 1245042.7061383561 1286131.7643034046 200.25277777777777
264.8570258064516 972.3514452705721 1286131.7643034046 1695057.914699914 264.0537634408602
247.8581451612903 972.3678023165879 1695057.914699914 1596010.1897179596 247.99462365591398
364.3384821428574 972.3638404075887 1596010.1897179596 2341691.4327776036 364.19940476190476
457.095609677419 972.3936676573111 2341691.4327776036 2921824.2380888015 454.68279569892474
356.2606333333333 972.4168729695235 2921824.2380888015 2260123.4492458766 352.71944444444443
395.558722580645 972.3904049379698 2260123.4492458766 2517391.4384056064 391.6720430107527
628.9784144444444 972.4006956575362 2517391.4384056064 4016396.1410793923 625.2194444444444
348.0457838709678 972.4606558456431 4016396.1410793923 2206930.7284169258 344.98118279569894
204.60734516129028 972.3882772291366 2206930.7284169258 1287834.277253292 200.79569892473117
208.94517 972.35151337109 1287834.277253292 1308048.0546123555 203.75555555555556
198.5339548387097 972.3523219221845 1308048.0546123555 1238741.782227139 192.8978494623656
207.39037 972.3495496712891 1238741.782227139 1317868.9143794803 204.70833333333334
256.4237129032258 972.3527147565751 1317868.9143794803 1643297.7507820632 255.65322580645162
251.49058387096773 972.3657319100313 1643297.7507820632 1618460.0603528423 251.5994623655914
426.2379000000004 972.3647384024141 1618460.0603528423 2740062.9696260924 425.94642857142856
364.486719354839 972.409602518785 2740062.9696260924 2323513.347024003 362.502688172043
311.15817 972.392940533881 2323513.347024003 1970634.9562802117 307.5472222222222
402.51344516129 972.3788253982511 1970634.9562802117 2562122.178382791 398.494623655914
438.5498211111111 972.4024848871353 2562122.178382791 2791972.925796173 435.44166666666666
374.24007526881724 972.4116789170318 2791972.925796173 2379103.372575456 370.6263440860215
206.57623548387096 972.395164134903 2379103.372575456 1297905.5710497 202.82258064516128
210.63748666666666 972.351916222842 1297905.5710497 1320366.4633580002 205.44444444444446
196.9702451612903 972.3528146585343 1320366.4633580002 1231802.4194275178 191.34408602150538
203.99036 972.3492720967771 1231802.4194275178 1296414.0326146993 201.31666666666666
252.4200483870968 972.3518565613045 1296414.0326146993 1614092.4750233693 251.65322580645162
253.9406064516129 972.3645636990009 1614092.4750233693 1628386.1718936348 254.03494623655914
367.2967285714284 972.3651354468757 1628386.1718936348 2359804.6182931657 367.1636904761905
305.008006451613 972.3943921847317 2359804.6182931657 1946779.073679301 303.05913978494624
263.16416000000004 972.3778711629471 1946779.073679301 1666114.4112421272 259.5777777777778
358.6986193548387 972.3666445764496 1666114.4112421272 2275411.1222390225 354.7204301075269
224.9712 972.3910164448895 2275411.1222390225 1423939.480080665 222.4611111111111
209.5747290322581 972.3569575792031 1423939.480080665 1324841.5803396225 206.0215053763441
196.6602258064516 972.3529936632135 1324841.5803396225 1237350.5790962595 192.5483870967742
203.97882666666666 972.3494940231639 1237350.5790962595 1278453.9746528158 198.7888888888889
193.77965483870966 972.351138158986 1278453.9746528158 1205325.6343628145 188.15322580645162
198.98207 972.3482130253744 1205325.6343628145 1258795.7684921229 196.31666666666666
327.7609516129032 972.3503518307397 1258795.7684921229 2098098.4712374005 326.78494623655916
271.11474516129033 972.3839239388494 2098098.4712374005 1744972.873515788 271.3467741935484
384.8143928571424 972.3697989149406 1744972.873515788 2470783.272372748 384.6845238095238
358.78264516129 972.3988313308948 2470783.272372748 2287503.2663763454 356.71505376344084
290.0417033333333 972.391500130655 2287503.2663763454 1836418.0048655777 286.4916666666667
366.3340258064516 972.3734567201946 1836418.0048655777 2325351.15367113 362.39247311827955
224.52103 972.3930140461468 2325351.15367113 1423848.8346849566 222.03055555555557
210.5846612903226 972.3569539533873 1423848.8346849566 1326992.7719475075 207.02956989247312
198.5949161290323 972.3530797108779 1326992.7719475075 1252567.7562839314 194.4758064516129
206.53606666666667 972.3501027102513 1252567.7562839314 1295141.6520382536 201.34166666666667
195.669835483871 972.3518056660815 1295141.6520382536 1221475.3905943471 190.04032258064515
206.4077 972.3488590156237 1221475.3905943471 1311555.2855850977 203.72222222222223
355.5062677419355 972.3524622114234 1311555.2855850977 2275219.523494717 354.47849462365593
225.1589580645161 972.3910087809397 2275219.523494717 1446492.2574825417 225.56720430107526
269.46143928571433 972.3578596902993 1446492.2574825417 1729712.8601094703 269.50892857142856
234.1590516129032 972.3691885144043 1729712.8601094703 1492376.4629540232 232.18817204301075
212.53895333333332 972.3596950585181 1492376.4629540232 1340060.5394482466 208.95833333333334
195.3960193548387 972.3536024215779 1340060.5394482466 1235123.4245670268 191.86021505376345
204.50169 972.3494049369826 1235123.4245670268 1293131.8403770456 201.65833333333333
188.91626989247314 972.3517252736151 1293131.8403770456 1189315.4882234787 185.38709677419354
59.37814516129032 972.3475726195289 1189315.4882234787 358447.7304907153 55.715053763440864
44.909573333333334 972.3143379092196 358447.7304907153 256905.28401421444 40.022222222222226
40.25610322580645 972.3102762113605 256905.28401421444 224250.81547626204 34.876344086021504
44.20734 972.308970032619 224250.81547626204 273941.7767931518 41.666666666666664
50.190435483871 972.3109576710717 273941.7767931518 318281.7136831829 49.564516129032256
98.17113548387094 972.3127312685473 318281.7136831829 635290.2660544865 98.14784946236558
241.17091071428527 972.3254116106422 635290.2660544865 1551510.919711975 240.95535714285714
422.88217741935523 972.3620604367884 1551510.919711975 2696618.414799232 420.2795698924731
423.1885566666666 972.4078647365919 2696618.414799232 2689034.2472412465 419.3222222222222
448.147577419355 972.4075613698897 2689034.2472412465 2852482.4934045635 444.23924731182797
250.20038 972.4140992997361 2852482.4934045635 1588762.730985741 247.82777777777778
446.3328860215054 972.3635505092394 1588762.730985741 2838092.6056190515 442.02150537634407
216.50959569892473 972.4135237042248 2838092.6056190515 1364712.399354129 212.88978494623655
209.44205666666664 972.3545884959741 1364712.399354129 1310189.353029849 204.28055555555557
197.0858451612903 972.3524075741211 1310189.353029849 1228277.4860716285 191.45698924731184
205.06024 972.3491310994428 1228277.4860716285 1298997.4884526692 202.38333333333333
242.2187677419355 972.3519598995381 1298997.4884526692 1550815.8317963304 241.4784946236559
309.4361709677422 972.3620326332718 1550815.8317963304 1989608.366177522 309.3736559139785
429.7992214285714 972.3795843346471 1989608.366177522 2755995.0131430645 429.6547619047619
394.943296774194 972.4102398005257 2755995.0131430645 2518683.2504935474 392.8736559139785
244.46099333333333 972.4007473300197 2518683.2504935474 1547461.474796824 241.1611111111111
545.7482634408602 972.3618984589918 1547461.474796824 3478896.6885031094 541.0752688172043
350.08258 972.4391558675401 3478896.6885031094 2230250.360343239 347.61944444444447
206.44057419354834 972.3892100144137 2230250.360343239 1304642.1288231006 203.19892473118279
195.113 972.3521856851529 1304642.1288231006 1225481.7711094536 191.0
202.73729666666665 972.3490192708443 1225481.7711094536 1272122.550996178 197.54722222222222
192.8282 972.3508849020399 1272122.550996178 1203767.3396687917 187.2016129032258
199.30777 972.3481506935867 1203767.3396687917 1265503.3204800622 196.63888888888889
298.2812193548387 972.3506201328191 1265503.3204800622 1907803.3976035186 297.38440860215053
215.70283225806452 972.3763121359041 1907803.3976035186 1390237.229454485 215.99462365591398
289.36177857142854 972.3556094891782 1390237.229454485 1859485.6884956264 289.3333333333333
291.6417677419355 972.3743794275398 1859485.6884956264 1855805.3628371004 289.5483870967742
244.50906 972.3742322145134 1855805.3628371004 1549742.652999948 240.95277777777778
329.4672741935484 972.36198970612 1549742.652999948 2091663.093831625 325.5456989247312
204.21332999999998 972.3836665237533 2091663.093831625 1294224.6132433002 201.7
197.4956870967742 972.3517689845297 1294224.6132433002 1248674.7821646698 193.93548387096774
188.8215193548387 972.3499469912865 1248674.7821646698 1187419.9898826443 184.70967741935485
198.05768666666665 972.3474967995953 1187419.9898826443 1240808.2018594546 192.87222222222223
187.91966774193548 972.3496323280743 1240808.2018594546 1173411.0617122108 182.30107526881721
132.2704088888889 972.3469364424684 1173411.0617122108 837209.0997498352 129.80833333333334
51.8049870967742 972.33348836399 837209.0997498352 330652.10137714783 51.384408602150536
86.79251290322584 972.313226084055 330652.10137714783 561466.2147810577 86.8010752688172
135.8988357142857 972.3224586485912 561466.2147810577 879147.8485818539 135.92559523809524
241.99219139784927 972.3351659139432 879147.8485818539 1543290.3844753406 239.68010752688173
299.76669333333336 972.361731615379 1543290.3844753406 1900718.3584060178 295.89444444444445
371.4524967741935 972.3760287343362 1900718.3584060178 2360916.873197046 367.51612903225805
223.78958 972.3944366749279 2360916.873197046 1422715.2622075472 221.3138888888889
208.1517419354839 972.3569086104883 1422715.2622075472 1317959.5856696225 204.6021505376344
193.50973225806453 972.3527183834268 1317959.5856696225 1219589.0287882753 189.40591397849462
200.37316333333334 972.3487835611515 1219589.0287882753 1253647.588862559 195.19166666666666
190.2299387096774 972.3501459035544 1253647.588862559 1185756.2626643274 184.60752688172042
196.42457 972.3474302505066 1185756.2626643274 1246543.141962543 193.75833333333333
121.54216129032255 972.3498617256785 1246543.141962543 777711.3807401477 121.09408602150538
121.55968387096775 972.3311084552296 777711.3807401477 783670.8148463967 121.65322580645162
201.11109642857127 972.3313468325938 783670.8148463967 1291299.7107919194 201.0625
298.7404860215057 972.3516519884316 1291299.7107919194 1907914.6460376752 296.41129032258067
293.70759 972.3763165858414 1907914.6460376752 1862387.1044441676 289.9972222222222
341.6809193548387 972.3744954841777 1862387.1044441676 2170679.5848020785 337.8333333333333
208.69986 972.386827183392 2170679.5848020785 1321095.2941462575 206.20277777777778
199.5699129032258 972.3528438117659 1321095.2941462575 1259551.409205651 196.01344086021504
188.83232903225803 972.3503820563682 1259551.409205651 1183986.265274128 184.7258064516129
197.90553333333332 972.347359450611 1183986.265274128 1239676.9721599126 192.71944444444443
189.0625129032258 972.3495870788863 1239676.9721599126 1182390.2495809612 183.43817204301075
195.54877 972.3472956099832 1182390.2495809612 1235734.029792005 192.88611111111112
119.2931150537634 972.3494293611916 1235734.029792005 763418.3766746866 118.84677419354838
131.37043870967744 972.330536735067 763418.3766746866 846475.4439028223 131.43548387096774
199.01362500000027 972.333859017756 846475.4439028223 1276457.1192972423 198.9970238095238
370.5860279569895 972.3510582847719 1276457.1192972423 2362369.7627733806 368.0376344086022
341.11687333333333 972.3944947905109 2362369.7627733806 2163426.396578405 337.4138888888889
400.614990322581 972.3865370558631 2163426.396578405 2549713.3381023435 396.6747311827957
229.06046 972.4019885335241 2549713.3381023435 1452388.4430632563 226.64166666666668
213.3584096774194 972.3580955377225 1452388.4430632563 1346072.193676272 209.80376344086022
200.8366129032258 972.353842887747 1346072.193676272 1263398.9693825997 196.71774193548387
205.69518666666664 972.3505359587753 1263398.9693825997 1289739.3315370006 200.50833333333333
193.8011193548387 972.3515895732614 1289739.3315370006 1209224.8327780177 188.17741935483872
199.79752 972.348368993311 1209224.8327780177 1265085.051638347 197.13055555555556
391.1675387096774 972.3506034020655 1265085.051638347 2505614.589562434 390.0295698924731
309.7797870967742 972.4002245835825 2505614.589562434 1992807.8291541901 310.0725806451613
395.2853250000004 972.3797123131661 1992807.8291541901 2541534.539061227 395.2291666666667
431.645441935484 972.4016613815625 2541534.539061227 2756838.678179365 429.38440860215053
384.71831 972.4102735471272 2756838.678179365 2445133.4145108867 381.0111111111111
431.038487096774 972.3978053365804 2445133.4145108867 2740379.1638255236 427.0994623655914
247.64497 972.409615166553 2740379.1638255236 1569020.002442939 245.23888888888888
357.7165150537635 972.3627608000977 1569020.002442939 2272320.114661635 353.7043010752688
211.47771397849462 972.3908928045864 2272320.114661635 1328671.7252755575 207.66666666666666
212.38005444444443 972.353146869011 1328671.7252755575 1332133.153196079 207.19166666666666
198.4267677419355 972.3532853261278 1332133.153196079 1242613.9790104504 192.7983870967742
203.9243 972.3497045591604 1242613.9790104504 1294539.5844786942 201.25555555555556
240.7113129032258 972.3517815833791 1294539.5844786942 1541569.3239730345 239.9731182795699
227.6361645161291 972.3616627729589 1541569.3239730345 1465570.2277875163 227.76344086021504
299.4613857142857 972.3586228091115 1465570.2277875163 1924976.2300346866 299.4375
427.362893548387 972.3769990492013 1924976.2300346866 2730162.1926764506 424.88440860215053
284.11349 972.409206487707 2730162.1926764506 1797381.7626149599 280.75555555555553
362.1549580645161 972.3718952705045 1797381.7626149599 2301134.3124465183 358.2123655913978
220.93008 972.3920453724978 2301134.3124465183 1402318.8048612978 218.44166666666666
208.60197419354841 972.3560927521944 1402318.8048612978 1321337.1489645208 205.04301075268816
196.28174193548392 972.3528534859586 1321337.1489645208 1236771.665505953 192.16935483870967
203.66059666666666 972.3494708666202 1236771.665505953 1275289.4665794785 198.47222222222223
191.3161806451613 972.3510115786631 1275289.4665794785 1195793.2172348688 185.69623655913978
198.40863 972.3478317286894 1195793.2172348688 1261570.8867280872 195.73888888888888
301.6946193548387 972.3504628354691 1261570.8867280872 1936581.677750802 300.78494623655916
339.1757419354842 972.37746326711 1936581.677750802 2176997.568665171 339.18817204301075
561.0882392857144 972.3870799027466 2176997.568665171 3600360.524673985 560.6785714285714
605.216364516129 972.444014420987 3600360.524673985 3864226.1625212203 602.8306451612904
465.3319522222222 972.4545690465009 3864226.1625212203 2963166.8682163735 461.7638888888889
1521.2442462365593 972.4185266747286 2963166.8682163735 86842832.81258585 1476.717741935484
1053.7177277777778 974.2347741159551 86842832.81258585 18419694.964941885 1075.3222222222223
617.5193129032258 972.956102637915 18419694.964941885 3938880.3351930045 618.8790322580645
281.9326924731183 972.4575552134077 3938880.3351930045 1780392.7298241213 278.48655913978496
217.7611311111111 972.3712157091929 1780392.7298241213 1366635.6813446833 212.725
201.2995 972.3546654272537 1366635.6813446833 1254408.8256429944 195.6747311827957
212.88332 972.3501763530256 1254408.8256429944 1347250.4980193207 210.19166666666666
247.3279451612903 972.3538900199208 1347250.4980193207 1586448.7250516168 246.59139784946237
255.4820548387097 972.363457949002 1586448.7250516168 1639880.1011807558 255.56182795698925
358.5530250000004 972.3655952040472 1639880.1011807558 2306311.014453396 358.44642857142856
327.233235483871 972.3922524405781 2306311.014453396 2085843.1864590715 325.1989247311828
246.2539033333333 972.3834337274583 2085843.1864590715 1559731.5210181095 242.78055555555557
348.9960516129032 972.3623892608407 1559731.5210181095 2216189.4391726484 345.01075268817203
219.52593000000002 972.3886475775669 2216189.4391726484 1388863.978389374 217.01111111111112
210.4438 972.3555545591355 1388863.978389374 1332491.9162971918 206.8736559139785
197.9414290322581 972.3532996766519 1332491.9162971918 1245010.90036361 193.8279569892473
205.07780666666665 972.3498004360146 1245010.90036361 1286232.2297889176 199.88611111111112
194.34813548387098 972.3514492891916 1286232.2297889176 1213614.1115722784 188.72043010752688
204.12122 972.3485445644628 1213614.1115722784 1293123.7320212808 201.44166666666666
306.2319935483871 972.3517249492808 1293123.7320212808 1965093.555365412 305.3225806451613
252.61594193548387 972.3786037422146 1965093.555365412 1620914.3671569517 252.84408602150538
311.3307785714285 972.3648365746863 1620914.3671569517 2003348.9354434859 311.3392857142857
349.452732258065 972.3801339574177 2003348.9354434859 2226483.208427501 347.23924731182797
342.9752933333333 972.3890593283371 2226483.208427501 2173934.6260760496 339.2138888888889
411.956206451613 972.386957385043 2173934.6260760496 2620892.3719878695 407.98118279569894
239.03211 972.4048356948795 2620892.3719878695 1514502.9481224224 236.60833333333332
217.5044806451613 972.3605801179249 1514502.9481224224 1377018.9093272914 213.95698924731184
203.258464516129 972.355080756373 1377018.9093272914 1278731.8791815827 199.14247311827958
208.64545666666666 972.3511492751672 1278731.8791815827 1308274.0449896802 203.45277777777778
195.9083193548387 972.3523309617996 1308274.0449896802 1224249.1807745807 190.28225806451613
202.88055 972.3489699672309 1224249.1807745807 1287341.8808459113 200.20833333333334
363.5590838709677 972.3514936752338 1287341.8808459113 2330731.6495877826 362.5
255.75235483870972 972.3932292659835 2330731.6495877826 1646580.0937098165 256.10752688172045
319.8613857142857 972.3658632037484 1646580.0937098165 2053661.9084405424 319.86011904761904
369.624422580645 972.3821464763375 2053661.9084405424 2357895.9719279213 367.3682795698925
307.6813266666667 972.3943158388771 2357895.9719279213 1952368.441753344 304.09444444444443
391.649829032258 972.3780947376702 1952368.441753344 2486812.829491023 387.6639784946237
233.3802 972.3994725131796 2486812.829491023 1481540.743711139 230.92222222222222
214.8159774193548 972.3592616297484 1481540.743711139 1358333.6862214676 211.26612903225808
201.4214 972.3543333474488 1358333.6862214676 1270558.7482575984 197.30376344086022
206.56704666666667 972.3508223499302 1270558.7482575984 1292435.7948596443 201.38055555555556
195.897064516129 972.3516974317944 1292435.7948596443 1221666.6707744184 190.26612903225808
201.37306 972.348866666831 1221666.6707744184 1275535.3039177132 198.70555555555555
364.9164193548387 972.3510214121567 1275535.3039177132 2339360.268780885 363.8494623655914
253.5471322580645 972.3935744107512 2339360.268780885 1630965.3938960019 253.91129032258064
321.97801428571444 972.3652386157559 1630965.3938960019 2068437.967260839 321.9642857142857
289.8616935483871 972.3827375186904 2068437.967260839 1850153.584480829 287.8494623655914
218.54048 972.3740061433792 1850153.584480829 1382053.7761892863 215.075
329.9267193548387 972.3552821510475 1382053.7761892863 2095177.220687339 325.94086021505376
207.9187 972.3838070888274 2095177.220687339 1317961.7449396625 205.39444444444445
200.6729774193548 972.3527184697975 1317961.7449396625 1263037.054177564 197.11290322580646
190.6410677419355 972.3505214821671 1263037.054177564 1202019.9128166926 186.5268817204301
198.61833666666666 972.3480807965126 1202019.9128166926 1244940.07046862 193.4361111111111
191.11697096774193 972.3497976028187 1244940.07046862 1194505.7541974594 185.48655913978496
77.13653222222223 972.3477802301678 1194505.7541974594 480885.48794459907 74.8638888888889
58.8782419354839 972.3192354195178 480885.48794459907 375765.01295585 58.306451612903224
