137.79706129032255 976.4455239431677 673917419.4 884051.9425883683 389.35483870967744
248.72363571428556 972.3353620777035 884051.9425883683 1597526.0372720337 248.5922619047619
451.585732258064 972.3639010414909 1597526.0372720337 2880790.073974108 448.9139784946237
249.57729333333333 972.4152316029589 2880790.073974108 1576985.33698163 246.4
765.6870290322578 972.3630794134792 1576985.33698163 4884994.568870521 760.263440860215
867.2414244444444 972.4953997827548 4884994.568870521 8409236.375774844 862.2
699.9730989247312 972.6420515156573 8409236.375774844 4466104.262861504 697.3225806451613
365.1731956989247 972.4786441705145 4466104.262861504 2313130.8436884345 361.6209677419355
221.53412000000003 972.3925252337475 2313130.8436884345 1388912.305814053 216.6888888888889
203.74549354838712 972.3555564922325 1388912.305814053 1272159.3367319782 198.11827956989248
245.80637000000002 972.3508863734693 1272159.3367319782 1558538.0069866192 243.01388888888889
267.0427806451613 972.3623415202794 1558538.0069866192 1707802.6852913783 266.3360215053763
277.2914709677419 972.3683121074116 1707802.6852913783 1778097.1959981925 277.36559139784947
413.8953714285716 972.3711238878399 1778097.1959981925 2660018.21512326 413.70238095238096
355.094535483871 972.4064007286049 2660018.21512326 2266833.7085775523 353.10752688172045
136.53975333333335 972.3906733483431 2266833.7085775523 854411.5071571844 133.52777777777777
483.1935774193548 972.3341764602862 854411.5071571844 3072476.138924156 478.48118279569894
413.78070444444444 972.422899045557 3072476.138924156 2637016.3669990306 410.95
214.87458279569893 972.40548065468 2637016.3669990306 1358946.0374867448 211.75537634408602
198.17447096774197 972.3543578414994 1358946.0374867448 1246945.8214605493 194.06989247311827
207.95635333333337 972.3498778328584 1246945.8214605493 1300201.119522244 202.75555555555556
192.5298870967742 972.3520080447809 1300201.119522244 1204151.7279253234 186.91397849462365
215.91654 972.3481660691169 1204151.7279253234 1369692.4821130852 213.19444444444446
238.8570258064516 972.3547876992845 1369692.4821130852 1532753.9374524201 238.1505376344086
270.76137096774187 972.3613101574981 1532753.9374524201 1737912.4810047243 270.78494623655916
399.98133928571457 972.3695164992401 1737912.4810047243 2566969.9153196523 399.8095238095238
445.095609677419 972.4026787966128 2566969.9153196523 2842657.5363607868 442.8037634408602
219.86063333333334 972.4137063014545 2842657.5363607868 1385406.4582904428 216.775
374.558722580645 972.3554162583316 1385406.4582904428 2380905.935959141 370.4193548387097
543.7673033333333 972.3952362374383 2380905.935959141 3469392.491697556 540.2388888888889
320.0457838709678 972.4387756996679 3469392.491697556 2029164.7753464223 316.8736559139785
197.24981827956987 972.3811665910139 2029164.7753464223 1242965.5792509872 193.3978494623656
207.17850333333337 972.34971862317 1242965.5792509872 1298451.6354080348 201.9777777777778
191.5339548387097 972.3519380654163 1298451.6354080348 1196267.6307231525 185.9220430107527
221.39037 972.3478507052289 1196267.6307231525 1404989.040505476 218.6472222222222
237.4237129032258 972.3561995616202 1404989.040505476 1524159.7734539807 236.73387096774192
274.3938096774193 972.3609663909381 1524159.7734539807 1760325.2936277082 274.4059139784946
461.88075714285753 972.3704130117451 1760325.2936277082 2965312.0432134094 461.5565476190476
351.486719354839 972.4186124817285 2965312.0432134094 2245946.237801942 349.6236559139785
179.29150333333334 972.3898378495121 2245946.237801942 1127739.6097611731 176.11944444444444
382.51344516129 972.3451095843905 1127739.6097611731 2432972.0306897745 378.25
333.8914877777778 972.3973188812275 2432972.0306897745 2122106.3557376624 331.0805555555556
348.24007526881724 972.3848842542295 2122106.3557376624 2209863.3735720464 344.46774193548384
207.77784838709675 972.3883945349429 2209863.3735720464 1311970.8002972063 203.95430107526883
210.93748666666664 972.3524788320119 1311970.8002972063 1325805.0560177055 205.74722222222223
191.9702451612903 972.3530322022407 1325805.0560177055 1195252.5496718874 186.36827956989248
217.99036 972.3478101019869 1195252.5496718874 1382267.0542356689 215.25833333333333
234.4200483870968 972.3552906821694 1382267.0542356689 1500366.5166216085 233.7311827956989
291.3599612903226 972.3600146606649 1500366.5166216085 1870410.5260635554 291.3225806451613
545.7610142857142 972.3748164210425 1870410.5260635554 3501144.2106724004 545.264880952381
278.008006451613 972.4400457684269 3501144.2106724004 1770938.5194615112 276.56720430107526
123.69749333333334 972.3708375407784 1770938.5194615112 775511.069891479 120.53888888888889
335.6986193548387 972.3310204427956 775511.069891479 2128821.6275361325 331.46774193548384
185.9712 972.3851528651014 2128821.6275361325 1175875.802425109 183.53333333333333
188.5747290322581 972.347035032097 1175875.802425109 1187898.36612152 185.002688172043
184.6602258064516 972.3475159346448 1187898.36612152 1162273.5415847586 180.54032258064515
199.11216000000002 972.3464909416633 1162273.5415847586 1244861.7977129985 193.9138888888889
185.77965483870966 972.3497944719085 1244861.7977129985 1157884.7165057636 180.1720430107527
211.98207 972.3463153886602 1157884.7165057636 1343008.5737566769 209.25555555555556
225.7609516129032 972.3537203429503 1343008.5737566769 1442679.321601946 225.08064516129033
294.0179709677419 972.357707172864 1442679.321601946 1890541.0064417187 293.9516129032258
420.4572499999996 972.3756216402577 1890541.0064417187 2699734.786772423 420.29464285714283
355.78264516129 972.4079893914709 2699734.786772423 2269232.7208452118 353.80913978494624
142.24170333333333 972.3907693088338 2269232.7208452118 888906.4586882379 139.2111111111111
343.3340258064516 972.3355562583475 888906.4586882379 2179593.2698241426 339.1182795698925
51.521029999999996 972.3871837307929 2179593.2698241426 318486.6167311297 49.547222222222224
182.5846612903226 972.3127394646692 318486.6167311297 1152934.2365402598 178.71236559139786
183.69169032258068 972.3461173694616 1152934.2365402598 1157229.3732628103 179.56182795698925
198.5694 972.3462891749305 1157229.3732628103 1246385.11202454 193.36944444444444
188.669835483871 972.349855404481 1246385.11202454 1175889.586317304 183.05107526881721
219.4077 972.3470355834527 1175889.586317304 1390429.5970433445 216.6638888888889
232.5062677419355 972.3556171838817 1390429.5970433445 1488439.0376655555 231.8252688172043
247.06218387096771 972.3595375615066 1488439.0376655555 1590216.1072397474 247.1236559139785
304.10429642857144 972.3636086442896 1590216.1072397474 1956696.4368230985 304.1190476190476
222.1590516129032 972.3782678574729 1956696.4368230985 1414916.219302918 220.30913978494624
58.93895333333333 972.3565966487721 1414916.219302918 357229.35867787333 55.875
110.3960193548387 972.3142891743471 357229.35867787333 685461.6122442902 106.79032258064517
140.50169 972.3274184644897 685461.6122442902 884311.9237209697 137.65833333333333
63.531861290322595 972.3353724769488 884311.9237209697 386179.43509251944 60.284946236559136
138.77330645161288 972.3154471774037 386179.43509251944 867928.134851739 134.5215053763441
0.9095733333333342 972.334717125394 867928.134851739 -7663429.242658469 0.375
0.2561032258064486 971.9934628302935 -7663429.242658469 -13472468.58903077 0.0
22.207340000000002 971.7611012564386 -13472468.58903077 126677.47854002984 14.672222222222222
32.190435483871 972.3050670991415 126677.47854002984 209086.60115685675 31.553763440860216
84.17113548387094 972.3083634640462 209086.60115685675 546586.4584128807 84.13978494623656
238.17091071428527 972.3218634583365 546586.4584128807 1534455.4282375555 237.92559523809524
413.59185483871005 972.3613782171295 1534455.4282375555 2637274.748161993 411.01075268817203
274.8552233333333 972.4054909899264 2637274.748161993 1738193.9177784682 271.49444444444447
431.147577419355 972.3695277567111 1738193.9177784682 2743637.9323327383 426.94354838709677
266.9948244444445 972.4097455172933 2743637.9323327383 1695240.7018710955 264.525
513.7818107526882 972.3678096280748 1695240.7018710955 3268412.2287583826 509.2768817204301
199.84830537634411 972.4307364891503 3268412.2287583826 1259517.6638826116 196.44892473118279
206.60872333333333 972.3503807065553 1259517.6638826116 1295671.911498996 201.41666666666666
189.0858451612903 972.3518268764599 1295671.911498996 1178260.5299732785 183.48387096774192
218.06024 972.3471304211989 1178260.5299732785 1380587.4443607638 215.32222222222222
233.2187677419355 972.3552234977744 1380587.4443607638 1493011.1504199377 232.53225806451613
333.3393967741938 972.3597204460168 1493011.1504199377 2142488.1177209243 333.1989247311828
465.44207857142857 972.3856995247088 2142488.1177209243 2985060.590345857 465.26785714285717
382.943296774194 972.4194024236139 2985060.590345857 2443293.1029376825 380.994623655914
114.26099333333335 972.3977317241175 2443293.1029376825 716576.076991743 111.39444444444445
448.5950376344086 972.3286630430796 716576.076991743 2856809.7602119697 443.9489247311828
326.08258 972.4142723904084 2856809.7602119697 2071739.5631083113 323.4611111111111
201.23627311827954 972.3828695825243 2071739.5631083113 1269382.541093806 197.95430107526883
186.98396774193546 972.3507753016437 1269382.541093806 1174058.694562102 182.88709677419354
197.87063 972.3469623477824 1174058.694562102 1240245.937661447 192.68055555555554
184.8282 972.3496098375065 1240245.937661447 1150823.055489136 179.2231182795699
212.30777 972.3460329222195 1150823.055489136 1344202.1617279374 209.57777777777778
223.2812193548387 972.3537680864691 1344202.1617279374 1427401.2211298991 222.60752688172042
237.6060580645161 972.3570960488452 1427401.2211298991 1523548.473370978 237.66935483870967
324.00463571428566 972.3609419389348 1523548.473370978 2083256.300289604 323.9404761904762
283.6417677419355 972.3833302520115 2083256.300289604 1804559.5033211021 281.6559139784946
90.04239333333334 972.3721823801328 1804559.5033211021 559548.1600926379 87.01666666666667
304.4672741935484 972.3223819264036 559548.1600926379 1930512.1226485786 300.26344086021504
127.21332999999998 972.3772204849059 1930512.1226485786 798101.9463959453 124.89444444444445
181.4956870967742 972.3319240778558 798101.9463959453 1144856.6292524785 177.80645161290323
174.85377741935483 972.3457942651701 1144856.6292524785 1094335.23146989 170.75537634408602
192.19102 972.3437734092588 1094335.23146989 1200486.321127264 186.99444444444444
168.14009784946236 972.348019452845 1200486.321127264 1043163.1671229766 162.58870967741936
20.18152 972.3417265266849 1043163.1671229766 117178.46237109533 18.03611111111111
33.8049870967742 972.3046871384948 117178.46237109533 217598.47594930776 33.16129032258065
72.79251290322584 972.308703939038 217598.47594930776 468904.28996214224 72.79301075268818
131.8988357142857 972.3187561715985 468904.28996214224 850913.0312383014 131.89880952380952
218.6212236559138 972.3340365212495 850913.0312383014 1395074.3376981493 216.36827956989248
140.76669333333334 972.3558029735079 1395074.3376981493 884012.6725408762 137.40277777777777
349.4524967741935 972.3353605069016 884012.6725408762 2222286.118668196 345.2123655913978
85.78958 972.3888914447467 2222286.118668196 535754.4246466389 83.71944444444445
195.1517419354839 972.3214301769858 535754.4246466389 1232605.10517322 191.31720430107526
182.4774741935484 972.3493042042069 1232605.10517322 1149585.337378164 178.38172043010752
196.53983000000002 972.3459834134951 1149585.337378164 1227895.1252262539 191.34722222222223
182.2299387096774 972.349115805009 1227895.1252262539 1131731.396498119 176.63172043010752
209.42457 972.3452692558599 1131731.396498119 1331372.1820684676 206.69444444444446
163.68732258064512 972.3532548872827 1331372.1820684676 1049690.5525997346 163.16129032258064
108.55968387096775 972.3419876221039 1049690.5525997346 701832.2174784088 108.78494623655914
198.11109642857127 972.3280732886991 701832.2174784088 1273905.2577250628 198.03571428571428
306.30769032258104 972.3509562103089 1273905.2577250628 1950202.4800467787 303.9516129032258
141.24092333333334 972.3780080992018 1950202.4800467787 887840.2697344199 138.0888888888889
317.6809193548387 972.3355136107893 887840.2697344199 2015084.6233161218 313.5537634408602
157.69986 972.3806033849327 2015084.6233161218 996757.8195745685 155.3111111111111
188.5699129032258 972.339870312783 996757.8195745685 1190545.0252575313 184.93010752688173
177.76781290322577 972.3476218010103 1190545.0252575313 1116024.4123072086 173.6747311827957
191.00553333333332 972.3446409764922 1116024.4123072086 1192332.8380247126 185.82222222222222
181.0625129032258 972.347693313521 1192332.8380247126 1128382.185408893 175.45430107526883
208.54877 972.3451352874163 1128382.185408893 1320552.754685108 205.82222222222222
80.06462043010748 972.3528221101874 1320552.754685108 515574.62698265095 79.75
118.37043870967744 972.3206229850792 515574.62698265095 763198.5674902635 118.3736559139785
196.01362500000027 972.3305279426995 763198.5674902635 1257623.9434140075 195.9702380952381
367.25269462365617 972.3503049577365 1257623.9434140075 2341882.4610725874 364.7069892473118
189.71687333333335 972.3936752984429 2341882.4610725874 1195308.7950898623 186.54444444444445
379.614990322581 972.3478123518036 1195308.7950898623 2413520.916884372 375.38709677419354
157.06046 972.3965408366754 2413520.916884372 991842.11436857 154.82777777777778
201.3584096774194 972.3396736845747 991842.11436857 1273389.439515904 197.6720430107527
189.80435483870968 972.3509355775806 1273389.439515904 1191621.5481385707 185.69892473118279
200.82852000000003 972.3476648619255 1191621.5481385707 1259146.4674522018 195.63333333333333
185.8011193548387 972.3503658586981 1259146.4674522018 1157541.3475318716 180.19892473118279
211.79752 972.3463016539013 1157541.3475318716 1347172.418002317 209.06944444444446
238.1675387096774 972.35388689672 1347172.418002317 1528654.1429967126 237.45430107526883
333.6830129032258 972.3611461657198 1528654.1429967126 2140903.3512470634 333.55645161290323
430.92818214285757 972.3856361340498 2140903.3512470634 2765807.852137642 430.8422619047619
423.645441935484 972.4106323140854 2765807.852137642 2706095.215436513 421.491935483871
250.25164333333333 972.4082438086174 2706095.215436513 1586245.099490949 247.00277777777777
412.038487096774 972.3634498039796 1586245.099490949 2621160.2768136417 407.8440860215054
291.69497 972.4048464110725 2621160.2768136417 1857361.3171023813 289.09444444444443
450.8186655913978 972.374294452684 1857361.3171023813 2868160.9349411977 446.59139784946234
204.84061720430105 972.4147264373976 2868160.9349411977 1290537.6323264833 201.2741935483871
210.57727666666665 972.351621505293 1290537.6323264833 1322792.8780061204 205.38055555555556
192.4267677419355 972.3529117151202 1322792.8780061204 1203050.3845046319 186.81989247311827
216.9243 972.3481220153801 1203050.3845046319 1379430.091970384 214.19722222222222
232.7113129032258 972.3551772036787 1379430.091970384 1493753.170153592 232.0241935483871
249.5393903225807 972.3597501268061 1493753.170153592 1606679.8944209674 249.59677419354838
334.1042428571428 972.3642671957768 1606679.8944209674 2149345.235105734 334.04761904761904
412.362893548387 972.3859738094042 2149345.235105734 2633398.879634324 410.01344086021504
140.04682333333335 972.4053359551854 2633398.879634324 876201.5423992587 137.1638888888889
339.1549580645161 972.3350480616959 876201.5423992587 2152915.479629906 334.9489247311828
181.93008 972.3861166191851 2152915.479629906 1152594.795246149 179.51388888888889
203.60197419354841 972.3461037918098 1152594.795246149 1287943.7030589352 199.96774193548387
188.15270967741935 972.3515177481223 1287943.7030589352 1179976.8471038463 184.05913978494624
199.82726333333335 972.3471990738841 1179976.8471038463 1248301.9991222445 194.63333333333333
183.3161806451613 972.3499320799649 1248301.9991222445 1140464.3374682658 177.72043010752688
211.40863 972.3456185734987 1140464.3374682658 1345096.4449360168 208.675
247.69461935483872 972.3538038577974 1345096.4449360168 1587023.7568953654 246.95698924731184
363.0789677419358 972.3634809502757 1587023.7568953654 2333317.7964605372 362.9032258064516
597.7310964285716 972.3933327118584 2333317.7964605372 3832987.242014877 597.2916666666666
593.216364516129 972.4533194896806 3832987.242014877 3792405.1695367494 590.9516129032259
315.0930633333333 972.4516962067814 3792405.1695367494 1998072.2257020357 312.03333333333336
1397.4485473118282 972.3799228890281 1998072.2257020357 62775973.10795702 1364.1612903225807
1053.7177277777778 973.9027495798118 62775973.10795702 18414003.725174405 1066.161111111111
611.5166247311828 972.9559445479215 18414003.725174405 3900468.7312302156 612.8951612903226
246.9353806451614 972.4560187492492 3900468.7312302156 1556419.6687373766 243.6021505376344
219.9139088888889 972.3622567867494 1556419.6687373766 1379087.7294660865 214.78333333333333
198.2995 972.3551635091786 1379087.7294660865 1237282.7885392162 192.69086021505376
227.88332 972.3494913115416 1237282.7885392162 1443252.8031247007 225.13611111111112
244.3279451612903 972.357730112125 1443252.8031247007 1568773.2216107245 243.63440860215053
278.3852806451613 972.3627509288644 1568773.2216107245 1789611.7293934328 278.4032258064516
394.19588214285756 972.3715844691757 1789611.7293934328 2532219.7874778826 394.0595238095238
309.233235483871 972.401288791499 2532219.7874778826 1973942.3018103873 307.3360215053763
104.85390333333334 972.3789576920724 1973942.3018103873 652088.74512924 101.84166666666667
324.9960516129032 972.3260835498052 652088.74512924 2062665.7516758817 320.755376344086
170.52593000000002 972.382506630067 2062665.7516758817 1076515.110610713 168.11388888888888
205.4438 972.3430606044244 1076515.110610713 1294093.1436752272 201.7768817204301
189.81239677419356 972.351763725747 1294093.1436752272 1190581.3628769226 185.71505376344086
200.21114 972.347623254515 1190581.3628769226 1251676.987591161 195.01944444444445
198.34813548387098 972.3500670795036 1251676.987591161 1240111.774832712 192.69086021505376
370.12122 972.3496044709933 1240111.774832712 2360063.040081082 366.90833333333336
304.2319935483871 972.3944025216032 2360063.040081082 1945652.1005402475 303.72849462365593
333.5836838709678 972.3778260840215 1945652.1005402475 2140662.015155816 333.61290322580646
344.8664928571428 972.3856264806062 2140662.015155816 2217451.3951399834 345.0029761904762
340.452732258065 972.3886980558055 2217451.3951399834 2174417.586946053 338.3440860215054
197.17529333333334 972.3869767034778 2174417.586946053 1244623.6113588058 193.9111111111111
391.956206451613 972.3497849444543 1244623.6113588058 2491793.4353149943 387.7043010752688
48.03211 972.3996717374126 2491793.4353149943 292507.562352123 46.19166666666667
129.5044806451613 972.311700302494 292507.562352123 812597.4837311641 125.80645161290323
172.87136774193544 972.3325038993493 812597.4837311641 1082610.6326165295 168.65591397849462
190.34545666666668 972.3433044253046 1082610.6326165295 1193439.3010846253 185.15
185.9083193548387 972.3477375720433 1193439.3010846253 1155313.7366721055 180.28225806451613
214.88055 972.3462125494668 1155313.7366721055 1366550.9899255403 212.14166666666668
229.5590838709677 972.354662039597 1366550.9899255403 1470750.810442708 228.8763440860215
278.6555806451613 972.3588300324177 1470750.810442708 1789180.727513903 278.63709677419354
353.3971 972.3715672291005 1789180.727513903 2272198.4980131206 353.36607142857144
351.624422580645 972.3908879399205 2272198.4980131206 2245814.094308363 349.502688172043
165.54799333333335 972.3898325637723 2245814.094308363 1039236.3183323086 162.425
370.649829032258 972.3415694527332 1039236.3183323086 2355151.984165586 366.39516129032256
42.3802 972.3942060793667 2355151.984165586 256956.74397238693 40.50555555555555
203.8159774193548 972.3102782697589 256956.74397238693 1289954.306991922 199.84677419354838
183.61494838709677 972.3515981722796 1289954.306991922 1153662.64344641 179.53763440860214
194.46704666666668 972.3461465057378 1153662.64344641 1217288.1412248542 189.28333333333333
187.897064516129 972.348691525649 1217288.1412248542 1168684.1033943975 182.2715053763441
214.37306 972.3467473641357 1168684.1033943975 1361416.7091045687 211.64166666666668
231.9164193548387 972.3544566683642 1361416.7091045687 1485518.4508534982 231.2258064516129
276.4503580645161 972.3594207380341 1485518.4508534982 1772504.8521875064 276.44354838709677
356.62087142857155 972.3709001940874 1772504.8521875064 2293250.6477881046 356.57440476190476
262.8616935483871 972.3917300259116 2293250.6477881046 1672716.5462346482 261.01612903225805
79.87381333333335 972.3669086618494 1672716.5462346482 494851.5403362824 76.83333333333333
304.9267193548387 972.3197940616134 494851.5403362824 1936134.3656201696 300.6962365591398
15.918700000000001 972.3774453746248 1936134.3656201696 90029.57868583017 13.969444444444445
169.6729774193548 972.3036011831474 90029.57868583017 1068987.165873182 165.76075268817203
158.28622903225806 972.3427594866349 1068987.165873182 993966.9144373453 154.21774193548387
179.28500333333335 972.3397586765775 993966.9144373453 1122356.8519334232 174.1
180.11697096774193 972.3448942740773 1122356.8519334232 1122299.8590649697 174.48655913978496
208.91431 972.3448919943626 1122299.8590649697 1325353.3132509599 206.18333333333334
63.30028494623659 972.35301413253 1325353.3132509599 404170.72228582174 63.03225806451613
