0.5553098501812537
0.010375539905027154
0.24920783420358905
0.007324325428245793
0.5441543491291245
0.3921252502303787
0.5644425206840866
0.5639773654657159
0.2669186588133714
0.5530300313682224
0.3627250577863723
0.5003043807810936
0.5003728571743657
0.01003364610502988
0.2696060743822484
0.037862301778017304
0.23351991272731976
0.17983117404649107
0.4815258968056808
0.5576708078795587
0.3734924768965042
0.5069249871876398
0.515680606327976
0.022325235422386847
0.5002908697151174
0.010045489479971081
0.26649625168374236
0.027239237010197037
0.1901911641786258
0.38759023696149963
0.5640665091692005
0.5404849728119769
0.3811447790599285
0.5361436452986377
0.4850257539739147
0.04923687271261468
0.5002767189403929
0.010043299946294049
0.28971785493724145
0.005055412551094207
0.14733790072696706
0.07041323328208371
0.26425156720781473
0.24466322667673968
0.03457563141305808
0.20683362097052083
0.03419060591817846
0.02783089165357122
0.5002498714572923
0.010052202791918319
0.17387624411657132
0.039591166294481006
0.13946346118641095
0.006710269265169266
0.16159559708649773
0.17340612593991356
0.5008587368887936
0.6898043030852374
0.7368715916146078
0.3977658608756265
0.5002213730837433
0.009990428173382249
0.37245229870217855
0.25428017921280244
0.5149345763172049
0.3729442378839751
0.5316101226780345
0.5162063504756977
0.4924994419311517
0.5459265345391744
0.4856965734707215
0.13098455788820917
0.123579978149154
0.010119887052020715
3.16924102752123
1.7473584913780003
0.4487100618310276
0.5677707552053413
0.5262448828609463
0.670235444526325
0.4927473967846998
0.512902602657423
0.630963223121606
1.6081897583823164
2.693968206775122
0.20041487305954142
0.2910312546261329
0.025018460128158004
0.16881814708870913
0.0164010286393097
0.17769068922951003
0.203142501664769
0.015636955924472673
0.18748119281508746
0.05401255852021336
0.02298367106845145
0.5002487389133838
0.00987472124003741
0.2517324509128507
0.0049921222732276505
0.16651221209566458
0.20642919860909004
0.223268090488137
0.3436313540843807
0.3759612177861804
0.14071912367495631
0.7303459034008286
0.4285949425983233
0.054424873756906855
0.010145356443209685
1.9686654585142147
1.1542593123027634
0.5001168372728992
0.32239224742362094
0.5477912175713984
0.5398222104649486
0.4961612786779188
0.43655294271749945
0.6110909738932158
1.2378081248572563
2.9306353974741732
2.2046030992512087
0.7661152926388564
0.17125221192795692
0.500340711375828
0.37179184951169475
0.2826706838951427
0.3599682087042586
0.3245907077691834
0.42960846556502386
0.7878700687233517
0.6818989903619546
2.2033546757327502
0.954450395651377
1.224088721406265
0.7609075607567659
0.49714521548502866
0.36872847421908084
0.5042880690323583
0.6195417964819425
0.666873610065335
0.6424432165691192
0.44272564787143587
0.30128713451204714
0.556667173128246
0.7597527127319861
0.00027632411156996994
0.01452535345702799
0.14677136994887263
0.0102482351890405
0.20799250405381198
0.24250577043833488
0.15052816792544288
0.6892952554747334
0.740585332788501
0.11791703956687538
0.5002670418062332
0.009872795246535837
0.2678009175968734
0.004854965139823975
0.16828686886265665
0.3840594310218979
0.5641485790105429
0.19305672469599156
0.015745270606270623
0.18777444428500534
0.07540398862024666
0.0016296644682443073
0.03365761672147105
0.010134882085158559
0.22843322292415902
0.018381135672288273
0.16376524006626791
0.14853169021973311
0.5517566766767024
0.5443241670750378
0.2224024488389622
0.6994243354482252
0.7283222128798128
0.10190508898782635
0.5003035487351397
0.009756811413915933
0.2583443944674144
0.38828399926481705
0.564113562305482
0.39351879453092753
0.5648558487209501
0.33436860755097175
0.03875923706908413
0.19083085200374672
0.018608486526400903
0.1688415218583046
0.5217166139518765
0.01004156571614967
0.24652647685719753
0.020474079322931438
0.13982114128082568
0.0057741557407675614
0.16679414818018223
0.15915109990634324
0.12540715888592135
0.6571146059420618
0.6330056703123201
0.32506021945095753
0.5002343012777262
0.010055022123866664
0.3658674020780932
0.016721522382664666
0.17042937415308224
0.03149965408550681
0.20942612618349
0.29633711803814133
0.16376152331812666
0.1572554625750806
0.658099184363155
0.27650672199493354
0.5002424532694993
0.010041387228117316
0.42638375084830304
0.024835266723779448
0.15257288864991114
0.01046566954126682
0.19021941883161197
0.25564769348175886
0.08420721092320527
0.0237903092219387
0.6884202102721826
0.2482686919355963
0.5002465493668247
0.01004948013615703
1.4682142491709897
1.472584629179868
0.11934055316812042
0.002186076555570793
0.1739730304905791
0.48770799446839597
0.6741968789420127
0.7247000095256455
0.7181413497198719
0.18649743265643082
