0.5553098501812537
0.055753457291425335
0.5003610945453669
0.31917217862387126
0.5003640027876175
0.36397937759787347
0.5524142131179195
0.5481575731405277
0.27371040888918863
0.08293041485965436
0.3301573546853067
0.5004368004811521
0.5005169011768613
0.009898376498874484
0.5010288060683319
1.9114110293785052
0.49998526313541536
0.33072447156794027
0.23718396569006206
0.01854354470692865
0.0168642687720002
0.17237820589158215
0.13122738463687078
0.5003356819458018
0.5004196106928882
0.00992065434181022
0.500979550096603
0.26489930641369774
0.5002650142047091
0.3306286576844437
0.5009169184874809
0.03635258315373502
0.0011657148367412162
0.17232494540756083
0.24172743454848433
0.5003536049020356
0.5004174983789582
0.00990747702869399
0.5011927121608659
1.0691898433349523
0.5001301003292937
0.02775769597106681
0.5003163645537496
0.016013586785140532
0.21482844743547513
0.559787161226148
0.07113237635475489
0.5003242353997965
0.5004069445007362
0.00990147902216254
0.47222193577000127
2.154502284199175
0.4999431455904704
3.781708649241878
0.008427297023181346
0.22022452880360266
0.1828984442505508
0.3760807773237671
0.05124465440814685
0.500322500320519
0.500379495234248
0.009849335985021135
0.5010516851113183
1.7944195068273041
0.500004360849676
3.790425455184053
0.05033719424826533
0.17976605865563666
0.08949698631239578
0.2531336708378831
0.18134559806616135
0.5003420855238838
0.500402062453702
0.009986712552045418
1.652751829372051
3.4038130576273353
2.2883492836640125
3.842553472173864
0.49965736442763475
3.8381933207554204
4.508738044239144
4.608316321930185
4.214189803893082
3.9671606297040114
2.8876444120478473
0.257488466240666
0.5003258721098254
0.33075493270097134
0.5004498398109218
0.3308142240072449
0.5004390671435708
0.02422337039656597
0.010248681480690358
0.2024815443724428
0.19457328798673235
0.5003472408955245
0.5004072230905345
0.009726222026574582
0.5012059654172836
2.339726432206385
0.4999121143584011
0.3305473875329339
0.02777906213455772
0.2526413587345768
0.2079970717059645
0.4376952060212318
0.02308876959619699
0.4917566556043056
0.5003688147993666
0.010019518333156618
0.3090148381013833
2.8116035771422876
0.49983080736521757
4.182177912102525
0.11939184919387547
0.10214499606309779
0.07384955573882035
3.8374161888650384
4.273415085730277
3.9336337329398345
3.1251587296105967
2.261664531935446
0.3473207181614155
1.829852544710731
0.49999960600233617
3.1588672636501567
0.06382795586541778
0.22522304462287934
0.10970040650421442
0.17892335234664092
0.24240086799864802
3.691686632446941
2.398697732540043
1.0115219887875244
0.5001864553374569
1.8129823722766218
0.5000018839362159
3.4853057377376144
0.1577100929603592
0.34419649763921
0.11742585257807914
0.07821185157611765
1.1984936865571942
3.768590744558241
2.194039277969928
1.050541665156981
0.5001792404800645
0.8528419301889381
0.5001651861621372
3.3740106958894227
0.15099277537066946
0.13276989310524723
0.10636743843398921
0.27119357185505155
0.08816871086066413
0.5003278343105224
0.5004211279438273
0.009717688161194893
0.5010944564938118
0.3309579607103954
0.5003683890606636
2.8652968731870185
0.49982096037162194
0.0661723060893431
0.04911624419018601
0.1535816031876296
0.19199328839446217
0.5003446358501824
0.5004056377874972
0.009981598928916036
0.5007500882106957
1.8378246046873872
0.4999967937566643
3.8631825482673494
0.029682003007803992
0.22804263070044328
0.1476804061843744
0.3231312459290967
0.08022941000229356
0.5003253385724742
0.5004514595998542
0.009635710679760656
0.5016639228057436
0.3312447649049952
0.5005864421728523
0.3916204766196092
0.5648186113370937
0.5570070659915611
0.1332390657214333
0.42701311317771307
0.23088615953172464
0.5003501879605174
0.5004335675405311
0.009896916938488154
0.19985355463794985
2.533160429990975
0.4998787624866896
3.87202471921218
0.04717567729135208
0.19338018637543097
0.2655462382817655
0.6354690863865997
0.09379705143405292
0.5003289235018249
0.5003899765258675
0.009905559254287155
0.5007928259442602
0.7275000235603315
0.5001881020941354
3.4950918556336004
0.19541657733825968
0.0821252753234587
0.10923048633052712
0.6859172877357791
0.11308861262275016
0.5002939282892793
0.5003921409151513
0.00989386882155685
0.500822917387767
1.3449912720935195
0.5000825578956887
3.6102351281987266
0.13908450257768568
0.12062032041747628
0.1929560501533718
0.6238126466722074
0.06261262579595606
0.5003017725275871
0.5003954686588008
0.00990265464098794
0.5008335077090296
3.0161081335193947
0.49979512740305765
4.127542802887042
0.13637213784739277
0.22570318185757543
0.12427300304127975
2.0747900279961304
4.214033182306034
3.78584654978148
