0.5553098501812537
0.07483931952848444
0.5003574782448279
0.2174383018831607
0.5003464163684175
0.3319269213512914
0.5041023191277043
0.5019023066758574
0.3847000790324451
0.6274965772172445
0.14803442144954282
0.5003364818442018
0.5004168660278125
0.009986274784037796
0.500929666972139
2.069282677974623
0.4999572854094385
0.3309823048058149
0.34150802014916515
0.7122415444507206
0.6673905273707108
0.8620374725803082
0.4559749557699879
0.21036679723750673
0.5003225962323921
0.010005821364250878
0.500879557249589
0.3827183580087654
0.5002432445267209
0.330621884384545
0.5013655429690491
0.7260303270409301
0.6831456873459096
0.8827991396334061
0.34553573427422
0.1807339499380669
0.5003179679783072
0.009994919362338095
0.5010940782408442
1.2065276808424397
0.5001044820311442
0.3306490192780327
0.5006399828609105
0.5049911206248536
0.6067681563617926
0.8734486228345699
0.4141760695812833
0.11787638425409153
0.5003051544878865
0.00994137189219746
0.5013826423661554
2.332517101157625
0.49991479479941425
1.0563922324542707
0.9020894740252747
0.9954798921973769
0.846507991610554
1.0031658740195382
0.5357748415412518
0.06319769589032109
0.5002740879413361
0.009931580058420764
0.500951055717449
1.9541569439254203
0.49997586213200407
3.770452632105334
1.034070197256875
1.0159727321474223
0.8575373616453623
0.9429081634487333
0.38571607580151657
0.07798977110352912
0.39823605649224003
0.010077663581312457
0.16277566606110927
3.642362835830811
2.5392215884677154
1.9860618458563124
3.512406348459413
1.9588621393597925
4.7665071029324375
4.774102245227668
4.4773704110199075
4.113768671535883
3.0132729054524017
0.2766315958699579
0.500323512543936
0.33075549418279593
0.5004332327559657
0.3308109266804413
0.5004101009659561
0.6616470395417648
0.6945038110550952
0.9338305769919173
0.4128896058249527
0.0927821320580886
0.500301193369193
0.009809028376243312
0.5011047135154252
2.517588236011695
0.499883056270618
0.33086990758751966
0.63063977796525
0.9463311869275026
0.8714836253004083
1.023028296902488
0.5292515127022535
0.11495912718368295
0.200324995996775
0.010110091937550969
0.5006190607644978
3.0115231150481097
0.49979849131494536
2.2442515787830186
1.0528466149870233
1.2002898298675078
0.9866829175435012
1.3711941657338542
4.408797494617007
4.080128223808078
3.250730387822374
2.280859270046433
0.24577375576549088
1.991036052302512
0.4999732266591721
3.078238168387559
0.7701915579806942
1.0406413571858613
0.898499104577442
1.0772699628433875
0.5876595658495605
1.3591646744648989
2.497317630925063
1.030604489329256
0.5001831972799033
1.976980472143325
0.4999752879524353
1.6281071418136728
0.9036793382795882
1.139172444673581
1.0104169834799888
1.1019262200072846
0.6053272057176358
3.10495039021699
2.2967684838231706
1.0696252716395644
0.5001744292299275
0.9953160034022503
0.5001408703707151
1.6377700036677516
0.6370040217666268
0.8874788967576666
0.8116699370714939
1.0025977483116333
0.5395445426007637
0.19578320172362051
0.500320388351505
0.00980979923563563
0.5009866383447541
0.2295600601505221
0.5003514030702831
0.33074709592542906
0.500497408515538
0.5608071844919413
0.6142039581438938
0.8639976508840519
0.4356647732678942
0.08214780235444685
0.4500016587755784
0.010069655294160818
0.5006546519380519
1.9955234250018536
0.4999690200958611
1.1378024422128648
0.5888884103299254
0.9217933839188137
0.8319290065409644
1.0544759480031858
0.5475411131270311
0.39467204594311145
0.5003518224041832
0.00971620533087858
0.5015613512975969
0.3313575047831767
0.5005731861987917
0.350263368054506
0.5083283750551519
0.3257860500094232
0.42363647626277334
0.7410962381111528
0.21408813932448378
0.325182016362664
0.5003419938607143
0.009980673904433246
0.5008608431057677
2.7111974309020965
0.4998483276155614
1.3687564411288373
0.551056924888301
0.8871331039989516
0.8241042967954186
0.7411487043793965
0.33002734530467936
0.5007681307524505
0.5005449561512405
0.009809916625923343
0.5006913294570428
0.846158354975433
0.5001674281021931
3.838394368817869
2.141274286799398
1.244350131446399
1.0240451186661588
1.0008789239758542
0.4773197733065313
0.016257235160245465
0.5002892054074302
0.009980883551627073
0.5007208126624452
1.4839300973966747
0.5000568199525484
3.9535897723605045
0.59180270793098
1.0164265179204168
0.940300123472972
0.9592356187095801
0.48744107470014786
0.06542871546834661
0.500297158291743
0.009988995002330192
0.5007321499720634
3.217814099011048
0.4997636499511291
4.49113826887775
1.305198107294106
1.5464380686580923
1.247885467807984
1.122206696697945
0.5980157640350461
3.4548488026691353
