0.5553098501812537
0.07472081440905498
0.5003564394920268
0.23560289100459464
0.5003504132882357
0.3324281615685427
0.5040997862194017
0.5018998802739167
1.1053875045405608
1.5048302439982275
0.4396343125747393
0.11972760620175471
0.09944585112205395
0.010123048950648972
0.5007754402102709
0.3304556499755975
0.5005083638592271
0.33136052377430936
0.5570248481462787
1.3163621322297772
1.3776561706150612
1.4474715231962652
0.9823786227738456
0.6468721214061395
0.2648332034456926
0.010097526180970817
0.5007444896769826
0.3637039420047188
0.500249467765502
0.3309806108099016
0.501895129255864
1.6668695897429546
1.227478574308893
1.655455775418674
0.8522155884513465
0.44684100747629873
0.09877833150677695
0.010124809926803202
0.5009397171621703
1.187563188882773
0.5001087013550567
0.33078582006194424
0.5014500002876296
1.4041525966513158
1.130115641216514
1.0833179203444212
1.0203121510721855
0.2386411701926301
0.11000564361068044
0.01012116190065182
0.5007098712915639
2.31249290007396
0.49991525421342153
1.2986800235281768
1.5284233837885792
1.7228395100921081
1.5779307461640806
1.6720305185393065
1.3046112401381635
0.7958408426905748
0.48738187723638493
0.010066716905954287
0.5007789039345694
1.9354717313561038
0.49998223459965185
1.2467843282546887
1.2152665580766153
1.6211447496030824
1.588667500648342
1.8202228495034185
1.074353609367169
0.5709308750407276
0.25001557533634156
0.010175475995930938
0.6663901693807777
3.6234200534923087
2.539163108489939
1.218965850304233
1.6333995380496753
1.7560433664333877
1.8181112171109692
1.6210267826666116
1.1990048355921945
1.7245419384468743
2.9865876109917284
0.2765732848792162
0.5003220388490259
0.33092172581840895
0.5004365577587704
0.330810385302466
0.5004560742483797
1.1275380788037448
1.4246717833822742
1.8737132775168166
1.1824356534162708
0.8903439980469998
0.5001393786868746
0.009935733471202468
0.5009183488463966
0.8613520153858563
0.5001644612761558
0.33160260340419345
1.5838626767200417
1.6341792121876977
1.6652959114298147
1.6712522793673203
1.4191584681338716
0.8062082359949443
0.6493974183312172
0.010236523524684848
0.5004725447256231
2.9927050294679685
0.49980244584277145
1.2348319964564274
1.2587546645038898
1.4423512217001653
1.4250413917370852
1.6478784901887193
1.4418281106963726
1.5376085915924635
3.2236603782865867
2.280801145822302
0.499955471335884
1.7609292567879664
0.5000107665445475
1.099684078730141
1.3073505970449868
1.5054238391937744
1.2123819334941928
1.3699253232596416
1.0526963879355549
1.4428214178099679
2.4766766547365395
1.03054575097351
0.5001828122045007
1.9578298460428294
0.49997959760438615
1.1637360976952693
1.2987493694850083
1.623854865765865
1.8454416605662258
1.8960875695950996
1.1928469671063167
0.5513666631405796
2.2695650200359703
1.0696242986788675
0.5001758148550062
0.9757061990795086
0.5001431394056928
0.8503963913565227
1.072932530845601
1.5942381778559946
1.1677770649053483
1.0869232738836319
0.620516975239858
0.32629358458869984
0.5002318922233773
0.009890737282189477
0.5008123851232016
0.2487434707436984
0.5003554045184657
0.33074720948824154
0.501196055126278
1.2566643382549594
1.4702007403818333
1.3039013498327927
0.9213191887776424
0.5871136369115284
0.25896444800212315
0.010176934108077518
0.5004823248246248
1.9762546272714259
0.4999732240039716
0.01405384474537641
0.8569431137513428
1.8886941014332828
1.3554938349359178
1.8895709644089647
1.114810758096393
0.1705212823478668
0.5002593897525802
0.009836166454325834
0.5014220674279226
0.33129823055794905
0.5017688648904421
0.37869371329353907
0.5083303845309324
0.32567255280654805
1.1915854978853373
1.57685414202883
0.7209499753031086
0.36496069858654323
0.40452189822387385
0.010076648193769522
0.5007091353607462
2.6922112224454606
0.4998513110927343
0.20813416620563974
1.3290800269916203
1.5140350932209037
1.4718570956677337
1.4931645719771338
0.9783329391969309
0.7016722019229951
0.22257063931060284
0.010103360497245362
0.5005262795768113
0.8274356592091183
0.500172253133937
0.7493591211992063
0.2690948797641317
1.5998419263523913
1.5877090728127778
1.711078015352963
1.0241565486762942
0.5279400032620405
0.3289341030455857
0.010089046853456018
0.5005711877048906
1.464491403414172
0.5000616445186079
0.6032850159667031
0.5002082480533572
1.3641347164605921
1.6082213560971184
1.6905444910111624
0.9132064352139504
0.2696797039782437
0.38462035771054204
0.010082564800240945
0.45711771526630596
3.198131812740592
0.4997659965296899
1.483022290871745
1.6311203209748077
1.9300029540927732
1.2697024834255526
1.726742760632265
0.9427489568220855
0.45844541095697533
