147.79706129032255 976.4455239431677 673917419.4 423202152.4083655 244.0
251.72363571428556 976.0004043048167 423202152.4083655 452475677.02353823 243.0
464.585732258064 976.058951354047 452475677.02353823 872314202.9534196 242.0
444.64396 976.7007471572539 872314202.9534196 977765220.5950781 244.0
600.262297849462 976.8096627572196 977765220.5950781 1289921349.6400223 287.94354838709677
878.2386466666667 977.0671393819076 1289921349.6400223 1381593192.1336012 672.0666666666667
715.9730989247312 977.1221314889824 1381593192.1336012 1323134558.633903 524.9166666666666
392.1731956989247 977.0870633225159 1323134558.633903 1084840272.8435013 253.58064516129033
250.48689777777776 976.911445126277 1084840272.8435013 625604765.5959467 222.0
230.7454935483871 976.3705042944036 625604765.5959467 372468470.8548397 194.0
236.80637000000002 975.8626860621056 372468470.8548397 309797755.671448 221.0
221.04278064516132 975.6720505723215 309797755.671448 362065505.7598951 192.0
260.16243870967736 975.8344171352171 362065505.7598951 401965272.43560594 247.0
348.35965714285726 975.9428404142272 401965272.43560594 661988144.7318679 245.0
405.094535483871 976.427000224739 661988144.7318679 886619445.7644203 245.0
336.40642 976.7172532066512 886619445.7644203 755126764.0006804 245.0
460.1935774193548 976.5606931105273 755126764.0006804 944331984.539304 243.0
434.78348222222223 976.7778821145811 944331984.539304 1096011245.968809 240.0
244.88802365591397 976.9220639220235 1096011245.968809 712616026.7044075 236.0
227.3035032258065 976.5047579298742 712616026.7044075 444245353.1218645 214.0
229.62302 976.0424907062437 444245353.1218645 290176409.01842064 205.0
192.5298870967742 975.5999132684501 290176409.01842064 107358468.49533065 217.0
187.91654 974.4604181358188 107358468.49533065 121283583.896623 170.0
219.8570258064516 974.5952183694131 121283583.896623 104856961.04830481 223.0
195.60008064516126 974.4332278374816 104856961.04830481 1259931.7298676174 234.50806451612902
375.409910714286 972.3503972691947 1259931.7298676174 324613241.94448125 242.86011904761904
495.095609677419 975.7265192718547 324613241.94448125 841670559.8717781 244.0
415.9273 976.6653891075443 841670559.8717781 894349065.997628 245.0
396.558722580645 976.726171999228 894349065.997628 894412775.8661197 244.0
578.5117477777778 976.7262455106147 894412775.8661197 1294131467.6198492 275.47222222222223
347.0457838709678 977.0696649475824 1294131467.6198492 1043067672.7805679 248.1263440860215
228.32777526881716 976.8717373315404 1043067672.7805679 608850286.5213976 230.0
236.07850333333334 976.3444880225488 608850286.5213976 399914662.6798355 194.0
210.5339548387097 975.9372681051083 399914662.6798355 186497699.42976844 222.0
180.39037 975.1005957282304 186497699.42976844 156761347.53532442 174.0
224.4237129032258 974.8965730276198 156761347.53532442 150126654.20146868 223.0
204.071229032258 974.8447394859489 150126654.20146868 38905076.4507029 246.0
437.309328571429 973.4751153738796 38905076.4507029 511361615.3235971 244.0
400.486719354839 976.1767232306472 511361615.3235971 759228866.9088482 245.0
376.29150333333337 976.5660906143538 759228866.9088482 752280416.0871533 247.0
404.51344516129 976.5569479159042 752280416.0871533 811921242.1562245 247.0
345.99426555555556 976.6310629717187 811921242.1562245 789850304.6228765 246.0
374.24007526881724 976.6055965053341 789850304.6228765 774610875.6904795 245.0
235.0090311827957 976.5863300995928 774610875.6904795 440563136.43945163 241.0
239.83748666666668 976.0351262728789 440563136.43945163 259416804.75679344 231.0
220.9702451612903 975.4827730997922 259416804.75679344 134707391.8216557 224.0
219.99036 974.7195128872376 134707391.8216557 89794405.91759226 225.0
223.4200483870968 974.2695044121479 89794405.91759226 71274899.53168376 228.0
264.55350967741936 974.0299328885748 71274899.53168376 119372699.53861433 247.0
385.01101428571417 974.5775249957279 119372699.53861433 458202990.5993236 247.0
343.008006451613 976.0704059811986 458202990.5993236 578002031.8577892 247.0
325.4308266666667 976.2965870059904 578002031.8577892 529882411.80834055 247.0
358.6986193548387 976.2137648236167 529882411.80834055 574460730.704668 246.0
257.9712 976.2910880911563 574460730.704668 432251334.4621445 245.0
239.57472903225812 976.0185026689243 432251334.4621445 277636496.37764716 241.0
223.49893548387092 975.5538106484472 277636496.37764716 154291938.81349662 234.0
228.01216 974.8772807719804 154291938.81349662 105099891.05178407 220.0
208.77965483870966 974.4358683809977 105099891.05178407 24306064.91992839 222.0
201.98207 973.1196129144424 24306064.91992839 1277773.773329881 207.76111111111112
213.7609516129032 972.3511109509332 1277773.773329881 1369221.182945669 213.08602150537635
276.8889387096774 972.3547688473178 1369221.182945669 82286582.55661307 246.90860215053763
402.52867857142815 974.1748234546923 82286582.55661307 465665449.54783124 246.0
396.78264516129 976.0853308990957 465665449.54783124 720044276.6720121 243.0
342.10837 976.5145319429895 720044276.6720121 668840128.8018322 241.0
366.3340258064516 976.4376399515556 668840128.8018322 705528923.579673 234.0
251.52103 976.4946101297821 705528923.579673 553810127.0548738 225.0
228.5846612903226 976.2590219364206 553810127.0548738 381308945.3079452 214.0
203.20781935483873 975.8867090905107 381308945.3079452 223705649.81607673 209.0
199.50273333333334 975.3110848548849 223705649.81607673 65876580.64286974 231.0
182.669835483871 973.9511965725449 65876580.64286974 1139963.7567508065 197.81451612903226
222.4077 972.34559855027 1139963.7567508065 1413151.1082989187 219.63888888888889
210.5062677419355 972.3565260443319 1413151.1082989187 1349653.9912668003 209.88978494623655
247.35250645161287 972.3539861596506 1349653.9912668003 2834463.108689986 246.9005376344086
212.11024880952382 972.4133785243475 2834463.108689986 1361640.8629202875 212.88095238095238
155.96012688172038 972.3544656345168 1361640.8629202875 986338.0639028748 154.08870967741936
195.76117555555555 972.339453522556 986338.0639028748 1234978.1982324033 192.04444444444445
141.46322365591396 972.3493991279292 1234978.1982324033 889648.7875230904 138.0752688172043
171.35446777777778 972.3355859515009 889648.7875230904 1085498.2803763587 168.48611111111111
93.99691505376346 972.3434199312151 1085498.2803763587 585671.1362283976 90.71774193548387
50.34319892473118 972.3234268454491 585671.1362283976 296940.8563148053 46.48924731182796
36.942906666666666 972.3118776342526 296940.8563148053 205901.4113134496 32.06388888888889
32.25610322580645 972.3082360564525 205901.4113134496 173783.49854923913 26.88978494623656
40.20734 972.306951339942 173783.49854923913 246165.82235040207 37.66111111111111
47.190435483871 972.3098466328939 246165.82235040207 299251.2632505005 46.56182795698925
95.17113548387094 972.31197005053 299251.2632505005 616021.8062863987 95.14784946236558
241.17091071428527 972.3246408722514 616021.8062863987 1546652.3673638548 240.94940476190476
424.85260752688214 972.3618660946945 1546652.3673638548 438619837.6262282 241.0
472.72189 976.0312396752524 438619837.6262282 763996074.8540905 240.0
451.147577419355 976.572363256387 763996074.8540905 923773685.9351716 246.0
277.20038 976.7583400056418 923773685.9351716 723337550.4129965 244.0
372.92159569892476 976.5188651979119 723337550.4129965 745343727.9311543 238.0
233.80260645161292 976.5478206946462 745343727.9311543 445787158.6650072 229.0
231.37538999999998 976.04557431733 445787158.6650072 277602995.0756856 214.0
207.0858451612903 975.553687481896 277602995.0756856 144402309.44344893 210.0
200.06024 974.800018042527 144402309.44344893 39636014.508744285 230.0
208.2187677419355 973.4917276024715 39636014.508744285 41755446.05341182 206.0
326.82326774193575 973.5337585779503 41755446.05341182 257170817.7493499 247.0
418.72779285714284 975.4719750853334 257170817.7493499 686121778.3038942 245.0
433.943296774194 976.464474811031 686121778.3038942 971662480.0306226 246.0
314.12766 976.8038616730329 971662480.0306226 761905419.1234535 246.0
401.6541774193548 976.5696123935835 761905419.1234535 816233340.922667 245.0
349.08535777777774 976.6360384702954 816233340.922667 806526583.3756571 243.0
235.2201440860215 976.6248383654334 806526583.3756571 508042560.9246179 235.0
220.0162258064516 976.1700851218492 508042560.9246179 309576968.42451715 217.0
221.57063 975.6712388545019 309576968.42451715 209950648.36115053 205.0
188.8282 975.2436015143973 209950648.36115053 44779497.03091944 222.0
185.30777 973.5919134044408 44779497.03091944 12023311.84138534 193.0
212.2812193548387 972.7784253289274 12023311.84138534 1359873.9202176067 215.58602150537635
189.54154193548385 972.3543949568086 1359873.9202176067 1221824.6130123856 189.69086021505376
306.0760642857142 972.3488729845204 1221824.6130123856 155587115.889466 242.8422619047619
328.6417677419355 974.8873993428864 155587115.889466 338204942.5091717 239.0
288.10906 975.7695786481228 338204942.5091717 345390625.981929 230.0
328.4672741935484 975.7891049619075 345390625.981929 455587252.9850122 219.0
218.21332999999998 976.06517450597 455587252.9850122 363077395.3708914 200.0
195.4956870967742 975.837166835247 363077395.3708914 181528123.68538892 223.0
165.402164516129 975.0702934371061 181528123.68538892 74602126.61655469 184.0
202.42435333333333 974.0737121923231 74602126.61655469 1269610.1866329398 220.38888888888889
145.91966774193548 972.3507844074653 1269610.1866329398 903927.6103642394 140.48387096774192
85.73707555555556 972.3361571044145 903927.6103642394 534348.5945527026 83.325
48.8049870967742 972.3213739437821 534348.5945527026 310186.9848433388 48.27956989247312
83.79251290322584 972.3124074793936 310186.9848433388 540763.5405184217 83.8010752688172
134.8988357142857 972.3216305416207 540763.5405184217 872727.0560203157 134.91964285714286
233.924987096774 972.3349090822408 872727.0560203157 1492435.382404481 231.63440860215053
338.76669333333336 972.3596974152962 1492435.382404481 225629820.2031104 233.99444444444444
371.4524967741935 975.3203356740534 225629820.2031104 510755078.23455065 202.0
240.78958 976.175510156469 510755078.23455065 411743649.72647226 217.0
187.1517419354839 975.969412091648 411743649.72647226 308610375.6604066 168.0
190.3807 975.6676852046339 308610375.6604066 178717565.22764173 198.0
139.5064966666667 975.0531558855345 178717565.22764173 862272.3499062965 190.3388888888889
164.2299387096774 972.3344908939962 862272.3499062965 1021552.52700601 158.56720430107526
173.42457 972.3408621010802 1021552.52700601 1101124.2871000546 170.76944444444445
152.0582903225806 972.344044971484 1101124.2871000546 976662.3704374839 151.4758064516129
119.55968387096775 972.3390664948174 976662.3704374839 773669.7323020354 119.73118279569893
201.11109642857127 972.330946789292 773669.7323020354 1295697.5491995309 201.05654761904762
336.34801290322616 972.3518279019679 1295697.5491995309 231886697.22430786 239.8978494623656
339.24092333333334 975.3504168135784 231886697.22430786 392860471.3215631 226.0
340.6809193548387 975.9180991068521 392860471.3215631 538898627.1339804 205.0
216.69986 976.2317972542679 538898627.1339804 373060872.1676579 220.0
183.5699129032258 975.8642958482817 373060872.1676579 280884697.9337404 167.0
188.57426451612898 975.5657525659329 280884697.9337404 130535946.46423052 211.0
135.00553333333332 974.6808883931873 130535946.46423052 834822.9301456566 174.15277777777777
177.0625129032258 972.3333929172057 834822.9301456566 1099311.3042077392 171.33870967741936
189.54877 972.3439724521683 1099311.3042077392 1201077.6914605252 186.87222222222223
97.70709354838705 972.3480431076584 1201077.6914605252 624672.1516051053 97.30376344086021
129.37043870967744 972.3249868860642 624672.1516051053 829967.3101339156 129.38978494623655
199.01362500000027 972.3331986924053 829967.3101339156 1281547.6448536434 198.98809523809524
403.88710322580675 972.3512619057941 1281547.6448536434 382758651.8196796 243.8790322580645
388.58353999999997 975.8906485103796 382758651.8196796 547310088.8183509 243.0
401.614990322581 976.2486201776367 547310088.8183509 688994439.0717685 241.0
258.06046 976.4689354643972 688994439.0717685 532284479.50252724 236.0
239.3584096774194 976.2185689590051 532284479.50252724 382501057.03138876 218.0
217.99790322580645 975.8899485245419 382501057.03138876 260590566.86610475 206.0
201.79518666666667 975.4884161868563 260590566.86610475 94729182.68310814 230.0
176.8011193548387 974.3231432900338 94729182.68310814 1098252.1731610242 199.80645161290323
213.79752 972.3439300869264 1098252.1731610242 1355772.8169780343 211.04166666666666
211.1675387096774 972.3542309126791 1355772.8169780343 1349513.7927632416 210.52956989247312
334.9088193548387 972.3539805517105 1349513.7927632416 238401903.45108157 246.9005376344086
415.21389642857184 975.3817399204379 238401903.45108157 655941014.7067732 246.0
470.645441935484 976.4176102712838 655941014.7067732 1035387932.3483282 246.0
449.05164333333335 976.8644371980497 1035387932.3483282 1090031885.6952102 246.0
433.038487096774 976.9163801194821 1090031885.6952102 1095014809.2559898 247.0
281.64497 976.9211167388365 1095014809.2559898 852563005.6242242 246.0
255.05791290322577 976.6779573141818 852563005.6242242 558483713.196661 245.0
236.71696129032256 976.2662790577589 558483713.196661 326173935.8233416 239.0
242.57727666666665 975.7322571169976 326173935.8233416 208928721.71990776 231.0
219.4267677419355 975.2373702543897 208928721.71990776 99900030.92061067 226.0
218.9243 974.3793481621806 99900030.92061067 59425246.92655261 225.0
224.7113129032258 973.8503944832274 59425246.92655261 48585873.102103546 227.0
237.24906774193553 973.6651129442713 48585873.102103546 23020956.06454362 247.0
315.0685285714286 973.0839154462374 23020956.06454362 194319484.6369125 245.0
466.362893548387 975.148289540469 194319484.6369125 677853501.9244572 243.0
339.91349 976.4516358725535 677853501.9244572 634966533.5343858 242.0
362.1549580645161 976.3850412011404 634966533.5343858 657592768.6111257 242.0
249.93007999999998 976.4201751065391 657592768.6111257 490200882.71302414 237.0
233.60197419354841 976.134401765426 490200882.71302414 335836581.17008513 223.0
214.41077419354843 975.7631428836144 335836581.17008513 221312678.258585 209.0
206.99393 975.2995801839355 221312678.258585 82107884.64127606 230.0
177.3161806451613 974.1724721663326 82107884.64127606 1104837.3566545066 196.26612903225808
212.40863 972.3441934942662 1104837.3566545066 1350666.166186994 209.65833333333333
213.6946193548387 972.3540266466474 1350666.166186994 1365242.5444242198 213.0483870967742
360.43380645161324 972.3546097017769 1365242.5444242198 307149638.5399383 246.90591397849462
566.5168107142858 975.6623148475734 307149638.5399383 1095516988.0350409 246.0
645.216364516129 976.9215940950903 1095516988.0350409 1328926462.3962092 439.3333333333333
511.95973000000004 977.0905377698838 1328926462.3962092 1265323687.9112108 326.64444444444445
1112.642095698925 977.0523837359996 1265323687.9112108 1434288947.037373 827.991935483871
1061.7177277777778 977.1537426196985 1434288947.037373 1433422286.92665 886.4083333333333
630.5193129032258 977.1532227276106 1433422286.92665 1299231212.57139 469.3306451612903
277.9326924731183 977.0727241827063 1299231212.57139 827351371.3289374 251.28763440860214
249.88335333333333 976.648866966918 827351371.3289374 448271518.808233 242.0
231.2995 976.0505430376164 448271518.808233 220546511.87808737 236.0
241.88332 975.2958966917215 220546511.87808737 190003085.86008066 232.0
248.3279451612903 975.1219700357323 190003085.86008066 209399236.81231302 236.0
273.83689354838714 975.2402392488556 209399236.81231302 283965774.040374 247.0
386.23159642857183 975.5770800516191 283965774.040374 631638518.0997819 246.0
365.233235483871 976.3798734753102 631638518.0997819 764179623.2424192 247.0
306.65390333333335 976.5726047674243 764179623.2424192 612244390.8254184 246.0
347.9960516129032 976.349758370847 612244390.8254184 603863582.5613793 246.0
252.52593000000002 976.3367446934184 603863582.5613793 445215022.838625 243.0
239.4438 976.0444300456772 445215022.838625 289025097.8361726 239.0
222.8446548387097 975.5956805067507 289025097.8361726 163986464.68623593 232.0
228.07780666666665 974.9530192553613 163986464.68623593 96763809.01482587 227.0
207.34813548387098 974.3452587936395 96763809.01482587 5511463.336737545 227.0
215.12122 972.5213109723641 5511463.336737545 1365187.2037079714 214.03055555555557
222.2319935483871 972.3546074881483 1365187.2037079714 1425077.7646518552 221.56720430107526
263.22884516129034 972.357003110586 1425077.7646518552 45528399.993509576 246.93279569892474
332.4736357142857 973.6063153844906 45528399.993509576 257149988.422251 246.0
388.452732258065 975.4718749443377 257149988.422251 538276394.7608894 245.0
396.9752933333333 976.2305527895218 538276394.7608894 660596394.3470503 244.0
412.956206451613 976.424839121657 660596394.3470503 780926075.3660402 243.0
270.03211 976.5946395728502 780926075.3660402 610519331.8732617 242.0
244.50448064516132 976.3470797078778 610519331.8732617 405057870.4892405 235.0
227.19394838709673 975.951244213286 405057870.4892405 248844947.94622093 227.0
225.44545666666667 975.4319468651261 248844947.94622093 146289642.4364406 225.0
202.9083193548387 974.8147628315347 146289642.4364406 30404477.44751029 225.0
210.88055 973.2819199419889 30404477.44751029 1336062.407682807 218.76111111111112
221.5590838709677 972.3534424963073 1336062.407682807 1422789.4612508584 220.88440860215053
272.17170967741936 972.35691157845 1422789.4612508584 69591555.70021482 246.93010752688173
346.53995714285713 974.0077836276345 69591555.70021482 313486147.0336493 247.0
407.624422580645 975.6856108346825 313486147.0336493 625112895.6807568 245.0
365.3479933333333 976.3697405212434 625112895.6807568 645967722.0875527 246.0
392.649829032258 976.4021237920615 645967722.0875527 721806103.351315 246.0
266.3802 976.5168501359886 721806103.351315 556276248.9503596 244.0
245.8159774193548 976.2628513182459 556276248.9503596 362600660.53925216 241.0
227.26010967741934 975.835871360161 362600660.53925216 211406355.85306543 234.0
231.63371333333333 975.2519536339089 211406355.85306543 124933130.4748022 231.0
210.897064516129 974.6290104673592 124933130.4748022 15424688.980396293 234.0
217.37306 972.8729080272333 15424688.980396293 1376171.4309089268 219.94444444444446
233.9164193548387 972.3550468572363 1376171.4309089268 1499247.417375874 233.2258064516129
157.20842258064513 972.359969896695 1499247.417375874 1013620.3598109243 157.48655913978496
166.10301428571444 972.3405448143924 1013620.3598109243 1065606.5661353457 166.24107142857142
308.3563172043011 972.3426242626454 1065606.5661353457 146874727.04012087 246.78225806451613
282.53770222222226 974.819333805001 146874727.04012087 178216653.30853024 247.0
328.9267193548387 975.0501015445642 178216653.30853024 302522758.60334474 246.0
239.9187 975.6453042595712 302522758.60334474 211659489.3075884 245.0
207.46867634408596 975.2531706216711 211659489.3075884 66115089.90667797 242.0
62.41257311827958 973.9549232797918 66115089.90667797 377005.565336022 82.36021505376344
45.879447777777784 972.3150802226133 377005.565336022 265412.1930523792 40.99444444444445
35.11697096774194 972.3106164877221 265412.1930523792 193175.9053632415 29.760752688172044
39.91431 972.3077270362145 193175.9053632415 241083.6126519954 37.37777777777778
54.8782419354839 972.3096433445061 241083.6126519954 354061.2209874814 54.225806451612904
