0.38612216461271576
0.1375757685733907
0.338827206460099
0.22288306589163032
0.5602123833226793
0.3914923965985597
0.5644192633750427
0.5639471279100032
0.22524640242182947
0.6720784227950967
0.25772015867517073
0.7215319271915623
0.44150323883522624
0.10009561552308455
0.40702816130117814
0.24357159837412112
0.3664688909587177
0.14192241303309494
0.22294295556138355
0.24765442381701863
0.5827922910529431
0.19468982071370444
1.3122873369766337
0.08004006539508701
0.16017060746025713
0.1830206578408582
0.37674925212215893
0.2429146284203929
0.38978068002304767
0.3870508694704169
0.4816618588719326
0.09528102085153645
0.804662723153013
0.08517218071739485
1.225073666671658
0.07644972358926871
0.40738028480172783
0.14822920223060176
0.4037521903759824
0.2826017720189453
0.4510379234142441
0.2629556594945184
0.4093658760587857
0.32448975708564465
0.05129947205937757
0.04836870651905567
0.189274323406468
0.021240398811054106
0.4176908441533316
0.07821389720661909
0.44461740264768146
0.27916006321767206
0.4253731206212814
0.2381733039656755
0.3171785946119998
0.16348963047484233
0.28936484533851914
0.10297965517830754
0.5577371830610325
0.31427309778322154
0.3936720404765879
0.10200602969564798
0.36029748731730304
0.1591244184377656
0.17453899439760256
0.1686244567151567
0.250463966086798
0.36031371062640094
0.059946920375415935
0.6169908928792252
0.3254757043069736
0.3811086871527918
0.393492926527542
0.749106487791372
1.5490422500277852
0.8844421964142573
1.8842392065652716
1.361625373641938
2.8754432725567995
3.801164429133658
4.124727311844702
4.211368374404779
4.011378982467365
3.7996792267859307
2.7828840879171874
0.21944069956590084
0.2700969239188593
0.1326576034403626
0.43008611062114266
0.2236096250296411
0.26016396372878603
0.07014681035118109
0.3987494431695717
0.3429314309477425
0.08643192308908976
0.45002813089722515
0.4111432123091685
0.10566249936153138
0.42866815360405575
0.2651534594798255
0.40889486631099814
0.20159063492978202
0.1980373325320679
0.18807956085830746
0.5867272035074249
0.09339947015944716
0.852590610406128
0.257027048890734
0.8038938137020075
0.18337609562841894
0.26048444123941294
0.0749022927787335
0.150269654297146
0.6847848007123565
0.06524348144947734
0.8963045324507122
0.2905936891494125
1.8338176793273315
3.0864554236234447
3.7637014356175937
3.0203431223304857
2.2237386646943085
0.07373880656008325
0.03454375891638328
0.5142562851146799
0.33595491047316983
1.225434226170715
0.5949352831702042
0.8922808472016306
1.455477061264551
1.3153327092127145
1.6038143632420758
2.26824006904694
0.9734733607136876
0.24689993939834132
0.1615253286232754
0.4444443382352956
0.2739577929337056
1.2474951129299319
0.3216946091154309
1.2257366118781463
1.1881945179746234
0.9891565054475238
2.7375784089251747
2.06619184830206
1.0125522786121817
0.33021772819251094
0.1922257510398726
0.3201415132794647
0.05621895754098638
0.16638113044404612
0.42363387446212286
0.07824576529282279
0.5711594907131596
0.49962441603037266
0.36774380222842584
0.3934928525536572
0.08767881790253274
0.42805222200203996
0.26592391022383666
0.4557810745439417
0.2666448085463431
0.41031303425352394
0.27809111461093394
0.05491673110964257
0.009137721237529206
0.1932314904039476
0.004874650353428933
0.41287659514132447
0.13389573250562758
0.3481323208111835
0.17880728078378993
0.3430432556287695
0.07608893415230256
0.06170222211629994
0.3616934562508325
0.08049132816985871
0.6472103207217206
0.5276398556763464
0.31502758771316675
0.393613677961814
0.08434813469536895
0.5617193555879236
0.391797255628604
0.5634802240379999
0.3926207554880117
0.5648378560158172
0.5486647686144366
0.1812750431411443
0.2119543439011693
0.03972150371684613
0.20024638796066796
0.43366232896437484
0.08535995034992361
0.4487012078262067
0.2622121386256566
0.4271604575686041
0.19783038644220863
0.2752583634641983
0.12180696080628639
0.14577975096146023
0.00112692156625549
0.437124008738663
0.13672299090525453
0.3942078850512214
0.10875474492080972
0.39452616262619866
0.21695135693679823
0.36470516262387775
0.18059654808817616
0.19455003910876023
0.0206038504843038
0.18098651453765946
0.035301739759405315
0.3326641720654857
0.15102758411073047
0.3941504139996326
0.08500474613091935
0.3973238331231661
0.2596319396201965
0.4278486861941886
0.2205631240066035
0.3203247488463994
0.16701586731840212
0.060653142650201275
0.15192806115287283
0.3132904901698552
0.10729585172299227
1.4778793167767428
1.6315231750782488
0.39086754891038833
0.2602947301171943
0.41007931870750447
0.2299930679013933
0.32840918450342826
3.0432695668134184
3.9438541623907586
4.151282636702673
4.017115628624948
3.6392918458879215
