0.5553098501812537
0.010376261299771095
0.5003725394414857
0.3306346282799275
0.5004326346125758
0.33385790212163347
0.5045103245763638
0.501994012857093
0.3272989319291355
1.2910020913670435
1.0649514210962319
0.5179304578387987
0.39803673407938334
0.010196090878913822
0.5006219554378779
0.3303699269532112
0.5014714831651821
0.33144575359955475
0.3834768872493841
1.3355031287761907
1.431500020400486
1.551841751589654
1.608406264873652
1.1286648656532057
0.49545152285533955
0.010212615631046695
0.5005792140401519
0.1391373038324124
0.5003362522585215
0.33429518195335106
0.501976460132382
1.3384633528261007
1.4263806745736347
1.5933611410118695
1.5182822213525529
1.1583019102787526
0.4399255446608521
0.010202385061505836
0.5007890396569916
0.3303673395110822
0.5007587415050967
0.33156841510542456
0.5015435184046284
0.8921836407454649
1.4733143734344925
1.6052372586585908
1.627316965085333
1.2422002195332906
0.4293578620283318
0.010200862152305312
0.08493698982162012
1.7696100434866726
0.5000091468227152
0.33073015017859575
0.1149461772605127
1.580077798158599
1.6314221473798165
1.713837163275068
1.7488504577731452
1.4232624875745579
0.07122527521807331
0.010149436802207035
0.5006381809264564
1.4124273292927296
0.5000726269755935
0.331107465157074
0.44537165880381746
1.5156556075454168
1.5587822828288926
1.65346326398921
1.5987965326277949
1.2611571741467436
1.0310801266094933
0.7274058477317462
1.3361368760589847
3.0599298088755242
1.6618281046444734
2.1049751771458105
1.5522492807377728
1.7222222019873223
1.6425172546021565
1.7039368763856295
1.5626270774516455
1.1006958203252184
0.370263835406603
0.010194666369668148
0.5007759467640591
0.33088039758496635
0.5005202722906184
0.33091234442889217
0.5032820682706776
0.14545446348292757
1.4512946461970255
1.623632975950375
1.6259120189447098
1.2464212179915757
0.5000818887054956
0.01002374797061023
0.5007953828270537
0.3304764378886498
0.5012509590127383
0.33168633526600466
1.4058673646088136
1.620322256868112
1.6565170769419209
1.7337566714993673
1.7423258211388095
1.475021450351269
1.2283550509454062
0.33179880963846387
0.09378047846417736
2.429148797400766
0.49989755347776654
2.1213042572180543
1.5739125921470265
1.712210932956908
1.6879189233493572
1.7527760748292138
1.7449156810741546
1.1927050662930916
0.5071066993439057
0.01021362252393132
0.5004171865982965
1.4426640991149227
0.5000636148024205
1.56230564524114
1.3293434472746823
1.5324331271347655
1.5789253029480772
1.7043813219369803
1.537982994771368
1.048146097933555
0.4017096882851803
0.010078215905478416
0.5006739041248656
1.434213772296605
0.5000670400537102
1.807979712282087
1.4463921549103027
1.6712967539912889
1.6283351557349097
1.6662980456004077
1.6161827761304854
0.9514977793122559
0.5001311388509073
0.010044151324174244
0.500634278106749
0.4730511219162912
0.5002312201332781
0.33074798502848246
0.5004160295658204
1.306474004685127
1.5335564111316398
1.608957460625256
1.6917351727909278
1.0806272604205818
0.5001076977395194
0.010011429641679115
0.5007118186291111
0.33057942361583237
0.5009337626195753
0.3346510126693891
0.5033477802339279
0.2536264395917964
1.3722557393345722
1.574678559063655
1.5881556004638382
1.2151353022306242
0.9590028857784159
0.09895039303639486
0.5003527059478365
1.4534216471017904
0.5000627547653727
0.3311530408707366
0.09296718330882836
1.5466356170232491
1.5752137524151215
1.6816502805774465
1.6594498634742116
0.8607542179753813
0.5001431838435808
0.009931794693860851
0.5012628962158354
0.3311663650655836
0.5081936463038819
0.3872223831193695
0.5528416415385644
0.5017011571933354
1.1549071675947484
1.5346528756613003
1.4476122413124766
1.0766022753318736
0.39676274355233687
0.010198952392166838
0.5005515127202225
0.33023676963112436
0.5004451211387568
0.3309704470290926
0.827266733265811
1.558545310211847
1.6091396378840814
1.7019652221694943
1.6451046549871928
1.371377320870832
0.45733946180705853
0.010207741507838541
0.500384833503829
0.3243849311724629
0.5002560221298396
0.33079082436211493
0.5012244136498589
1.0066813138470048
1.5138338323240625
1.6692120768778143
1.6498272352719074
1.3020102991661702
0.3714739343486162
0.010193347155525778
0.5004179914068478
0.9416301843730079
0.5001530231775098
0.3309136614118602
0.5013720629500895
1.4152496939918202
1.5578732506409048
1.6695542523708662
1.680321021748949
1.2737122189737633
0.4174351756949939
0.010200356693413681
0.25449085643611635
2.634746447590585
0.49986120568973824
2.127211603893298
1.5493845293113564
1.7145717980719888
1.718975164820682
1.7487285612788481
1.7503171761884997
1.2746779578716767
