151.79706129032255 976.4455239431677 673917419.4 976345.8505310912 403.51344086021504
252.72363571428556 972.3390538340212 976345.8505310912 1625493.0398996577 252.61904761904762
376.585732258064 972.3650197215959 1625493.0398996577 2405358.7632540264 374.14784946236557
274.57729333333333 972.3962143505302 2405358.7632540264 1737083.230623345 271.1277777777778
869.1252010752685 972.3694833292249 1737083.230623345 8446530.900397087 861.9354838709677
885.2414244444444 972.6436054541832 8446530.900397087 9136553.210151296 881.2083333333334
726.9730989247312 972.6723563837562 9136553.210151296 4636392.658232582 724.5
406.1731956989247 972.4854557063293 4636392.658232582 2576788.9160355506 402.53494623655916
224.27300888888888 972.4030715566414 2576788.9160355506 1410439.8381881095 219.51666666666668
171.90678387096773 972.3564175935275 1410439.8381881095 1071631.7763235383 166.41666666666666
185.80637000000002 972.3428652710529 1071631.7763235383 1179368.1638781354 183.13055555555556
204.04278064516132 972.3471747265551 1179368.1638781354 1303457.477363129 203.35752688172042
209.00114838709675 972.3521382990945 1303457.477363129 1346748.0862686348 209.08333333333334
325.0025142857144 972.3538699234507 1346748.0862686348 2088631.3936415592 324.86309523809524
298.094535483871 972.3835452557456 2088631.3936415592 1897453.1634654063 296.06720430107526
575.78142 972.3758981265386 1897453.1634654063 3666111.9032105217 571.0638888888889
622.1371258064516 972.4466444761284 3666111.9032105217 3961735.89624496 617.991935483871
445.78070444444444 972.4584694358498 3961735.89624496 2843332.547648397 443.18611111111113
249.54662580645157 972.413733301906 2843332.547648397 1580194.4235260033 246.38440860215053
168.2013526881721 972.363207776941 1580194.4235260033 1056882.0884244046 164.28763440860214
170.15635333333333 972.342275283537 1056882.0884244046 1061139.662415131 165.03333333333333
159.5298870967742 972.3424455864965 1061139.662415131 993751.3542690361 153.95967741935485
158.91654 972.3397500541707 993751.3542690361 1003272.9688296656 156.3
174.8570258064516 972.3401309187532 1003272.9688296656 1120070.628263081 174.18010752688173
204.4065322580645 972.3448028251305 1120070.628263081 1312775.7776847533 204.43279569892474
313.3027678571432 972.3525110311074 1312775.7776847533 2009265.2709153187 313.1815476190476
390.095609677419 972.3803706108366 2009265.2709153187 2490777.364671081 387.76075268817203
245.86063333333334 972.3996310945868 2490777.364671081 1558111.6913724858 242.54444444444445
889.0157118279569 972.3623244676548 1558111.6913724858 9252016.097026633 881.3467741935484
720.8506366666667 972.6771673373761 9252016.097026633 4603799.159242654 719.3805555555556
360.0457838709678 972.4841519663697 4603799.159242654 2283939.3440612173 357.15860215053766
167.784764516129 972.3913575737624 2283939.3440612173 1055590.615563754 164.13440860215053
170.41183666666666 972.3422236246225 1055590.615563754 1065884.2299320207 165.2861111111111
157.5339548387097 972.3426353691973 1065884.2299320207 975293.2971181571 151.9758064516129
163.39037 972.3390117318847 975293.2971181571 1037265.7753556917 160.75
173.4237129032258 972.3414906310142 1037265.7753556917 1110171.910317408 172.76344086021504
207.071229032258 972.3444068764127 1110171.910317408 1333808.230252099 207.08602150537635
374.0950428571433 972.35335232921 1333808.230252099 2398888.5996595407 373.82440476190476
296.486719354839 972.3959555439864 2398888.5996595407 1892488.411823117 294.5779569892473
368.58317 972.3756995364729 1892488.411823117 2342628.229862224 364.6
658.779574193548 972.3937051291945 2342628.229862224 4197097.261761818 654.013440860215
595.6525988888889 972.4678838904705 4197097.261761818 3799873.5010688156 592.6527777777778
387.24007526881724 972.4519949400427 3799873.5010688156 2462887.0401328728 383.9569892473118
189.11118172043007 972.3985154816053 2462887.0401328728 1187812.2144153644 185.4516129032258
168.0319311111111 972.3475124885766 1187812.2144153644 1050581.0686966344 162.96666666666667
156.9702451612903 972.3420232427478 1050581.0686966344 971990.5123950867 151.40860215053763
157.99036 972.3388796204957 971990.5123950867 1001962.4868547331 155.36666666666667
169.4200483870968 972.3400784994742 1001962.4868547331 1088717.4070931282 168.75537634408602
207.58576774193546 972.3435486962837 1088717.4070931282 1336939.0936303618 207.59139784946237
312.9395857142856 972.3534775637452 1336939.0936303618 2011571.8968743465 312.82738095238096
234.008006451613 972.380462875875 2011571.8968743465 1492084.0587649853 232.14247311827958
151.69749333333334 972.3596833623506 1492084.0587649853 950712.5059500783 148.33333333333334
406.76582365591395 972.338028500238 950712.5059500783 2588644.989426858 402.35215053763443
400.4628666666667 972.403545799577 2588644.989426858 2554258.517598174 397.4888888888889
225.76827741935486 972.402170340704 2554258.517598174 1428212.1404685103 222.58064516129033
156.53119354838708 972.3571284856187 1428212.1404685103 977799.9368325314 152.6048387096774
160.27882666666667 972.3391119974733 977799.9368325314 1001058.3562948183 155.1638888888889
151.77965483870966 972.3400423342517 1001058.3562948183 939861.9865401598 146.22043010752688
151.98207 972.3375944794616 939861.9865401598 960746.6926129394 149.36666666666667
160.7609516129032 972.3384298677045 960746.6926129394 1029071.4702052375 160.1048387096774
224.75990645161286 972.3411628588082 1029071.4702052375 1442661.578818323 224.70430107526883
329.3501071428567 972.3577064631527 1442661.578818323 2118760.359615835 329.23809523809524
293.78264516129 972.3847504143846 2118760.359615835 1876705.5709322216 291.7768817204301
169.24170333333333 972.3750682228373 1876705.5709322216 1068588.2393630731 165.9611111111111
519.6566064516129 972.3427435295745 1068588.2393630731 3312632.2577661714 514.8951612903226
461.6515855555555 972.4325052903106 3312632.2577661714 2941326.0988361114 458.75555555555553
252.47444623655917 972.4176530439535 2941326.0988361114 1598668.6963218625 249.33870967741936
159.55459354838712 972.3639467478529 1598668.6963218625 999076.1350906341 155.68010752688173
163.8694 972.3399630454036 999076.1350906341 1019142.8080514144 158.75
154.669835483871 972.340765712322 1019142.8080514144 960117.7416868598 149.1048387096774
159.4077 972.3384047096674 960117.7416868598 1010410.8954142934 156.775
168.5062677419355 972.3404164358166 1010410.8954142934 1076554.4564570857 167.8494623655914
178.77186129032253 972.3430621782583 1076554.4564570857 1151336.6320902724 178.84139784946237
213.9971535714286 972.3460534652836 1151336.6320902724 1377639.6333600085 214.0654761904762
166.1590516129032 972.3551055853344 1377639.6333600085 1057670.8741600553 164.26075268817203
87.93895333333333 972.3423068349664 1057670.8741600553 544926.5330671845 84.63333333333334
152.3960193548387 972.3217970613226 544926.5330671845 960701.4315682858 148.71236559139786
134.50169 972.3384280572627 960701.4315682858 848482.962063684 131.78333333333333
157.5318612903226 972.3339393184825 848482.962063684 994197.2627520958 153.94354838709677
149.88620967741934 972.3397678905101 994197.2627520958 941206.7688745501 145.81989247311827
159.74290666666667 972.3376482707549 941206.7688745501 995754.0270910441 154.61666666666667
152.25610322580644 972.3398301610836 995754.0270910441 941007.0105633601 146.69354838709677
161.20734 972.3376402804225 941007.0105633601 1022690.3952566878 158.5611111111111
176.190435483871 972.3409076158102 1022690.3952566878 1131784.868473107 175.51612903225808
210.39694193548385 972.3452713947389 1131784.868473107 1349676.6547165178 210.41397849462365
369.5994821428567 972.3539870661887 1349676.6547165178 2374576.522782428 369.3452380952381
450.075725806452 972.3949830609113 2374576.522782428 2876937.8363010976 447.6962365591398
299.8552233333333 972.415077513452 2876937.8363010976 1899816.8584616403 296.4972222222222
462.147577419355 972.3759926743385 1899816.8584616403 2938237.0414365204 457.89784946236557
831.4337133333333 972.4175294816574 2938237.0414365204 6947044.489158152 826.3638888888889
546.7844989247312 972.5811268537149 6947044.489158152 3485919.89969902 544.1209677419355
224.50959569892473 972.439436795988 3485919.89969902 1416207.7984919508 221.1021505376344
169.03094555555555 972.3566483119397 1416207.7984919508 1056015.7617366028 164.05
156.0858451612903 972.3422406304694 1056015.7617366028 967085.871179098 150.52956989247312
158.06024 972.3386834348471 967085.871179098 998028.044291062 155.4361111111111
169.2187677419355 972.3399211217716 998028.044291062 1085786.2635559894 168.55376344086022
265.0490741935486 972.3434314505422 1085786.2635559894 1701058.1791556627 264.9193548387097
375.4420785714286 972.3680423271662 1701058.1791556627 2410667.175941054 375.3184523809524
328.943296774194 972.3964266870377 2410667.175941054 2101825.0161468154 326.94086021505376
511.6998822222222 972.3840730006458 2101825.0161468154 3256622.5584992953 507.2888888888889
693.1514892473118 972.4302649023399 3256622.5584992953 4423360.993153059 688.6048387096774
361.08258 972.4769344397262 4423360.993153059 2300191.564111291 358.9472222222222
163.98089677419352 972.3920076625644 2300191.564111291 1028989.5969727419 160.91397849462365
154.75816129032256 972.3411595838788 1028989.5969727419 969794.7269992849 150.68817204301075
159.03729666666666 972.3387917890799 969794.7269992849 991115.941308053 153.925
150.8282 972.3396446376523 991115.941308053 934668.8732901481 145.2688172043011
152.30777 972.3373867549316 934668.8732901481 963762.7862385889 149.6888888888889
158.2812193548387 972.3385505114495 963762.7862385889 1015612.788663401 157.63172043010752
169.34799354838708 972.3406245115465 1015612.788663401 1091957.6851574718 169.41666666666666
235.00463571428568 972.3436783074062 1091957.6851574718 1511620.5501626148 234.99404761904762
225.6417677419355 972.3604648220065 1511620.5501626148 1436406.188701311 223.61559139784947
119.04239333333334 972.357456247548 1436406.188701311 743495.812492627 115.77222222222223
339.4672741935484 972.3297398324996 743495.812492627 2157455.3664031816 335.2096774193548
133.21332999999998 972.3862982146561 2157455.3664031816 838892.8008364207 130.9611111111111
156.4956870967742 972.3335557120334 838892.8008364207 983975.2955847231 152.90860215053763
150.36990645161288 972.3393590118234 983975.2955847231 943567.0966561318 146.2983870967742
157.49102 972.3377426838662 943567.0966561318 980813.8358895703 152.375
149.91966774193548 972.3392325534355 980813.8358895703 928629.9528141653 144.36021505376345
152.18152 972.3371451981126 928629.9528141653 962038.100649468 149.5611111111111
171.8049870967742 972.338481524026 962038.100649468 1099432.6718659648 171.1209677419355
203.8570290322581 972.3439773068746 1099432.6718659648 1310705.76323031 203.8763440860215
265.43455 972.3524282305292 1310705.76323031 1708397.949781038 265.4345238095238
284.674987096774 972.3683359179912 1708397.949781038 1812409.7648798914 282.5456989247312
167.76669333333334 972.3724963905952 1812409.7648798914 1051853.6148505092 164.46944444444443
383.4524967741935 972.342074144594 1051853.6148505092 2436001.6723250686 379.15860215053766
160.78958 972.397440066893 2436001.6723250686 1016718.5396656103 158.55277777777778
168.1517419354839 972.3406687415866 1016718.5396656103 1056406.8392668446 164.59139784946237
158.96134516129032 972.3422562735707 1056406.8392668446 994300.0021023151 154.88709677419354
162.87316333333334 972.339772000084 994300.0021023151 1013756.6830623011 157.75555555555556
152.2299387096774 972.3405502673224 1013756.6830623011 946701.2090815306 146.6720430107527
162.42457 972.3378680483632 946701.2090815306 1027314.8594732279 159.77777777777777
178.7034516129032 972.3410925943789 1027314.8594732279 1141183.0424927264 178.0268817204301
247.36613548387098 972.3456473216996 1141183.0424927264 1589080.6150516034 247.2983870967742
340.6110964285713 972.363563224602 1589080.6150516034 2185094.450215256 340.5327380952381
263.55769032258104 972.3874037780085 2185094.450215256 1678102.5099574188 261.6693548387097
168.24092333333334 972.3671241003983 1678102.5099574188 1058213.9336215362 164.88888888888889
352.6809193548387 972.3423285573448 1058213.9336215362 2242892.5904251668 348.494623655914
148.69986 972.389715703617 2242892.5904251668 941736.644133489 146.42777777777778
162.5699129032258 972.3376694657653 941736.644133489 1023260.8516773091 159.0
152.31619999999995 972.3409304340671 1023260.8516773091 954885.7222992675 148.252688172043
160.43886666666666 972.3381954288919 954885.7222992675 996352.5292274981 155.31666666666666
154.0625129032258 972.3398541011691 996352.5292274981 955022.2685181842 148.49193548387098
158.54877 972.3382008907407 955022.2685181842 1005607.8560841929 155.91666666666666
183.3441903225806 972.3402243142433 1005607.8560841929 1177238.4221886552 182.6451612903226
258.1446322580645 972.3470895368876 1177238.4221886552 1659112.0720125476 258.06451612903226
328.5493392857146 972.3663644828805 1659112.0720125476 2111513.2482821182 328.5297619047619
319.209683870968 972.3844605299313 2111513.2482821182 2035640.637913509 317.1263440860215
215.71687333333335 972.3814256255165 2035640.637913509 1363078.4686478414 212.33333333333334
412.614990322581 972.3545231387459 1363078.4686478414 2622866.2766482593 408.3360215053763
268.0965711111111 972.404914651066 2622866.2766482593 1706249.4664284708 265.575
372.42561397849465 972.3682499786571 1706249.4664284708 2365486.46838945 368.4139784946237
169.2855376344086 972.3946194587355 2365486.46838945 1062281.7580679907 165.66129032258064
165.09518666666668 972.3424912703227 1062281.7580679907 1029070.2159444916 159.99444444444444
156.8011193548387 972.3411628086377 1029070.2159444916 973691.9784909067 151.2311827956989
154.79752 972.3389476791396 973691.9784909067 978437.5727732154 152.1861111111111
177.1675387096774 972.339137502911 978437.5727732154 1133710.8301517635 176.4758064516129
268.2636580645161 972.345348433206 1133710.8301517635 1726382.7388397374 268.14247311827955
350.8924678571433 972.3690553095536 1726382.7388397374 2255497.557205833 350.8422619047619
360.645441935484 972.3902199022882 2255497.557205833 2299432.7432546453 358.491935483871
419.5266433333333 972.3919773097301 2299432.7432546453 2667623.3865594766 415.51944444444445
905.3126806451611 972.4067049354624 2667623.3865594766 9907469.08956311 897.7231182795699
834.0171922222223 972.7044778787317 9907469.08956311 7064183.652983031 831.5694444444445
486.8186655913978 972.5860076522076 7064183.652983031 3096794.4565863046 484.40860215053766
219.47771397849462 972.4238717782634 3096794.4565863046 1383794.1641085604 215.94354838709677
172.96061 972.3553517665644 1383794.1641085604 1077456.1435844316 167.95277777777778
158.4267677419355 972.3430982457434 1077456.1435844316 983580.8599947642 152.86827956989248
159.9243 972.3393432343997 983580.8599947642 1011143.1019122563 157.3
170.7113129032258 972.3404457240764 1011143.1019122563 1092583.73390024 170.0483870967742
182.2168096774194 972.343703349356 1092583.73390024 1171382.529645584 182.28494623655914
247.31852857142857 972.3468553011858 1171382.529645584 1588664.401273959 247.3095238095238
357.362893548387 972.3635465760509 1588664.401273959 2278467.195334441 354.9704301075269
167.04682333333335 972.3911386878134 2278467.195334441 1050256.619678036 163.93055555555554
533.9345279569892 972.3420102647871 1050256.619678036 3400082.3679360417 529.1182795698925
452.38007999999996 972.4360032947175 3400082.3679360417 2885363.8602748113 449.5472222222222
235.60466236559142 972.415414554411 2885363.8602748113 1493889.8957780937 232.50537634408602
158.10969892473122 972.3597555958311 1493889.8957780937 989162.5764011347 154.2016129032258
163.06059666666667 972.3395665030561 989162.5764011347 1018622.1266007316 157.9388888888889
153.3161806451613 972.3407448850639 1018622.1266007316 947093.3709086793 147.75806451612902
156.40863 972.3378837348363 947093.3709086793 991593.9007764126 153.78055555555557
187.6946193548387 972.339663756031 991593.9007764126 1199604.6623563985 186.9811827956989
294.7563870967745 972.3479841864943 1199604.6623563985 1890099.7495165083 294.5994623655914
511.0525250000002 972.3756039899806 1890099.7495165083 3278788.6451594066 510.6547619047619
536.216364516129 972.4311515458064 3278788.6451594066 3425648.666603762 533.9166666666666
1049.55973 972.4370259466641 3425648.666603762 18053749.38594565 1038.161111111111
1521.2818806451614 972.9459374829429 18053749.38594565 905821515.1141421 1105.7876344086021
1066.7205055555555 976.7394094405163 905821515.1141421 555854322.4084494 1104.0
641.5166247311828 976.2621961528082 555854322.4084494 4092591.571056726 826.9758064516129
291.9353806451614 972.4637036628422 4092591.571056726 1850139.3490738315 288.508064516129
183.54724222222222 972.3740055739629 1850139.3490738315 1149242.5794928614 178.675
160.31831720430108 972.3459697031797 1149242.5794928614 993699.3396953088 154.77956989247312
166.88332 972.3397479735878 993699.3396953088 1059110.9945442984 164.23888888888888
177.3279451612903 972.3423644397817 1059110.9945442984 1132709.684040429 176.66666666666666
209.12721612903226 972.3453083873616 1132709.684040429 1340865.2621003874 209.1478494623656
305.1958821428576 972.3536346104839 1340865.2621003874 1957826.9353854104 305.10714285714283
258.233235483871 972.3783130774154 1957826.9353854104 1641952.556871664 256.2768817204301
278.2983477777778 972.3656781022748 1641952.556871664 1760269.3504467027 274.5416666666667
479.10357849462366 972.3704107740178 1760269.3504467027 3049723.5850441996 474.741935483871
336.1453744444445 972.4219889434017 3049723.5850441996 2138767.821537182 333.56388888888887
191.78250967741937 972.3855507128615 2138767.821537182 1206762.444838265 188.55913978494624
157.65110645161292 972.3482704977935 1206762.444838265 987625.9709666412 153.63709677419354
161.37780666666666 972.3395050388386 987625.9709666412 1003779.5898660292 156.26388888888889
152.34813548387098 972.3401511835946 1003779.5898660292 943064.0225294778 146.78763440860214
157.12122 972.3377225609012 943064.0225294778 997201.7550828382 154.48888888888888
163.2319935483871 972.3398880702033 997201.7550828382 1044264.73556205 162.58333333333334
206.26110322580647 972.3417705894225 1044264.73556205 1322796.213478873 206.25537634408602
255.86649285714282 972.3529118485391 1322796.213478873 1648321.7753322467 255.89583333333334
283.452732258065 972.3659328710132 1648321.7753322467 1807134.6274278243 281.3037634408602
223.17529333333334 972.372285385097 1807134.6274278243 1409133.0763049114 219.67777777777778
424.956206451613 972.3563653230522 1409133.0763049114 2705065.854989863 420.6505376344086
503.4654433333334 972.4082026341996 2705065.854989863 3207330.7093710424 500.1972222222222
414.5985666666667 972.4282932283749 3207330.7093710424 2637031.8860500436 411.0
183.55416344086018 972.405481275442 2637031.8860500436 1155639.3780468467 179.9784946236559
166.03434555555557 972.3462255751218 1155639.3780468467 1032762.9794696256 160.96666666666667
153.9083193548387 972.3413105191787 1032762.9794696256 953478.1793455958 148.3521505376344
156.88055 972.3381391271738 953478.1793455958 989133.9886650598 154.25555555555556
166.5590838709677 972.3395653595466 989133.9886650598 1068163.4968192761 165.8978494623656
210.36525806451613 972.3427265398727 1068163.4968192761 1352388.7528801209 210.35752688172042
265.5042428571429 972.3540955501152 1352388.7528801209 1709892.39164813 265.5208333333333
301.624422580645 972.3683956956659 1709892.39164813 1924279.9887249097 299.44354838709677
192.54799333333335 972.376971199549 1924279.9887249097 1217875.234348672 189.20277777777778
461.74929139784945 972.3487150093739 1217875.234348672 2940764.051907987 457.244623655914
545.9107555555556 972.4176305620763 2940764.051907987 3481499.3867219603 542.5916666666667
343.6654397849462 972.4392599754689 3481499.3867219603 2178440.8112539095 340.4166666666667
164.14183010752686 972.3871376324502 2178440.8112539095 1026040.2768880387 160.46774193548387
163.90315777777778 972.3410416110755 1026040.2768880387 1018226.9301364665 158.79444444444445
153.897064516129 972.3407290772054 1018226.9301364665 952116.0623417883 148.33602150537635
155.37306 972.3380846424936 952116.0623417883 985755.2399066081 152.75
167.9164193548387 972.3394302095962 985755.2399066081 1077996.9659395367 167.25
208.16003548387096 972.3431198786376 1077996.9659395367 1337978.2381407162 208.16129032258064
266.5137285714287 972.3535191295256 1337978.2381407162 1711348.341472005 266.5238095238095
217.8616935483871 972.3684539336589 1711348.341472005 1388189.6106140288 215.93279569892474
108.87381333333335 972.3555275844245 1388189.6106140288 676001.9269637103 105.62222222222222
339.9267193548387 972.3270400770785 676001.9269637103 2160282.7260203734 335.64247311827955
132.9187 972.3864113090408 2160282.7260203734 834759.3866200688 130.66944444444445
157.6729774193548 972.3333903754648 834759.3866200688 990684.684358373 154.08064516129033
150.25397096774194 972.3396273873743 990684.684358373 942577.623288627 146.18548387096774
155.95167 972.3377031049315 942577.623288627 970210.0349116703 150.84166666666667
150.11697096774193 972.3388084013965 970210.0349116703 927102.6622619433 144.55376344086022
151.91431 972.3370841064905 927102.6622619433 959722.5587015596 149.29444444444445
167.8782419354839 972.338388902348 959722.5587015596 1072135.755510546 167.20430107526883
