0.5553098501812537
0.01758225146158754
0.5003673859942639
0.33080658103267613
0.5007934576069433
0.3316578012195688
0.5040995553815408
0.501899651469567
0.33735855668018466
0.5231784586332324
0.13433161168201124
0.5002889165312849
0.5004125161824691
0.01005762466905491
0.5008057678303377
0.33059831897107195
0.5004464376720357
0.3312344479415872
0.19498180311433533
0.5608223436055289
0.6098697761911822
0.7159137123571275
0.7180838196138017
0.5001897816758945
0.4165750557678187
0.010074845233642549
0.500758237007517
0.33090379069208975
0.5007143098317144
0.3306930155033774
0.501660123323143
0.5711073053236699
0.647118800835571
0.7367932526180567
0.6278414696888248
0.5002068732271452
0.49199867752195114
0.010063925206032387
0.5009727738365113
0.33059197352228953
0.5005584102817551
0.3307163274854119
0.5010007291404417
0.5286066025978995
0.6129067846043252
0.7693081379794302
0.6965408023942965
0.49293742107855376
0.500366399843621
0.010059096963865422
0.5007679915833947
0.33039563376542436
0.5003944154526758
0.2677912496257786
0.46206703530250604
0.7441005117689503
0.7477373087858226
0.8361090676892156
0.7978238786484284
0.5001750602981971
0.5006270537860766
0.01000238706022305
0.5008277574208835
0.3305732064204374
0.500486129818694
0.27648991986964333
0.44096826011817747
0.703759091077373
0.6960257941643944
0.7966058949153414
0.6478219117978172
0.5002034731200213
0.05256471613086866
0.01014757349005535
0.08575366955860364
0.5416503234357677
0.758497583958488
0.6896191417169684
0.89399754175149
3.608012725700035
3.9635458210027537
4.044226481379689
3.9302530121016774
3.7368375045309046
2.720097232573415
0.2193192200811982
0.5003326975150468
0.33078642187348706
0.5009452931074039
0.24634753789216735
0.50035275890178
0.31767039866171487
0.6364526667276866
0.766949259637931
0.6749375147497405
0.2799841515143582
0.5003323231862007
0.00988339188304277
0.5009813537921026
0.11112894299809817
0.5003305167491252
0.33119411593512993
0.520793581969687
0.7765162090513043
0.7728914664512097
0.8560285863916546
0.7912980911792391
0.5001786725465633
0.25310607619153735
0.010174936964400416
0.5004985525628927
0.10657838584890733
0.5003317452423621
0.6884179111845157
0.7150815248340106
0.9081933048955526
0.8675962127832659
0.9586075701232981
2.144919535389835
3.698689729812921
2.957556392209881
2.2047178823459865
0.24212929554471252
0.330185350611643
0.5005207577794684
0.2909909623659086
0.49177470251003896
0.8098746720742489
0.8206043327270538
0.9103293180759948
0.8496492540261751
2.239645932918785
2.2280652213003984
0.9733569597786387
0.5001925647935384
0.3303753790850985
0.500500115075571
0.5971748511403279
0.6715791537776479
0.9078514361611214
0.8706919995206057
0.9348089949500396
0.8673169084470764
2.2866841184760474
2.023339841862327
1.0123771573825766
0.5001845715454785
0.33061222402711454
0.5006622351297487
0.18297873866380687
0.3828915249792253
0.6568277694826463
0.7129000596459036
0.8355981653168891
0.7813374492908083
0.50017844729435
0.5008465152879724
0.009881835605743738
0.5008658594211495
0.3308178064134868
0.5008139440866959
0.19384544386786917
0.5003421267607138
0.42725726391975893
0.5775043107266882
0.7388650542606525
0.6977740753132906
0.24847470313647246
0.006950532007707011
0.010138293616427596
0.5005338214810031
0.33080390363094647
0.5004651074542599
0.349200002141524
0.4825564258753703
0.7520350252260606
0.7541514640581957
0.887534405392318
0.8095302857765185
0.5001765547951962
0.5005400714153536
0.009792242348243718
0.5014360737773416
0.3313949351878369
0.5010929229900309
0.3545893360717578
0.5083305034781676
0.5016183783849311
0.46522976504420477
0.6786492378726603
0.5167725957322915
0.3870214056651138
0.5003515127296803
0.01005350610647504
0.5007391834305084
0.14371690720620123
0.5003371245927202
0.37821642709464953
0.4442470102419813
0.7173161843016125
0.725510480085104
0.8242345069717327
0.6940165715243154
0.5001935470919552
0.5005554260460094
0.010062731386321744
0.5005760278892009
0.33054140505754326
0.5006678941742004
0.018952760694099346
0.29593575256045224
0.6060653190910887
0.6532552678607733
0.7915369056667108
0.7189926288869355
0.5001904333654412
0.5007523347858109
0.010050247107589172
0.500603123162545
0.3306098924553176
0.5005485731329111
0.09629674711921954
0.35227092621368694
0.6445572523647529
0.6952306260244425
0.7918809226626591
0.7494316270589554
0.5001840751160671
0.5007569815952051
0.010057842383118576
0.5006110805804607
0.4175980759076836
0.500241438991635
0.6135808518313794
0.6485689408501605
0.8701541294710493
0.8561691559549023
0.8919349226377302
3.2577799787026525
3.5538642765942834
