0.5553098501812537
0.017582283100085583
0.5003673509018345
0.33042165401932166
0.500422860544897
0.3351576057947865
0.504462705135654
0.5019819694920544
0.4486342478096059
1.7430357346903946
2.3117970026672747
1.8781288790712591
1.5085763631906195
0.010362534015231795
0.5007778601271538
0.3307116740005167
0.5016200719318018
0.33143406372391304
0.25797410516277974
1.9056975342154652
2.632550733460218
3.0128511196275864
2.9444091534690138
2.488932034131523
1.9335113860739441
0.33943693137773057
0.5003103674185949
0.3304866162196012
0.5017292194545284
0.3356615536421623
0.5019669107389673
1.5226406412804483
2.579583929091855
3.053917167441993
2.8542293119367503
2.5395010683519135
1.8577331776222614
0.010416483531431986
0.4034645086902229
0.3302074790205607
0.5026916841307534
0.3315582770689067
0.5015301440488775
1.0175643140575357
2.392310247888525
3.022514010622102
2.8824127688007932
2.560487508505207
1.7871872192220049
0.3250119217195424
1.0877388715112275
0.3299709017390633
0.5014113149094879
0.33075108090695426
0.2403297593571514
2.2491182339561258
3.0878838384462366
3.176588510421807
3.0444452493390157
2.7625234154362643
1.4493154177596974
0.010352377985975991
0.09803234520633008
0.33016146189859263
0.5014350337005267
0.33136532418937925
0.3199265744710793
2.2340509890886104
3.0357867170117085
3.0953482143308264
2.874147292896475
2.600487699590807
2.3881499077122172
2.171141605554358
2.5712252187786953
3.1033156493461007
1.766191339977829
2.2166618199209793
2.9863284007557076
3.1993707453074585
3.125458571374931
3.250120164391358
3.0602579175752727
2.774507887144294
1.8697382962858287
0.01041680533585243
0.5005017006302861
0.33068728530010105
0.5013694871185166
0.34287242757037983
0.505189607030105
0.27090866788972523
2.2438876870505338
3.0810157059352417
2.941712548568707
2.6483677099659917
0.6481722961489291
0.010234973185366592
0.500529480390548
0.3308804276103361
0.502089853959931
0.331670263554102
1.763577009978503
3.027491220636586
3.118416563475594
3.1964488160127846
3.0581176009226985
2.8352106045749457
2.626593415470613
1.775660338058724
1.3081321209128007
2.4926436285927904
0.4998862970932132
1.6079852424884606
2.572831601905517
3.146860500597967
3.233302685260081
3.2782540991836813
3.1012145083681437
2.7617391800336653
2.127515940441013
1.3030282119615428
0.11666780946272315
1.4861739953534419
0.5000576841040161
0.3309292759441833
0.5010417472036712
2.4110898517335917
3.0375965410547208
3.2504529792616523
3.0760657918410628
2.742947009313629
1.3812946872421081
0.03189325130936016
0.5746824906551549
0.3300539446688342
0.501181517633027
0.33093596183204443
1.620771278320344
3.159415543639886
3.2155251835882384
3.254399925100983
2.811090523566627
2.5202017291206458
1.1557273767980196
0.07084703764966704
0.5003588216754729
0.3302505381799632
0.5011948654304739
0.3317684447181941
0.5016103590047791
1.8150994322660896
2.923974569941831
3.154582713428811
2.9875673814467465
2.461705101444949
0.6202992521213817
0.010231619465854713
0.500412172720722
0.3308032098650848
0.5021860183920133
0.33460389136737767
0.5032821514973591
0.37907477677589263
2.1273749596949294
2.9858734167822236
2.924041872986311
2.6171426883968034
2.3567030917758327
1.605448626705587
0.5000793172318749
0.33038488021463497
0.5004879592896962
0.3326917741546591
0.011545073926061633
2.504087527895863
3.0965621016103513
3.207080479076774
3.035895864345288
2.304691804075489
0.04727572913167144
0.01014517073972776
0.5009827756844745
0.33168257150208547
0.5194488476647701
0.354658422054146
0.5086017137958212
0.5016822436390234
1.2561453844790158
2.399068652862104
2.6797296163294315
2.3531582383757716
1.754481066785719
0.46892268828312567
0.5002872880562945
0.3303684505973692
0.5013066974749272
0.3309553041037123
0.9317684283038594
2.5720609520330644
3.0476191903650927
3.143787659564194
2.9002538498177346
2.6897152427968147
1.834681578711748
1.3783287440944805
0.12151751790355902
0.3301257503667019
0.5007502815011984
0.3314178802009078
0.501727229970582
1.132063883866433
2.641107487698176
3.04700055475808
2.8846644732891766
2.620235108553855
1.7696962397077347
1.2381770402382921
0.2997382717095398
0.3301942335732111
0.5009154028995795
0.33156689042463494
0.5013544340827583
1.540739192262008
2.8721991303909866
3.0691799063788547
2.9151579668663175
2.5711233749117004
1.8357954835977868
1.1984648018565922
1.3853661701692213
0.3299237574291318
0.5005820236197138
0.06146939121823003
2.475552970483676
3.128571900245639
3.1600532379238673
3.211416130756146
2.985320131116671
2.6138288774156506
