141.79706129032255 976.4455239431677 673917419.4 912248.2190606461 393.8467741935484
249.72363571428556 972.3364899287624 912248.2190606461 1604241.1137020187 249.60119047619048
466.585732258064 972.364169644548 1604241.1137020187 2978096.4893432846 463.8709677419355
254.57729333333333 972.4191238595737 2978096.4893432846 1609641.4029690784 251.41944444444445
751.6144483870964 972.3643856561188 1609641.4029690784 164300658.20160908 676.8521505376344
867.2414244444444 974.9554738922001 164300658.20160908 538224315.4630362 676.0
699.9730989247312 976.230448630926 538224315.4630362 391456493.08762 676.0
368.1731956989247 975.9142839486077 391456493.08762 2335283.9732094314 496.34139784946234
254.15911999999997 972.3934113589283 2335283.9732094314 1596107.6039519622 249.19166666666666
237.74549354838712 972.3638443041581 1596107.6039519622 1489572.150668419 232.05645161290323
274.80637 972.3595828860267 1489572.150668419 1744818.7950661532 272.0027777777778
296.0427806451613 972.3697927518026 1744818.7950661532 1893557.0671966397 295.3306451612903
304.45276129032254 972.3757422826878 1893557.0671966397 1958802.33720258 304.5295698924731
442.6810857142858 972.378352093488 1958802.33720258 2844108.724419573 442.48809523809524
286.094535483871 972.4137643489768 2844108.724419573 1822475.917972622 284.38440860215053
144.53975333333335 972.3728990367189 1822475.917972622 906363.0986240706 141.32777777777778
405.473147311828 972.336254523945 906363.0986240706 2577748.9422225114 401.0483870967742
415.78070444444444 972.4031099576889 2577748.9422225114 2649541.8664959217 412.7527777777778
242.61114193548383 972.4059816746599 2649541.8664959217 1536233.2571597986 239.4005376344086
231.36801935483874 972.3614493302864 1536233.2571597986 1457319.662151344 227.20967741935485
241.78968666666668 972.358292786486 1457319.662151344 1518210.1712718126 236.53333333333333
225.5298870967742 972.3607284068509 1518210.1712718126 1415422.0867800193 219.86021505376345
244.91654 972.3566168834711 1415422.0867800193 1557052.682737199 242.18055555555554
266.8570258064516 972.3622821073095 1557052.682737199 1712899.2295500967 266.14784946236557
297.9226612903226 972.368515969182 1712899.2295500967 1913002.5727797737 297.9489247311828
428.76705357142885 972.3765201029112 1913002.5727797737 2752645.7469506133 428.5922619047619
383.095609677419 972.410105829878 2752645.7469506133 2445980.325209814 381.05913978494624
225.86063333333334 972.3978392130084 2445980.325209814 1425830.3804554301 222.6
376.558722580645 972.3570332152182 1425830.3804554301 2393902.459208171 372.4274193548387
414.1895255555556 972.3957560983683 2393902.459208171 2636345.666919968 411.09722222222223
324.0457838709678 972.4054538266768 2636345.666919968 2056696.3596721035 320.5483870967742
230.30895806451605 972.3822678543869 2056696.3596721035 1455305.8931012996 226.34677419354838
241.01183666666668 972.3582122357241 1455305.8931012996 1511817.6518292485 235.75833333333333
225.5339548387097 972.3604727060731 1511817.6518292485 1412722.4315537955 219.86290322580646
250.39037000000002 972.3565088972621 1412722.4315537955 1590333.6613638254 247.63611111111112
266.4237129032258 972.3636133464545 1590333.6613638254 1708976.8925298387 265.72849462365593
301.5551 972.3683590757012 1708976.8925298387 1940093.069744906 301.5698924731183
490.66647142857187 972.3776037227898 1940093.069744906 3148464.495353949 490.3422619047619
277.486719354839 972.4259385798141 3148464.495353949 1765564.4780173611 275.9166666666667
186.29150333333334 972.3706225791207 1765564.4780173611 1175310.0006052002 182.90833333333333
384.51344516129 972.3470124000241 1175310.0006052002 2445905.446520134 380.26075268817203
239.54148777777777 972.3978362178608 2445905.446520134 1521182.3885968647 237.04722222222222
351.24007526881724 972.3608472955439 1521182.3885968647 2227195.3056756617 347.23387096774195
231.21602043010756 972.389087812227 2227195.3056756617 1459891.1679439312 227.31451612903226
230.30415333333332 972.3583956467178 1459891.1679439312 1446218.2130766318 225.09444444444443
206.9702451612903 972.357848728523 1446218.2130766318 1290306.0443190155 201.3521505376344
241.99036 972.3516122417727 1290306.0443190155 1535797.692884822 239.21666666666667
263.4200483870968 972.3614319077153 1535797.692884822 1689379.4895719239 262.7123655913978
304.00512258064515 972.3675751795829 1689379.4895719239 1952424.0340546125 304.008064516129
431.72529999999983 972.3780969613622 1952424.0340546125 2770609.103634268 431.5595238095238
207.008006451613 972.4108243641454 2770609.103634268 1315722.9368293444 205.50806451612902
132.69749333333334 972.3526289174731 1315722.9368293444 828155.4025999446 129.33333333333334
339.6986193548387 972.333126216104 828155.4025999446 2155437.672091582 335.4731182795699
50.97120000000001 972.3862175068837 2155437.672091582 310541.3081517803 48.99166666666667
232.57472903225812 972.3124216523261 310541.3081517803 1471150.3926868543 228.5268817204301
221.72474193548385 972.3588460157074 1471150.3926868543 1400617.6617044169 217.5752688172043
231.91216000000003 972.3560247064681 1400617.6617044169 1458720.592632961 226.67222222222222
215.7796548387097 972.3583488237053 1458720.592632961 1349750.7917133349 210.1290322580645
240.98207000000002 972.3539900316684 1349750.7917133349 1532575.839548731 238.23333333333332
255.76095161290323 972.3613030335819 1532575.839548731 1638409.1898449943 255.07258064516128
321.17926129032253 972.3655363675938 1638409.1898449943 2059621.9716698935 321.1236559139785
449.2429642857138 972.3823848788668 2059621.9716698935 2886592.616624253 449.07440476190476
322.78264516129 972.415463704665 2886592.616624253 2056507.0702964596 320.97849462365593
150.24170333333333 972.3822602828118 2056507.0702964596 941825.475020907 147.1
346.3340258064516 972.3376730190008 941825.475020907 2202127.7637946038 342.1263440860215
50.521029999999996 972.3880851105517 2202127.7637946038 307190.73967072734 48.56111111111111
234.58466129032263 972.3122876295868 307190.73967072734 1481411.1465497962 230.52956989247312
223.65943225806456 972.359256445862 1481411.1465497962 1409519.6784544357 219.50806451612902
236.53606666666667 972.3563807871382 1409519.6784544357 1482347.1009004968 231.28333333333333
221.669835483871 972.359293884036 1482347.1009004968 1390661.693165089 216.002688172043
247.40769999999998 972.3556264677266 1390661.693165089 1568943.4301392767 244.65555555555557
262.5062677419355 972.3627577372056 1568943.4301392767 1680314.0596926496 261.81451612903226
276.1912161290322 972.3672125623876 1680314.0596926496 1777197.213369212 276.255376344086
286.3126297619048 972.3710878885347 1777197.213369212 1839205.5431337254 286.45238095238096
150.8069010752688 972.3735682217253 1839205.5431337254 960817.1185367429 149.1263440860215
70.93895333333333 972.3384326847414 960817.1185367429 438581.6807753089 67.65555555555555
122.3960193548387 972.3175432672309 438581.6807753089 768113.1549598189 118.77688172043011
48.501689999999996 972.3307245261983 768113.1549598189 297490.8935010937 45.99444444444445
260.5318612903226 972.31189963574 297490.8935010937 1651464.0123002748 256.3817204301075
48.16577956989248 972.366058560492 1651464.0123002748 288664.5486577788 44.715053763440864
17.909573333333334 972.3115465819462 288664.5486577788 87054.11804971364 13.102777777777778
13.256103225806449 972.3034821647219 87054.11804971364 55422.581403573204 7.922043010752688
30.207340000000002 972.3022169032561 55422.581403573204 184472.80838853592 27.647222222222222
39.190435483871 972.3073789123355 184472.80838853592 248878.42361861764 38.55913978494624
90.17113548387094 972.3099551369447 248878.42361861764 579653.6795377742 90.14247311827957
239.17091071428527 972.3231861471814 579653.6795377742 1538836.8852343045 238.9375
412.5354032258068 972.3615534754093 1538836.8852343045 2636197.3838472487 409.9569892473118
278.8552233333333 972.4054478953539 2636197.3838472487 1769031.4109798651 275.47777777777776
432.147577419355 972.3707612564392 1769031.4109798651 2749964.801827562 427.9516129032258
274.85038 972.4099985920731 2749964.801827562 1749027.7404278435 272.35555555555555
513.7844989247312 972.3699611096171 1749027.7404278435 3271754.4586533345 509.2983870967742
232.73002580645164 972.4308701783461 3271754.4586533345 1469969.0744682055 229.21236559139786
240.4420566666667 972.3587987629787 1469969.0744682055 1513770.6476582726 235.19444444444446
224.0858451612903 972.3605508259063 1513770.6476582726 1402115.1342618293 218.4220430107527
248.06024000000002 972.3560846053705 1402115.1342618293 1578516.3940625342 245.30833333333334
263.2187677419355 972.3631406557624 1578516.3940625342 1689896.800501433 262.5268817204301
360.50068709677447 972.36759587202 1689896.800501433 2312725.0351013993 360.3709677419355
494.22779285714284 972.392509001404 2312725.0351013993 3173074.349762063 494.04761904761904
308.943296774194 972.4269229739905 3173074.349762063 1967757.4618018386 307.2876344086022
123.26099333333335 972.378710298472 1967757.4618018386 770533.7827244244 120.18055555555556
352.23482258064513 972.3308213513089 770533.7827244244 2237962.3074923106 347.94354838709677
330.08258 972.3895184922997 2237962.3074923106 2099857.693029587 327.2083333333333
230.1260580645161 972.3839943077212 2099857.693029587 1451886.307414631 226.75537634408602
220.17751612903226 972.3580754522966 1451886.307414631 1389543.7157060024 216.0268817204301
230.67063000000002 972.3555817486282 1389543.7157060024 1445916.3356667687 225.43333333333334
212.82819999999998 972.3578366534266 1445916.3356667687 1329355.7643244958 207.18548387096774
237.30777 972.3531742305729 1329355.7643244958 1507101.20743332 234.5638888888889
252.2812193548387 972.3602840482973 1507101.20743332 1618576.7849455506 251.59139784946237
265.7673483870968 972.3647430713978 1618576.7849455506 1709753.65292692 265.8333333333333
353.79034999999993 972.368390146117 1709753.65292692 2272964.773254832 353.7261904761905
244.6417677419355 972.3909185909301 2272964.773254832 1561324.447241855 242.84139784946237
100.04239333333334 972.3624529778897 1561324.447241855 619555.5475021652 96.88888888888889
308.4672741935484 972.3247822219 619555.5475021652 1957324.034110144 304.27150537634407
31.21333 972.3782929613644 1957324.034110144 185897.06385687875 29.22222222222222
226.4956870967742 972.3074358825543 185897.06385687875 1433125.9229137648 222.4220430107527
227.402164516129 972.3573250369166 1433125.9229137648 1437440.0352112374 223.21774193548387
244.62435333333337 972.3574976014085 1437440.0352112374 1540885.8704380796 239.34722222222223
49.69386129032259 972.3616354348175 1540885.8704380796 288426.34194941196 44.75268817204301
27.18152 972.311537053678 288426.34194941196 162219.68761574707 24.72222222222222
40.8049870967742 972.3064887875046 162219.68761574707 259037.2253682882 40.16129032258065
78.79251290322584 972.3103614890147 259037.2253682882 510817.2564241222 78.79301075268818
132.8988357142857 972.3204326902569 510817.2564241222 856945.242922575 132.91369047619048
213.75025591397832 972.3342778097168 856945.242922575 1358596.2010421017 211.51612903225808
148.76669333333334 972.3543438480416 1358596.2010421017 932996.2411266129 145.36111111111111
352.4524967741935 972.337319849645 932996.2411266129 2240981.6396227665 348.2204301075269
81.78958 972.3896392655848 2240981.6396227665 512797.82518286555 79.7388888888889
235.15174193548393 972.3205119130073 512797.82518286555 1490442.8068755746 231.16935483870967
221.4774741935484 972.3596177122749 1490442.8068755746 1399334.4786461757 217.33602150537635
235.53983 972.3559733791458 1399334.4786461757 1478744.2722877015 230.2861111111111
225.2299387096774 972.3591497708915 1478744.2722877015 1409349.0535880472 219.5483870967742
250.42457000000002 972.3563739621435 1409349.0535880472 1589132.9001877587 247.66944444444445
51.8539892473118 972.3635653160075 1589132.9001877587 328049.7041559954 51.715053763440864
113.55968387096775 972.3131219881662 328049.7041559954 729364.07389826 113.50537634408602
199.11109642857127 972.3291745629559 729364.07389826 1279955.1159310094 199.04464285714286
353.6544645161294 972.3511982046372 1279955.1159310094 2260129.092180413 351.1559139784946
149.24092333333334 972.3904051636872 2260129.092180413 937226.1163641635 146.18055555555554
321.6809193548387 972.3374890446545 937226.1163641635 2038529.1309034552 317.55913978494624
65.69986 972.3815411652361 2038529.1309034552 408370.1600513019 63.625
224.56991290322583 972.316334806402 408370.1600513019 1420600.155334687 220.58602150537635
215.80007096774193 972.3568240062134 1420600.155334687 1362812.7989811006 211.65322580645162
235.17219999999998 972.3545125119592 1362812.7989811006 1477198.5928131037 229.90555555555557
230.0625129032258 972.3590879437124 1477198.5928131037 1441463.0779614253 224.36021505376345
179.04043666666666 972.3576585231184 1441463.0779614253 1132673.7104405004 176.53055555555557
48.3441903225806 972.3453069484176 1132673.7104405004 308001.1272500642 48.043010752688176
123.37043870967744 972.3123200450899 308001.1272500642 793613.5197418556 123.28494623655914
197.01362500000027 972.3317445407896 793613.5197418556 1266557.9111656046 196.97916666666666
389.95161935483895 972.3506623164466 1266557.9111656046 2486234.807117809 387.34139784946234
196.71687333333335 972.3994493922847 2486234.807117809 1240460.5727337894 193.575
381.614990322581 972.3496184229093 1240460.5727337894 2424056.904874076 377.39784946236557
71.06046 972.3969622761949 2424056.904874076 442202.7013206537 69.11666666666666
239.3584096774194 972.3176881080528 442202.7013206537 1514880.9357221008 235.33602150537635
225.90112903225804 972.3605952374288 1514880.9357221008 1427512.4432815912 221.752688172043
235.6951866666667 972.3571004977313 1427512.4432815912 1484070.9838206072 230.45
220.8011193548387 972.3593628393528 1484070.9838206072 1380921.7926710716 215.13978494623655
242.79752000000002 972.3552368717068 1380921.7926710716 1542480.4783197443 240.05555555555554
268.1675387096774 972.3616992191328 1542480.4783197443 1715716.599376942 267.4516129032258
362.7797870967742 972.3686286639751 1715716.599376942 2330269.3290042 362.6532258064516
461.92818214285757 972.3932107731601 2330269.3290042 2966014.4177948153 461.8392857142857
473.645441935484 972.4186405767118 2966014.4177948153 3025764.9926709016 471.4166666666667
255.25164333333333 972.4210305997068 3025764.9926709016 1617786.2345235932 252.10833333333332
413.038487096774 972.3647114493809 1617786.2345235932 2628174.3514616075 408.85215053763443
96.17552555555557 972.4051269740585 2628174.3514616075 601270.7523472867 94.22777777777777
450.8159774193548 972.3240508300938 601270.7523472867 2866236.8150078137 446.1209677419355
234.9024451612903 972.4146494726003 2866236.8150078137 1483465.1004353792 231.2258064516129
243.37727666666666 972.3593386040174 1483465.1004353792 1527558.6810676877 238.125
226.42676774193552 972.3611023472426 1527558.6810676877 1418121.1228778334 220.75806451612902
247.92430000000002 972.3567248449151 1418121.1228778334 1573679.1084448518 245.18055555555554
262.7113129032258 972.3629471643378 1573679.1084448518 1686953.065335755 262.01881720430106
277.70068064516136 972.3674781226134 1686953.065335755 1787710.0235761653 277.76344086021504
362.88995714285716 972.3715084009431 1787710.0235761653 2326560.0041646943 362.8363095238095
339.362893548387 972.3930624001665 2326560.0041646943 2167037.8348000105 337.2983870967742
148.04682333333335 972.386681513392 2167037.8348000105 927774.2070573908 144.95555555555555
342.1549580645161 972.3371109682822 927774.2070573908 2174196.725559191 337.9569892473118
46.930080000000004 972.3869678690223 2174196.725559191 289173.0067230121 44.96944444444444
233.60197419354841 972.3115669202689 289173.0067230121 1476672.8123569721 229.54301075268816
221.34625806451618 972.3590669124942 1476672.8123569721 1394618.8258974664 217.2016129032258
233.66059666666666 972.3557847530359 1394618.8258974664 1470565.1413563367 228.4111111111111
218.3161806451613 972.3588226056543 1470565.1413563367 1368450.9896093723 212.65860215053763
242.40863000000002 972.3547380395844 1368450.9896093723 1537846.1644562434 239.6638888888889
276.6946193548387 972.3615138465782 1537846.1644562434 1772039.1826964451 275.9543010752688
389.24025806451647 972.3708815673078 1772039.1826964451 2498802.2228032146 389.0725806451613
626.5168107142858 972.3999520889121 2498802.2228032146 4023451.366654049 626.0684523809524
560.216364516129 972.4609380546661 4023451.366654049 3576081.2993126083 558.1236559139785
319.0930633333333 972.4430432519725 3576081.2993126083 2022687.1264803023 315.93611111111113
1282.0963967741939 972.3809074850592 2022687.1264803023 1306308516.069428 677.0241935483871
1053.7177277777778 977.0769697156985 1306308516.069428 1431039458.8963242 831.5222222222222
611.5166247311828 977.1517933166745 1431039458.8963242 763405164.8054862 682.4543010752689
254.9353806451614 976.5715857431652 763405164.8054862 1612455.2569167186 497.48387096774195
247.49446444444447 972.3644982102767 1612455.2569167186 1554660.5039325901 242.275
213.29950000000002 972.3621864201573 1554660.5039325901 1337005.5029586721 207.69354838709677
249.88332000000003 972.3534802201183 1337005.5029586721 1583988.772933793 247.1027777777778
271.3279451612903 972.3633595509173 1583988.772933793 1738815.576272251 270.6182795698925
305.54657096774196 972.3695526230508 1738815.576272251 1961802.965313501 305.56451612903226
422.98159642857183 972.3784721186125 1961802.965313501 2714987.54391577 422.8422619047619
239.233235483871 972.4085995017566 2714987.54391577 1522614.5367875742 237.61559139784947
113.85390333333334 972.3609045814715 1522614.5367875742 708602.9876603907 110.6361111111111
328.9960516129032 972.3283441195064 708602.9876603907 2085992.1951283687 324.76344086021504
46.52593 972.3834396878051 2085992.1951283687 284604.6430418771 44.53333333333333
234.4438 972.3113841857216 284604.6430418771 1485090.7492013008 230.3790322580645
223.00594516129036 972.359403629968 1485090.7492013008 1407355.2032625738 218.85752688172042
227.81113999999997 972.3562942081305 1407355.2032625738 1428858.9692022467 222.59166666666667
203.34813548387098 972.3571543587681 1428858.9692022467 1271778.2933202574 197.73655913978496
243.12122 972.3508711317328 1271778.2933202574 1544502.9880006192 240.3361111111111
258.2319935483871 972.36178011952 1544502.9880006192 1657871.8073835846 257.5403225806452
302.6804580645162 972.3663148722953 1657871.8073835846 1944035.7142961377 302.6747311827957
374.7593499999999 972.3777614285718 1944035.7142961377 2405919.3229410686 374.73809523809524
294.452732258065 972.3962367729176 2405919.3229410686 1876626.841521428 292.5537634408602
203.17529333333334 972.3750650736608 1876626.841521428 1283012.9638121906 199.775
393.956206451613 972.3513205185525 1283012.9638121906 2502725.550077058 389.7123655913978
65.03211 972.4001090220031 2502725.550077058 402961.3793953937 63.138888888888886
241.50448064516132 972.3161184551758 402961.3793953937 1529473.7310342686 237.45967741935485
228.32298064516124 972.3611789492413 1529473.7310342686 1440932.5677544705 224.1720430107527
235.54545666666667 972.3576373027101 1440932.5677544705 1477228.1311359706 230.30833333333334
200.9083193548387 972.3590891252454 1477228.1311359706 1255049.7977076343 195.3252688172043
232.88055 972.3502019919083 1255049.7977076343 1479520.6879006336 230.12222222222223
259.5590838709677 972.359180827516 1479520.6879006336 1661890.8426681561 258.84139784946234
305.816870967742 972.3664756337067 1661890.8426681561 1968069.4174917422 305.8037634408602
383.28995714285713 972.3787227766996 1968069.4174917422 2461795.857761011 383.2559523809524
307.624422580645 972.3984718343104 2461795.857761011 1960277.880301486 305.7069892473118
172.54799333333335 972.3784111152121 1960277.880301486 1087028.876894265 169.2888888888889
373.649829032258 972.3434811550758 1087028.876894265 2372645.9811991523 369.4032258064516
59.3802 972.3949058392479 2372645.9811991523 366735.46480098576 57.455555555555556
238.8159774193548 972.314669418592 366735.46480098576 1507603.509671742 234.7688172043011
226.48591612903226 972.3603041403868 1507603.509671742 1429560.133015785 222.33333333333334
231.40037999999998 972.3571824053206 1429560.133015785 1452192.494016994 226.175
203.897064516129 972.3580876997606 1452192.494016994 1272699.9333435977 198.29301075268816
235.37306 972.3509079973337 1272699.9333435977 1494086.5845106395 232.61388888888888
260.9164193548387 972.3597634633804 1494086.5845106395 1668070.1003649784 260.2016129032258
303.61164838709675 972.3667228040146 1668070.1003649784 1950007.1454278526 303.60752688172045
386.5137285714287 972.378000285817 1950007.1454278526 2481460.931480092 386.4642857142857
258.8616935483871 972.3992584372592 2481460.931480092 1651366.5546838369 257.0967741935484
89.87381333333335 972.3660546621874 1651366.5546838369 553301.7419143668 86.79166666666667
308.9267193548387 972.3221320696765 553301.7419143668 1961386.9113574526 304.7043010752688
33.9187 972.3784554764543 1961386.9113574526 205202.14662524153 31.919444444444444
225.67297741935482 972.308208085865 205202.14662524153 1425788.5019950697 221.61021505376345
221.47977741935483 972.3570315400798 1425788.5019950697 1398524.1449192918 217.31451612903226
234.81833666666665 972.3559409657968 1398524.1449192918 1475405.2876601256 229.56666666666666
134.27826129032258 972.3590162115064 1475405.2876601256 826731.9908192059 128.96774193548387
29.91431 972.3330692796327 826731.9908192059 181941.3676803253 27.65277777777778
47.8782419354839 972.3072776547071 181941.3676803253 305726.43794761825 47.223118279569896
