1132.3548387096773
963.2142857142857
919.5483870967741
1022.5999999999999
1358.1290322580646
1509.0
1368.225806451613
1026.1612903225807
718.2333333333333
478.6774193548387
353.1666666666667
394.1290322580645
535.258064516129
686.0
863.0967741935484
1140.9666666666667
1368.1290322580646
1351.7333333333333
1129.2903225806451
845.1935483870968
600.0
397.51612903225805
266.6
262.4193548387097
346.83870967741933
470.25
661.2258064516129
932.4333333333333
1272.741935483871
1436.6666666666667
1270.5483870967741
965.0645161290323
680.9
450.16129032258067
305.1666666666667
300.96774193548384
403.741935483871
573.6785714285714
1063.0
1499.7666666666667
1506.0
1506.0
1506.0
1502.0
1509.0
1512.0
1270.6333333333334
906.1290322580645
747.4193548387096
741.6428571428571
794.483870967742
836.4333333333333
865.516129032258
882.0333333333333
797.9677419354839
617.3548387096774
435.46666666666664
276.93548387096774
177.83333333333334
186.0
288.51612903225805
451.85714285714283
804.1290322580645
1220.8333333333333
1439.516129032258
1398.0333333333333
1135.6129032258063
817.6451612903226
557.0
348.16129032258067
225.43333333333334
247.25806451612902
367.80645161290323
502.35714285714283
630.4516129032259
720.9333333333333
757.7096774193549
715.9666666666667
592.0
443.1290322580645
301.03333333333336
170.03225806451613
93.0
121.74193548387096
226.4516129032258
366.82142857142856
568.258064516129
953.6666666666666
1438.6451612903227
1506.0
1506.0
1280.8064516129032
868.4666666666667
549.1935483870968
343.8333333333333
294.5483870967742
360.35483870967744
496.2857142857143
730.7741935483871
1027.8666666666666
1146.9354838709678
982.0666666666667
724.5806451612904
508.0967741935484
331.53333333333336
181.58064516129033
89.3
101.19354838709677
186.4516129032258
288.92857142857144
406.03225806451616
588.8
753.8709677419355
712.6666666666666
536.8387096774194
372.5806451612903
229.36666666666667
102.19354838709677
26.0
56.483870967741936
163.41935483870967
282.14285714285717
392.7096774193548
487.03333333333336
572.4516129032259
563.4666666666667
448.741935483871
320.19354838709677
198.1
83.3225806451613
13.966666666666667
45.483870967741936
158.96774193548387
321.39285714285717
507.4516129032258
700.5
910.7741935483871
1011.4333333333334
883.1612903225806
643.4516129032259
427.03333333333336
249.32258064516128
138.9
141.96774193548387
259.64516129032256
451.67857142857144
877.741935483871
1434.0666666666666
1507.0
1508.0
1511.0
1513.0
1386.1666666666667
923.2258064516129
587.8
448.741935483871
471.93548387096774
594.4285714285714
919.0
1390.9333333333334
1506.0
1506.0
1506.0
1507.0
1314.5333333333333
855.0322580645161
544.9333333333333
419.96774193548384
433.96774193548384
513.9285714285714
649.1612903225806
1087.8666666666666
1499.225806451613
1526.0
1522.032258064516
1169.0645161290322
795.2333333333333
497.96774193548384
297.6666666666667
250.2258064516129
346.0967741935484
529.3928571428571
978.1290322580645
1472.1
1506.0
1506.0
1506.0
1507.0
1507.0
1378.0967741935483
934.4
711.6451612903226
670.1935483870968
703.6071428571429
806.483870967742
1022.9666666666667
1297.516129032258
1458.2666666666667
1348.258064516129
1043.7096774193549
730.9333333333333
474.06451612903226
303.8333333333333
265.741935483871
343.51612903225805
498.2857142857143
737.7741935483871
1119.9333333333334
1491.8709677419354
1508.0
1511.0
1520.0
1459.1
1017.4516129032259
658.1666666666666
499.9032258064516
509.0967741935484
630.7857142857143
996.6774193548387
1477.2
1507.0
1508.0
1510.0
1518.0
1517.0
1537.0
1359.4666666666667
978.8064516129032
813.9354838709677
798.0
894.6774193548387
1030.5666666666666
1135.1290322580646
1153.1666666666667
1005.7096774193549
757.4516129032259
529.6666666666666
329.96774193548384
194.06666666666666
192.8709677419355
