40.0
119.0
612
612
612
389.0388888888889
201.0994623655914
200.0
200.0
202.0
204.0
202.0
40.0
303.3511904761905
570.5322580645161
418.4194444444444
225.7231182795699
199.07222222222222
201.0
202.0
206.0
206.0
207.0
206.0
40.0
134.0
454.91129032258067
612
339.991935483871
200.59166666666667
199.0
220.0
202.0
204.0
204.0
204.0
40.0
66.0
422.5483870967742
559.9138888888889
365.4301075268817
200.84166666666667
200.0
213.0
200.0
200.0
199.0
199.0
40.0
156.0
315.0
200.0
200.0
200.0
200.0
199.0
199.0
199.0
201.0
204.0
40.0
111.0
315.0
199.0
201.0
201.0
202.0
203.0
205.0
205.0
207.0
205.0
40.0
111.0
186.0
199.0
201.0
204.0
211.0
214.0
205.0
142.57258064516128
40.0
40.0
40.0
87.0
315.0
329.02777777777777
528.5752688172043
212.54722222222222
200.0268817204301
199.0
199.0
200.0
200.0
200.0
40.0
218.52678571428572
612
345.35
200.56451612903226
235.0
199.0
200.0
199.0
200.0
208.0
206.0
40.0
109.0
315.0
200.0
200.0
211.0
211.0
218.0
209.0
158.69892473118279
40.0
40.0
40.0
127.0
315.0
203.0
202.0
213.0
215.0
216.0
199.0
185.4516129032258
40.0
40.0
40.0
76.0
315.0
199.0
199.0
205.0
201.0
206.0
218.0
197.0
111.30555555555556
51.02150537634409
40.0
105.0
315.0
199.0
200.0
200.0
200.0
199.0
199.0
200.0
200.0
203.0
40.0
102.0
315.0
612
464.76075268817203
203.65277777777777
200.00537634408602
200.0
200.0
200.0
200.0
200.0
40.0
88.0
315.0
350.93888888888887
221.002688172043
200.05555555555554
201.0
201.0
200.0
201.0
208.0
206.0
40.0
534.4613095238095
612
612
612
274.2583333333333
200.26075268817203
199.0
199.0
199.0
200.0
200.0
40.0
163.0
315.0
267.18611111111113
200.51075268817203
200.0
199.0
200.0
199.0
200.0
199.0
201.0
40.0
106.0
315.0
199.0
310.88978494623655
200.02777777777777
199.0
199.0
199.0
200.0
200.0
202.0
40.0
143.0
315.0
238.82222222222222
325.8494623655914
200.52777777777777
200.0
200.0
199.0
200.0
200.0
200.0
40.0
103.0
315.0
199.0
200.0
200.0
200.0
200.0
201.0
203.0
207.0
200.0
