1132.1612903225807
962.8214285714286
918.5806451612904
1020.5999999999999
1364.0967741935483
1558.1333333333334
1346.225806451613
1007.5806451612902
704.3333333333334
468.6774193548387
345.8
388.93548387096774
531.6451612903226
683.2857142857143
860.9354838709677
1138.6
1365.3870967741937
1348.2666666666667
1124.9354838709678
840.258064516129
595.3333333333334
393.3225806451613
263.23333333333335
260.03225806451616
345.03225806451616
468.67857142857144
659.6451612903226
930.4666666666667
1270.3225806451612
1433.6
1266.741935483871
960.3870967741935
676.1666666666666
445.8709677419355
301.73333333333335
298.48387096774195
402.03225806451616
572.1071428571429
1061.7096774193549
1674.3173333333334
1657.4
1657.4
1658.864
1661.304
1661.792
1396.2903225806451
932.4666666666667
681.741935483871
602.3870967741935
645.7857142857143
730.8064516129032
794.0333333333333
836.3870967741935
861.2333333333333
782.258064516129
605.3548387096774
426.43333333333334
270.0
172.56666666666666
182.4516129032258
286.0967741935484
449.82142857142856
802.2903225806451
1218.8333333333333
1437.0
1394.5
1131.5806451612902
813.4193548387096
553.0333333333333
344.7096774193548
222.53333333333333
245.32258064516128
366.2903225806452
501.1428571428572
629.0322580645161
719.0
754.9354838709677
712.5
588.4516129032259
439.35483870967744
297.26666666666665
166.48387096774192
90.36666666666666
119.7741935483871
224.96774193548387
365.5
566.8387096774194
951.8666666666667
1508.8387096774193
1658.864
1573.8064516129032
1168.741935483871
792.0666666666667
498.83870967741933
310.76666666666665
272.7741935483871
346.0967741935484
486.64285714285717
723.8709677419355
1022.3333333333333
1141.9032258064517
977.3
720.3870967741935
504.4193548387097
327.93333333333334
178.4516129032258
86.7
99.38709677419355
185.32258064516128
288.17857142857144
405.1290322580645
586.9
751.0645161290323
709.4666666666667
533.5806451612904
369.258064516129
226.06666666666666
99.25806451612904
23.9
55.29032258064516
162.61290322580646
281.57142857142856
392.0
485.76666666666665
570.1612903225806
560.6333333333333
445.7741935483871
317.0967741935484
194.9
80.51612903225806
12.333333333333334
44.096774193548384
158.0
320.7857142857143
506.1935483870967
698.4
907.7096774193549
1007.7
878.7741935483871
639.0322580645161
423.0
245.80645161290323
136.1
140.03225806451613
258.2903225806452
450.32142857142856
876.4193548387096
1539.8666666666666
1657.888
1660.328
1663.2559999999999
1606.0645161290322
1151.2333333333333
745.6774193548387
472.3
373.4516129032258
423.19354838709677
562.0357142857143
897.1935483870968
1405.7666666666667
1657.2583225806452
1658.376
1659.3519999999999
1562.6129032258063
1097.2
704.3548387096774
446.8666666666667
356.1290322580645
392.5806451612903
486.2857142857143
630.1935483870968
1074.8666666666666
1583.4516129032259
1659.8400000000001
1483.9032258064517
1086.8709677419354
739.4
461.0
273.46666666666664
234.4516129032258
335.83870967741933
522.1785714285714
973.0
1615.9666666666667
1657.4
1659.8400000000001
1659.8400000000001
1659.8400000000001
1579.3333333333333
1085.0967741935483
710.8
566.1290322580645
576.0967741935484
641.3571428571429
764.8709677419355
994.9666666666667
1278.6129032258063
1444.4
1337.1612903225807
1034.032258064516
722.9333333333333
467.48387096774195
298.96666666666664
262.38709677419354
341.258064516129
496.2857142857143
735.9677419354839
1118.0333333333333
1608.4193548387098
1657.888
1659.8400000000001
1654.6923870967742
1297.7666666666667
853.1935483870968
550.3666666666667
429.7741935483871
463.61290322580646
600.6071428571429
976.4516129032259
1660.506933333333
1656.912
1658.864
1660.816
1662.768
1662.768
1501.1290322580646
1000.2666666666667
731.2258064516129
653.9677419354839
692.2857142857143
824.2903225806451
983.8666666666667
1104.0645161290322
1130.9333333333334
988.6451612903226
744.5483870967741
519.8666666666667
322.741935483871
188.86666666666667
189.3548387096774
