159.0
2260
2260
283.0
137.0
146.0
138.0
138.0
136.0
136.0
136.0
136.0
310.0
2260
2260
320.0
137.0
136.0
136.0
136.0
136.0
136.0
136.0
136.0
320.0
2260
2260
317.0
137.0
136.0
136.0
136.0
136.0
136.0
136.0
136.0
317.0
2260
2260
284.0
134.0
129.0
133.0
135.0
136.0
136.0
182.0
565.4166666666666
2260
2260
2260
959.5833333333334
1646.282258064516
790.2361111111111
383.491935483871
316.4247311827957
448.5777777777778
452.38440860215053
569.3611111111111
736.733870967742
1423.4381720430108
2260
2260
717.0
203.0
155.0
145.0
138.0
138.0
138.0
138.0
139.0
300.0
2260
2260
401.0
482.0
164.0
144.0
138.0
137.0
137.0
137.0
137.0
303.0
2260
2260
339.0
138.0
137.0
136.0
137.0
136.0
136.0
136.0
136.0
317.0
2260
2260
306.0
137.0
136.0
136.0
136.0
136.0
136.0
137.0
137.0
291.0
2260
2260
441.0
165.0
149.0
138.0
137.0
137.0
137.0
137.0
137.0
255.0
2260
2260
581.0
160.0
146.0
138.0
137.0
137.0
137.0
137.0
137.0
238.0
2260
2260
339.0
152.0
144.0
142.0
137.0
137.0
137.0
137.0
137.0
257.0
2260
2260
394.0
161.0
145.0
137.0
136.0
136.0
136.0
136.0
137.0
296.0
2260
2260
300.0
135.0
134.0
135.0
136.0
136.0
136.0
136.0
136.0
328.0
2260
2260
317.0
137.0
136.0
136.0
136.0
136.0
136.0
136.0
137.0
326.0
2260
2260
217.0
134.0
123.0
131.0
135.0
136.0
136.0
136.0
136.0
336.0
2260
2260
367.0
139.0
137.0
139.0
175.0
611.0
374.0
325.0
182.2284946236559
1365.7069892473119
2260
2260
1934.0
366.0
201.0
173.0
144.0
140.0
139.0
138.0
140.0
331.0
2260
2260
1057.0
164.0
176.0
161.0
138.0
137.0
138.0
137.0
138.0
359.0
2260
2260
2140.0
205.0
201.0
175.0
147.0
142.0
140.0
139.0
140.0
