767.0
2260
2260
330.0
282.0
452.0
654.0
406.0
765.0
388.0
322.0
492.0
517.0
2260
2260
608.0
385.0
746.0
659.0
775.0
841.0
449.0
719.0
578.0
507.0
2260
2260
472.0
254.0
310.0
866.0
535.0
873.0
735.0
400.0
489.0
502.0
2260
2260
487.0
482.0
592.0
994.0
1261.0
776.0
1104.0
364.0
296.0
1311.6693548387098
2260
2260
361.0
331.5403225806452
781.5833333333334
698.1693548387096
657.0
540.0
623.0
372.0
369.0
521.5994623655914
2260
2260
439.0
674.0
573.0
552.0
405.0
646.0
730.0
683.0
314.0
507.0
2260
2260
983.0
533.0
682.0
491.0
881.0
705.0
675.0
269.0
448.0
389.0
2260
2260
648.0
388.0
733.5055555555556
1451.8844086021506
1170.0833333333333
1077.4388888888889
923.7983870967741
738.0694444444445
966.3870967741935
1663.0967741935483
2260
2260
556.0
337.0
631.0
541.0
699.0
373.0
662.0
409.0
544.0
367.0
2260
2260
925.0
1013.0
1086.0
968.0
840.0
467.0
731.0
361.0
469.0
262.0
2260
2260
552.0
631.0
832.0
1134.0
1124.0
935.0
645.0
258.0
257.0
420.0
2260
2260
864.0
879.0
830.0
440.0
508.0
777.0
765.0
372.0
220.0
284.0
2260
2260
734.0
744.0
543.0
1092.0
1397.0
1424.0
873.0
821.0
343.0
472.0
2260
2260
424.0
299.0
322.0
525.0
977.0
894.0
683.0
710.1777777777778
930.6586021505376
958.8736559139785
2260
2260
390.0
593.0
279.0
895.0
468.0
798.0
836.0
509.0
553.0
513.0
2260
2260
309.0
223.0
1811.6777777777777
2031.997311827957
1444.5779569892472
1389.013888888889
1304.6370967741937
1352.0861111111112
1324.741935483871
1663.5806451612902
2260
2260
357.0
540.0
714.0
712.0
865.0
826.0
678.0
545.0
381.0
402.0
2260
2260
674.0
583.0
441.0
496.0
554.0
790.0
915.7768817204301
1214.0444444444445
1283.2930107526881
1623.0698924731182
2260
2260
607.0
416.0
791.0
507.0
592.0
983.0
1105.0
1044.3472222222222
1681.1827956989248
2260
2260
2260
622.0
464.0
397.0
1140.0
658.0
1029.0
867.0
633.0
374.0
