503.0
1186.4642857142858
1068.3870967741937
574.0
492.0
510.0
494.0
493.0
490.0
490.0
490.0
490.0
589.0
1982.251142857143
1616.9032258064517
595.0
492.0
492.0
491.0
490.0
490.0
490.0
490.0
490.0
594.0
1770.7031428571427
1505.6774193548388
594.0
492.0
493.0
495.0
490.0
490.0
490.0
490.0
490.0
593.0
2040
1940.770580645161
580.0
507.0
530.0
511.0
494.0
492.0
491.0
491.0
501.0
619.0
2040
2040
700.0
514.0
495.0
491.0
491.0
490.0
491.0
490.0
491.0
567.0
1239.5
1321.0
805.0
526.0
501.0
495.0
491.0
491.0
491.0
491.0
491.0
583.0
1592.25
1354.5806451612902
639.0
670.0
504.0
494.0
491.0
491.0
491.0
442.1666666666667
350.38709677419354
372.48387096774195
461.89285714285717
630.258064516129
605.0
493.0
493.0
491.0
492.0
490.0
490.0
490.0
490.0
593.0
1820.9497142857142
1575.225806451613
588.0
491.0
491.0
490.0
490.0
490.0
490.0
490.0
490.0
578.0
800.8928571428571
742.6129032258065
660.0
505.0
497.0
491.0
491.0
464.73333333333335
259.06451612903226
109.26666666666667
104.38709677419355
192.41935483870967
299.64285714285717
402.6774193548387
491.3666666666667
503.0
495.0
468.9032258064516
328.64516129032256
180.03333333333333
46.806451612903224
0.0
12.0
125.35483870967742
298.2142857142857
490.96774193548384
603.3
500.0
495.0
493.0
491.0
490.0
490.0
466.4
372.16129032258067
406.7096774193548
547.5357142857143
940.0
633.0
506.0
499.0
492.0
491.0
490.0
490.0
490.0
490.0
581.0
2040
1834.1189677419356
586.0
498.0
504.0
497.0
492.0
491.0
490.0
490.0
490.0
600.0
2040
1768.3806451612904
594.0
493.0
494.0
491.0
491.0
490.0
490.0
490.0
490.0
598.0
2040
1938.9287741935484
561.0
504.0
554.0
513.0
508.0
492.0
491.0
490.0
490.0
607.0
2040
2040
622.0
494.0
494.0
494.0
492.0
503.0
497.0
496.0
492.0
580.0
2040
1660.2650322580644
1436.0
611.0
534.0
514.0
496.0
492.0
491.0
491.0
492.0
600.0
2040
2040
981.0
522.0
548.0
516.0
494.0
491.0
491.0
491.0
491.0
616.0
2040
2040
1543.0
526.0
524.0
510.0
495.0
493.0
492.0
491.0
492.0
