0.0
2260
2260
809.0
196.0
186.0
147.0
125.0
123.0
122.0
121.0
121.0
2151.0
2260
2260
1160.0
183.0
143.0
128.0
122.0
121.0
121.0
120.0
121.0
1919.0
2260
2260
1122.0
194.0
177.0
146.0
126.0
122.0
121.0
121.0
121.0
1960.0
2260
2260
1144.0
267.0
264.0
231.0
174.0
132.0
126.0
122.0
121.0
2260
2260
2260
1396.0
175.0
122.0
121.0
121.0
121.0
121.0
121.0
121.0
1484.0
2260
2260
1382.0
182.0
125.0
122.0
121.0
121.0
121.0
121.0
121.0
1728.0
2260
2260
1209.0
169.0
121.0
121.0
121.0
121.0
121.0
121.0
121.0
1618.0
2260
2260
1065.0
156.0
140.0
127.0
122.0
121.0
121.0
121.0
121.0
1829.0
2260
2260
1229.0
175.0
122.0
121.0
121.0
121.0
121.0
121.0
121.0
1424.0
2260
2260
1158.0
169.0
121.0
121.0
121.0
121.0
121.0
121.0
121.0
1556.0
2260
2260
1039.0
163.0
122.0
121.0
121.0
120.0
121.0
121.0
121.0
1415.0
2260
2260
938.0
162.0
124.0
123.0
121.0
121.0
121.0
121.0
121.0
1504.0
2260
2260
1004.0
224.0
275.0
169.0
138.0
130.0
124.0
121.0
121.0
2013.0
2260
2260
1095.0
296.0
604.0
395.0
170.0
169.0
136.0
127.0
124.0
2260
2260
2260
992.0
272.0
214.0
169.0
134.0
128.0
122.0
122.0
121.0
2023.0
2260
2260
755.0
255.0
631.0
486.0
194.0
145.0
140.0
130.0
125.0
2260
2260
2260
1213.0
201.0
171.0
151.0
128.0
122.0
121.0
121.0
121.0
2074.0
2260
2260
1268.0
241.0
288.0
306.0
230.0
151.0
127.0
123.0
122.0
2260
2260
2260
1269.0
303.0
701.0
641.0
280.0
159.0
136.0
130.0
125.0
2260
2260
2260
1267.0
181.0
125.0
123.0
121.0
121.0
121.0
121.0
121.0
