422.1639784946237
254.46428571428572
424.258064516129
374.5833333333333
487.0
487.0
487.0
390.26881720430106
218.24444444444444
205.56989247311827
226.12222222222223
267.53225806451616
252.65322580645162
379.54761904761904
359.80645161290323
277.06666666666666
487.0
429.1333333333333
237.29032258064515
200.4811827956989
207.27777777777777
195.31451612903226
200.44444444444446
261.84139784946234
247.76612903225808
362.9166666666667
456.28225806451616
354.35555555555555
388.58870967741933
487.0
348.68279569892474
200.04032258064515
205.68333333333334
192.16935483870967
204.88611111111112
252.747311827957
251.95698924731184
429.08035714285717
359.0967741935484
311.8333333333333
395.61290322580646
436.1
368.19354838709677
207.58064516129033
204.16666666666666
192.36559139784947
196.93333333333334
254.66129032258064
253.34677419354838
368.17857142857144
302.9569892473118
257.1333333333333
353.83870967741933
226.2
205.16129032258064
192.44086021505376
199.59166666666667
186.22043010752688
195.31944444444446
328.4516129032258
271.8279569892473
385.0
355.9032258064516
284.51666666666665
365.6559139784946
223.4388888888889
205.16129032258064
192.06451612903226
204.65833333333333
190.07258064516128
201.25
356.4516129032258
224.3951612903226
268.45238095238096
233.6021505376344
205.79722222222222
194.05645161290323
203.66666666666666
183.80645161290323
55.354838709677416
41.53333333333333
34.755376344086024
39.266666666666666
50.68279569892473
98.24462365591398
240.57142857142858
419.8467741935484
422.5833333333333
441.4623655913978
246.15277777777777
443.6317204301075
215.11559139784947
203.63333333333333
187.9758064516129
205.68333333333334
238.0
308.9032258064516
431.0
393.6774193548387
245.48333333333332
487.0
347.4166666666667
204.11827956989248
190.30645161290323
194.86666666666667
188.73655913978496
196.96666666666667
296.4731182795699
217.33870967741936
285.6666666666667
289.78494623655916
242.12777777777777
324.41129032258067
206.55
190.6451612903226
185.70967741935485
192.63888888888889
179.2311827956989
131.625
50.74193548387097
89.70161290322581
133.15178571428572
239.51612903225808
294.6
372.258064516129
217.15555555555557
203.83333333333334
194.58064516129033
190.77777777777777
188.51612903225808
192.50833333333333
120.84408602150538
119.6774193548387
201.1904761904762
294.9596774193548
290.0
342.60752688172045
201.83333333333334
200.73924731182797
179.83870967741936
194.93333333333334
184.93548387096774
192.075
116.06182795698925
133.41666666666666
197.90178571428572
366.55913978494624
336.55
402.7258064516129
222.51111111111112
208.93548387096774
196.33333333333334
202.66666666666666
186.8709677419355
198.99444444444444
388.2983870967742
308.9301075268817
397.04464285714283
428.68548387096774
380.7916666666667
428.9516129032258
243.225
356.51612903225805
207.0241935483871
208.25
190.96774193548387
198.68333333333334
242.2741935483871
228.48387096774192
297.5
425.8709677419355
280.23333333333335
357.8225806451613
217.65555555555557
208.06451612903226
189.18279569892474
202.0
182.71236559139786
194.44444444444446
304.6290322580645
336.81182795698925
487.0
487.0
461.59722222222223
487.0
487.0
487.0
279.94354838709677
212.87777777777777
195.81182795698925
211.0888888888889
245.5268817204301
255.4784946236559
358.32738095238096
322.83870967741933
246.0
343.741935483871
215.0
206.44623655913978
194.19892473118279
202.65
189.5483870967742
197.86666666666667
307.2795698924731
253.70967741935485
309.9375
346.98387096774195
342.52777777777777
407.0
235.54444444444445
212.48387096774192
200.4811827956989
201.01388888888889
192.75806451612902
197.68055555555554
361.89784946236557
258.1666666666667
321.63988095238096
363.4731182795699
307.1277777777778
385.6209677419355
232.125
213.61290322580646
196.07258064516128
201.69722222222222
187.68548387096774
201.25
362.6209677419355
251.70698924731184
322.5952380952381
287.0833333333333
217.24444444444444
328.08870967741933
205.5638888888889
193.40322580645162
186.9247311827957
194.95
183.9784946236559
74.93333333333334
58.604838709677416
