1017.0
1004.5
946.0967741935484
1038.4666666666667
1023.0
1011.0
1011.0
1012.0
1011.7666666666667
794.7096774193549
556.7
525.8709677419355
620.1290322580645
741.5357142857143
899.2258064516129
1163.1333333333334
1024.0
1012.0
1012.0
1014.5806451612904
824.3
541.2258064516129
358.56666666666666
321.96774193548384
385.1290322580645
495.14285714285717
677.0967741935484
941.8
1024.0
1012.0
1012.0
1013.0
957.3
655.741935483871
437.3333333333333
386.5806451612903
458.83870967741933
609.6071428571429
1086.1612903225807
1649.9173333333333
1023.0
1012.0
1037.0
1059.0
1026.0
1012.0
1011.0
1011.0
1483.0
1483.25
1288.2903225806451
1158.7666666666667
1028.0
1022.8666666666666
896.2903225806451
678.3870967741935
473.3
300.1290322580645
192.03333333333333
195.1290322580645
294.35483870967744
455.17857142857144
805.8709677419355
1220.9666666666667
1030.0
1014.0
1012.0
1015.0645161290323
798.0
503.0967741935484
324.9
311.80645161290323
409.2258064516129
529.5
647.5806451612904
730.7
762.3548387096774
717.0666666666667
590.9354838709677
440.64516129032256
297.6666666666667
166.48387096774192
90.23333333333333
119.48387096774194
224.96774193548387
365.39285714285717
566.8064516129032
951.8333333333334
1022.0
1011.0
1012.0
1013.0
1014.0
989.258064516129
709.3666666666667
531.6129032258065
513.2903225806451
596.6428571428571
796.516129032258
1069.0333333333333
1025.0
998.6
784.3225806451613
545.0645161290323
353.9
194.93548387096774
97.4
106.29032258064517
189.61290322580646
290.92857142857144
406.8709677419355
588.0666666666667
751.8064516129032
709.7333333333333
533.4516129032259
368.7741935483871
225.36666666666667
98.54838709677419
23.066666666666666
54.483870967741936
161.90322580645162
281.0
391.61290322580646
485.2
569.6129032258065
559.9666666666667
444.96774193548384
316.16129032258067
193.93333333333334
79.58064516129032
11.466666666666667
43.38709677419355
157.29032258064515
320.17857142857144
505.741935483871
698.0333333333333
907.516129032258
1007.5666666666667
878.5806451612904
638.6129032258065
422.1333333333333
244.74193548387098
135.16666666666666
139.51612903225808
257.7741935483871
450.14285714285717
876.258064516129
1492.2666666666667
1025.0
1011.0
1011.0
1011.0
1012.0
1013.0
1015.0
1002.741935483871
879.741935483871
862.8571428571429
1094.0
1527.8333333333333
1022.0
1011.0
1011.0
1011.0
1011.0
1011.0
1011.0
996.9354838709677
855.3225806451613
791.0714285714286
831.4516129032259
1203.4333333333334
1024.0
1011.0
1011.0
1011.0
1011.0
986.0
693.4666666666667
506.8709677419355
511.741935483871
638.0
1048.8709677419354
1483.3666666666666
1023.0
1011.0
1014.0
1051.0
1030.0
1013.0
1011.0
1011.0
1434.3870967741937
1295.607142857143
1199.1612903225807
1274.5666666666666
1026.0
1015.0
1046.0
1056.0
1023.0
871.1290322580645
564.9333333333333
435.0967741935484
452.741935483871
569.6785714285714
784.516129032258
1148.8666666666666
1028.0
1011.0
1020.0
1077.0
1045.0
1014.0
1012.0
1012.0
1013.2258064516129
962.6071428571429
1212.225806451613
1738.0501333333332
1028.0
1012.0
1029.0
1060.0
1036.0
1014.0
1012.0
1013.0
1501.0
1665.2254285714284
1481.2903225806451
1411.7666666666667
1043.0
1025.0
1037.0
1026.4516129032259
743.6
467.2258064516129
282.1
249.90322580645162
