1081.7096774193549
981.7142857142857
931.7096774193549
1030.3333333333333
935.0
902.0
892.0
893.0
912.0
889.0967741935484
715.9
629.516129032258
687.2258064516129
786.0714285714286
929.1290322580645
1183.2666666666667
930.0
906.0
900.0
901.0
889.4666666666667
691.7096774193549
457.03333333333336
385.9032258064516
426.64516129032256
522.8571428571429
695.9677419354839
954.9333333333333
934.0
905.0
898.0
910.0
904.0
824.2903225806451
560.3
466.5483870967742
510.7741935483871
644.0714285714286
1108.9354838709678
1651.1536
935.0
917.0
916.0
915.0
912.0
915.0
923.0
915.0
1646.176
1715.716
1445.483870967742
1263.0666666666666
946.0
929.0
930.0
804.7096774193549
557.5
356.03225806451616
228.96666666666667
219.2258064516129
310.03225806451616
466.0357142857143
813.4516129032259
1226.8
937.0
910.0
920.0
911.0
895.4
620.6774193548387
401.73333333333335
361.7741935483871
441.6774193548387
551.1428571428571
662.6129032258065
741.8
771.258064516129
724.7
597.741935483871
446.8709677419355
303.43333333333334
171.51612903225808
94.0
122.25806451612904
226.90322580645162
367.07142857142856
568.516129032258
954.0666666666667
933.0
914.0
906.0
915.0
922.0
922.0
873.6333333333333
677.5483870967741
607.741935483871
659.1785714285714
838.3548387096774
1096.8333333333333
947.0
926.0
850.3870967741935
598.7741935483871
390.43333333333334
219.61290322580646
113.96666666666667
117.09677419354838
196.80645161290323
295.75
410.5806451612903
591.6
755.8709677419355
713.9
537.8387096774194
373.3225806451613
229.93333333333334
102.41935483870968
26.133333333333333
56.61290322580645
163.58064516129033
282.32142857142856
392.741935483871
487.06666666666666
572.483870967742
563.5
448.96774193548384
320.4516129032258
198.23333333333332
83.41935483870968
14.2
45.483870967741936
158.96774193548387
321.42857142857144
507.48387096774195
700.5
883.1935483870968
883.0
855.8709677419355
706.8064516129032
468.4
276.0
156.06666666666666
153.1290322580645
266.93548387096774
456.42857142857144
880.8709677419355
1488.8333333333333
934.0
898.0
897.0
864.0
893.0
878.0
877.0
812.0
1256.0967741935483
1114.4642857142858
1258.4193548387098
1596.2333333333333
933.0
906.0
890.0
901.0
892.0
891.0
904.0
893.0
1251.1935483870968
1056.25
1007.2258064516129
1316.2666666666667
940.0
904.0
892.0
880.0
874.0
866.0
900.2333333333333
763.2258064516129
677.3548387096774
747.5357142857143
1120.5483870967741
1622.4666666666667
934.0
932.0
927.0
917.0
923.0
925.0
924.0
921.0
1602.0
1511.9642857142858
1344.483870967742
1371.4
949.0
923.0
924.0
922.0
925.0
923.0
802.1
592.3548387096774
554.3548387096774
637.1428571428571
829.4193548387096
1178.4333333333334
939.0
919.0
914.0
919.0
915.0
922.0
919.0
919.0
1334.3870967741937
1178.1785714285713
1354.258064516129
1718.9856
940.0
919.0
917.0
916.0
917.0
914.0
922.0
922.0
1660.328
2040
1579.4193548387098
1477.1666666666667
942.0
914.0
911.0
912.0
894.9333333333333
627.9032258064516
386.9
318.1290322580645
