252
248.59821428571428
252
247.30277777777778
252
252
252
252
181.11111111111111
156.20430107526883
214.00555555555556
222.3790322580645
232.8494623655914
252
252
252
252
252
201.45967741935485
165.20698924731184
167.69166666666666
158.94623655913978
187.20833333333334
197.19623655913978
240.75537634408602
252
252
217.71666666666667
252
252
252
148.44892473118279
175.10833333333332
149.00806451612902
193.63611111111112
206.752688172043
232.81989247311827
252
252
177.05833333333334
252
252
252
160.997311827957
179.9138888888889
176.34408602150538
185.33333333333334
216.7016129032258
233.3548387096774
252
252
121.52777777777777
252
171.57222222222222
155.0779569892473
145.79032258064515
157.80555555555554
148.21774193548387
171.3
190.08064516129033
251.38978494623655
252
252
140.13611111111112
252
174.13333333333333
170.04032258064515
150.6478494623656
157.275
141.13709677419354
182.66944444444445
200.8252688172043
216.15591397849462
252
196.25537634408602
56.81111111111111
106.79301075268818
175.53333333333333
150.06182795698925
144.20430107526883
145.94722222222222
150.65591397849462
176.51388888888889
145.70698924731184
85.40860215053763
237.92857142857142
252
252
252
252
252
174.19354838709677
165.36944444444444
138.58064516129033
177.33333333333334
185.56451612903226
252
252
252
193.15833333333333
252
252
152.41397849462365
150.0268817204301
153.49166666666667
148.25537634408602
165.64444444444445
189.58602150537635
197.0752688172043
252
252
87.94722222222222
252
174.7277777777778
167.96236559139786
159.19086021505376
165.3527777777778
149.3709677419355
164.525
154.63978494623655
74.08064516129032
131.90178571428572
252
148.75833333333333
252
181.39444444444445
165.63978494623655
156.17741935483872
175.8527777777778
162.6505376344086
183.73611111111111
159.16666666666666
109.77150537634408
198.03869047619048
252
139.0361111111111
252
178.23611111111111
166.05107526881721
150.5188172043011
144.59722222222223
137.51344086021504
176.81944444444446
201.76075268817203
119.66397849462365
195.9702380952381
252
187.51388888888889
252
193.69722222222222
176.83870967741936
151.93279569892474
178.05555555555554
176.1720430107527
205.07222222222222
212.51075268817203
252
252
252
247.95277777777778
252
252
252
168.03225806451613
163.12222222222223
165.80645161290323
190.22222222222223
200.05107526881721
215.7284946236559
252
252
138.11666666666667
252
236.37777777777777
187.15322580645162
137.86290322580646
168.7888888888889
137.82258064516128
180.67222222222222
219.95698924731184
252
252
252
252
252
252
252
243.59677419354838
176.86944444444444
152.76344086021504
200.11666666666667
210.66397849462365
247.42741935483872
252
252
102.78055555555555
252
225.4111111111111
164.59677419354838
155.76612903225808
163.04166666666666
156.76344086021504
187.40833333333333
194.5779569892473
238.73655913978496
252
252
194.8388888888889
252
198.68333333333334
215.24462365591398
151.66129032258064
157.32222222222222
146.3521505376344
185.1472222222222
202.8790322580645
243.81720430107526
252
252
163.38611111111112
252
205.8972222222222
252
162.91397849462365
156.30833333333334
147.33333333333334
190.625
215.21774193548387
246.4758064516129
252
249.9247311827957
77.80555555555556
252
162.475
150.1720430107527
135.89247311827958
173.025
145.6021505376344
189.16666666666666
206.19892473118279
