139.0
2260
2260
675.0
0.0
0.0
0.0
0.0
0.0
0.0
0.0
0.0
785.0
2260
2260
958.0
0.0
0.0
0.0
0.0
0.0
0.0
0.0
0.0
784.0
2260
2260
883.0
0.0
0.0
0.0
0.0
0.0
0.0
0.0
0.0
794.0
2260
2260
851.0
0.0
0.0
0.0
0.0
0.0
0.0
0.0
1567.4596774193549
2260
2260
2260
1139.0
0.0
0.0
54.56989247311828
637.8682795698925
699.2166666666667
478.61290322580646
373.48333333333335
431.46774193548384
1106.8736559139784
2260
2260
1053.0
0.0
0.0
0.0
0.0
0.0
0.0
0.0
0.0
754.0
2260
2260
910.0
0.0
0.0
0.0
0.0
0.0
0.0
0.0
0.0
646.0
2260
2260
867.0
0.0
0.0
0.0
0.0
0.0
0.0
0.0
0.0
1252.0537634408602
2260
2260
1115.0
0.0
0.0
0.0
0.0
0.0
0.0
0.0
0.0
646.0
2260
2260
1024.0
0.0
0.0
0.0
0.0
0.0
0.0
0.0
0.0
590.0
2260
2260
523.0
0.0
0.0
0.0
0.0
0.0
0.0
0.0
0.0
523.0
2260
2260
436.0
0.0
0.0
0.0
0.0
0.0
0.0
0.0
0.0
580.0
2260
2260
672.0
0.0
0.0
0.0
0.0
0.0
0.0
0.0
0.0
909.0
2260
2260
727.0
0.0
0.0
0.0
0.0
0.0
0.0
0.0
0.0
865.0
2260
2260
981.0
0.0
0.0
0.0
0.0
0.0
0.0
0.0
0.0
856.0
2260
2260
847.0
0.0
0.0
0.0
0.0
0.0
88.13440860215054
894.1833333333333
1144.6666666666667
2116.4139784946237
2260
2260
1125.0
0.0
0.0
0.0
0.0
0.0
519.0241935483871
981.7416666666667
1041.5833333333333
1418.3978494623657
2260
2260
1144.0
0.0
0.0
0.0
0.0
0.0
0.0
0.0
847.4489247311828
2101.0564516129034
2260
2260
1085.0
0.0
0.0
0.0
0.0
0.0
0.0
8.780555555555555
1196.5456989247311
2260
2260
2260
1172.0
0.0
0.0
0.0
0.0
0.0
0.0
0.0
0.0
