200.0
162.0
518.8037634408602
612
612
389.0361111111111
201.0994623655914
199.0
200.0
217.0
200.0
200.0
200.0
170.0
522.1102150537635
418.4222222222222
225.7231182795699
200.06944444444446
200.0
200.0
200.0
246.0
200.0
200.0
200.0
169.0
315.0
612
339.991935483871
200.59166666666667
198.0
200.0
200.0
238.0
200.0
200.0
200.0
162.0
315.0
411.81111111111113
365.4301075268817
200.84166666666667
200.0
199.0
200.0
238.0
200.0
200.0
200.0
168.0
315.0
200.0
200.0
200.0
200.0
200.0
200.0
323.0
200.0
200.0
200.0
178.0
315.0
199.0
199.0
200.0
200.0
200.0
201.0
345.0
200.0
200.0
200.0
181.0
178.0
200.0
191.38440860215053
55.375
40.0
40.0
40.0
40.0
40.0
40.0
105.80645161290323
185.0
315.0
199.0
441.1263440860215
212.54722222222222
199.03225806451613
200.0
200.0
228.0
200.0
200.0
200.0
157.0
536.1021505376344
345.35
200.56451612903226
200.0
200.0
200.0
200.0
296.0
200.0
200.0
200.0
183.0
315.0
199.0
200.0
200.0
200.0
200.0
135.0888888888889
40.0
40.0
40.0
91.31720430107526
190.0
315.0
200.0
200.0
199.0
199.0
200.0
200.0
111.83870967741936
40.0
40.0
171.18279569892474
183.0
315.0
199.0
199.0
199.0
199.0
200.0
200.0
101.9489247311828
40.0
40.0
185.3763440860215
184.0
315.0
199.0
199.0
200.0
200.0
200.0
201.0
376.0
200.0
200.0
200.0
168.0
315.0
199.0
344.65860215053766
203.65277777777777
200.002688172043
200.0
200.0
227.0
200.0
200.0
200.0
174.0
315.0
199.0
200.0
200.0
200.0
200.0
200.0
275.0
200.0
200.0
200.0
188.11309523809524
612
612
612
274.25555555555553
200.26075268817203
200.0
200.0
223.0
200.0
200.0
200.0
169.0
315.0
199.0
200.0
200.0
200.0
200.0
200.0
299.0
200.0
200.0
200.0
178.0
315.0
199.0
200.0
200.0
200.0
200.0
200.0
356.0
200.0
200.0
200.0
173.0
315.0
199.0
200.0
200.0
200.0
200.0
200.0
356.0
200.0
200.0
200.0
165.0
315.0
200.0
200.0
200.0
200.0
200.0
74.22222222222223
40.0
40.0
40.0
