252
252
240.0
235.0
252
252
252
252
246.0
252
252
252
252
252
239.0
236.0
237.0
241.74444444444444
248.13440860215053
252
252
203.8790322580645
210.24444444444444
229.16666666666666
252
252
239.0
235.0
235.0
252
252
251.0
252
252
211.75555555555556
225.747311827957
252
252
240.0
234.0
234.0
236.70555555555555
237.8709677419355
237.0
235.0
236.0
236.0
228.8709677419355
252
252
234.53763440860214
233.75833333333333
234.0
234.0
234.0
235.0
210.74722222222223
195.14247311827958
199.325
209.09677419354838
252
252
244.0
247.0
252
252
252
203.43548387096774
211.38888888888889
202.01612903225808
211.725
221.84139784946237
234.002688172043
252
76.6747311827957
149.44722222222222
206.66935483870967
207.67222222222222
202.95698924731184
196.0779569892473
211.37777777777777
203.59408602150538
204.55277777777778
151.26344086021504
99.38978494623656
241.95535714285714
242.0
235.0
234.0
234.0
234.0
235.0
234.0
235.0
237.0
226.53763440860214
252
252
238.0
234.0
234.0
243.0
236.0
242.0
252
233.5215053763441
199.6472222222222
207.6236559139785
225.5
252
134.03225806451613
178.725
252
250.26111111111112
201.92741935483872
202.30913978494624
211.20833333333334
207.24193548387098
205.53333333333333
168.95967741935485
88.08064516129032
135.93154761904762
191.50537634408602
244.1611111111111
252
252
214.59139784946237
210.9005376344086
219.67777777777778
207.57258064516128
196.80555555555554
195.5215053763441
122.82795698924731
202.0625
169.61559139784947
198.14166666666668
251.8548387096774
252
204.00537634408602
198.5
202.78055555555557
197.40591397849462
213.84722222222223
213.70430107526883
201.502688172043
212.35119047619048
228.11290322580646
234.98333333333332
234.0
234.0
236.0
238.0
227.41944444444445
195.16666666666666
199.14166666666668
222.46774193548387
252
252
239.0
234.0
234.0
252
252
234.51344086021504
234.0
235.0
238.0
227.64247311827958
229.70698924731184
252
239.0
233.73888888888888
235.9247311827957
241.0
252.0
252
223.99444444444444
194.68279569892474
199.74722222222223
232.97043010752688
252
252
238.0
252
252
252
252
241.16935483870967
235.0
235.0
235.0
235.0
252
252
238.0
234.0
234.0
234.0
234.0
234.0
228.55555555555554
196.70430107526883
204.45277777777778
212.56989247311827
252
252
209.90591397849462
234.88055555555556
235.0
235.0
236.0
240.0
242.0
219.66666666666666
203.2138888888889
214.88978494623655
252
252
247.0
234.0
234.0
234.0
235.0
238.0
238.0
228.08333333333334
201.71666666666667
216.23924731182797
252
252
157.28225806451613
163.00833333333333
233.80913978494624
234.0
235.0
204.33333333333334
202.41944444444445
193.4758064516129
200.25
219.19086021505376
