191.0
40.0
612
612
612
389.0388888888889
201.0994623655914
191.0
205.0
190.0
188.0
194.0
164.0
209.625
570.5295698924731
418.4222222222222
225.7231182795699
204.05833333333334
201.0
205.0
208.0
193.0
203.0
198.0
172.0
40.0
422.5510752688172
612
339.991935483871
187.70277777777778
209.0
196.0
209.0
204.0
191.0
194.0
171.0
40.0
356.61559139784947
559.9138888888889
365.4301075268817
198.86388888888888
214.0
224.0
205.0
218.0
189.0
187.0
177.0
40.0
315.0
180.0
188.0
194.0
199.0
201.0
196.0
199.0
190.0
189.0
176.0
40.0
315.0
183.0
201.0
197.0
196.0
191.0
200.0
203.0
202.0
187.0
173.0
40.0
127.0
207.0
196.0
202.0
194.0
209.0
202.0
157.06989247311827
40.0
40.0
152.2258064516129
40.0
315.0
259.90555555555557
528.5779569892474
212.54722222222222
200.0268817204301
187.0
196.0
187.0
192.0
185.0
173.0
126.89880952380952
612
345.35
188.66129032258064
200.0
196.0
202.0
190.0
201.0
191.0
196.0
173.0
40.0
315.0
205.0
214.0
217.0
213.0
208.0
193.0
164.44086021505376
40.0
40.0
128.94086021505376
51.0
315.0
192.0
200.0
207.0
219.0
219.0
211.0
169.03225806451613
40.0
40.0
166.5994623655914
40.0
315.0
204.0
209.0
207.0
192.0
195.0
205.0
204.11290322580646
40.0
40.0
177.50537634408602
40.0
315.0
197.0
204.0
196.0
217.0
229.0
230.0
209.0
207.0
188.0
179.0
40.0
315.0
477.02777777777777
464.76344086021504
203.65277777777777
195.0188172043011
213.0
210.0
202.0
199.0
189.0
174.0
40.0
315.0
249.05277777777778
221.002688172043
186.09166666666667
210.0
193.0
206.0
207.0
195.0
197.0
173.0
411.20535714285717
612
612
612
274.25555555555553
203.24462365591398
197.0
210.0
202.0
202.0
194.0
167.0
40.0
315.0
239.48888888888888
196.55376344086022
203.0
203.0
209.0
207.0
201.0
196.0
190.0
171.0
40.0
315.0
192.0
239.3790322580645
193.12222222222223
194.0
197.0
206.0
207.0
198.0
194.0
175.0
40.0
315.0
204.94166666666666
325.8467741935484
206.48055555555555
195.0
198.0
213.0
218.0
203.0
188.0
170.0
40.0
315.0
190.0
193.0
191.0
219.0
201.0
215.0
209.0
200.0
190.0
