236.0
234.0
417.51881720430106
612
612
389.0388888888889
233.68817204301075
228.0
209.0
175.0
207.0
173.0
240.0
237.0
414.58870967741933
418.4222222222222
235.06720430107526
231.0
225.0
199.0
188.0
202.0
146.0
210.0
237.0
234.0
315.0
560.0277777777778
339.991935483871
233.36944444444444
232.0
219.0
175.0
208.0
151.0
210.0
237.0
235.0
315.0
314.25555555555553
365.4301075268817
238.48888888888888
236.0
231.0
220.0
211.0
212.0
216.0
239.0
239.0
315.0
239.0
238.0
236.0
231.0
223.0
207.0
209.0
207.0
216.0
239.0
237.0
315.0
232.0
224.0
212.0
199.0
193.0
220.0
198.0
225.0
148.19892473118279
121.8010752688172
166.23809523809524
127.06720430107526
170.8527777777778
97.46505376344086
55.33888888888889
40.03225806451613
40.0
40.0
40.0
40.0
40.0
107.77688172043011
237.0
315.0
231.0
361.71505376344084
237.65
228.0
217.0
199.0
195.0
219.0
190.0
239.0
237.0
381.008064516129
345.35277777777776
237.34408602150538
234.0
225.0
203.0
189.0
209.0
174.0
216.0
238.0
234.0
315.0
219.0
205.0
182.0
211.0
163.0
90.55555555555556
40.0
40.0
40.0
84.25
235.0
315.0
223.0
185.0
203.0
143.0
180.0
180.0
146.3548387096774
40.0
40.0
209.79032258064515
235.0
315.0
213.0
189.0
207.0
142.0
195.0
197.0
83.36290322580645
40.0
40.0
219.67741935483872
237.0
315.0
234.0
232.0
226.0
203.0
190.0
219.0
193.0
227.0
218.0
239.0
238.0
315.0
238.0
239.0
238.0
236.0
229.0
219.0
213.0
212.0
215.0
239.0
237.0
315.0
234.0
233.0
227.0
210.0
193.0
218.0
186.0
223.0
204.0
238.0
237.0
612
612
612
274.25555555555553
239.08870967741936
238.0
233.0
226.0
220.0
225.0
239.0
238.0
315.0
238.0
237.0
234.0
230.0
221.0
215.0
215.0
212.0
220.0
239.0
238.0
315.0
236.0
234.0
233.0
224.0
215.0
212.0
212.0
218.0
225.0
239.0
238.0
315.0
238.0
238.0
236.0
232.0
223.0
220.0
223.0
100.45
59.20967741935484
219.49462365591398
238.92559523809524
315.0
239.0
213.79569892473117
66.46388888888889
48.31720430107527
40.0
40.0
40.0
40.0
40.0
