252
252
252
252
252
252
252
252
219.51666666666668
166.41666666666666
183.13055555555556
203.35752688172042
209.08333333333334
252
252
252
252
252
246.38440860215053
164.28763440860214
165.03333333333333
153.95967741935485
156.3
174.18010752688173
204.43279569892474
252
252
242.54444444444445
252
252
252
164.13440860215053
165.2861111111111
151.9758064516129
160.75
172.76344086021504
207.08602150537635
252
252
252
252
252
252
185.4516129032258
162.96666666666667
151.40860215053763
155.36666666666667
168.75537634408602
207.59139784946237
252
232.14247311827958
148.33333333333334
252
252
222.58064516129033
152.6048387096774
155.1638888888889
146.22043010752688
149.36666666666667
160.1048387096774
224.70430107526883
252
252
165.9611111111111
252
252
249.33870967741936
155.68010752688173
158.75
149.1048387096774
156.775
167.8494623655914
178.84139784946237
214.0654761904762
164.26075268817203
84.63333333333334
148.71236559139786
131.78333333333333
153.94354838709677
145.81989247311827
154.61666666666667
146.69354838709677
158.5611111111111
175.51612903225808
210.41397849462365
252
252
252
252
252
252
221.1021505376344
164.05
150.52956989247312
155.4361111111111
168.55376344086022
252
252
252
252
252
252
160.91397849462365
150.68817204301075
153.925
145.2688172043011
149.6888888888889
157.63172043010752
169.41666666666666
234.99404761904762
223.61559139784947
115.77222222222223
252
130.9611111111111
152.90860215053763
146.2983870967742
152.375
144.36021505376345
149.5611111111111
171.1209677419355
203.8763440860215
252
252
164.46944444444443
252
158.55277777777778
164.59139784946237
154.88709677419354
157.75555555555556
146.6720430107527
159.77777777777777
178.0268817204301
247.2983870967742
252
252
164.88888888888889
252
146.42777777777778
159.0
148.252688172043
155.31666666666666
148.49193548387098
155.91666666666666
182.6451612903226
252
252
252
212.33333333333334
252
252
252
165.66129032258064
159.99444444444444
151.2311827956989
152.1861111111111
176.4758064516129
252
252
252
252
252
252
252
215.94354838709677
167.95277777777778
152.86827956989248
157.3
170.0483870967742
182.28494623655914
247.3095238095238
252
163.93055555555554
252
252
232.50537634408602
154.2016129032258
157.9388888888889
147.75806451612902
153.78055555555557
186.9811827956989
252
252
252
252
252
252
252
252
178.675
154.77956989247312
164.23888888888888
176.66666666666666
209.1478494623656
252
252
252
252
252
188.55913978494624
153.63709677419354
156.26388888888889
146.78763440860214
154.48888888888888
162.58333333333334
206.25537634408602
252
252
219.67777777777778
252
252
252
179.9784946236559
160.96666666666667
148.3521505376344
154.25555555555556
165.8978494623656
210.35752688172042
252
252
189.20277777777778
252
252
252
160.46774193548387
158.79444444444445
148.33602150537635
152.75
167.25
208.16129032258064
252
215.93279569892474
105.62222222222222
252
130.66944444444445
154.08064516129033
146.18548387096774
150.84166666666667
144.55376344086022
149.29444444444445
167.20430107526883
