81.0
40.0
612
612
612
389.0388888888889
192.83602150537635
135.49193548387098
89.29166666666667
88.0
96.2388888888889
191.81720430107526
232.3763440860215
540.1190476190476
570.5322580645161
418.4194444444444
225.7231182795699
128.25555555555556
95.38440860215054
82.0510752688172
87.0
86.0
81.0
82.0
72.0
484.8065476190476
612
612
339.991935483871
149.29444444444445
99.60215053763442
81.06989247311827
86.0
85.0
81.0
82.0
81.8252688172043
612
566.266129032258
559.9138888888889
365.4301075268817
173.49444444444444
108.88978494623656
83.11827956989248
89.0
88.0
83.0
80.0
71.0
488.3958333333333
364.7043010752688
374.4916666666667
209.19354838709677
120.23333333333333
80.17204301075269
81.0
86.0
86.0
82.0
82.0
73.0
475.38392857142856
546.4650537634409
437.13055555555553
234.88709677419354
118.91111111111111
80.19623655913979
82.0
87.0
87.0
83.0
80.0
71.0
40.0
127.0
120.48055555555555
84.25268817204301
80.00833333333334
85.0
83.0
86.0
88.0
83.0
84.0
73.0
313.5267857142857
612
612
528.5779569892474
212.54722222222222
117.07795698924731
81.1774193548387
85.0
84.0
81.0
80.0
254.04032258064515
612
612
345.35277777777776
135.97043010752688
80.34722222222223
80.0
81.0
85.0
85.0
81.0
81.0
73.0
40.0
315.0
150.4388888888889
105.04301075268818
82.06111111111112
80.0
81.0
87.0
87.0
82.0
84.0
73.0
40.0
406.01075268817203
432.01666666666665
255.11290322580646
113.31944444444444
85.09408602150538
81.0
87.0
88.0
83.0
85.0
73.0
397.4077380952381
439.5940860215054
433.0805555555556
149.9220430107527
80.31666666666666
80.0
82.0
101.0
91.0
84.0
85.0
74.0
348.9404761904762
612
594.8944444444444
356.06720430107526
138.07777777777778
87.29301075268818
82.01344086021506
89.0
88.0
82.0
81.0
193.3709677419355
597.8571428571429
612
612
464.76075268817203
203.65277777777777
119.83870967741936
84.38709677419355
87.0
86.0
82.0
80.0
72.0
178.78869047619048
612
431.45
221.002688172043
106.92777777777778
80.09677419354838
82.0
87.0
86.0
81.0
80.0
282.64516129032256
612
612
612
612
274.2583333333333
158.44086021505376
111.55913978494624
89.07222222222222
88.0
83.0
81.0
168.5779569892473
474.9642857142857
438.10483870967744
312.61944444444447
173.34139784946237
101.95833333333333
81.07795698924731
82.0
88.0
87.0
81.0
81.0
72.0
199.6220238095238
513.9220430107526
612
397.0940860215054
171.37222222222223
97.9274193548387
85.03494623655914
90.0
88.0
82.0
80.0
72.0
286.01785714285717
580.9086021505376
514.5305555555556
325.8494623655914
152.175
88.90053763440861
84.01075268817205
90.0
89.0
81.0
80.0
71.0
272.5892857142857
315.21505376344084
227.33333333333334
106.33870967741936
81.07777777777778
82.0
82.0
90.0
87.0
81.0
80.0
