244.0
243.0
242.0
244.0
252
252
252
252
222.0
194.0
221.0
192.0
247.0
245.0
245.0
245.0
243.0
240.0
236.0
214.0
205.0
217.0
170.0
223.0
234.50806451612902
242.86011904761904
244.0
245.0
244.0
252
248.1263440860215
230.0
194.0
222.0
174.0
223.0
246.0
244.0
245.0
247.0
247.0
246.0
245.0
241.0
231.0
224.0
225.0
228.0
247.0
247.0
247.0
247.0
246.0
245.0
241.0
234.0
220.0
222.0
207.76111111111112
213.08602150537635
246.90860215053763
246.0
243.0
241.0
234.0
225.0
214.0
209.0
231.0
197.81451612903226
219.63888888888889
209.88978494623655
246.9005376344086
212.88095238095238
154.08870967741936
192.04444444444445
138.0752688172043
168.48611111111111
90.71774193548387
46.48924731182796
32.06388888888889
26.88978494623656
37.66111111111111
46.56182795698925
95.14784946236558
240.94940476190476
241.0
240.0
246.0
244.0
238.0
229.0
214.0
210.0
230.0
206.0
247.0
245.0
246.0
246.0
245.0
243.0
235.0
217.0
205.0
222.0
193.0
215.58602150537635
189.69086021505376
242.8422619047619
239.0
230.0
219.0
200.0
223.0
184.0
220.38888888888889
140.48387096774192
83.325
48.27956989247312
83.8010752688172
134.91964285714286
231.63440860215053
233.99444444444444
202.0
217.0
168.0
198.0
190.3388888888889
158.56720430107526
170.76944444444445
151.4758064516129
119.73118279569893
201.05654761904762
239.8978494623656
226.0
205.0
220.0
167.0
211.0
174.15277777777777
171.33870967741936
186.87222222222223
97.30376344086021
129.38978494623655
198.98809523809524
243.8790322580645
243.0
241.0
236.0
218.0
206.0
230.0
199.80645161290323
211.04166666666666
210.52956989247312
246.9005376344086
246.0
246.0
246.0
247.0
246.0
245.0
239.0
231.0
226.0
225.0
227.0
247.0
245.0
243.0
242.0
242.0
237.0
223.0
209.0
230.0
196.26612903225808
209.65833333333333
213.0483870967742
246.90591397849462
246.0
252
252
252
252
252
251.28763440860214
242.0
236.0
232.0
236.0
247.0
246.0
247.0
246.0
246.0
243.0
239.0
232.0
227.0
227.0
214.03055555555557
221.56720430107526
246.93279569892474
246.0
245.0
244.0
243.0
242.0
235.0
227.0
225.0
225.0
218.76111111111112
220.88440860215053
246.93010752688173
247.0
245.0
246.0
246.0
244.0
241.0
234.0
231.0
234.0
219.94444444444446
233.2258064516129
157.48655913978496
166.24107142857142
246.78225806451613
247.0
246.0
245.0
242.0
82.36021505376344
40.99444444444445
29.760752688172044
37.37777777777778
54.225806451612904
