1924.0
2260
1784.0
106.0
876.0
1142.0
1325.0
1417.0
1408.0
1429.0
1343.0
1301.0
1747.0
2260
2260
423.0
583.0
911.0
1038.0
1095.0
1095.0
1246.0
1139.0
1230.0
1685.0
2260
2260
0.0
315.0
628.0
1025.0
1106.0
1134.0
1282.0
1152.0
1222.0
1695.0
2260
2260
976.0
1284.0
1252.0
1273.0
1283.0
1292.0
1411.0
1467.0
1540.0
1892.0
2260
2260
1742.0
1807.0
1811.0
1743.0
1637.0
1516.0
1821.0
1391.0
1441.0
1784.0
2260
2260
0.0
0.0
93.0
844.0
1059.0
1163.0
1708.0
1363.0
1432.0
1796.0
2260
2260
1140.0
1004.0
1056.0
1015.0
945.0
956.0
1140.0
1243.0
1391.0
1754.0
2260
2260
0.0
0.0
0.0
338.0
978.0
1184.0
1339.0
1256.0
1329.0
1752.0
2260
2260
0.0
624.0
881.0
1003.0
972.0
879.0
1146.0
963.0
1127.0
1680.0
2260
2260
248.0
0.0
57.0
668.0
812.0
1080.0
1305.0
1277.0
1387.0
1755.0
2260
2260
701.0
0.0
0.0
0.0
0.0
528.0
997.0
1214.0
1350.0
1750.0
2260
2260
354.0
0.0
0.0
0.0
0.0
407.0
1066.0
1226.0
1355.0
1723.0
2260
2260
0.0
0.0
0.0
136.0
805.0
1088.0
1833.0
1529.0
1648.0
1862.0
2260
2260
301.0
670.0
971.0
1031.0
1176.0
1191.0
1381.0
1424.0
1520.0
1809.0
2260
2260
0.0
0.0
411.0
769.0
1001.0
1102.0
1493.0
1292.0
1383.0
1768.0
2260
2260
728.0
1089.0
1480.0
1555.0
1564.0
1528.0
1585.0
1568.0
1626.0
1853.0
2260
2260
1052.0
1216.0
1149.0
1191.0
1259.0
1331.0
1722.0
1445.0
1485.0
1806.0
2260
2260
353.0
453.0
664.0
916.0
1095.0
1250.0
1840.0
1561.0
1654.0
1883.0
2260
2260
969.0
972.0
989.0
1133.0
1209.0
1234.0
1841.0
1689.0
1751.0
1916.0
2260
2260
1559.0
1378.0
1373.0
1397.0
1444.0
1515.0
1601.0
1471.0
1497.0
