1032.0
998.7142857142857
942.2903225806451
1035.9333333333334
1183.774193548387
1150.0
1122.0
1111.0
953.9666666666667
630.0645161290323
449.1333333333333
455.51612903225805
574.2903225806451
711.2142857142857
879.258064516129
1150.0666666666666
1231.0
1182.0
1157.3870967741937
937.6451612903226
656.0333333333333
430.4516129032258
286.1
274.258064516129
353.93548387096774
474.35714285714283
663.5483870967741
932.8666666666667
1225.483870967742
1225.0
1182.0
1063.6451612903227
753.1333333333333
493.6774193548387
331.2
317.03225806451616
413.64516129032256
579.6071428571429
1066.6129032258063
1196.0
1127.0
1132.0
1129.0
1131.0
1127.0
1501.0
1101.0
1089.0
1055.0
1372.2857142857142
1214.1290322580646
1073.0
1045.2903225806451
1005.6
874.9677419354839
662.8709677419355
461.0
290.06451612903226
184.4
189.58064516129033
290.4193548387097
452.39285714285717
804.1612903225806
1219.9
1410.0645161290322
1304.0
1142.9032258064517
847.1935483870968
572.1
354.64516129032256
227.76666666666668
248.06451612903226
367.7741935483871
501.9642857142857
629.3548387096774
718.8333333333334
754.4516129032259
711.4666666666667
586.0645161290323
435.35483870967744
292.06666666666666
161.0
85.23333333333333
116.03225806451613
222.1290322580645
363.5357142857143
565.516129032258
951.0
1416.483870967742
1398.0
1270.0
1172.0
1012.4666666666667
648.1290322580645
405.9
334.03225806451616
385.4516129032258
512.2142857142857
740.8064516129032
1033.2666666666667
1148.8709677419354
981.2666666666667
720.9677419354839
502.1612903225807
323.8333333333333
173.4516129032258
82.3
95.96774193548387
182.74193548387098
286.14285714285717
403.51612903225805
585.6666666666666
750.1935483870968
708.1666666666666
531.0967741935484
365.0
220.53333333333333
93.29032258064517
18.5
51.064516129032256
159.32258064516128
278.92857142857144
389.7741935483871
483.8666666666667
568.516129032258
558.6
442.6774193548387
312.61290322580646
189.16666666666666
74.41935483870968
7.766666666666667
39.83870967741935
154.48387096774192
318.0357142857143
504.4193548387097
697.1666666666666
906.9677419354839
1007.2333333333333
877.483870967742
636.0
418.2
240.32258064516128
131.0
136.3548387096774
255.48387096774195
448.39285714285717
875.0322580645161
1341.1
1480.0
1381.0
1298.0
1198.0
1167.0
1245.9354838709678
798.6666666666666
584.9677419354839
559.3225806451613
651.6071428571429
956.0
1279.9333333333334
1219.0
1174.0
1165.0
1143.0
1141.0
1337.483870967742
937.3
675.2903225806451
598.258064516129
621.6785714285714
719.5483870967741
1131.3
1355.0
1257.0
1205.0
1169.0
1051.0666666666666
676.516129032258
411.4
323.2903225806452
392.8709677419355
559.6071428571429
997.516129032258
1223.0
1156.0
1102.0
1087.0
1085.0
1091.0
1316.0
1085.0
1076.0
1060.0
1186.3214285714287
1126.0
1177.8666666666666
1137.0
1147.0
1142.0
1132.0
1048.5666666666666
701.8709677419355
449.3
359.61290322580646
403.61290322580646
537.25
762.9354838709677
1129.4333333333334
1251.0
1219.0
1182.0
1155.0
1136.0
1564.9032258064517
984.7333333333333
724.0967741935484
653.258064516129
725.2857142857143
1057.967741935484
1198.0
1173.0
1171.0
1149.0
1138.0
1141.0
2040
1070.0
1057.0
1048.0
1136.2142857142858
1117.8387096774193
1107.0
1113.0
1114.0
1092.0
853.9032258064516
587.9666666666667
364.4193548387097
214.46666666666667
205.4516129032258
