144.0
40.0
612
612
612
389.0388888888889
192.83602150537635
152.16129032258064
150.0
152.0
150.0
151.0
128.0
490.25892857142856
570.5322580645161
418.4194444444444
225.7258064516129
151.32777777777778
151.0
151.0
152.0
151.0
152.0
153.0
128.0
40.0
612
612
339.991935483871
152.20833333333334
152.0
150.0
151.0
150.0
151.0
152.0
128.0
218.16964285714286
566.266129032258
559.9138888888889
365.4301075268817
173.49444444444444
150.05913978494624
150.0
150.0
150.0
149.0
150.0
126.0
40.0
353.06720430107526
374.4916666666667
209.19354838709677
149.23333333333332
149.0
149.0
149.0
149.0
149.0
149.0
131.0
40.0
462.3225806451613
437.13055555555553
234.88978494623655
150.35833333333332
150.0
150.0
149.0
150.0
150.0
149.0
129.0
40.0
127.0
122.0
151.0
152.0
155.0
155.0
159.0
168.0
157.0
156.0
130.0
40.0
315.0
612
528.5779569892474
212.54722222222222
151.21505376344086
150.0
149.0
150.0
150.0
150.0
130.0
444.3988095238095
612
345.35
149.1048387096774
149.0
149.0
149.0
149.0
149.0
149.0
150.0
131.0
40.0
315.0
120.0
150.0
152.0
153.0
153.0
153.0
161.0
162.0
157.0
132.0
40.0
315.0
129.0
151.0
154.0
154.0
153.0
162.0
169.0
170.0
166.0
133.0
40.0
315.0
131.0
154.0
153.0
155.0
157.0
159.0
166.0
171.0
157.0
131.0
40.0
315.0
232.0361111111111
356.06720430107526
158.09722222222223
152.0
155.0
152.0
154.0
154.0
159.0
125.0
197.79464285714286
612
612
464.76075268817203
203.65277777777777
152.17741935483872
151.0
152.0
152.0
151.0
152.0
126.0
40.0
480.7795698924731
431.45
221.002688172043
151.25555555555556
152.0
153.0
154.0
155.0
151.0
153.0
126.0
612
612
612
612
274.2583333333333
158.44086021505376
150.0188172043011
149.0
149.0
149.0
150.0
128.0
199.04761904761904
438.10752688172045
312.61944444444447
173.33870967741936
149.06666666666666
149.0
149.0
149.0
149.0
149.0
149.0
130.0
40.0
315.0
465.43333333333334
397.0940860215054
171.37222222222223
150.05376344086022
150.0
150.0
150.0
150.0
150.0
128.0
40.0
375.0994623655914
514.5305555555556
325.8494623655914
152.17777777777778
150.002688172043
150.0
150.0
150.0
150.0
149.0
125.0
40.0
315.0
117.0
149.0
150.0
150.0
150.0
150.0
150.0
151.0
150.0
