243.0
40.0
585.8709677419355
612
612
389.0388888888889
260.46774193548384
259.0
259.0
260.0
260.0
260.0
125.0
40.0
377.8682795698925
418.4194444444444
255.79032258064515
260.0
260.0
258.0
258.0
259.0
260.0
260.0
130.0
40.0
315.0
410.7055555555556
339.991935483871
260.21666666666664
260.0
259.0
259.0
260.0
260.0
260.0
118.0
40.0
315.0
223.80277777777778
365.4301075268817
259.36944444444447
250.0
240.0
254.0
260.0
260.0
260.0
107.0
40.0
315.0
40.0
254.0
260.0
258.0
254.0
258.0
260.0
260.0
260.0
169.0
40.0
315.0
40.0
254.0
260.0
260.0
258.0
257.0
260.0
261.0
217.0268817204301
121.64784946236558
40.0
127.0
60.0
296.0
76.85555555555555
40.0
40.0
40.0
40.0
40.0
40.0
100.45967741935483
40.0
315.0
248.65
528.5779569892474
261.34166666666664
260.0
259.0
259.0
260.0
260.0
260.0
118.0
40.0
350.58870967741933
345.35
255.25
260.0
258.0
252.0
254.0
259.0
260.0
260.0
159.0
40.0
315.0
40.0
261.0
275.0
277.0
82.7741935483871
40.0
40.0
40.0
40.0
69.0752688172043
40.0
315.0
76.0
258.0
262.0
264.0
268.0
270.0
52.1505376344086
40.0
40.0
233.09677419354838
40.0
315.0
73.0
256.0
262.0
267.0
274.0
198.49166666666667
40.0
40.0
40.0
210.74193548387098
40.0
315.0
57.0
255.0
260.0
260.0
260.0
260.0
261.0
262.0
262.0
248.0
40.0
315.0
64.53055555555555
464.758064516129
260.925
260.0
260.0
260.0
260.0
260.0
260.0
117.0
40.0
315.0
40.0
256.0
260.0
260.0
260.0
260.0
260.0
260.0
260.0
158.0
40.0
612
612
612
274.2583333333333
259.03494623655916
243.0
252.0
259.0
260.0
260.0
118.0
40.0
315.0
40.0
255.0
260.0
252.0
241.0
255.0
260.0
260.0
260.0
150.0
40.0
315.0
40.0
254.0
260.0
257.0
237.0
246.0
259.0
260.0
260.0
143.0
40.0
315.0
40.0
254.0
260.0
255.0
240.0
250.0
259.0
260.0
261.0
175.0
40.0
315.0
40.0
257.0
267.0
266.0
171.16129032258064
40.0
40.0
40.0
40.0
