1132.1612903225807
962.8214285714286
918.5806451612904
904.0
511.0
469.0
489.0
501.0
502.0
503.0
503.0
503.0
1637.483870967742
1434.8214285714287
1358.8709677419354
1111.0
524.0
492.0
499.0
502.0
503.0
503.0
503.0
503.0
1403.1935483870968
1172.1785714285713
1125.1935483870968
1086.0
513.0
474.0
490.0
500.0
502.0
503.0
503.0
503.0
1523.774193548387
1337.7142857142858
1563.1612903225807
1094.0
483.0
428.0
444.0
475.0
497.0
500.0
502.0
503.0
1752.56
2040
1871.6005161290323
1250.0
533.0
503.0
503.0
503.0
503.0
503.0
503.0
503.0
824.5483870967741
804.1785714285714
1035.516129032258
1240.9666666666667
532.0
501.0
502.0
503.0
503.0
503.0
503.0
503.0
1215.225806451613
1063.1785714285713
1000.0322580645161
959.2
531.0
503.0
503.0
503.0
503.0
398.741935483871
240.2
216.93548387096774
287.64516129032256
406.85714285714283
594.258064516129
939.0333333333333
517.0
493.0
499.0
502.0
503.0
503.0
503.0
503.0
1507.967741935484
1405.0714285714287
1331.8064516129032
1152.0
530.0
503.0
503.0
503.0
503.0
503.0
503.0
503.0
512.2258064516129
503.17857142857144
546.8709677419355
678.6
531.0
503.0
503.0
503.0
391.56666666666666
205.25806451612902
91.73333333333333
98.7741935483871
190.58064516129033
299.64285714285717
403.61290322580646
492.76666666666665
527.0
503.0
474.35483870967744
341.61290322580646
209.13333333333333
88.61290322580645
16.333333333333332
46.645161290322584
159.58064516129033
321.5
506.741935483871
698.8
522.0
502.0
502.0
503.0
503.0
503.0
478.06666666666666
382.48387096774195
414.61290322580646
553.2857142857143
944.0
997.0
493.0
422.0
477.0
494.0
498.0
501.0
503.0
503.0
1615.0
2040
1710.2614193548386
987.0
446.0
248.0
358.0
477.0
478.0
495.0
500.0
501.0
1718.4
2040
1641.7997419354838
1006.0
469.0
454.0
477.0
496.0
499.0
502.0
502.0
503.0
1621.0
1997.17
1828.2787096774193
817.0
466.0
234.0
310.0
464.0
490.0
493.0
498.0
500.0
1810.632
2040
1811.844129032258
1139.0
516.0
477.0
487.0
499.0
502.0
503.0
503.0
503.0
1646.176
1624.392857142857
1484.0645161290322
1158.0
496.0
415.0
405.0
445.0
487.0
500.0
502.0
502.0
1715.472
2040
1876.2758709677419
1123.0
460.0
197.0
228.0
419.0
483.0
495.0
498.0
501.0
1749.144
2040
2040
1172.0
532.0
501.0
502.0
503.0
503.0
503.0
503.0
503.0
