1850.0
1782.0
1742.0
1842.0
1837.0
1830.0
1737.0
1586.0
906.0
0.0
826.0
0.0
1950.0
1885.0
1885.0
1865.0
1782.0
1665.0
1473.0
549.0
174.0
676.0
0.0
956.0
1898.0
1787.0
1841.0
1893.0
1840.0
1733.0
1715.0
1253.0
0.0
884.0
0.0
943.0
1902.0
1826.0
1894.0
1944.0
1944.0
1927.0
1869.0
1695.0
1299.0
968.0
1015.0
1164.0
1998.483870967742
2260
2260
2260
2240.5134408602153
1856.6055555555556
1690.0
1390.0
821.0
891.0
827.0
1157.0
1944.0
1904.0
1800.0
1715.0
1416.0
1007.0
554.0
338.0
1292.0
533.0
1464.0
1107.0
1943.0
1904.0
1821.0
1622.0
1391.0
922.0
265.0
1055.0
790.0
732.0
840.0
1051.0
1945.0
1878.0
1724.0
1677.0
1898.0
1839.0
1570.0
1198.0
562.0
408.0
1245.0
231.0
1950.0
1893.0
1917.0
1938.0
1891.0
1772.0
1450.0
692.0
197.0
906.0
0.0
1135.0
1913.0
1797.0
1616.0
1240.0
765.0
0.0
957.0
0.0
999.0
0.0
1206.0
1237.0
1944.0
1811.0
1658.0
1411.0
64.0
695.0
0.0
0.0
0.0
498.0
875.0
1046.0
1926.0
1827.0
1681.0
1063.0
190.0
835.0
0.0
428.0
482.0
847.0
990.0
487.0
1946.0
1899.0
1813.0
1778.0
1697.0
1512.0
710.0
229.0
1251.0
351.0
1549.0
1233.0
1949.0
1921.0
1907.0
1934.0
1948.0
1938.0
1855.0
1618.0
1267.0
1054.0
1025.0
1107.0
1942.0
1886.0
1800.0
1768.0
1739.0
1533.0
936.0
328.0
1233.0
110.0
1383.0
732.0
1941.0
1901.0
1941.0
1960.0
1958.0
1955.0
1948.0
1919.0
1753.0
1492.0
1306.0
1484.0
1951.0
1928.0
1945.0
1910.0
1903.0
1796.0
1640.0
1344.0
1122.0
1102.0
1012.0
1275.0
1947.0
1917.0
1865.0
1838.0
1797.0
1757.0
1445.0
1117.0
1024.0
1009.0
1214.0
1480.0
1955.0
1940.0
1895.0
1914.0
1917.0
1846.0
1721.0
1406.0
1290.0
1392.0
1500.0
1623.0
1957.0
1951.0
1947.0
1947.0
1914.0
1860.0
1756.0
1594.0
1296.0
1565.0
1440.0
1442.0
