415.98118279569894
252.67261904761904
487.0
487.0
477.241935483871
386.1138888888889
367.23655913978496
298.741935483871
361.52777777777777
375.64516129032256
422.10833333333335
448.64516129032256
454.01612903225805
487.0
272.78225806451616
145.7277777777778
340.0268817204301
258.69444444444446
365.9274193548387
342.5
380.27777777777777
367.741935483871
315.4
66.19354838709677
94.10483870967742
231.48511904761904
396.8279569892473
222.3
373.91129032258067
265.02222222222224
344.752688172043
295.48387096774195
349.85555555555555
364.3306451612903
399.0
371.4193548387097
108.0
302.73809523809524
291.60215053763443
184.6611111111111
383.56720430107526
264.25
250.30645161290323
179.53494623655914
226.00277777777777
295.26881720430106
380.27777777777777
404.81182795698925
325.7096774193548
224.03571428571428
162.83870967741936
136.2277777777778
337.09139784946234
220.5611111111111
375.0967741935484
360.38709677419354
372.4
47.806451612903224
38.0
47.806451612903224
115.76612903225806
211.3720238095238
333.14516129032256
153.61111111111111
346.0
224.85555555555555
368.01075268817203
360.38709677419354
383.8
250.06451612903226
49.4
55.16129032258065
70.36559139784946
119.86011904761905
150.4516129032258
77.5
133.25806451612902
228.0
121.35483870967742
44.12903225806452
30.4
25.741935483870968
34.2
47.806451612903224
91.28225806451613
243.0595238095238
407.4731182795699
281.23333333333335
426.3037634408602
285.10555555555555
487.0
346.18279569892474
380.27777777777777
367.741935483871
395.2
415.5483870967742
487.0
353.42857142857144
340.497311827957
125.18333333333334
319.26344086021504
231.96944444444443
367.741935483871
360.38709677419354
383.8
364.06451612903226
60.8
47.806451612903224
59.6505376344086
114.69940476190476
132.88709677419354
102.73333333333333
307.01075268817203
239.4
279.48387096774195
47.806451612903224
30.4
25.741935483870968
34.2
44.12903225806452
86.39784946236558
129.94642857142858
212.16397849462365
152.3
347.6989247311828
274.0
375.0967741935484
356.7096774193548
235.6
36.774193548387096
34.2
47.806451612903224
114.96774193548387
205.35714285714286
286.6693548387097
154.98888888888888
322.2741935483871
266.5833333333333
364.5967741935484
353.2903225806452
216.6
25.741935483870968
34.2
55.16129032258065
128.8709677419355
195.5
344.7258064516129
200.2722222222222
378.8279569892473
257.725
293.0967741935484
156.3709677419355
313.8777777777778
342.75
376.475
316.48924731182797
153.82258064516128
244.55357142857142
346.55913978494624
257.1333333333333
407.5268817204301
189.93333333333334
392.60483870967744
186.6478494623656
118.0
301.13709677419354
324.4166666666667
390.9462365591398
415.3333333333333
487.0
302.5940860215054
147.77777777777777
343.30645161290323
267.85
220.7741935483871
233.8790322580645
313.19444444444446
342.25
384.0805555555556
150.88440860215053
185.82258064516128
428.14285714285717
487.0
320.46666666666664
487.0
487.0
487.0
259.53494623655916
154.66666666666666
268.4516129032258
371.2944444444444
394.9220430107527
437.8763440860215
487.0
164.91935483870967
116.625
325.2741935483871
240.2722222222222
334.46774193548384
295.6989247311828
338.69444444444446
356.9704301075269
254.6
51.483870967741936
100.1236559139785
131.75
258.008064516129
205.49444444444444
392.5967741935484
234.36111111111111
283.6989247311828
142.93548387096774
120.46944444444445
210.53225806451613
350.1111111111111
401.1317204301075
265.69354838709677
167.5595238095238
239.20698924731184
177.77777777777777
369.3817204301075
189.09722222222223
192.65591397849462
45.153225806451616
39.05555555555556
141.2741935483871
336.6
391.23118279569894
439.0
367.625
142.46774193548387
91.175
308.5725806451613
221.04444444444445
357.23118279569894
198.7258064516129
38.02777777777778
29.419354838709676
34.2
55.16129032258065
