413.56182795698925
250.4047619047619
461.61290322580646
253.61111111111111
487.0
487.0
487.0
487.0
249.9
230.36559139784947
272.7111111111111
295.2258064516129
305.6720430107527
442.25
282.71505376344084
142.7722222222222
400.3440860215054
411.8722222222222
241.5483870967742
226.16397849462365
236.01666666666668
221.41935483870967
240.35555555555555
266.1505376344086
297.4623655913978
430.1666666666667
379.9139784946237
223.36944444444444
371.26881720430106
411.8722222222222
319.8279569892473
228.40322580645162
233.70277777777778
221.41935483870967
247.2888888888889
266.1505376344086
299.6989247311828
487.0
278.02150537634407
181.91944444444445
380.21505376344084
238.04444444444445
347.3279569892473
225.53763440860214
227.03333333333333
201.29032258064515
238.04444444444445
263.9139784946237
303.80645161290323
429.63690476190476
205.83333333333334
131.1
333.247311827957
51.88333333333333
226.16397849462365
217.46774193548387
226.76111111111112
210.23655913978496
238.04444444444445
254.96774193548387
321.75
447.4047619047619
322.8467741935484
147.2
342.19354838709677
48.766666666666666
230.64247311827958
219.44623655913978
231.38888888888889
214.96774193548387
245.2722222222222
261.991935483871
275.48387096774195
285.88392857142856
149.70967741935485
68.63333333333334
118.25806451612904
46.833333333333336
254.55376344086022
44.946236559139784
13.916666666666666
8.956989247311828
25.45277777777778
40.306451612903224
88.69354838709677
238.16964285714286
410.008064516129
276.3333333333333
427.18279569892474
272.7111111111111
487.0
230.64247311827958
236.01666666666668
216.94623655913978
244.9777777777778
263.9139784946237
359.6532258064516
487.0
309.19354838709677
119.74444444444444
347.0833333333333
328.1777777777778
226.16397849462365
215.48387096774192
227.03333333333333
205.76344086021504
235.73333333333332
250.49462365591398
265.5
353.8690476190476
243.8709677419355
97.76666666666667
303.0241935483871
30.225
220.76344086021504
225.0
238.61666666666667
44.83870967741935
25.45277777777778
40.306451612903224
77.59677419354838
134.51785714285714
210.68548387096774
144.66666666666666
347.0833333333333
80.98611111111111
230.91935483870967
217.7284946236559
229.625
219.70967741935485
247.5861111111111
51.50268817204301
114.20161290322581
199.38095238095238
350.48387096774195
146.475
317.9731182795699
62.475
219.9731182795699
213.75
229.9
224.19354838709677
175.85555555555555
49.263440860215056
122.24193548387096
196.32440476190476
386.06451612903226
195.97222222222223
375.741935483871
69.33333333333333
234.83870967741936
223.65591397849462
228.8
214.96774193548387
240.64444444444445
266.4704301075269
363.5806451612903
462.1666666666667
469.98924731182797
253.30555555555554
409.2903225806452
94.75555555555556
445.0752688172043
230.36559139784947
238.04444444444445
221.41935483870967
244.9777777777778
261.6774193548387
277.3333333333333
364.01785714285717
338.05645161290323
145.075
337.7204301075269
43.91111111111111
230.36559139784947
216.94623655913978
228.8
212.4731182795699
238.04444444444445
277.6666666666667
387.96774193548384
487.0
487.0
315.8611111111111
487.0
487.0
487.0
487.0
241.22222222222223
208.25
247.2888888888889
270.6236559139785
305.6720430107527
422.3958333333333
238.9247311827957
110.53333333333333
324.3010752688172
44.175
231.59408602150538
218.51075268817203
222.4
196.81720430107526
240.35555555555555
257.2043010752688
303.0241935483871
373.5416666666667
293.5752688172043
200.1
389.16129032258067
64.71111111111111
235.68548387096774
224.18817204301075
230.175
197.05376344086022
228.8
259.44086021505376
305.63440860215053
382.7738095238095
306.13978494623655
170.2
366.7956989247312
60.08888888888889
233.13440860215053
223.28225806451613
225.25555555555556
199.29301075268816
231.38888888888889
259.752688172043
304.741935483871
385.5952380952381
256.6182795698925
87.82222222222222
304.4758064516129
32.55
220.5
219.03225806451613
229.625
127.63709677419355
27.766666666666666
46.96774193548387
