244.58064516129033
250.71428571428572
235.20430107526883
252.65
282.06451612903226
487.0
487.0
245.4516129032258
226.41666666666666
207.16666666666666
202.7
209.8790322580645
232.20967741935485
249.58035714285714
239.82258064516128
249.8
242.25806451612902
240.79166666666666
237.36559139784947
218.0
210.8
200.0
188.22222222222223
204.2311827956989
237.91935483870967
249.76190476190476
233.66935483870967
246.0
245.53225806451613
280.06388888888887
250.84677419354838
221.70967741935485
211.86666666666667
204.0188172043011
192.08333333333334
207.06451612903226
249.80376344086022
244.04761904761904
238.8709677419355
250.7
243.16129032258064
253.54166666666666
241.7258064516129
241.90322580645162
230.41666666666666
227.1451612903226
222.56666666666666
221.81720430107526
254.11827956989248
240.08630952380952
255.06451612903226
239.35
246.95698924731184
250.75
242.86021505376345
225.56989247311827
226.4
214.9784946236559
213.55833333333334
211.19623655913978
243.16129032258064
246.73214285714286
251.24193548387098
233.125
233.38709677419354
223.55
217.0
224.0
219.35
209.3548387096774
207.08333333333334
207.46774193548387
244.11021505376345
220.41071428571428
153.5483870967742
185.69444444444446
143.752688172043
164.0
106.5241935483871
46.384408602150536
32.025
26.838709677419356
37.644444444444446
46.704301075268816
76.47043010752688
250.5297619047619
238.0752688172043
238.875
249.80376344086022
241.34444444444443
235.61290322580646
229.51612903225808
216.0
222.00537634408602
214.15555555555557
221.41935483870967
231.25806451612902
248.63095238095238
246.95698924731184
239.35
250.752688172043
237.6888888888889
240.26075268817203
219.83870967741936
213.70555555555555
213.0
202.94166666666666
203.1720430107527
188.45698924731184
247.85714285714286
229.83870967741936
239.16666666666666
209.89247311827958
218.83333333333334
204.65860215053763
202.20967741935485
200.26388888888889
160.23387096774192
82.68333333333334
48.623655913978496
64.56720430107526
141.95238095238096
235.8548387096774
226.94722222222222
216.7741935483871
208.8
176.70967741935485
197.09677419354838
191.01666666666668
158.46774193548387
170.525
146.0
115.16129032258064
191.53571428571428
243.81720430107526
227.63055555555556
217.74193548387098
200.7111111111111
186.59677419354838
210.36290322580646
174.16666666666666
171.23655913978496
178.40277777777777
105.56720430107526
112.18010752688173
208.20833333333334
237.48655913978496
248.96666666666667
241.90322580645162
225.5
217.8494623655914
224.25806451612902
213.17777777777778
216.24193548387098
195.2111111111111
213.01075268817203
243.16129032258064
244.83333333333334
248.8548387096774
252.59444444444443
243.16129032258064
239.35
243.6290322580645
240.65322580645162
235.27777777777777
225.91397849462365
221.58333333333334
230.6236559139785
244.11021505376345
249.58035714285714
239.3951612903226
238.64444444444445
247.98387096774192
234.73333333333332
219.56720430107526
227.1505376344086
216.11111111111111
209.99462365591398
194.32777777777778
214.86559139784947
244.11021505376345
247.68154761904762
434.51881720430106
334.94444444444446
487.0
487.0
469.3225806451613
246.95698924731184
240.55555555555554
234.47043010752688
241.48888888888888
235.43548387096774
242.21236559139786
243.88392857142858
243.16129032258064
255.4361111111111
236.96774193548387
247.0611111111111
237.7741935483871
232.36290322580646
231.75555555555556
219.04569892473117
222.56666666666666
218.78225806451613
243.16129032258064
244.83333333333334
254.5483870967742
241.34444444444443
240.3494623655914
239.6
241.2258064516129
228.66666666666666
221.58333333333334
221.24193548387098
218.06666666666666
224.67741935483872
242.21236559139786
255.16071428571428
237.91935483870967
243.15
246.95698924731184
252.65
238.0752688172043
235.32258064516128
231.38888888888889
225.56989247311827
226.46666666666667
227.91397849462365
158.8709677419355
174.17857142857142
243.16129032258064
250.7
236.01612903225808
249.8
245.1209677419355
79.76612903225806
55.80833333333333
29.612903225806452
37.25
54.193548387096776
