578.0
1558.0
1821.0
1850.0
1853.0
1853.0
1844.0
1830.0
1771.0
1431.0
1085.0
1307.0
282.0
1700.0
1829.0
1845.0
1839.0
1823.0
1750.0
1410.0
793.0
792.0
613.0
710.0
333.0
1623.0
1830.0
1857.0
1854.0
1841.0
1842.0
1808.0
1438.0
1023.0
973.0
1024.0
698.0
1374.0
1827.0
1859.0
1860.0
1859.0
1859.0
1888.0
1851.0
1842.0
1848.0
1847.0
733.0322580645161
2140.0148809523807
2260
2260
2209.037634408602
1860.2555555555555
1859.0
1861.0
1847.0
1808.0
1573.0
1190.0
803.0
1539.0
1795.0
1757.0
1697.0
1550.0
1465.0
1188.0
944.0
841.0
605.0
849.0
0.0
1544.0
1764.0
1772.0
1580.0
1042.0
571.0
389.0
564.0
762.0
678.0
260.0
1163.0
1471.0
1825.0
1859.0
1861.0
1860.0
1860.0
1863.0
1860.0
1854.0
1831.0
1769.0
677.0
1608.0
1837.0
1858.0
1859.0
1935.0
1859.0
1803.0
1669.0
1427.0
332.0
720.0
1061.0
1499.0
1584.0
1526.0
1438.0
0.0
182.0
107.0
271.0
517.0
989.0
249.0
677.0
1581.0
1673.0
1737.0
1728.0
1093.0
0.0
26.0
824.0
95.0
1116.0
747.0
96.0
1383.0
1821.0
1816.0
1737.0
1009.0
1119.0
890.0
0.0
1042.0
0.0
971.0
754.0
1531.0
1821.0
1858.0
1859.0
1855.0
1845.0
1847.0
1828.0
1766.0
1698.0
1612.0
339.0
1520.0
1834.0
1859.0
1860.0
1859.0
1859.0
1859.0
1854.0
1847.0
1833.0
1819.0
313.0
1472.0
1834.0
1852.0
1846.0
1806.0
1716.0
1575.0
1578.0
1461.0
314.0
781.0
1086.0
1424.0
1838.0
1860.0
1861.0
1860.0
1860.0
1861.0
1862.0
1861.0
1856.0
1851.0
808.0
1732.0
1836.0
1858.0
1859.0
1860.0
1861.0
1857.0
1858.0
1833.0
1800.0
1595.0
293.0
1532.0
1821.0
1847.0
1852.0
1857.0
1851.0
1825.0
1809.0
1751.0
1730.0
1528.0
359.0
1663.0
1784.0
1858.0
1860.0
1855.0
1848.0
1827.0
1833.0
1771.0
1763.0
1784.0
1105.0
1529.0
1832.0
1859.0
1860.0
1858.0
1850.0
1821.0
1711.0
1504.0
1282.0
1359.0
