252
249.60119047619048
252
251.41944444444445
252
252
252
252
249.19166666666666
232.05645161290323
252
252
252
252
252
141.32777777777778
252
252
239.4005376344086
227.20967741935485
236.53333333333333
219.86021505376345
242.18055555555554
252
252
252
252
222.6
252
252
252
226.34677419354838
235.75833333333333
219.86290322580646
247.63611111111112
252
252
252
252
182.90833333333333
252
237.04722222222222
252
227.31451612903226
225.09444444444443
201.3521505376344
239.21666666666667
252
252
252
205.50806451612902
129.33333333333334
252
48.99166666666667
228.5268817204301
217.5752688172043
226.67222222222222
210.1290322580645
238.23333333333332
252
252
252
252
147.1
252
48.56111111111111
230.52956989247312
219.50806451612902
231.28333333333333
216.002688172043
244.65555555555557
252
252
252
149.1263440860215
67.65555555555555
118.77688172043011
45.99444444444445
252
44.715053763440864
13.102777777777778
7.922043010752688
27.647222222222222
38.55913978494624
90.14247311827957
238.9375
252
252
252
252
252
229.21236559139786
235.19444444444446
218.4220430107527
245.30833333333334
252
252
252
252
120.18055555555556
252
252
226.75537634408602
216.0268817204301
225.43333333333334
207.18548387096774
234.5638888888889
251.59139784946237
252
252
242.84139784946237
96.88888888888889
252
29.22222222222222
222.4220430107527
223.21774193548387
239.34722222222223
44.75268817204301
24.72222222222222
40.16129032258065
78.79301075268818
132.91369047619048
211.51612903225808
145.36111111111111
252
79.7388888888889
231.16935483870967
217.33602150537635
230.2861111111111
219.5483870967742
247.66944444444445
51.715053763440864
113.50537634408602
199.04464285714286
252
146.18055555555554
252
63.625
220.58602150537635
211.65322580645162
229.90555555555557
224.36021505376345
176.53055555555557
48.043010752688176
123.28494623655914
196.97916666666666
252
193.575
252
69.11666666666666
235.33602150537635
221.752688172043
230.45
215.13978494623655
240.05555555555554
252
252
252
252
252
252
94.22777777777777
252
231.2258064516129
238.125
220.75806451612902
245.18055555555554
252
252
252
252
144.95555555555555
252
44.96944444444444
229.54301075268816
217.2016129032258
228.4111111111111
212.65860215053763
239.6638888888889
252
252
252
252
252
252
252
252
252
242.275
207.69354838709677
247.1027777777778
252
252
252
237.61559139784947
110.6361111111111
252
44.53333333333333
230.3790322580645
218.85752688172042
222.59166666666667
197.73655913978496
240.3361111111111
252
252
252
252
199.775
252
63.138888888888886
237.45967741935485
224.1720430107527
230.30833333333334
195.3252688172043
230.12222222222223
252
252
252
252
169.2888888888889
252
57.455555555555556
234.7688172043011
222.33333333333334
226.175
198.29301075268816
232.61388888888888
252
252
252
252
86.79166666666667
252
31.919444444444444
221.61021505376345
217.31451612903226
229.56666666666666
128.96774193548387
27.65277777777778
47.223118279569896
