252
251.61904761904762
252
252
252
252
252
252
219.0222222222222
203.1021505376344
229.07222222222222
252
252
252
252
252
252
252
237.38172043010752
201.30107526881721
205.59444444444443
193.8951612903226
200.25277777777777
252
247.99462365591398
252
252
252
252
252
252
200.79569892473117
203.75555555555556
192.8978494623656
204.70833333333334
252
251.5994623655914
252
252
252
252
252
252
202.82258064516128
205.44444444444446
191.34408602150538
201.31666666666666
251.65322580645162
252
252
252
252
252
222.4611111111111
206.0215053763441
192.5483870967742
198.7888888888889
188.15322580645162
196.31666666666666
252
252
252
252
252
252
222.03055555555557
207.02956989247312
194.4758064516129
201.34166666666667
190.04032258064515
203.72222222222223
252
225.56720430107526
252
232.18817204301075
208.95833333333334
191.86021505376345
201.65833333333333
185.38709677419354
55.715053763440864
40.022222222222226
34.876344086021504
41.666666666666664
49.564516129032256
98.14784946236558
240.95535714285714
252
252
252
247.82777777777778
252
212.88978494623655
204.28055555555557
191.45698924731184
202.38333333333333
241.4784946236559
252
252
252
241.1611111111111
252
252
203.19892473118279
191.0
197.54722222222222
187.2016129032258
196.63888888888889
252
215.99462365591398
252
252
240.95277777777778
252
201.7
193.93548387096774
184.70967741935485
192.87222222222223
182.30107526881721
129.80833333333334
51.384408602150536
86.8010752688172
135.92559523809524
239.68010752688173
252
252
221.3138888888889
204.6021505376344
189.40591397849462
195.19166666666666
184.60752688172042
193.75833333333333
121.09408602150538
121.65322580645162
201.0625
252
252
252
206.20277777777778
196.01344086021504
184.7258064516129
192.71944444444443
183.43817204301075
192.88611111111112
118.84677419354838
131.43548387096774
198.9970238095238
252
252
252
226.64166666666668
209.80376344086022
196.71774193548387
200.50833333333333
188.17741935483872
197.13055555555556
252
252
252
252
252
252
245.23888888888888
252
207.66666666666666
207.19166666666666
192.7983870967742
201.25555555555556
239.9731182795699
227.76344086021504
252
252
252
252
218.44166666666666
205.04301075268816
192.16935483870967
198.47222222222223
185.69623655913978
195.73888888888888
252
252
252
252
252
252
252
252
252
212.725
195.6747311827957
210.19166666666666
246.59139784946237
252
252
252
242.78055555555557
252
217.01111111111112
206.8736559139785
193.8279569892473
199.88611111111112
188.72043010752688
201.44166666666666
252
252
252
252
252
252
236.60833333333332
213.95698924731184
199.14247311827958
203.45277777777778
190.28225806451613
200.20833333333334
252
252
252
252
252
252
230.92222222222222
211.26612903225808
197.30376344086022
201.38055555555556
190.26612903225808
198.70555555555555
252
252
252
252
215.075
252
205.39444444444445
197.11290322580646
186.5268817204301
193.4361111111111
185.48655913978496
74.8638888888889
58.306451612903224
