407.9166666666667
249.10714285714286
449.35483870967744
246.5
487.0
487.0
487.0
373.5295698924731
217.77777777777777
197.58064516129033
243.63888888888889
266.0752688172043
277.5430107526882
414.14285714285717
353.1317204301075
133.10555555555555
477.8010752688172
410.53055555555557
212.502688172043
193.6290322580645
202.80555555555554
187.04301075268816
213.69444444444446
238.41397849462365
269.5752688172043
400.0238095238095
443.18279569892474
217.25
369.5698924731183
487.0
333.2903225806452
193.6290322580645
201.44444444444446
185.7258064516129
219.13888888888889
235.77956989247312
274.88709677419354
461.67261904761904
349.43548387096774
176.35555555555555
377.51612903225805
330.85
345.4301075268817
203.67741935483872
205.94722222222222
185.7258064516129
216.37222222222223
232.54301075268816
291.0833333333333
487.0
276.43817204301075
121.33333333333333
330.66129032258067
184.125
184.40860215053763
180.45698924731184
193.27777777777777
180.45698924731184
209.61111111111111
225.24193548387098
292.88440860215053
420.0625
355.01612903225805
139.2
338.6666666666667
50.56666666666667
178.18548387096774
179.13978494623655
193.27777777777777
183.09139784946237
216.41666666666666
231.8279569892473
247.0
303.8392857142857
221.58870967741936
55.333333333333336
106.23655913978494
138.3138888888889
60.715053763440864
134.3548387096774
0.0
0.0
14.972222222222221
31.612903225806452
84.0
237.69642857142858
410.4032258064516
271.96944444444443
426.3252688172043
265.1333333333333
487.0
215.14247311827958
201.44444444444446
184.40860215053763
215.05555555555554
231.8279569892473
333.31720430107526
465.33035714285717
380.6532258064516
112.52222222222223
442.1639784946237
323.94444444444446
198.8978494623656
183.09139784946237
191.91666666666666
179.13978494623655
209.61111111111111
222.60752688172042
237.2231182795699
324.9702380952381
281.3225806451613
87.675
299.51075268817203
125.47777777777777
177.82258064516128
169.91935483870967
187.83333333333334
162.01612903225808
19.055555555555557
32.93010752688172
72.88978494623656
130.82142857142858
216.7741935483871
137.86666666666667
343.8709677419355
84.56111111111112
190.99462365591398
179.13978494623655
190.55555555555554
176.50537634408602
206.88888888888889
163.33333333333334
108.45161290322581
197.75
303.89784946236557
138.33333333333334
313.4516129032258
155.48333333333332
184.78494623655914
173.8709677419355
185.11111111111111
176.50537634408602
205.52777777777777
80.34946236559139
117.9489247311828
195.26785714285714
364.73118279569894
186.2
375.0510752688172
156.11666666666667
196.66397849462365
185.7258064516129
196.0
180.45698924731184
208.25
238.41397849462365
333.31720430107526
429.5238095238095
421.3306451612903
248.0
407.68279569892474
288.5361111111111
446.19354838709677
201.94354838709677
205.94722222222222
187.04301075268816
213.69444444444446
231.8279569892473
250.16129032258064
334.1577380952381
409.002688172043
138.59444444444443
333.93279569892474
180.4
199.30376344086022
184.40860215053763
194.63888888888889
177.82258064516128
208.25
246.31720430107526
363.26612903225805
487.0
487.0
319.3277777777778
487.0
487.0
487.0
258.88978494623655
214.13055555555556
192.70430107526883
225.94444444444446
243.68279569892474
277.3333333333333
394.92857142857144
307.247311827957
101.75
320.06451612903226
169.46666666666667
200.6236559139785
186.86290322580646
195.04444444444445
192.16935483870967
366.8
302.9569892473118
333.31720430107526
346.64285714285717
337.4032258064516
195.06666666666666
386.61290322580646
47.22222222222222
125.33333333333333
167.96774193548387
185.48888888888888
180.45698924731184
212.33333333333334
227.8763440860215
279.43548387096774
353.7083333333333
348.36559139784947
163.41666666666666
365.59139784946234
41.083333333333336
199.46774193548387
179.8709677419355
189.58055555555555
181.7741935483871
210.97222222222223
231.8279569892473
276.55645161290323
356.5297619047619
260.39784946236557
78.83333333333333
298.6666666666667
15.155555555555555
164.66666666666666
154.42741935483872
174.57777777777778
174.2258064516129
205.52777777777777
64.54301075268818
