406.26344086021504
251.35416666666666
238.9784946236559
234.59722222222223
346.51881720430106
487.0
487.0
250.92741935483872
246.94444444444446
286.7741935483871
283.9861111111111
262.8763440860215
250.92741935483872
264.5833333333333
238.9784946236559
234.59722222222223
238.9784946236559
246.94444444444446
250.92741935483872
286.7741935483871
321.02777777777777
203.13172043010752
209.90277777777777
227.02956989247312
250.92741935483872
277.8125
238.9784946236559
234.59722222222223
238.9784946236559
407.4583333333333
262.8763440860215
250.92741935483872
283.9861111111111
274.8252688172043
209.90277777777777
227.02956989247312
262.8763440860215
317.5
238.9784946236559
234.59722222222223
238.9784946236559
234.59722222222223
238.9784946236559
238.9784946236559
234.59722222222223
227.02956989247312
234.59722222222223
238.9784946236559
250.92741935483872
264.5833333333333
227.02956989247312
234.59722222222223
238.9784946236559
234.59722222222223
227.02956989247312
238.9784946236559
209.90277777777777
203.13172043010752
197.55555555555554
203.13172043010752
274.8252688172043
291.0416666666667
250.92741935483872
246.94444444444446
250.92741935483872
271.6388888888889
262.8763440860215
203.13172043010752
209.90277777777777
203.13172043010752
209.90277777777777
227.02956989247312
227.02956989247312
277.8125
71.69354838709677
160.51388888888889
203.13172043010752
209.90277777777777
203.13172043010752
191.18279569892474
209.90277777777777
203.13172043010752
209.90277777777777
143.38709677419354
107.54032258064517
238.125
238.9784946236559
234.59722222222223
238.9784946236559
234.59722222222223
227.02956989247312
238.9784946236559
234.59722222222223
238.9784946236559
234.59722222222223
227.02956989247312
310.6720430107527
277.8125
238.9784946236559
234.59722222222223
238.9784946236559
234.59722222222223
238.9784946236559
238.9784946236559
259.2916666666667
238.9784946236559
197.55555555555554
203.13172043010752
227.02956989247312
304.2708333333333
131.43817204301075
172.86111111111111
298.7231182795699
246.94444444444446
203.13172043010752
203.13172043010752
209.90277777777777
203.13172043010752
209.90277777777777
167.28494623655914
83.64247311827957
145.52083333333334
191.18279569892474
234.59722222222223
262.8763440860215
333.375
215.08064516129033
203.13172043010752
222.25
203.13172043010752
197.55555555555554
203.13172043010752
119.48924731182795
198.4375
167.28494623655914
197.55555555555554
262.8763440860215
283.9861111111111
203.13172043010752
203.13172043010752
197.55555555555554
203.13172043010752
209.90277777777777
215.08064516129033
203.13172043010752
211.66666666666666
227.02956989247312
234.59722222222223
238.9784946236559
234.59722222222223
227.02956989247312
238.9784946236559
234.59722222222223
191.18279569892474
197.55555555555554
227.02956989247312
310.6720430107527
291.0416666666667
238.9784946236559
234.59722222222223
238.9784946236559
370.4166666666667
310.6720430107527
238.9784946236559
234.59722222222223
227.02956989247312
234.59722222222223
238.9784946236559
227.02956989247312
291.0416666666667
238.9784946236559
234.59722222222223
238.9784946236559
246.94444444444446
250.92741935483872
262.8763440860215
222.25
203.13172043010752
197.55555555555554
227.02956989247312
358.46774193548384
304.2708333333333
238.9784946236559
444.5
487.0
487.0
477.9569892473118
238.9784946236559
234.59722222222223
238.9784946236559
234.59722222222223
238.9784946236559
274.8252688172043
264.5833333333333
238.9784946236559
234.59722222222223
227.02956989247312
234.59722222222223
238.9784946236559
227.02956989247312
234.59722222222223
191.18279569892474
209.90277777777777
215.08064516129033
250.92741935483872
291.0416666666667
215.08064516129033
234.59722222222223
227.02956989247312
234.59722222222223
238.9784946236559
238.9784946236559
246.94444444444446
215.08064516129033
209.90277777777777
215.08064516129033
250.92741935483872
277.8125
238.9784946236559
234.59722222222223
238.9784946236559
234.59722222222223
238.9784946236559
227.02956989247312
246.94444444444446
227.02956989247312
197.55555555555554
215.08064516129033
262.8763440860215
291.0416666666667
155.33602150537635
160.51388888888889
238.9784946236559
234.59722222222223
238.9784946236559
203.13172043010752
197.55555555555554
191.18279569892474
197.55555555555554
227.02956989247312
