612
40.0
315.0
311.0
356.0
314.0
374.0
408.0
411.0
413.0
414.0
414.0
104.0
40.0
315.0
252.0
386.0
381.0
404.0
412.0
328.2888888888889
45.475806451612904
40.03611111111111
83.05645161290323
139.90860215053763
40.0
315.0
254.0
362.0
328.0
374.0
406.0
413.0
366.90860215053766
49.580555555555556
86.78225806451613
133.747311827957
40.0
315.0
246.0
259.0
194.0
243.0
332.0
398.0
407.0
278.2416666666667
71.02688172043011
57.956989247311824
40.0
315.0
216.0
404.0
414.0
403.008064516129
59.02956989247312
40.0
40.0
40.0
40.0
183.68817204301075
40.0
315.0
218.0
396.0
409.0
413.0
285.11559139784947
47.047222222222224
40.045698924731184
40.0
65.86559139784946
121.60215053763442
40.0
127.0
248.0
136.55107526881721
55.30833333333333
40.0
40.0
40.0
40.0
40.0
40.0
100.04838709677419
40.0
315.0
256.0
522.2903225806451
385.43055555555554
405.0
412.0
414.0
414.0
414.0
125.48387096774194
152.81182795698925
40.0
315.0
242.0
400.0
414.0
415.0
415.0
63.958333333333336
40.0
40.0
40.0
43.986559139784944
40.0
315.0
256.0
314.88709677419354
57.644444444444446
40.064516129032256
40.0
40.0
40.0
40.0
40.0
65.20967741935483
40.0
315.0
272.0
406.0
412.0
256.96774193548384
51.80913978494624
40.05
40.0
40.0
40.0
170.84677419354838
40.0
315.0
284.0
402.0
411.0
244.1505376344086
40.013440860215056
40.0
40.0
40.0
40.0
166.19354838709677
40.0
315.0
248.0
311.0
177.0
340.0
388.0
400.0
306.55913978494624
40.0
62.55107526881721
124.91935483870968
40.0
315.0
155.0
406.35752688172045
203.65277777777777
119.83870967741936
338.0
340.0
391.0
405.0
409.0
76.0
40.0
315.0
270.0
238.0
271.0
339.0
394.0
404.0
129.0
40.0
78.87096774193549
122.77688172043011
40.0
612
612
612
274.2583333333333
158.44086021505376
301.0
377.0
385.0
400.0
407.0
40.0
40.0
315.0
239.0
360.0
337.0
368.0
403.0
268.3388888888889
40.0
40.0
40.0
114.36559139784946
40.0
315.0
214.0
299.0
156.0
128.0
245.0
367.0
405.0
215.19444444444446
59.12096774193548
78.0
40.0
315.0
170.0
200.0
40.0
40.0
168.0
355.0
391.0
401.0
237.46774193548387
56.95967741935484
40.0
315.0
233.0
397.0
233.25833333333333
48.23118279569893
40.005376344086024
40.0
40.0
40.0
40.0
