1131.6129032258063
961.7142857142857
917.5483870967741
1019.8666666666667
1253.1935483870968
1280.0
1279.0
1149.032258064516
795.6333333333333
519.2258064516129
373.46666666666664
405.38709677419354
541.6451612903226
689.3214285714286
864.6451612903226
1140.3
1280.0
1279.0
1171.8064516129032
870.0322580645161
605.9
391.51612903225805
256.1
253.29032258064515
339.7741935483871
464.42857142857144
656.9032258064516
928.5
1228.5483870967741
1279.0
1268.5806451612902
1018.0645161290322
705.2
456.06451612903226
302.3333333333333
296.7741935483871
400.16129032258067
570.6428571428571
1048.1290322580646
1281.0
1281.0
1281.0
1280.0
1279.0
1275.0
1273.0
1273.0
1273.7096774193549
1130.258064516129
994.1071428571429
960.2258064516129
942.0666666666667
931.741935483871
922.3333333333334
819.1935483870968
622.3225806451613
427.3666666666667
260.64516129032256
160.03333333333333
171.80645161290323
278.16129032258067
444.0
798.3225806451613
1199.5666666666666
1277.0
1273.0
1204.0
877.9677419354839
584.2666666666667
354.19354838709677
222.1
242.7741935483871
364.0
499.07142857142856
627.0645161290323
717.0333333333333
752.8064516129032
709.3
581.1935483870968
425.5806451612903
276.6333333333333
141.29032258064515
66.13333333333334
101.38709677419355
212.09677419354838
356.2857142857143
560.4516129032259
947.5666666666667
1275.0
1280.0
1278.0
1275.0
1056.0666666666666
660.4193548387096
408.06666666666666
333.19354838709677
384.1290322580645
510.92857142857144
739.9032258064516
1032.5333333333333
1148.3870967741937
979.2666666666667
715.1935483870968
490.7096774193548
306.23333333333335
151.4516129032258
60.6
79.19354838709677
170.8709677419355
277.2857142857143
396.93548387096774
581.0333333333333
746.9677419354839
704.4333333333333
523.516129032258
351.16129032258067
199.9
67.09677419354838
1.2666666666666666
30.483870967741936
143.0
267.60714285714283
381.96774193548384
478.03333333333336
563.8064516129032
553.6333333333333
434.6774193548387
298.7096774193548
168.33333333333334
48.516129032258064
0.0
19.096774193548388
134.8709677419355
304.60714285714283
495.258064516129
691.0
903.0322580645161
1004.5
873.5483870967741
627.2903225806451
403.3333333333333
220.8709677419355
111.73333333333333
121.2258064516129
245.09677419354838
441.2857142857143
870.3225806451613
1270.2333333333333
1279.0
1277.0
1270.0
1266.0
1275.0
1225.1612903225807
858.1666666666666
621.1290322580645
582.2903225806451
666.3571428571429
965.483870967742
1270.9333333333334
1281.0
1281.0
1280.0
1278.0
1275.0
1180.3548387096773
786.7666666666667
574.1290322580645
532.258064516129
577.5714285714286
690.1612903225806
1093.7666666666667
1279.0
1278.0
1272.0
1266.1935483870968
1009.0666666666667
625.1612903225806
371.43333333333334
294.61290322580646
373.80645161290323
546.8214285714286
989.2258064516129
1281.0
1281.0
1281.0
1281.0
1281.0
1280.0
1277.0
1267.5
1055.3225806451612
891.6451612903226
848.6428571428571
901.2903225806451
1082.6333333333334
1270.0967741935483
1280.0
1279.0
1155.3225806451612
802.1
509.61290322580646
319.5
273.16129032258067
347.2258064516129
499.7142857142857
738.0967741935484
1114.8333333333333
1280.0
1280.0
1277.0
1274.0
1273.0
1253.8387096774193
924.1666666666666
670.0322580645161
617.7741935483871
701.5357142857143
1042.4193548387098
1281.0
1281.0
1280.0
1279.0
1276.0
1275.0
1276.0
1277.0
1278.0
1254.0967741935483
1122.4285714285713
1108.3870967741937
1166.5333333333333
1221.9032258064517
1208.0666666666666
1037.774193548387
769.6451612903226
526.2666666666667
316.03225806451616
176.8
178.58064516129033
