229.0
40.0
599.9435483870968
612
612
389.0388888888889
235.66935483870967
234.0
234.0
234.0
234.0
234.0
196.0
40.0
457.58870967741933
418.4194444444444
236.05376344086022
235.0
235.0
234.0
234.0
234.0
234.0
234.0
193.0
40.0
315.0
542.2833333333333
339.991935483871
235.35555555555555
235.0
234.0
234.0
234.0
234.0
234.0
194.0
40.0
315.0
325.15277777777777
365.4301075268817
244.45
239.0
235.0
235.0
235.0
249.0
363.0
181.0
40.0
315.0
193.0
218.0
231.0
234.0
234.0
234.0
234.0
234.0
234.0
204.0
40.0
315.0
59.0
210.0
228.0
231.0
234.0
234.0
234.0
234.0
234.0
197.0
40.0
127.0
170.0
106.0
193.21666666666667
40.0
40.0
40.0
40.0
40.0
40.0
102.51612903225806
40.0
315.0
246.79444444444445
528.5752688172043
236.6638888888889
235.0
233.0
234.0
234.0
234.0
234.0
194.0
40.0
449.9489247311828
345.35
234.36021505376345
235.0
234.0
234.0
234.0
234.0
234.0
234.0
200.0
40.0
315.0
156.0
224.0
230.0
234.0
222.22043010752688
40.0
40.0
40.0
40.0
76.94623655913979
40.0
315.0
95.0
226.0
231.0
234.0
234.0
234.0
172.98387096774192
40.0
40.0
186.75
40.0
315.0
182.0
228.0
232.0
232.0
234.0
234.0
81.72043010752688
40.0
40.0
189.04301075268816
40.0
315.0
159.0
225.0
232.0
234.0
234.0
234.0
234.0
234.0
234.0
198.0
40.0
315.0
274.05
464.76075268817203
239.1611111111111
236.0
235.0
234.0
234.0
234.0
234.0
191.0
40.0
315.0
193.0
234.0
235.0
235.0
234.0
234.0
234.0
234.0
234.0
191.0
40.0
612
612
612
274.2583333333333
240.08602150537635
238.0
235.0
235.0
234.0
234.0
190.0
40.0
315.0
183.0
234.0
235.0
234.0
246.0
387.0
310.0
294.0
233.0
198.0
40.0
315.0
40.0
150.0
212.0
221.0
232.0
233.0
233.0
234.0
233.0
189.0
40.0
315.0
40.0
227.0
225.0
227.0
234.0
234.0
234.0
234.0
234.0
181.0
40.0
315.0
40.0
209.0
211.0
220.0
231.0
232.0
65.42204301075269
40.0
40.0
