252
251.61904761904762
252
252
252
252
252
252
213.52777777777777
144.81989247311827
121.57222222222222
138.3736559139785
156.02956989247312
252
252
252
252
252
240.38978494623655
137.04569892473117
105.73611111111111
84.15591397849462
90.34166666666667
109.19086021505376
135.7284946236559
234.5952380952381
252
252
252
252
252
155.33602150537635
108.35
82.19354838709677
94.79444444444445
106.7741935483871
139.3494623655914
252
247.36290322580646
252
252
252
252
179.46236559139786
117.59444444444445
83.69354838709677
93.40277777777777
105.77150537634408
142.72043010752688
235.35714285714286
176.1263440860215
252
252
252
216.59139784946237
120.63978494623656
83.25555555555556
76.33333333333333
85.40277777777777
96.11827956989248
158.86559139784947
252
232.7768817204301
252
252
252
243.34677419354838
121.35752688172043
85.82777777777778
80.21505376344086
93.81111111111112
103.86021505376344
114.00537634408602
137.69940476190476
105.25537634408602
82.49444444444444
143.7258064516129
126.26944444444445
85.42204301075269
75.24462365591398
81.40277777777777
72.81989247311827
84.62222222222222
95.54569892473118
138.7768817204301
252
252
252
252
252
252
215.11021505376345
124.91944444444445
80.89784946236558
90.475
101.5725806451613
197.1451612903226
252
252
252
252
252
143.8252688172043
83.45430107526882
81.75
75.38440860215054
84.72777777777777
92.64516129032258
102.61290322580645
158.6220238095238
165.6048387096774
112.64166666666667
252
156.30277777777778
105.1774193548387
77.75268817204301
76.07777777777778
71.4758064516129
82.6
96.15591397849462
126.45967741935483
183.6220238095238
222.52956989247312
162.32777777777778
252
252
252
112.89784946236558
85.7388888888889
72.80376344086021
83.84166666666667
97.05376344086021
162.11559139784947
250.86011904761904
200.63709677419354
252
252
252
150.63978494623655
77.15053763440861
76.95555555555555
72.61559139784946
96.925
107.69623655913979
172.89247311827958
248.79761904761904
252
252
252
252
252
141.36290322580646
91.34722222222223
77.38440860215054
88.21111111111111
110.49193548387096
198.4758064516129
252
252
252
252
252
252
209.9516129032258
130.67222222222222
85.44354838709677
91.34722222222223
103.06451612903226
115.50806451612904
167.625
252
252
252
252
227.51344086021504
108.45698924731182
82.82777777777778
74.8763440860215
85.825
117.99462365591398
225.8548387096774
252
252
252
252
252
252
252
173.67777777777778
113.47849462365592
103.40833333333333
115.6774193548387
144.28225806451613
227.74404761904762
252
252
252
252
183.56720430107526
105.21236559139786
85.24444444444444
77.90053763440861
92.52222222222223
99.59677419354838
140.4516129032258
179.63690476190476
222.2983870967742
252
252
252
252
173.98924731182797
105.31111111111112
82.5241935483871
93.29166666666667
102.91666666666667
143.55645161290323
187.05059523809524
242.4247311827957
252
252
252
252
154.4731182795699
93.90277777777777
81.46505376344086
91.78611111111111
105.26344086021506
140.3978494623656
189.15178571428572
161.91129032258064
252
252
232.65
109.81989247311827
78.6263440860215
79.69444444444444
74.66935483870968
88.32222222222222
103.22311827956989
