252
248.5922619047619
252
246.4
252
252
252
252
216.6888888888889
198.11827956989248
243.01388888888889
252
252
252
252
133.52777777777777
252
252
211.75537634408602
194.06989247311827
202.75555555555556
186.91397849462365
213.19444444444446
238.1505376344086
252
252
252
216.775
252
252
252
193.3978494623656
201.9777777777778
185.9220430107527
218.6472222222222
236.73387096774192
252
252
252
176.11944444444444
252
252
252
203.95430107526883
205.74722222222223
186.36827956989248
215.25833333333333
233.7311827956989
252
252
252
120.53888888888889
252
183.53333333333333
185.002688172043
180.54032258064515
193.9138888888889
180.1720430107527
209.25555555555556
225.08064516129033
252
252
252
139.2111111111111
252
49.547222222222224
178.71236559139786
179.56182795698925
193.36944444444444
183.05107526881721
216.6638888888889
231.8252688172043
247.1236559139785
252
220.30913978494624
55.875
106.79032258064517
137.65833333333333
60.284946236559136
134.5215053763441
0.375
0.0
14.672222222222222
31.553763440860216
84.13978494623656
237.92559523809524
252
252
252
252
252
196.44892473118279
201.41666666666666
183.48387096774192
215.32222222222222
232.53225806451613
252
252
252
111.39444444444445
252
252
197.95430107526883
182.88709677419354
192.68055555555554
179.2231182795699
209.57777777777778
222.60752688172042
237.66935483870967
252
252
87.01666666666667
252
124.89444444444445
177.80645161290323
170.75537634408602
186.99444444444444
162.58870967741936
18.03611111111111
33.16129032258065
72.79301075268818
131.89880952380952
216.36827956989248
137.40277777777777
252
83.71944444444445
191.31720430107526
178.38172043010752
191.34722222222223
176.63172043010752
206.69444444444446
163.16129032258064
108.78494623655914
198.03571428571428
252
138.0888888888889
252
155.3111111111111
184.93010752688173
173.6747311827957
185.82222222222222
175.45430107526883
205.82222222222222
79.75
118.3736559139785
195.9702380952381
252
186.54444444444445
252
154.82777777777778
197.6720430107527
185.69892473118279
195.63333333333333
180.19892473118279
209.06944444444446
237.45430107526883
252
252
252
247.00277777777777
252
252
252
201.2741935483871
205.38055555555556
186.81989247311827
214.19722222222222
232.0241935483871
249.59677419354838
252
252
137.1638888888889
252
179.51388888888889
199.96774193548387
184.05913978494624
194.63333333333333
177.72043010752688
208.675
246.95698924731184
252
252
252
252
252
252
252
243.6021505376344
214.78333333333333
192.69086021505376
225.13611111111112
243.63440860215053
252
252
252
101.84166666666667
252
168.11388888888888
201.7768817204301
185.71505376344086
195.01944444444445
192.69086021505376
252
252
252
252
252
193.9111111111111
252
46.19166666666667
125.80645161290323
168.65591397849462
185.15
180.28225806451613
212.14166666666668
228.8763440860215
252
252
252
162.425
252
40.50555555555555
199.84677419354838
179.53763440860214
189.28333333333333
182.2715053763441
211.64166666666668
231.2258064516129
252
252
252
76.83333333333333
252
13.969444444444445
165.76075268817203
154.21774193548387
174.1
174.48655913978496
206.18333333333334
63.03225806451613
