252
250.61011904761904
252
252
252
252
252
252
252
252
252
252
252
252
252
148.25555555555556
252
252
252
252
252
252
252
66.31451612903226
93.08333333333333
234.65178571428572
252
227.60833333333332
252
252
252
252
252
252
252
252
105.65860215053763
252
252
188.93333333333334
252
252
252
178.00537634408602
226.73333333333332
252
252
252
252
224.93154761904762
160.1048387096774
136.19444444444446
252
222.41944444444445
252
252
252
47.17741935483871
37.486111111111114
48.126344086021504
115.20967741935483
207.58928571428572
252
154.11388888888888
252
223.98333333333332
252
252
252
249.3494623655914
51.416666666666664
53.93279569892473
70.3763440860215
120.97916666666667
151.67741935483872
76.63055555555556
130.75537634408602
230.4111111111111
119.84946236559139
43.54032258064516
30.030555555555555
25.88978494623656
36.66111111111111
45.56182795698925
94.15053763440861
239.94642857142858
252
252
252
252
252
252
252
252
252
252
252
252
252
128.24166666666667
252
235.0888888888889
252
252
252
252
60.486111111111114
45.704301075268816
60.92204301075269
112.24107142857143
132.58064516129033
104.58611111111111
252
238.53333333333333
252
46.65860215053763
29.919444444444444
25.556451612903224
33.644444444444446
47.163978494623656
82.8010752688172
133.92261904761904
209.65860215053763
152.33055555555555
252
252
252
252
232.36111111111111
37.11021505376344
34.96388888888889
47.064516129032256
117.48655913978494
200.05357142857142
252
153.00833333333333
252
252
252
252
216.69722222222222
27.150537634408604
34.016666666666666
53.685483870967744
127.29032258064517
197.98809523809524
252
198.45277777777778
252
252
252
157.80645161290323
252
252
252
252
154.4247311827957
243.03571428571428
252
252
252
189.37777777777777
252
188.8252688172043
115.68055555555556
252
252
252
252
252
252
151.83333333333334
252
252
221.10752688172042
235.75806451612902
252
252
252
153.61021505376345
182.36559139784947
252
252
252
252
252
252
252
155.69166666666666
252
252
252
252
252
164.2258064516129
118.425
252
237.9
252
252
252
252
252
51.11827956989247
97.75806451612904
134.25
252
205.67222222222222
252
234.56944444444446
252
141.94354838709677
118.25555555555556
211.98655913978496
252
252
252
163.31845238095238
243.36559139784947
176.11111111111111
252
189.01944444444445
193.2284946236559
42.986559139784944
37.325
143.06720430107526
252
252
252
252
144.33602150537635
95.48055555555555
252
220.30277777777778
252
197.06451612903226
38.25833333333333
27.768817204301076
36.375
53.22849462365591
