1511.413629629629
8332.410857142857
6045.304451612903
1120.6027916666671
953.342290322581
1086.589833333333
1208.2785806451611
856.432451612903
1179.7081
743.867
742.3198
1014.590580645161
1158.440451612903
8365.69167857143
5890.783225806452
1260.754366666667
976.849483870968
1324.4911
1141.192129032258
1170.93664516129
1136.790533333334
723.923903225806
986.3535999999999
933.454677419355
967.027774193548
6491.9705
5448.1847419354835
1080.7893333333332
824.019548387097
785.020633333333
1259.927548387097
848.499096774194
1139.671966666667
958.009903225806
678.0321333333329
863.276612903226
936.319387096774
7241.878846153846
5841.334375
1248.175074074074
1240.4270000000001
1338.190533333333
1685.654161290323
1886.9868064516131
1323.380333333333
1476.870489614984
903.138
921.590774193548
2025.1598093841649
7097.74875
5940.984451612903
1059.735566666667
993.2302903225802
1400.1174333333333
1266.0999032258067
1052.314451612903
875.930066666667
923.933935483871
693.2537
711.6220000000001
1098.1497204301074
5664.787607142857
5660.374193548387
1145.0032
1355.048129032258
1223.755266666666
1087.835064516129
841.365838709677
1037.1465
1134.012451612903
1119.706066666667
818.994935483871
976.504451612903
5564.5555
4410.743709677419
1423.5477333333329
870.593612903226
966.3681
644.683161290323
1008.9325483870971
780.138266666667
737.2310322580649
400.183033333333
699.233612903226
1004.138896551724
3241.284428571429
3823.089322580645
938.2543333333331
615.615677419355
983.4769222222226
1668.9809892473118
1351.4792043010752
1222.5486888888888
1047.441903225806
936.1728777777774
1201.5897419354835
2054.853032258064
6513.1615
5058.245451612903
879.5300666666669
581.447
888.407366666667
764.2492903225809
924.0730645161291
543.386566666667
844.186580645161
645.8314
838.315193548387
980.36864516129
5053.6678571428565
4059.244129032258
1261.934066666667
1310.469225806452
1375.3405
1237.51464516129
1064.644967741936
634.4486999999999
900.450225806452
575.5092
849.466129032258
780.670580645161
2941.634607142857
3142.301645161291
1048.91265
1301.9793911550469
1479.0000166666669
1463.492
1401.348483870968
1168.082533333333
860.303967741935
500.371366666667
696.782516129032
1153.712193548387
3621.59515384615
3732.907483870968
1536.6499
1352.1559
1477.0000166666669
999.288903225807
993.2464391259109
1174.650603950617
1014.734741935484
654.7212999999999
725.359483870968
1112.49664516129
3631.461107142857
3901.821032258064
1288.337633333333
1183.318806451613
950.9262666666671
1496.381419354839
1793.856870967742
1763.586066666667
1195.419709677419
1198.3589
914.45135483871
1407.6912258064522
6032.6079285714295
5068.191612903226
1348.2186000000002
1050.26264516129
1020.140466666667
1162.011612903226
1623.276903225807
1421.762733333333
1195.075935483871
1252.8609444444448
1531.0725376344085
1623.0693333333334
6475.07275
5177.497225806452
1071.1696666666671
1187.525064516129
793.7102
1464.090483870968
956.927161290323
1251.6691
1264.985967741935
1093.690133333333
1372.169419354839
1333.500096774194
7500.36003571429
6105.419
1206.9255
945.824290322581
2513.473711111111
2699.514892473118
2107.702279569892
1982.2790740740738
1824.2939354838718
1906.6531444444443
2010.2597741935479
2621.6797419354834
7683.01346428571
6031.255967741936
1167.266333333333
1255.259225806452
1434.983666666667
1381.932935483871
1493.7782903225811
1417.327066666667
1236.526903225807
1150.419533333333
1063.503258064516
1421.04638709677
6044.499892857143
5678.203161290322
1632.4609333333328
1470.6732258064521
1323.697433333333
1352.206161290323
1361.422838709678
1496.6987
1558.3812365591402
1911.9799444444445
2048.02123655914
2462.3662473118284
6732.761892857143
5921.543161290323
1399.5728666666669
1179.830419354839
1525.909533333334
1178.324774193548
1202.932774193548
1575.5627
1652.729451612903
1648.5543888888892
2533.230311827957
3338.5718602150546
6972.2675
6043.387612903226
1309.2845
1064.780612903226
984.195733333333
1742.406903225806
1183.032709677419
1513.673333333333
1341.106838709677
1160.463433333333
1134.073516129032
