1323.413629629629
2364.410857142857
2676.304451612903
2669.602791666667
2573.342290322581
2522.589833333333
2433.278580645161
2344.432451612903
2231.7081
1844.867
1525.3198
1834.590580645161
925.440451612903
2357.691678571429
2494.783225806452
2516.754366666667
2468.849483870968
2426.4911
2269.192129032258
1851.93664516129
1147.790533333334
1131.923903225806
907.3535999999999
1073.454677419355
795.027774193548
2387.9705
2552.184741935484
2488.789333333333
2477.019548387097
2364.020633333333
2266.927548387097
2172.499096774194
1753.671966666667
1299.009903225806
1272.032133333333
1405.2766129032261
1134.3193870967739
2103.878846153846
2624.334375
2641.175074074074
2649.427
2634.190533333333
2575.654161290323
2540.986806451613
2442.380333333333
2247.870489614984
2398.138
2474.590774193548
1447.5227126099712
2980.7636309523805
3727.2021935483867
3790.0050111111113
2910.727602150537
2501.7896555555553
2460.930548387097
2301.314451612903
2237.930066666667
2148.933935483871
1907.2537
1537.622
1381.5502580645161
2137.7876071428573
2569.3741935483868
2487.0032
2404.0481290322577
2231.755266666666
2042.835064516129
1695.365838709677
1398.1465
1299.012451612903
1067.706066666667
1359.994935483871
472.504451612903
2007.5555
2259.7437096774192
2228.547733333333
1948.5936129032261
1358.3681000000001
778.683161290323
571.932548387097
707.138266666667
883.2310322580649
834.183033333333
521.233612903226
1780.138896551724
2046.284428571429
2332.089322580645
2168.254333333333
2126.615677419355
2134.971366666667
2100.096580645161
2077.395870967742
2045.1098000000002
2014.643516129032
2042.1034333333328
2009.20264516129
1069.756258064516
2076.1615
2220.245451612903
2202.530066666667
2144.447
2219.407366666667
2124.249290322581
2072.073064516129
1914.386566666667
1655.186580645161
599.8314
1021.315193548387
1676.36864516129
2033.667857142857
1984.2441290322581
1880.934066666667
1758.469225806452
322.3405
490.51464516129
385.644967741936
523.4486999999999
750.450225806452
1224.5092
640.466129032258
1198.670580645161
2193.634607142857
2465.301645161291
2254.91265
2424.979391155047
1767.0000166666669
373.492
334.348483870968
1113.082533333333
378.303967741935
1378.371366666667
1193.782516129032
831.712193548387
2409.59515384615
2567.907483870968
2504.6499
2233.1558999999997
1684.0000166666669
1732.288903225807
1437.246439125911
473.650603950617
1343.734741935484
319.7213
1481.359483870968
1584.49664516129
2403.461107142857
2562.821032258064
2430.337633333333
2322.318806451613
2293.926266666667
2275.381419354839
2271.856870967742
2201.586066666667
2126.419709677419
2089.3589
2186.45135483871
1276.6912258064522
2495.607928571429
2770.191612903226
2807.2186
2658.26264516129
2603.1404666666667
2538.011612903226
2538.276903225807
2422.762733333333
2397.075935483871
2386.683166666667
2422.413935483871
978.195677419355
2290.0727500000003
2668.4972258064518
2559.169666666667
2468.525064516129
2373.7102
2315.090483870968
2121.927161290323
2078.6691
1930.985967741935
927.690133333333
1607.169419354839
1908.500096774194
2584.36003571429
2988.419
2786.9255000000003
2643.824290322581
2574.795933333333
2543.517580645161
2549.1243225806447
2485.265185185185
2408.656838709678
2421.567033333333
2539.517838709677
1767.099096774193
2785.01346428571
2744.255967741936
2695.266333333333
2603.259225806452
2605.983666666667
2563.932935483871
2522.778290322581
2491.3270666666667
2429.526903225807
2417.4195333333328
2280.503258064516
1314.04638709677
2516.499892857143
2763.203161290322
2822.460933333333
2766.673225806452
2775.697433333333
2750.206161290323
2681.422838709678
2559.6987
2427.60435483871
2438.9355
2296.728225806452
1199.2963548387102
2576.761892857143
2702.543161290323
2669.572866666667
2659.8304193548393
2613.909533333334
2562.324774193548
2484.932774193548
2463.5627
2349.729451612903
2379.207166666667
2639.047516129032
2067.792290322581
2288.2675
2771.387612903226
2566.2844999999998
2492.780612903226
2484.195733333333
2475.4069032258058
2391.032709677419
2235.673333333333
2018.106838709677
1826.463433333333
2123.073516129032
