877.413629629629
9172.410857142857
8880.304451612903
1457.6027916666671
656.342290322581
614.589833333333
511.278580645161
402.43245161290304
299.7081
196.86700000000002
289.3198
478.590580645161
1423.440451612903
7628.691678571429
8884.783225806452
1593.754366666667
559.849483870968
543.4911
434.192129032258
313.93664516129
152.790533333334
85.92390322580599
103.35359999999997
301.454677419355
1241.0277741935479
8206.9705
8689.184741935484
1477.7893333333332
552.019548387097
459.02063333333297
330.927548387097
229.49909677419402
114.671966666667
1.0099032258059992
115.03213333333298
322.276612903226
1225.3193870967739
8214.878846153846
8478.334375
1599.175074074074
728.427
724.190533333333
647.654161290323
555.986806451613
452.38033333333306
193.87048961498402
425.13800000000003
2176.050451612903
4335.369486803519
8043.74875
8842.984451612903
1833.735566666667
638.689967741935
584.5341
582.5004408602153
1001.1827311827956
987.1467333333337
669.5468387096774
592.7370333333333
738.0897419354839
1680.4239139784945
6954.787607142857
8533.374193548387
1750.0032
641.048129032258
624.755266666666
495.835064516129
385.36583870967695
277.1465
238.01245161290302
308.706066666667
458.994935483871
1219.504451612903
7372.5555
9127.74370967742
1325.5477333333329
272.593612903226
226.36810000000003
61.683161290323
0.9325483870970004
0.1382666666669934
0.2310322580649995
0.1830333333329861
186.233612903226
1258.138896551724
7355.284428571429
9320.089322580645
1130.254333333333
154.615677419355
184.971366666667
115.096580645161
41.39587096774201
0.109800000000007
0.6435161290320082
11.103433333332987
170.20264516129
1639.8100215053762
6830.1615
7703.245451612903
1419.530066666667
178.447
196.40736666666697
146.24929032258098
112.07306451612902
25.386566666667022
0.18658064516097284
61.831399999999974
234.31519354838701
1256.36864516129
6924.6678571428565
8837.244129032259
1334.934066666667
215.46922580645202
223.34050000000002
184.51464516129
105.644967741936
4.448699999999974
0.4502258064520106
30.50920000000002
328.466129032258
1105.670580645161
6955.634607142857
8572.301645161291
992.91265
630.979391155047
615.000016666667
252.49200000000002
163.34848387096798
67.082533333333
0.3039677419350255
69.37136666666697
390.782516129032
1253.712193548387
7660.59515384615
7026.152107526881
1079.6499
415.1559
615.000016666667
531.288903225807
429.246439125911
278.650603950617
38.73474193548401
121.72129999999999
459.359483870968
1405.49664516129
8042.461107142857
8526.821032258063
1202.337633333333
379.318806451613
368.926266666667
336.381419354839
300.856870967742
194.58606666666702
134.419709677419
240.3589
529.45135483871
1842.6912258064522
9385.60792857143
8833.191612903225
1642.2186000000002
737.26264516129
692.140466666667
607.011612903226
584.276903225807
425.762733333333
370.07593548387104
429.68316666666703
560.413935483871
1525.195677419355
8251.07275
9947.497225806452
1653.1696666666671
551.525064516129
505.7102
521.090483870968
435.92716129032306
343.66909999999996
265.98596774193504
475.69013333333305
786.169419354839
1673.500096774194
8709.36003571429
8857.419
1741.9255
721.824290322581
661.795933333333
611.517580645161
594.124322580645
488.26518518518503
468.79124731182856
1388.7503666666662
1811.1845053763436
3072.5130752688165
8120.01346428571
8562.255967741936
1932.266333333333
681.259225806452
693.983666666667
632.932935483871
569.778290322581
499.32706666666695
992.5510967741941
1531.1611999999996
1703.0865913978491
2435.444236559136
7692.499892857143
9335.203161290323
2091.460933333333
859.673225806452
873.697433333333
840.206161290323
774.422838709678
629.6987
514.60435483871
600.9355
1591.1771505376348
2938.3528064516136
8012.761892857143
9704.543161290323
1865.5728666666669
739.830419354839
706.909533333334
644.324774193548
560.932774193548
496.56269999999995
402.72945161290295
507.9877222222226
2031.5932150537633
3593.4535806451613
8518.2675
9688.387612903225
1847.2845
562.780612903226
569.195733333333
550.406903225806
464.032709677419
373.67333333333295
321.10683870967705
412.463433333333
725.073516129032
