941.413629629629
8469.410857142857
8412.304451612903
944.602791666667
742.342290322581
687.589833333333
613.278580645161
546.432451612903
502.7081
458.867
465.3198
537.590580645161
843.440451612903
7980.691678571429
8571.783225806452
868.754366666667
651.849483870968
621.4911
541.192129032258
468.93664516129
381.790533333334
372.923903225806
312.3536
370.454677419355
654.027774193548
8166.9705
9018.184741935484
777.789333333333
645.019548387097
541.020633333333
447.927548387097
395.499096774194
351.671966666667
312.009903225806
322.032133333333
389.276612903226
1462.60164516129
7933.878846153846
8724.334375
970.175074074074
811.427
1351.926644444444
2497.202548387097
2323.709924731183
2182.166444444444
1796.12586595907
1649.2463333333335
2413.2601290322577
3510.0307771261005
8522.74875
8863.984451612903
898.735566666667
725.689967741935
659.5341
625.930548387097
471.314451612903
432.930066666667
391.933935483871
365.2537
470.85049462365595
1575.7868172043009
7917.787607142857
8667.374193548387
925.0032
728.048129032258
697.755266666666
598.835064516129
531.365838709677
483.1465
492.012451612903
481.706066666667
518.994935483871
664.504451612903
7114.5555
8266.74370967742
620.547733333333
388.593612903226
329.3681
220.683161290323
197.932548387097
164.138266666667
152.231032258065
175.183033333333
273.233612903226
802.138896551724
8197.284428571429
8580.089322580645
495.254333333333
287.615677419355
292.971366666667
263.11808602150506
1090.933505376344
1140.1292444444443
818.5306129032256
703.7450999999996
985.1435053763438
1868.492817204301
7368.1615
8672.245451612904
519.5300666666669
307.447
302.407366666667
288.249290322581
300.073064516129
285.386566666667
271.186580645161
281.8314
308.315193548387
784.36864516129
7194.6678571428565
7787.244129032258
514.9340666666669
338.469225806452
326.3405
319.51464516129
294.644967741936
270.4487
258.450225806452
258.5092
403.466129032258
691.670580645161
7437.634607142857
7789.301645161291
645.91265
717.979391155047
688.000016666667
378.492
341.348483870968
316.082533333333
305.303967741935
287.371366666667
465.782516129032
900.712193548387
7785.59515384615
7186.907483870968
772.6499
517.1559
688.000016666667
631.288903225807
570.246439125911
484.650603950617
338.734741935484
326.7213
532.359483870968
1005.49664516129
8755.461107142857
7926.8210322580635
722.337633333333
485.318806451613
456.926266666667
453.381419354839
456.856870967742
415.586066666667
410.419709677419
423.3589
586.45135483871
1130.6912258064522
8782.60792857143
9228.191612903225
1119.2186000000002
820.26264516129
762.140466666667
702.011612903226
1277.2231397849469
1750.2099555555553
1387.7399139784948
1175.2887222222225
1183.7311397849462
1327.3569677419355
7277.07275
8798.497225806452
884.169666666667
644.525064516129
585.7102
622.090483870968
576.927161290323
539.6691
514.985967741935
629.690133333333
834.5323225806454
2096.467838709678
8681.36003571429
9054.419
1112.9255
804.824290322581
1459.0987111111108
2924.0256451612904
2667.350129032258
2373.5235185185184
1850.5331827956998
1491.169811111111
1494.6522473118275
2204.572215053763
8338.01346428571
9258.255967741936
987.266333333333
766.259225806452
763.983666666667
726.932935483871
698.778290322581
676.327066666667
647.526903225807
750.644533333333
1266.527451612903
2127.1162795698883
8416.499892857142
8760.203161290323
1161.4609333333328
936.673225806452
936.697433333333
923.206161290323
888.6432688172049
1987.5959222222223
1669.3866129032263
1504.2132777777779
1650.0454301075274
2158.8662473118284
8376.761892857143
8993.543161290323
991.572866666667
821.830419354839
776.909533333334
737.324774193548
690.446215053763
2055.140477777778
2092.0654731182794
1809.6071666666671
2153.517946236559
2789.5799247311834
8414.2675
9013.387612903225
914.2845
654.780612903226
644.195733333333
649.406903225806
601.032709677419
565.673333333333
561.106838709677
572.463433333333
774.073516129032
