744.413629629629
7701.410857142857
7226.304451612903
1619.6027916666671
875.342290322581
809.589833333333
662.278580645161
531.432451612903
465.70810000000006
445.86699999999996
537.3198
643.590580645161
2793.440451612903
8085.691678571429
7410.783225806452
1822.754366666667
768.849483870968
687.4911
559.192129032258
447.93664516129
339.790533333334
356.923903225806
384.3536
476.454677419355
2380.027774193548
7737.9705
7129.1847419354835
1744.7893333333332
775.019548387097
652.020633333333
494.927548387097
381.499096774194
313.671966666667
296.009903225806
395.032133333333
495.276612903226
2395.319387096774
7904.878846153846
6554.334375
1918.175074074074
1024.4270000000001
1005.190533333333
898.654161290323
748.986806451613
613.380333333333
449.8704896149841
657.138
746.590774193548
3158.490454545455
9481.74875
7786.984451612903
2114.735566666667
833.689967741935
695.5341
630.930548387097
447.314451612903
390.930066666667
375.933935483871
437.2537
462.622
2061.550258064516
6258.787607142857
6460.374193548387
2104.0032
844.048129032258
737.755266666666
606.835064516129
506.36583870967695
440.1465
476.0124516129031
553.7060666666671
624.994935483871
2198.504451612903
6594.5555
6404.743709677419
1655.5477333333329
487.593612903226
361.3681
226.683161290323
173.932548387097
125.138266666667
139.231032258065
248.18303333333301
372.233612903226
2234.138896551724
6905.284428571429
6409.089322580645
1363.254333333333
370.615677419355
353.971366666667
280.096580645161
225.39587096774198
186.1098
196.64351612903204
317.103433333333
358.20264516129
2220.756258064516
7233.1615
6118.245451612903
1562.530066666667
414.447
338.407366666667
293.249290322581
276.073064516129
243.38656666666702
256.186580645161
353.8314
415.315193548387
2038.36864516129
6053.6678571428565
5797.244129032258
1499.934066666667
437.469225806452
358.3405
325.51464516129
270.644967741936
229.44869999999997
243.450225806452
330.5092
501.466129032258
2076.670580645161
6319.634607142857
6234.301645161291
1546.91265
809.979391155047
724.000016666667
383.492
316.348483870968
272.082533333333
290.303967741935
359.371366666667
559.782516129032
2149.712193548387
6741.59515384615
5205.907483870968
1616.6499
608.1559
727.000016666667
641.288903225807
545.246439125911
441.650603950617
322.734741935484
399.7213
625.359483870968
2333.49664516129
6862.461107142857
5900.8210322580635
1567.337633333333
650.318806451613
681.9262666666671
531.381419354839
462.856870967742
391.586066666667
399.419709677419
495.35889999999995
692.45135483871
2949.691225806452
9306.60792857143
6861.191612903226
2036.2186000000002
1066.26264516129
1331.140466666667
1042.011612903226
769.276903225807
649.762733333333
609.075935483871
666.683166666667
725.413935483871
2992.195677419355
9334.07275
7089.497225806452
1690.1696666666671
862.525064516129
741.7102
700.090483870968
575.927161290323
511.66909999999996
501.98596774193504
702.690133333333
940.169419354839
2844.500096774194
9048.36003571429
5559.419
1672.9255
1004.824290322581
1328.7959333333329
1143.5175806451612
811.124322580645
669.265185185185
612.656838709678
682.567033333333
810.517838709677
3608.0990967741927
10935.01346428571
7500.255967741936
2042.266333333333
905.259225806452
867.983666666667
780.932935483871
688.778290322581
637.327066666667
631.526903225807
722.419533333333
802.503258064516
3094.04638709677
8526.499892857142
7607.203161290322
2237.460933333333
1121.6732258064521
1176.697433333333
1168.206161290323
1026.422838709678
804.6987
721.60435483871
816.9355
886.728225806452
3156.29635483871
9712.761892857143
7262.543161290323
2073.572866666667
1074.830419354839
1444.909533333334
1334.324774193548
884.932774193548
696.5627
636.729451612903
731.207166666667
977.047516129032
3400.792290322581
10282.2675
7304.387612903226
1966.2845
768.780612903226
684.195733333333
659.406903225806
576.032709677419
522.673333333333
544.106838709677
644.463433333333
880.073516129032
