2669.413629629629
4866.410857142857
2641.304451612903
936.602791666667
1605.342290322581
1818.589833333333
1922.2785806451611
1941.4324516129032
1880.7081
1851.867
1785.3198
1830.590580645161
2390.440451612903
4683.691678571429
3517.783225806452
1104.754366666667
1221.849483870968
1521.4911
1565.192129032258
1542.93664516129
1449.790533333334
1584.923903225806
1430.3536
1592.454677419355
2147.027774193548
4618.9705
4563.1847419354835
643.789333333333
949.019548387097
1158.020633333333
1457.927548387097
1480.499096774194
1457.671966666667
1559.009903225806
1452.032133333333
1603.2766129032261
2131.319387096774
5206.878846153846
3516.334375
1766.175074074074
2081.427
2033.190533333333
1998.654161290323
1947.9868064516131
1898.380333333333
1832.870489614984
2028.138
2171.590774193548
2606.490454545455
5307.74875
4644.984451612903
2473.735566666667
2517.689967741935
2457.5341
2350.930548387097
2085.314451612903
1918.930066666667
2173.933935483871
1733.2537
1789.622
2362.550258064516
3938.7876071428573
3573.3741935483868
741.0032
721.048129032258
776.755266666666
1427.835064516129
1570.365838709677
1618.1465
2163.012451612903
1821.706066666667
1942.994935483871
2267.504451612903
3670.5555
3646.7437096774192
1603.5477333333329
1379.5936129032261
1373.3681000000001
1220.683161290323
1122.932548387097
1094.138266666667
1258.231032258065
1395.183033333333
1648.233612903226
2371.138896551724
3311.284428571429
2942.089322580645
321.254333333333
281.615677419355
287.971366666667
588.096580645161
1203.395870967742
1382.1098
1514.643516129032
1477.103433333333
1572.20264516129
2144.756258064516
5360.1615
3872.245451612903
356.530066666667
918.447
1171.407366666667
1276.249290322581
1252.073064516129
1137.386566666667
1384.186580645161
1223.8314
1428.315193548387
2295.3686451612903
3312.667857142857
3730.244129032258
610.9340666666669
332.469225806452
363.3405
974.51464516129
1086.644967741936
1323.4487
1527.450225806452
1512.5092
1774.4661290322579
2276.670580645161
2990.634607142857
3474.301645161291
1226.91265
710.979391155047
682.000016666667
371.492
331.348483870968
821.082533333333
1270.3039677419351
1478.371366666667
1795.782516129032
2485.712193548387
3868.59515384615
3220.907483870968
1052.6499
511.1559
682.000016666667
623.288903225807
559.246439125911
869.650603950617
1371.734741935484
1530.7213
1866.359483870968
2553.49664516129
3629.461107142857
3443.821032258064
584.337633333333
478.318806451613
451.926266666667
573.381419354839
1241.856870967742
1475.586066666667
2203.419709677419
1928.3589
2225.45135483871
2799.691225806452
5216.6079285714295
4501.191612903226
1260.2186000000002
1477.26264516129
1722.140466666667
1719.011612903226
1867.276903225807
1774.762733333333
1949.075935483871
1988.6831666666671
2127.413935483871
2474.195677419355
4475.07275
4750.497225806452
719.169666666667
637.525064516129
985.7102
1377.090483870968
1557.927161290323
1614.6691
1971.985967741935
1899.690133333333
2209.169419354839
2590.500096774194
5417.36003571429
3951.419
1663.9255
1880.824290322581
2200.795933333333
2244.517580645161
2262.1243225806447
2164.265185185185
2148.656838709678
2144.567033333333
2318.517838709677
2812.0990967741927
5297.01346428571
4815.255967741936
1897.266333333333
1968.259225806452
1901.983666666667
1902.932935483871
1936.7782903225811
1979.327066666667
2332.526903225807
2073.4195333333328
2173.503258064516
2827.04638709677
4396.499892857143
4538.203161290322
1339.4609333333328
1378.6732258064521
1590.697433333333
1826.206161290323
1964.422838709678
2015.6987
2529.60435483871
2279.9355
2425.728225806452
2723.29635483871
4844.761892857143
3999.543161290323
1788.5728666666669
1780.830419354839
1754.909533333334
1855.324774193548
1877.932774193548
1879.5627
2432.729451612903
2314.207166666667
2609.047516129032
2879.792290322581
5439.2675
5480.387612903226
2272.2844999999998
2017.780612903226
2005.195733333333
2030.4069032258058
2023.032709677419
2050.673333333333
2125.106838709677
2020.463433333333
2263.073516129032
