2594.413629629629
2588.410857142857
2597.304451612903
2659.602791666667
2556.342290322581
2498.589833333333
2325.278580645161
2102.432451612903
1382.7081
452.867
1274.3198
535.590580645161
2592.440451612903
2542.691678571429
2550.783225806452
2534.754366666667
2410.849483870968
2268.4911
1994.192129032258
1001.93664516129
542.790533333334
1024.923903225806
310.3536
1320.454677419355
2359.027774193548
2551.9705
2563.184741935484
2522.789333333333
2462.019548387097
2256.020633333333
2138.927548387097
1624.499096774194
348.671966666667
1168.009903225806
320.032133333333
1326.2766129032261
2337.319387096774
2555.878846153846
2691.334375
2724.175074074074
2730.427
2699.190533333333
2582.654161290323
2348.986806451613
1899.380333333333
1393.870489614984
1578.138
1795.590774193548
2711.974325513197
3645.5404166666667
3940.8769247311825
3885.4716777777785
2939.2034086021504
2497.1396555555557
2291.930548387097
1835.314451612903
1230.930066666667
1253.933935483871
1175.2537
1505.622
2521.550258064516
2502.7876071428573
2574.3741935483868
2444.0032
2125.0481290322577
1691.755266666666
1140.835064516129
855.365838709677
1742.1465
1003.0124516129031
1917.706066666667
1617.994935483871
2413.504451612903
2367.5555
2316.7437096774192
2079.547733333333
1761.5936129032261
1240.3681000000001
477.683161290323
1232.932548387097
934.138266666667
861.2310322580649
999.183033333333
1310.233612903226
2561.138896551724
2453.284428571429
2231.089322580645
1987.254333333333
2162.615677419355
2113.971366666667
1812.0965806451609
1421.395870967742
771.1098
603.643516129032
1466.103433333333
480.20264516129
2341.756258064516
2361.1615
2300.245451612903
2280.530066666667
2175.447
2056.407366666667
1719.249290322581
976.0730645161291
469.386566666667
1150.186580645161
278.8314
1436.315193548387
2527.3686451612903
2331.667857142857
2016.2441290322581
1596.934066666667
1093.469225806452
325.3405
1262.51464516129
292.644967741936
1244.4487
255.450225806452
1442.5092
1624.4661290322579
2464.670580645161
2423.634607142857
2450.301645161291
1930.91265
767.979391155047
1372.0000166666669
376.492
338.348483870968
313.082533333333
784.303967741935
1145.371366666667
1492.782516129032
2660.712193548387
2852.59515384615
2427.907483870968
1756.6499
699.1559
1512.0000166666669
627.288903225807
984.246439125911
948.650603950617
1158.734741935484
1297.7213
1001.359483870968
2775.49664516129
2771.461107142857
2554.821032258064
2350.337633333333
2161.318806451613
1952.926266666667
1150.381419354839
672.856870967742
1634.586066666667
743.419709677419
1944.3589
1810.45135483871
2885.691225806452
2895.607928571429
2843.191612903226
2879.2186
2743.26264516129
2679.1404666666667
2531.011612903226
2299.276903225807
1844.762733333333
1621.075935483871
1590.6831666666671
1714.413935483871
2606.195677419355
2704.0727500000003
2634.4972258064518
2474.169666666667
2361.525064516129
2101.7102
1542.090483870968
890.927161290323
1740.6691
608.985967741935
1984.690133333333
1559.169419354839
2762.500096774194
3060.36003571429
3090.419
2883.9255000000003
2737.824290322581
2666.795933333333
2627.517580645161
2604.1243225806447
2376.265185185185
2046.6568387096781
1880.567033333333
2174.517838709677
2909.0990967741927
2980.01346428571
2853.255967741936
2744.266333333333
2645.259225806452
2539.983666666667
2342.932935483871
2015.7782903225811
1767.327066666667
1713.526903225807
1641.419533333333
1962.503258064516
2967.04638709677
2900.499892857143
2807.203161290322
2811.460933333333
2709.673225806452
2673.697433333333
2346.206161290323
1980.422838709678
1786.6987
1700.6043548387102
1930.9355
2248.728225806452
2794.29635483871
2852.761892857143
2813.543161290323
2723.572866666667
2713.8304193548393
2602.909533333334
2433.324774193548
2067.932774193548
1928.5627
1978.729451612903
2120.207166666667
2478.047516129032
2919.792290322581
2710.2675
2886.387612903226
2651.2844999999998
2544.780612903226
2485.195733333333
2380.4069032258058
2166.032709677419
1827.673333333333
2079.106838709677
1984.463433333333
2206.073516129032
