915.413629629629
7352.410857142857
7317.304451612903
1630.6027916666671
851.342290322581
783.589833333333
702.278580645161
627.432451612903
570.7081000000001
515.867
549.3198
646.590580645161
1314.440451612903
6747.691678571429
7420.783225806452
1630.754366666667
761.849483870968
718.4911
631.192129032258
552.93664516129
454.790533333334
428.923903225806
396.3536
479.454677419355
1121.0277741935479
6934.9705
9030.184741935484
1691.7893333333332
754.019548387097
637.020633333333
537.927548387097
476.49909677419396
420.671966666667
368.009903225806
406.032133333333
498.276612903226
1141.3193870967739
6968.878846153846
7660.334375
1870.175074074074
920.427
890.190533333333
870.654161290323
817.986806451613
717.380333333333
513.8704896149841
1287.5213333333334
2761.8165806451607
4360.544217986315
7390.74875
8627.984451612903
2122.735566666667
840.689967741935
837.5341
720.930548387097
565.314451612903
504.930066666667
538.2726451612904
657.5787
814.9902795698924
1751.273376344086
6117.787607142857
8931.374193548387
2256.0032
848.048129032258
811.755266666666
693.835064516129
617.365838709677
558.1465000000001
548.0124516129031
563.7060666666671
625.994935483871
1014.504451612903
5914.5555
8203.74370967742
1490.5477333333329
370.593612903226
314.3681
257.683161290323
239.93254838709697
211.138266666667
198.231032258065
254.18303333333301
371.233612903226
1098.138896551724
6053.284428571429
8609.089322580645
1377.254333333333
392.615677419355
387.971366666667
353.096580645161
326.395870967742
295.1098
266.64351612903204
327.103433333333
360.20264516129
1094.756258064516
6622.1615
6750.245451612903
1359.530066666667
417.447
397.407366666667
381.249290322581
400.073064516129
365.386566666667
328.186580645161
364.8314
417.315193548387
1175.36864516129
6027.6678571428565
8548.244129032259
1598.934066666667
435.469225806452
377.3405
358.51464516129
331.644967741936
318.4487
303.450225806452
335.5092
501.466129032258
935.670580645161
5663.634607142857
8026.301645161291
1429.91265
819.979391155047
777.000016666667
455.492
396.348483870968
354.082533333333
342.303967741935
360.371366666667
557.782516129032
897.712193548387
5374.59515384615
5791.39135483871
1600.6499
625.1559
778.000016666667
699.288903225807
608.246439125911
518.650603950617
377.734741935484
402.7213
623.359483870968
1143.49664516129
6044.461107142857
7891.8210322580635
1518.337633333333
596.318806451613
552.9262666666671
542.381419354839
535.856870967742
481.58606666666697
463.41970967741895
501.35889999999995
689.45135483871
1263.6912258064522
7429.6079285714295
9698.191612903225
2009.2186000000002
927.26264516129
858.140466666667
793.011612903226
792.276903225807
678.762733333333
660.075935483871
671.683166666667
725.413935483871
1373.195677419355
7322.07275
9824.497225806452
1836.1696666666671
753.525064516129
680.7102
711.090483870968
656.927161290323
607.6691
571.985967741935
712.690133333333
941.169419354839
1417.500096774194
7896.36003571429
7072.419
1714.9255
912.824290322581
828.795933333333
798.517580645161
842.124322580645
753.265185185185
658.656838709678
684.567033333333
1003.1576236559135
2960.185118279569
7273.01346428571
7780.255967741936
2177.266333333333
879.259225806452
881.983666666667
923.932935483871
825.778290322581
757.327066666667
818.760774193549
1391.3223111111108
1616.9575591397847
2405.1888602150498
6845.499892857143
9320.203161290323
2456.460933333333
1053.6732258064521
1033.697433333333
1031.206161290323
1081.422838709678
897.6987
787.60435483871
826.9355
1023.3303763440863
2663.971086021506
7057.761892857143
10097.543161290323
2237.572866666667
937.830419354839
872.909533333334
878.324774193548
822.932774193548
767.5627
687.729451612903
732.207166666667
1068.5098817204298
3339.483150537635
6963.2675
9666.387612903225
2168.2844999999998
790.780612903226
733.195733333333
719.406903225806
694.032709677419
638.673333333333
615.106838709677
654.463433333333
883.073516129032
