899.413629629629
7166.410857142857
6280.304451612903
1067.6027916666671
764.342290322581
720.589833333333
595.278580645161
501.43245161290304
440.7081
411.867
539.3198
655.590580645161
950.440451612903
7397.691678571429
6760.783225806452
957.754366666667
672.849483870968
638.4911
520.192129032258
421.93664516129
317.790533333334
323.923903225806
384.3536
487.454677419355
779.027774193548
7992.9705
8021.1847419354835
914.789333333333
666.019548387097
557.020633333333
424.927548387097
348.499096774194
286.671966666667
262.009903225806
394.032133333333
506.276612903226
750.319387096774
8269.878846153846
7135.334375
1031.175074074074
828.427
798.190533333333
715.654161290323
641.986806451613
575.380333333333
409.870489614984
708.138
1188.0074408602145
3278.6678739002937
8454.74875
8612.984451612903
1669.3189000000002
2335.972225806451
1406.7702111111112
927.422483870968
670.7391827956988
764.5078444444448
731.3183440860215
879.6148111111111
1075.355870967742
1999.9884301075267
6400.787607142857
8716.374193548387
1427.0032
842.048129032258
744.755266666666
593.835064516129
486.36583870967695
421.1465
449.0124516129031
557.7060666666671
639.994935483871
768.504451612903
6612.5555
7870.743709677419
827.547733333333
811.593612903226
387.3681
209.683161290323
146.932548387097
95.138266666667
98.231032258065
245.18303333333301
383.233612903226
917.138896551724
8279.284428571429
8797.089322580645
614.2543333333331
305.615677419355
308.971366666667
238.096580645161
196.395870967742
159.1098
157.643516129032
315.103433333333
368.20264516129
706.756258064516
7657.1615
6559.245451612903
613.5300666666669
324.447
317.407366666667
263.249290322581
251.07306451612902
219.38656666666702
220.18658064516097
353.8314
426.315193548387
903.36864516129
6611.6678571428565
8188.244129032259
764.9340666666669
399.469225806452
361.3405
299.51464516129
245.644967741936
203.44869999999997
207.450225806452
330.5092
513.466129032258
772.670580645161
5868.634607142857
7140.301645161291
1075.91265
774.979391155047
721.000016666667
358.492
293.348483870968
250.082533333333
255.30396774193503
359.371366666667
572.782516129032
969.712193548387
5866.59515384615
6149.767698924732
995.6498999999999
559.1559
718.000016666667
620.288903225807
525.246439125911
422.650603950617
289.734741935484
399.7213
638.359483870968
1083.49664516129
7680.461107142857
6876.8210322580635
937.337633333333
540.318806451613
486.92626666666706
432.381419354839
409.856870967742
351.586066666667
362.419709677419
497.35889999999995
705.45135483871
1230.6912258064522
8586.60792857143
7995.191612903226
1216.2186000000002
839.26264516129
777.140466666667
680.011612903226
668.276903225807
550.762733333333
558.075935483871
663.683166666667
734.413935483871
990.195677419355
8804.07275
9018.497225806452
990.169666666667
665.525064516129
601.7102
601.090483870968
531.927161290323
478.66909999999996
469.98596774193504
705.690133333333
954.169419354839
1145.500096774194
9102.36003571429
5925.419
1102.9255
821.824290322581
727.795933333333
677.517580645161
677.124322580645
607.265185185185
555.656838709678
676.567033333333
819.517838709677
1292.099096774193
9216.01346428571
7572.255967741936
1175.266333333333
791.259225806452
782.983666666667
711.932935483871
707.778290322581
1187.327066666667
906.526903225807
922.419533333333
861.7317526881719
2384.753376344082
7449.499892857143
9916.203161290323
2900.460933333333
1239.6732258064521
1048.697433333333
966.206161290323
847.422838709678
735.6987
690.60435483871
821.9355
902.728225806452
1168.2963548387102
8561.761892857143
9681.543161290323
1853.5728666666669
883.830419354839
853.909533333334
760.324774193548
645.932774193548
614.5627
588.729451612903
727.207166666667
988.047516129032
1319.792290322581
8811.2675
11297.387612903225
2836.2844999999998
770.780612903226
755.195733333333
692.406903225806
560.032709677419
504.67333333333295
522.106838709677
651.463433333333
897.073516129032
