3299.1299015684144 312.5358064514652 22393561032.0 30699490143.252056 203.0
3320.988948323904 316.9369081743256 30699490143.252056 25819136768.85555 5323.0
3142.168166666671 314.49641527521493 25819136768.85555 21241648611.864952 4789.0
1437.8573233333332 311.876515917963 21241648611.864952 24270747523.844776 161.0
1177.291837634409 313.61020348205403 24270747523.844776 26983000649.41759 31.0
886.8238733333333 315.1375039456849 26983000649.41759 28797747563.222466 31.0
473.52728064516066 316.01614581350947 28797747563.222466 29463228716.470406 41.0
143.07301075268833 316.33835030331676 29463228716.470406 29355446720.177025 40.0
92.67355111111112 316.2861657403781 29355446720.177025 29213487111.394493 41.0
74.0842107526882 316.2174334808727 29213487111.394493 29102373129.051212 32.0
86.6163600000001 316.1636356778596 29102373129.051212 29166572200.97706 29.0
747.3128645161295 316.19471879586376 29166572200.97706 31158924440.57503 26.0
1436.5696967741978 317.1593514285732 31158924440.57503 34659755018.44305 135.0
4362.215815476192 318.85434057250075 34659755018.44305 33061811493.691944 5006.0
4972.933552688172 318.08066790630966 33061811493.691944 28418507159.301517 6636.0
966.5713355555556 315.8325298534432 28418507159.301517 30025392367.852524 225.0
485.03915376344105 316.61053179425414 30025392367.852524 30845282540.28743 34.0
136.73594555555553 317.00749614616416 30845282540.28743 30686252917.738144 35.0
111.10358817204337 316.9304991370864 30686252917.738144 30372527017.75791 40.0
95.29378924731208 316.778603184738 30372527017.75791 30107528087.11572 49.0
74.59080555555556 316.65029925782693 30107528087.11572 29915458715.73857 41.0
62.57649139784951 316.5573054690319 29915458715.73857 29763019492.70202 35.0
53.5985 316.48349931863174 29763019492.70202 29743375378.120052 28.0
292.19041290322565 316.47398827254773 29743375378.120052 30514018173.901207 27.0
997.2926258064517 316.84710863459924 30514018173.901207 32878193187.21278 120.0
6220.220654761904 317.99176585030153 32878193187.21278 34415677544.581795 5568.0
5690.413299999998 318.73616613952834 34415677544.581795 34308121997.802563 5656.0
684.4571322222223 318.6840912161337 34308121997.802563 35168610472.19352 220.0
959.8955129032256 319.1007119551629 35168610472.19352 37238262990.94513 29.0
534.98188 320.0867678120773 37238262990.94513 38086596482.40495 27.0
93.22979354838708 320.4335453668367 38086596482.40495 37696268126.62858 29.0
68.90288709677418 320.2739888785782 37696268126.62858 37369294712.49969 29.0
53.4179 320.14033030896564 37369294712.49969 37123887414.59207 28.0
40.730661290322615 320.0400139315678 37123887414.59207 36905702501.38523 28.0
38.65936999999997 319.94175583489164 36905702501.38523 36842705687.754906 26.0
239.30665806451663 319.9112548115401 36842705687.754906 37481133363.16249 26.0
1319.3993449388267 320.1860471575811 37481133363.16249 40701624980.28824 123.0
6833.159333333333 321.5025037390468 40701624980.28824 40302017023.48726 6980.0
6626.766308371732 321.33915398153175 40302017023.48726 40606627176.23958 6432.0
1725.9028730158743 321.46367100813717 40606627176.23958 44222991550.67127 184.0
736.3150870967743 322.9419504908044 44222991550.67127 45638708898.94699 31.0
433.9969055555555 323.52066040289424 45638708898.94699 46159312748.30847 33.0
137.03405624123457 323.73347026092455 46159312748.30847 45837611178.716995 25.0
92.74619999999999 323.6019666897603 45837611178.716995 45536216791.95861 26.0
43.985786666666655 323.47876418801957 45536216791.95861 45238241712.5949 26.0
1.5353602534562185 323.35695941378725 45238241712.5949 44896320166.6906 25.0
20.12333000000001 323.21719042104803 44896320166.6906 44777775237.26496 25.0
1439.5335375576021 323.1687322130801 44777775237.26496 48641997454.25306 25.0
2641.4349841720405 324.7483297946258 48641997454.25306 53569477535.13888 808.6801075268817
5336.768740619047 326.6619276271228 53569477535.13888 52641801997.78531 5699.0
6757.699725930108 326.3327604001722 52641801997.78531 51272944373.6313 7176.0
2161.868432 325.823795220179 51272944373.6313 53322536615.75334 1205.975
975.3349258064527 326.57430554981045 53322536615.75334 52427368338.61802 1116.6048387096773
141.57631666666657 326.256672878069 52427368338.61802 51661522919.87452 222.775
108.95330967741938 325.98263642998 51661522919.87452 51224708014.05343 25.0
80.12461935483873 325.8040774004851 51224708014.05343 50861760372.459526 25.0
208.93824668326698 325.65571346469255 50861760372.459526 50971315301.465385 25.0
40.30577496774194 325.70049678490204 50971315301.465385 50714028974.96124 25.0
39.76804333333334 325.5953245571445 50714028974.96124 50639012965.51904 25.0
180.51558064516132 325.56465988507387 50639012965.51904 51134773808.540306 25.0
1161.1815983169706 325.76731454225654 51134773808.540306 52632692677.77535 608.9193548387096
5098.091246969693 326.3295281390137 52632692677.77535 48958826311.59461 6596.0
5366.15631578341 324.87784152265755 48958826311.59461 41574990367.50417 8037.0
483.7558444444445 321.8595137079319 41574990367.50417 41734195036.001724 277.0
477.6368451612907 321.9245926022626 41734195036.001724 42486395996.98402 26.0
416.10029959999997 322.23207357827386 42486395996.98402 42998080971.86502 26.0
322.09811595256065 322.44123762305423 42998080971.86502 43187993389.851 27.0
252.4856013647643 322.51886907883267 43187993389.851 43325572751.66279 27.0
208.93824668326698 322.57510808761253 43325572751.66279 43463308855.220406 26.0
109.51709516129029 322.6314111685054 43463308855.220406 43413345787.771416 26.0
108.47564 322.61098751373675 43413345787.771416 43525541216.09886 25.0
366.03176774193525 322.6568502041554 43525541216.09886 44512123817.88907 25.0
935.845701075268 323.06014054417045 44512123817.88907 46666468372.15265 138.0
4644.54436547619 323.9407828200651 46666468372.15265 41347594191.24901 6824.0
6069.1985430107525 321.76655982746246 41347594191.24901 31021479207.67847 9848.0
1123.61556213248 317.09280488412827 31021479207.67847 32933254248.97855 259.0
222.09469569892417 318.0184246388005 32933254248.97855 33027850310.874493 36.0
173.31365222222223 318.06422499800254 33027850310.874493 32928145945.307262 43.0
136.74379677419347 318.0159513630809 32928145945.307262 32651661991.89353 45.0
86.87600215053772 317.88208675892974 32651661991.89353 32368821983.218575 42.0
131.75496666666663 317.745144758022 32368821983.218575 32324886256.13567 37.0
24.538083870967853 317.7238724974028 32324886256.13567 32075405710.027813 30.0
40.83436333333333 317.603082071283 32075405710.027813 32022105083.08212 27.0
1437.7866827957023 317.5772756284895 32022105083.08212 35867456500.05608 26.0
2956.043825806452 319.4390706400969 35867456500.05608 43479688962.17887 120.0
5801.256226190471 322.6381069473411 43479688962.17887 41705039659.46468 6516.0
4773.503908602145 321.9126746121262 41705039659.46468 35222013695.26286 7115.0
3093.5629913333332 319.12656807168725 35222013695.26286 42371883440.80258 195.0
730.3988224323325 322.1852637038299 42371883440.80258 43795584585.49617 26.0
930.0210933333333 322.76723719259957 43795584585.49617 45627304244.491905 26.0
285.2720290322578 323.515998464842 45627304244.491905 45702411816.61401 26.0
199.51122258064538 323.5467005654506 45702411816.61401 45686934206.59163 26.0
138.15704 323.5403737048337 45686934206.59163 45631938452.832 26.0
121.5927830923253 323.5178928135299 45631938452.832 45607064861.0912 26.0
75.1914881831363 323.507725110134 45607064861.0912 45630267636.86865 25.0
588.2214325402173 323.5172098256719 45630267636.86865 47214084331.19895 25.0
1558.478032547942 324.164634554244 47214084331.19895 51026100681.109566 142.0
5396.9152446012595 325.72289168051896 51026100681.109566 50876494234.714066 5438.0
5930.8508740296875 325.6617362997877 50876494234.714066 49285452235.77886 6434.0
1530.6426143290087 325.01135804705496 49285452235.77886 52159040653.88647 260.28055555555557
704.950905670888 326.1614621321339 52159040653.88647 52150845524.48908 516.0887096774194
258.36991686274473 326.15855425334485 52150845524.48908 51763382099.47086 193.625
177.28307239275068 326.0210705577826 51763382099.47086 51501595996.57692 27.473118279569892
133.63544606626795 325.91726229591643 51501595996.57692 51279998177.6787 25.0
116.65714142229797 325.8266786391928 51279998177.6787 51149140198.74261 25.0
37.58457096774194 325.77318716394984 51149140198.74261 50883987044.32954 25.0
31.832473333333326 325.66479917331907 50883987044.32954 50788200053.83768 25.0
174.10871290322586 325.6256438426915 50788200053.83768 51266924968.000374 25.0
420.34002903225826 325.82133463741667 51266924968.000374 51988836079.59083 157.7715053763441
4403.1894464285715 326.1010684217478 51988836079.59083 48634808477.07649 5769.0
3272.1973709677404 324.74539112021114 48634808477.07649 34859362195.00889 8333.0
358.74039333333326 318.9509839232153 34859362195.00889 34650000479.27308 307.0
182.9963666666673 318.84961773955314 34650000479.27308 34637674430.42088 33.0
128.23998 318.8436498646368 34637674430.42088 34431497063.169 35.0
88.15481290322577 318.7438254397061 34431497063.169 34032112807.613785 38.0
70.84183655913978 318.5504564770087 34032112807.613785 33721977282.639065 33.0
51.97737666666666 318.4002988683253 33721977282.639065 33470873993.90456 35.0
44.37870000000004 318.2787227626148 33470873993.90456 33272969135.74812 29.0
49.18978333333337 318.1829036195159 33272969135.74812 33239661495.04443 27.0
236.90329677419288 318.16677713520113 33239661495.04443 33868195429.38862 26.0
662.9039193548388 318.47109297443046 33868195429.38862 35270428667.58019 145.0
3648.6304000000014 319.15000903823966 35270428667.58019 28246078967.15794 6536.0
3392.0091212903217 315.7490456895313 28246078967.15794 17501952529.00897 7342.0
928.490358888889 309.68308532376204 17501952529.00897 19139520246.346134 198.0
335.88485161290384 310.67337468311933 19139520246.346134 19466423325.68923 96.0
125.69019333333335 310.8604758045382 19466423325.68923 19149595174.545624 116.0
86.61500967741938 310.6791410110724 19149595174.545624 18609022322.960842 137.0
66.44776559139785 310.3697472086543 18609022322.960842 18202592346.491 102.0
50.822118888888895 310.1371293191913 18202592346.491 17839906217.798355 105.0
38.79223763440859 309.9153878318658 17839906217.798355 17558256322.045647 77.0
31.66764222222224 309.7217874086099 17558256322.045647 17458372244.365257 44.0
276.1391634408604 309.653129120405 17458372244.365257 18157322976.782906 33.0
1119.9981322580643 310.11121965246275 18157322976.782906 20582078350.68251 219.0
4215.428678571426 311.49901462378807 20582078350.68251 21242707766.538372 3929.0
2546.7229376344094 311.8771221191268 21242707766.538372 17796625981.795425 3776.0
561.7990844444445 309.8856378758561 17796625981.795425 18464020681.85424 206.0
185.25494516129015 310.28675634263635 18464020681.85424 18420029846.874405 86.0
101.7998622222222 310.26157843800047 18420029846.874405 18018081350.745617 128.0
71.253711827957 310.0315254983663 18018081350.745617 17526513566.197636 107.0
48.16459892473111 309.69996808234646 17526513566.197636 16908218362.081207 166.0
33.196133333333336 309.27496450514246 16908218362.081207 16545611661.510094 90.0
25.46366021505372 309.0257160169852 16545611661.510094 16255338265.408829 69.0
32.94958 308.82618797457303 16255338265.408829 16153159468.25592 47.0
989.9232870967737 308.75595234276597 16153159468.25592 18752773130.763206 37.0
2883.9475698924703 310.4520221673324 18752773130.763206 25980495100.46675 190.0
4848.768474999993 314.58876780017556 25980495100.46675 25854804781.995575 4886.0
4781.645241935481 314.51682966002494 25854804781.995575 23706530561.14139 5520.0
758.0897200000009 313.28727710688037 23706530561.14139 25001082334.38977 147.0
405.30336451612925 314.02820646427983 25001082334.38977 25652989381.09993 29.0
405.11155222222214 314.40132176116066 25652989381.09993 26229982802.199654 32.0
116.71490000000017 314.73156066975713 26229982802.199654 25924407503.957645 56.0
77.41366774193557 314.55666638275966 25924407503.957645 25610238450.150375 60.0
52.67099333333334 314.37685350855674 25610238450.150375 25376776692.743946 43.0
38.25827741935484 314.2432329972207 25376776692.743946 25149457553.63746 45.0
31.91489999999999 314.1131281785929 25149457553.63746 25062066671.602028 35.0
242.94691290322567 314.0631105034352 25062066671.602028 25690775884.68804 29.0
1493.954519354835 314.42294865195055 25690775884.68804 29242302697.18929 173.0
5322.29297857143 316.23138505722346 29242302697.18929 28537839322.410618 5598.0
5882.327753440862 315.89030663426485 28537839322.410618 27990223500.8654 6019.0
1700.5799911111112 315.6251687328679 27990223500.8654 31603012347.18238 184.0
1139.5744774193545 317.3743644558838 31603012347.18238 34182323803.39006 26.0
830.2367033333333 318.62318379170625 34182323803.39006 35815963053.09266 26.0
177.37129354838703 319.4141391755072 35815963053.09266 35670259971.40651 28.0
132.4780118279566 319.34359444727727 35670259971.40651 35514600168.72692 33.0
92.44388666666634 319.2682289961881 35514600168.72692 35375702113.97729 29.0
67.66344193548395 319.2009790423053 35375702113.97729 35238511158.706055 27.0
62.02328 319.1345556108773 35238511158.706055 35235737980.6358 27.0
210.06231935483868 319.1332129275859 35235737980.6358 35794266821.46636 26.0
431.05884838709665 319.4036345606015 35794266821.46636 36466062242.95997 186.0
4556.887823809525 319.7288962152416 36466062242.95997 33257946101.67179 5866.0
6061.490575268818 318.1756299514243 33257946101.67179 27157987313.166584 8269.0
590.7748688888888 315.22222683894967 27157987313.166584 27815199228.535816 219.0
513.43255483871 315.5404276307426 27815199228.535816 28737816175.366955 29.0
133.97381999999993 315.98712897035296 28737816175.366955 28585654316.40753 35.0
89.28241935483874 315.91345711068436 28585654316.40753 28225077219.24755 42.0
55.41900000000001 315.7388773212199 28225077219.24755 27856169074.048424 53.0
38.90634367816094 315.5602639072569 27856169074.048424 27571473779.012173 45.0
28.439319354838688 315.4224236365896 27571473779.012173 27325546499.060696 39.0
35.45654999999999 315.303353587228 27325546499.060696 27257087406.38063 30.0
611.7136677419356 315.2702079047064 27257087406.38063 28881559913.825737 27.0
1619.1346911967407 316.0567250478482 28881559913.825737 32753053483.9466 179.0
5542.518710228665 317.9311772460282 32753053483.9466 32692729028.567276 5551.0
5989.828914043612 317.90197009226654 32692729028.567276 33297460797.573708 5691.0
2210.7822287991467 318.1947616914756 33297460797.573708 38277402914.33682 155.0
1334.2966092441097 320.5115422731994 38277402914.33682 41339777905.86531 25.0
1363.5669662666667 321.76336472511184 41339777905.86531 44309397576.21794 25.0
743.3239224041736 322.977271117135 44309397576.21794 45619170544.88212 25.0
251.93721426799016 323.5126736114793 45619170544.88212 45744185222.58896 26.0
208.33824668326702 323.5637764910433 45744185222.58896 45873081576.66508 25.0
78.7726951612903 323.6164661030106 45873081576.66508 45735581954.95359 25.0
45.99642666666671 323.5602596899933 45735581954.95359 45682996318.797066 25.0
214.91866129032263 323.53876399460296 45682996318.797066 46266565093.16856 25.0
1006.0591290322582 323.7773123422136 46266565093.16856 48652208909.03045 122.0
5932.3381892857105 324.7525039824351 48652208909.03045 50703392369.28602 5064.0
4345.166901142473 325.59097657826106 50703392369.28602 45513458598.21478 6194.0
1358.2822287991467 323.46946120651916 45513458598.21478 47871805640.49944 294.0
247.44091290322604 324.4334946070988 47871805640.49944 47974598423.19318 26.0
415.96696626666676 324.4755137306962 47974598423.19318 48455027541.496796 25.0
321.5174707912703 324.67190116153296 48455027541.496796 48608882154.920876 25.0
252.4856013647643 324.7347930869005 48608882154.920876 48721097748.65398 25.0
208.93824668326698 324.78066402043356 48721097748.65398 48839392332.91247 25.0
42.049659288780845 324.82901989354644 48839392332.91247 48593847678.6364 25.0
162.330319733995 324.72864736829393 48593847678.6364 48838994248.549065 25.0
389.41477067448625 324.82885716659587 48838994248.549065 49892927069.70371 25.0
1091.6281746543784 325.25967859505533 49892927069.70371 52302571911.80241 198.8951612903226
4707.965051648349 326.21239134633277 52302571911.80241 50070024780.38874 5610.0
6203.625171546736 325.33207171837665 50070024780.38874 46108082415.74708 7594.0
1123.2044510213689 323.7125285798121 46108082415.74708 47904884516.50179 275.0
368.18370601830327 324.4470164258762 47904884516.50179 48321966212.85739 29.0
1440.0336329333334 324.61750901193244 48321966212.85739 51438817946.67643 28.0
1599.1303740170767 325.891600196216 51438817946.67643 52810118078.91551 837.5672043010753
252.3888271712159 326.3924840162922 52810118078.91551 51804310894.292595 435.1317204301075
208.37158001660032 326.0355933271685 51804310894.292595 51763435816.62093 81.12222222222222
42.14643348232923 326.0210896182457 51763435816.62093 51501825348.68499 27.478494623655912
162.86365306732836 325.91735604933297 51501825348.68499 51742782270.872246 25.730555555555554
488.08891097159824 326.0137611180244 51742782270.872246 52136126512.01843 371.1801075268817
1245.1762752688173 326.1533315043089 52136126512.01843 52763276351.867004 1018.0537634408602
3464.707223809524 326.37586316042473 52763276351.867004 48541822002.612335 5189.0
6247.855795764041 324.7073805706277 48541822002.612335 47526896051.61677 6538.0
1123.5850065769243 324.29250417697915 47526896051.61677 49460286038.0259 220.0
3526.2347812871203 325.08282574111973 49460286038.0259 54313049480.83705 1521.3978494623657
3447.3669662666666 326.9257693536191 54313049480.83705 54500312806.34181 3155.2277777777776
1475.115955299539 326.9922160228304 54500312806.34181 52847029496.8845 1840.5483870967741
64.32496774193544 326.4055812993469 52847029496.8845 51613693613.06064 332.2258064516129
208.87158001660032 325.96308500329496 51613693613.06064 51720006518.93692 25.0
42.049659288780845 326.0056795951164 51720006518.93692 51464897525.9807 25.0
28.828640000000007 325.90226087722334 51464897525.9807 51360594792.84532 25.0
632.3750177975539 325.85962452357757 51360594792.84532 52231538277.16304 337.1290322580645
1599.406502150538 326.187186472869 52231538277.16304 53061620811.26144 1296.534946236559
5157.051448323904 326.48172476226785 53061620811.26144 52940277930.03093 5186.0
6037.03321511888 326.4386686525436 52940277930.03093 51946039570.369 6315.0
218.3155411111111 326.08588293102775 51946039570.369 51472679905.10727 237.4611111111111
127.61186451612912 325.9054421195424 51472679905.10727 51235134293.03529 26.0
76.39497333333344 325.8083394030666 51235134293.03529 50818174405.63074 25.0
52.85805483870962 325.6378966094689 50818174405.63074 50237819660.49988 25.0
34.38097741935485 325.4006620767815 50237819660.49988 49758288647.534325 25.0
22.63872333333333 325.204641768988 49758288647.534325 49390444016.517166 25.0
13.980070967741938 325.0542760661604 49390444016.517166 49068012674.466934 25.0
162.86365306732836 324.922474182232 49068012674.466934 49313941063.11129 25.0
488.08891097159824 325.0230035685153 49313941063.11129 50632698640.42555 25.0
