2978.506245654436 312.5358064514652 22393561032.0 30384410812.142338 0.0
3468.3490673715232 316.78435693431896 30384410812.142338 23372071834.269596 6352.0
3275.4853709677463 313.0958515534968 23372071834.269596 13356638641.95526 6959.0
2103.2184344444445 306.8336806722266 13356638641.95526 18566554830.93714 0.0
1383.3966763440862 310.34544118071034 18566554830.93714 21949852870.48972 0.0
1088.3933177777778 312.28185260444695 21949852870.48972 24400954321.79236 0.0
848.4788935483865 313.6847266035899 24400954321.79236 26212037454.875168 0.0
505.95741935483886 314.7212897521035 26212037454.875168 27200135373.304333 0.0
286.9735511111111 315.24263356894755 27200135373.304333 27676301599.680527 0.0
211.6352860215054 315.47317788306407 27676301599.680527 28024051456.504 0.0
206.39413777777787 315.64154713687617 28024051456.504 28475102798.897274 0.0
691.8935096774198 315.85993163498466 28475102798.897274 30387955238.267838 0.0
1819.2148580645203 316.78607303101955 30387955238.267838 35275228748.479095 0.0
7863.212839285716 319.15233308244365 35275228748.479095 33802663541.665886 8455.0
3292.524950537635 318.43936455004643 33802663541.665886 19734526520.55982 8479.0
1535.11578 311.0139231459248 19734526520.55982 23439525098.834267 0.0
775.9020569892475 313.134458046494 23439525098.834267 25168580314.5437 0.0
549.8387233333333 314.1240729822251 25168580314.5437 26205500939.50915 0.0
335.77025483871 314.7175486146458 26205500939.50915 26633661378.85611 0.0
220.36368172043035 314.9626038111585 26633661378.85611 26856518802.898262 0.0
171.24080555555554 315.0762655189785 26856518802.898262 27034898639.354767 0.0
137.96627634408605 315.162631276922 27034898639.354767 27188008241.20939 0.0
106.37627777777777 315.2367620031032 27188008241.20939 27381142833.499607 0.0
214.7280473118278 315.3302715374744 27381142833.499607 28014289891.13992 0.0
1267.4055290322583 315.6368209020722 28014289891.13992 31422899304.15603 0.0
8805.553988095238 317.28715953527455 31422899304.15603 32659767587.72464 8278.0
4269.28964408602 317.88601122674766 32659767587.72464 23985694798.197563 7440.0
1793.262687777778 313.44705517296103 23985694798.197563 28334566851.57884 0.0
1104.3632548387095 315.7918886663982 28334566851.57884 30909334826.472248 0.0
813.8263244444445 317.0385081952514 30909334826.472248 32589495905.875065 0.0
413.25129892473115 317.8519879470684 32589495905.875065 33173411656.74049 0.0
214.3007365591398 318.13470110232424 33173411656.74049 33339744311.662216 0.0
149.57345555555554 318.21523400390345 33339744311.662216 33433266860.702805 0.0
116.23603763440866 318.2605146028386 33433266860.702805 33505146959.70012 0.0
91.43714777777777 318.29531662617416 33505146959.70012 33650885423.642685 0.0
160.8442924731188 318.3658784853504 33650885423.642685 34145672616.746418 0.0
1620.756871820547 318.6054384703914 34145672616.746418 38502175420.3051 0.0
9664.331952380951 320.60342366274904 38502175420.3051 40994352786.76524 8616.0
6255.680286866354 321.6221635591083 40994352786.76524 36295076081.93517 7931.0
2674.35842857143 319.64611023624246 36295076081.93517 42860073622.58969 0.0
1001.4521838709679 322.38482366368294 42860073622.58969 45074413761.51536 0.0
763.7969055555556 323.2899906369459 45074413761.51536 46535974600.85078 0.0
485.71147559607334 323.88744022381144 46535974600.85078 47208731648.164604 0.0
258.3375978494623 324.1624465110361 47208731648.164604 47411278448.19125 0.0
155.09689777777777 324.2452425868066 47411278448.19125 47460316122.5929 0.0
69.67514519969279 324.26528796399765 47460316122.5929 47360068993.537796 0.0
72.90110777777778 324.22430944006175 47360068993.537796 47439880828.87357 0.0
1376.1679461597528 324.2569345260418 47439880828.87357 51203650941.299034 0.0
2915.2387476129006 325.7954697947809 51203650941.299034 54104624040.99136 1839.217741935484
8223.917550142858 326.8518137287293 54104624040.99136 55433557473.04744 7653.0
8988.127145284947 327.3233593446456 55433557473.04744 55527296865.34408 8857.0
3266.968432 327.3566209049389 55527296865.34408 54454843035.695 3512.1111111111113
1363.7193344086033 326.97608197842453 54454843035.695 52800317732.37511 1787.3548387096773
511.37631666666664 326.38900655810346 52800317732.37511 52004298784.12189 603.4694444444444
312.4694387096775 326.1065550551306 52004298784.12189 51771544098.75086 151.27956989247312
192.40418924731182 326.023966681008 51771544098.75086 51707779541.86997 24.134408602150536
269.538246683267 326.00134109531444 51707779541.86997 51809054837.21146 87.43888888888888
80.59609754838709 326.03727662102773 51809054837.21146 51662283356.4758 22.948924731182796
84.30137666666667 325.9829472774802 51662283356.4758 51733406123.01071 12.65
109.68762365591405 326.01043417830596 51733406123.01071 51821567248.05402 106.65053763440861
1402.4235338008416 326.04171640133205 51821567248.05402 52879528341.988045 1014.4543010752689
6074.510889826836 326.4171128686199 52879528341.988045 48459215959.00201 7881.0
2736.5837351382484 324.67361328205556 48459215959.00201 32283486900.98197 8695.0
1718.489177777778 317.7038282661867 32283486900.98197 36396472697.509 0.0
783.9056623655919 319.6952032039842 36396472697.509 38066257229.640305 0.0
844.2558551555555 320.42523118802575 38066257229.640305 39778504324.96867 0.0
546.711019178367 321.1251550585783 39778504324.96867 40663388648.96955 0.0
364.76517125723745 321.4868736812793 40663388648.96955 41187259795.49223 0.0
283.9604689054892 321.7010191288291 41187259795.49223 41595042156.71297 0.0
157.17300913978494 321.8677103788171 41595042156.71297 41748235451.696075 0.0
153.54230666666666 321.93033197371415 41748235451.696075 42044035106.024605 0.0
302.6661763440858 322.0512474884962 42044035106.024605 42926505373.06448 0.0
1244.3322602150529 322.41197930497253 42926505373.06448 46276515685.83548 0.0
6498.574127380953 323.7813798961039 46276515685.83548 41988223445.972534 8252.0
2314.3571451612897 322.0284330750671 41988223445.972534 23701552224.504246 9069.0
1878.0433399102576 313.2844277841714 23701552224.504246 28271124711.43845 0.0
361.6000720430102 315.76117203032754 28271124711.43845 28862957511.68676 0.0
323.77476333333334 316.0477183652981 28862957511.68676 29290715524.235367 0.0
216.6792806451612 316.25482498510473 29290715524.235367 29376445388.24945 0.0
126.1528838709678 316.29633261753145 29376445388.24945 29330825418.21738 0.0
165.49385555555557 316.2742449008509 29330825418.21738 29483343087.097694 0.0
58.36604086021515 316.348089032196 29483343087.097694 29414784073.06427 0.0
85.36769666666666 316.3148949709811 29414784073.06427 29550434921.83361 0.0
1359.4963602150572 316.38057273256203 29550434921.83361 33253286971.365948 0.0
3219.2319978494625 318.173374150947 33253286971.365948 41891403885.61105 0.0
5289.464559523805 321.9888556556524 41891403885.61105 35614859265.80293 7866.0
4686.659822580639 319.3167712141972 35614859265.80293 26368567159.70162 8068.0
4416.254658 314.8108786399391 26368567159.70162 37486496108.68754 0.0
1387.5117256581389 320.188239314084 37486496108.68754 40762230025.26353 0.0
1131.7099822222222 321.5272775685775 40762230025.26353 43200834565.833046 0.0
786.5731043010751 322.5241182310259 43200834565.833046 44700834250.57633 0.0
399.0273516129035 323.1372806583634 44700834250.57633 45293344558.28488 0.0
248.73481777777778 323.37948408159895 45293344558.28488 45593244167.2921 0.0
197.09815943641135 323.5020755555084 45593244167.2921 45839920668.539764 0.0
120.25815484980296 323.60291075154913 45839920668.539764 46044327181.11216 0.0
524.8558411423678 323.68646703138523 46044327181.11216 47525705975.25077 0.0
1849.6151293221355 324.2920177034681 47525705975.25077 52333360753.02262 61.475806451612904
8706.945006506023 326.223316154714 52333360753.02262 53641515679.93565 8145.0
5096.979906287752 326.6874889310514 53641515679.93565 44551332053.243744 8401.0
2270.064836551231 323.0761678920468 44551332053.243744 50032278287.56447 0.0
967.0261744880921 325.316641894358 50032278287.56447 52012513544.86367 38.005376344086024
591.0143613071891 326.1094698997121 52012513544.86367 52030726900.86413 369.4222222222222
312.852964865869 326.1159325470998 52030726900.86413 51773036627.38622 160.9516129032258
205.23759660390235 326.0244962751304 51773036627.38622 51718488339.08973 33.51075268817204
170.54603031118688 326.00514089917135 51718488339.08973 51727826913.03059 23.997222222222224
77.87489354838709 326.0084545065308 51727826913.03059 51629199932.9185 2.2983870967741935
68.65469555555555 325.9694235997759 51629199932.9185 51692612544.86134 0.0
103.28075591397854 325.995345092599 51692612544.86134 51814395787.17812 87.68548387096774
682.4583086021507 326.03917175097246 51814395787.17812 52281642713.52522 515.005376344086
4440.100160714286 326.20496503629033 52281642713.52522 44351385167.23907 7698.0
2785.350596774192 322.99443459622796 44351385167.23907 28772392975.393795 8525.0
1189.2765044444445 316.003869940638 28772392975.393795 31534987276.455517 0.0
499.3377645161297 317.34142891277986 31534987276.455517 32474582734.46068 0.0
381.1288688888889 317.79635069936126 32474582734.46068 33026511400.46907 0.0
188.49352258064516 318.06357674081005 33026511400.46907 33007351418.417248 0.0
110.21818064516128 318.0543000960672 33007351418.417248 32896791618.574184 0.0
85.71626555555557 318.0007706103293 32896791618.574184 32827132545.133636 0.0
78.20665698924735 317.96704393586407 32827132545.133636 32799529868.73246 0.0
86.01200555555556 317.95367961108377 32799529868.73246 32932187858.956524 0.0
182.17211397849394 318.0179083271795 32932187858.956524 33483435488.091682 0.0
925.6324139784947 318.2848046325611 33483435488.091682 35977764579.473495 0.0
3785.1036142857156 319.4924782509313 35977764579.473495 26748487976.22534 7584.0
3433.3075083870963 315.0239604804035 26748487976.22534 15999343668.985142 7387.0
1725.3848033333334 308.6502224834927 15999343668.985142 20217094373.841198 0.0
867.2961419354845 311.2901181168963 20217094373.841198 22211651943.345963 0.0
553.7124155555556 312.43169181739125 22211651943.345963 23279972278.625286 0.0
324.68490215053765 313.0431388957333 23279972278.625286 23703892725.55651 0.0
171.03647526881718 313.2857673566601 23703892725.55651 23814719678.603535 0.0
104.62211888888889 313.3491985339993 23814719678.603535 23835469107.995228 0.0
72.33256021505375 313.3610743521035 23835469107.995228 23825595189.355904 0.0
76.21208666666666 313.35542307083097 23825595189.355904 23945574810.66203 0.0
200.8192709677421 313.4240927258826 23945574810.66203 24537934563.517715 0.0
1355.885229032258 313.7631264672148 24537934563.517715 28182761574.42241 0.0
4401.857249999997 315.71838945212664 28182761574.42241 21741392099.303318 7050.0
2849.225625806452 312.1625412656269 21741392099.303318 11324442778.865551 6685.0
1567.12964 305.43679047213743 11324442778.865551 15161429260.8452 0.0
624.0398913978493 308.07425712183476 15161429260.8452 16541845596.517155 0.0
514.4109733333333 309.023127300328 16541845596.517155 17550369855.402176 0.0
213.13543225806455 309.716366411467 17550369855.402176 17726689708.294605 0.0
100.8097602150537 309.83756510055997 17726689708.294605 17690367891.833786 0.0
74.07946666666666 309.81259822094705 17690367891.833786 17661933531.340572 0.0
58.91527311827954 309.79305301851844 17661933531.340572 17640627007.29322 0.0
70.25513555555555 309.7784073462285 17640627007.29322 17754496910.221615 0.0
906.966297849462 309.85667920691617 17754496910.221615 20232700192.435616 0.0
3111.1034838709647 311.29905001856434 20232700192.435616 28578226274.81625 0.0
6141.357760714279 315.90986069275505 28578226274.81625 25775103830.640125 7285.0
4636.250080645159 314.4712132730312 25775103830.640125 17497071381.44813 7667.0
1802.82860888889 309.6797301219743 17497071381.44813 21906464924.04279 0.0
987.8840096774195 312.2570197596399 21906464924.04279 24211641237.164833 0.0
751.5282188888889 313.5763743344579 24211641237.164833 25776376768.25157 0.0
451.3304913978496 314.47194183164584 25776376768.25157 26516430250.900276 0.0
202.46474301075273 314.89550724067095 26516430250.900276 26692264534.88926 0.0
142.08210444444444 314.99614499478554 26692264534.88926 26795962918.78851 0.0
85.88193333333334 315.0469463148971 26795962918.78851 26810685296.768517 0.0
76.95656666666667 315.0540744150133 26810685296.768517 26928136058.38422 0.0
172.94691290322564 315.11094028197164 26928136058.38422 27448887050.05678 0.0
1750.7932290322542 315.3630711000566 27448887050.05678 32152220071.465183 0.0
8912.804883333334 317.64027310519276 32152220071.465183 33771368707.444305 8227.0
7890.927215806453 318.42421260164826 33771368707.444305 31498148468.599842 8667.0
2624.529991111111 317.3235927513314 31498148468.599842 37957654215.32113 0.0
1309.7357677419352 320.3808369867779 37957654215.32113 41023003928.59102 0.0
1040.90337 321.6338754306817 41023003928.59102 43225363174.812126 0.0
616.1884978494624 322.53414491408046 43225363174.812126 44270489301.24776 0.0
325.49414086021466 322.9613663855761 44270489301.24776 44669042673.1668 0.0
216.9772199999997 323.12428505511656 44669042673.1668 44889343100.27304 0.0
143.26559247311835 323.2143383704618 44889343100.27304 44994410462.80695 0.0
121.51216888888888 323.25728728551854 44994410462.80695 45203134704.84356 0.0
146.69672795698918 323.3426085453782 45203134704.84356 45670462985.19753 0.0
750.128740860215 323.5336406806912 45670462985.19753 47697227970.93108 0.0
7665.691395238096 324.3621316136794 47697227970.93108 46175218528.44188 8275.0
5400.452940860216 323.73997214679457 46175218528.44188 35750591155.9376 9211.0
1552.1193133333334 319.3824882133909 35750591155.9376 39416139109.18962 0.0
978.8976086021509 320.97702920392 39416139109.18962 41589645596.41003 0.0
554.3182644444445 321.8655043996771 41589645596.41003 42531159920.56942 0.0
300.08349462365595 322.2503719528148 42531159920.56942 42737785863.65985 0.0
153.72545161290324 322.3348354804441 42737785863.65985 42686256337.119896 0.0
99.4730103448276 322.3137714963019 42686256337.119896 42610701379.31758 0.0
68.61673870967739 322.2828865155951 42610701379.31758 42523726209.69863 0.0
72.78710555555556 322.2473332373751 42523726209.69863 42609359595.271194 0.0
549.1760333333335 322.2823380277713 42609359595.271194 44152872026.325676 0.0
1941.5809277558803 322.9132873796126 44152872026.325676 49370837726.17139 0.0
8814.438353085809 325.04626150408967 49370837726.17139 51187264691.58248 8043.0
6886.697193613503 325.788771504939 51187264691.58248 47706590385.90016 8096.0
2877.121117688035 324.36595873520923 47706590385.90016 53415825906.962585 512.3138888888889
1803.0949963408839 326.60740740067865 53415825906.962585 53117587964.374916 1720.465053763441
1438.8558551555557 326.5015835942074 53117587964.374916 52784825257.41674 1350.7944444444445
913.216395522453 326.38350936127625 52784825257.41674 52304317316.43901 842.994623655914
512.9372142679902 326.2130106684783 52304317316.43901 51997430468.53217 434.73387096774195
367.4938022388226 326.10411796985085 51997430468.53217 51904323967.9926 260.1666666666667
188.58989946236557 326.07108097861885 51904323967.9926 51776626860.06469 123.70698924731182
120.44087111111111 326.02577019784076 51776626860.06469 51770935356.206276 78.39444444444445
151.38102688172052 326.02375068081477 51770935356.206276 51857909429.307014 148.7983870967742
1296.5752580645162 326.0546117020516 51857909429.307014 52793319678.7971 954.3575268817204
9436.558427380947 326.3865234378771 52793319678.7971 56148830652.955666 8028.0
6691.040557056452 327.5771598165371 56148830652.955666 52209295114.79201 8067.0
2247.7405621324797 326.1792939287827 52209295114.79201 53448683772.038956 1603.7583333333334
649.9651064516132 326.61906636105346 53448683772.038956 52163400955.6583 937.1935483870968
725.8780773777778 326.16300929855703 52163400955.6583 52149507535.223465 516.3916666666667
491.01209444718427 326.1580794944464 52149507535.223465 51925982495.62332 325.98924731182797
350.84044007444174 326.0787660766871 51925982495.62332 51846049636.8412 188.3252688172043
277.2493577943781 326.0504034904076 51846049636.8412 51822313385.02673 143.30833333333334
89.80234746082385 326.0419811532074 51822313385.02673 51681901743.8398 29.766129032258064
207.39698640066166 325.9909667845101 51681901743.8398 51837928125.53703 102.95
318.58681368523895 326.0475217335357 51837928125.53703 51999741762.4672 288.0994623655914
1389.6496800307225 326.1049380865669 51999741762.4672 52876992889.30756 1069.1532258064517
7727.125765934064 326.41621321362817 52876992889.30756 52598718698.80318 7821.0
4470.850977998349 326.31747314780563 52598718698.80318 41595889249.19157 8491.0
2180.0988954658133 321.8680566490768 41595889249.19157 46857985270.61726 0.0
949.7535984914216 324.0190701474113 46857985270.61726 48911717093.84779 0.0
1020.3225218222224 324.8585844504079 48911717093.84779 51012747153.480705 0.0
698.8830621891198 325.7174330917621 51012747153.480705 51992189662.17571 85.79838709677419
411.00173039702236 326.1022583738759 51992189662.17571 51898882482.65922 253.36827956989248
305.09380223882255 326.0691501756974 51898882482.65922 51847940224.147995 181.6
103.72707864361954 326.05107432773815 51847940224.147995 51703671867.41626 45.11021505376344
207.39698640066166 325.99986586759076 51703671867.41626 51839104529.84194 110.89166666666667
424.72331957374877 326.04793915722234 51839104529.84194 52087894854.77152 361.78225806451616
1458.2246623655915 326.1362174593352 52087894854.77152 52937920751.50291 1147.8978494623657
6727.103057142857 326.4378322545916 52937920751.50291 50243421585.58987 7820.0
8333.038591462966 325.40295200392006 50243421585.58987 48627864664.39226 8846.0
2086.16556213248 324.7425526629209 48627864664.39226 52845003832.686325 296.9888888888889
991.5439210720667 326.40486253266613 52845003832.686325 52419272979.996216 957.8172043010753
924.0780773777778 326.2538004009567 52419272979.996216 52325586994.26382 744.9388888888889
382.9869230414746 326.22055779092125 52325586994.26382 51844412587.86115 314.18548387096774
210.27120430107522 326.04982261611326 51844412587.86115 51725863921.17665 62.38978494623656
290.67158001660033 326.0077579778858 51725863921.17665 51827393585.72639 108.44722222222222
103.72707864361954 326.04378376145706 51827393585.72639 51702570501.57356 37.85752688172043
66.18419555555556 325.99941565672714 51702570501.57356 51722437034.269875 14.302777777777777
585.1062005932529 326.006542015176 51722437034.269875 52215727064.5468 430.89784946236557
1775.9763946236562 326.1815761783187 52215727064.5468 53207418583.66972 1412.774193548387
8229.363948323904 326.53345820408754 53207418583.66972 54794267441.15841 7552.0
9390.65687103286 327.0965199826695 54794267441.15841 55575850983.73851 9003.0
1159.0960966666667 327.37384936884183 55575850983.73851 52718673953.722404 2094.8611111111113
444.02315483870973 326.36003688591234 52718673953.722404 51959818517.25518 535.3924731182796
292.39497333333344 326.0907721164748 51959818517.25518 51781905401.74138 146.89444444444445
153.11611935483864 326.0276431834441 51781905401.74138 51505809298.47259 8.637096774193548
86.59603118279568 325.9189845885567 51505809298.47259 51225324136.51848 0.0
63.57205666666667 325.80432925596887 51225324136.51848 51022041126.16409 0.0
47.80802795698925 325.721232235794 51022041126.16409 50851496196.23686 0.0
199.68587528955055 325.6515177256725 50851496196.23686 51255311014.55145 0.0
424.72331957374877 325.8165871431604 51255311014.55145 52043595617.978676 160.2768817204301
