3028.019686514651 312.5358064514652 22393561032.0 24444387867.6843 2267.0
3482.0990673715232 313.70958554698046 24444387867.6843 22579267560.153202 4239.0
2885.4208548387137 312.642094528476 22579267560.153202 21930467411.67103 3067.0
2167.3712122222223 312.27075744715603 21930467411.67103 20366407653.786434 2666.0
907.8536655913981 311.3755767249236 20366407653.786434 16488820306.907633 2240.0
825.24054 308.98667879221034 16488820306.907633 12636024584.957129 2194.0
721.7934096774188 306.33834519174945 12636024584.957129 8369985599.930373 2193.0
477.5595698924733 303.0492812920006 8369985599.930373 3559958522.3634253 2193.0
420.09021777777775 298.7427949526453 3559958522.3634253 102621235.36659354 1705.513888888889
421.0089419354839 295.07492174344003 102621235.36659354 102112584.2941937 385.7016129032258
388.96080444444453 295.07438211785933 102112584.2941937 100294518.64752996 375.7055555555556
920.7832946236563 295.07245334038566 100294518.64752996 201113330.22776183 892.6155913978495
2128.4594817204343 295.17941155339247 201113330.22776183 419086736.8759664 2049.314516129032
3736.1652202380965 295.41065853689366 419086736.8759664 709540375.3422731 3609.2738095238096
2406.307208602151 295.7187994646109 709540375.3422731 463776527.61021566 2468.217741935484
1467.0074466666667 295.45806973011906 463776527.61021566 289035279.3163204 1482.2222222222222
595.3886161290325 295.2726875443627 289035279.3163204 129332217.87664858 594.5698924731183
498.68039 295.1032593018 129332217.87664858 110468690.52094069 438.40277777777777
447.13315806451646 295.08324707248136 110468690.52094069 99068332.08411254 373.1801075268817
407.2507784946239 295.07115248470626 99068332.08411254 95032647.95678793 348.1532258064516
322.88247222222225 295.066871045997 95032647.95678793 82503408.38615565 282.64444444444445
308.96090000000004 295.05357883342475 82503408.38615565 81767928.1771529 273.7795698924731
331.6485 295.05279856585736 81767928.1771529 89761939.76081946 314.6166666666667
460.0076172043009 295.06127937593976 89761939.76081946 117375789.98414697 459.1290322580645
1718.4754215053765 295.09057478249963 117375789.98414697 344618568.16551507 1635.8602150537633
4410.937916666666 295.3316555995815 344618568.16551507 1111705643.6777878 4086.9464285714284
4228.305773118278 296.1454547461042 1111705643.6777878 794649787.2254791 4316.260752688172
1671.3765766666668 295.80909164780974 794649787.2254791 326262134.2120812 1799.7
654.3874483870965 295.31218134331857 326262134.2120812 139994754.790618 663.4435483870968
482.00965777777776 295.1145711381186 139994754.790618 107382515.96092865 427.0444444444444
429.1410838709677 295.0799729641003 107382515.96092865 95840677.51519181 355.255376344086
402.6985860215054 295.0677282808351 95840677.51519181 94301790.46608995 342.6720430107527
369.29845555555556 295.0660956826502 94301790.46608995 91035123.29402311 325.46666666666664
287.23066129032264 295.062630090488 91035123.29402311 77776727.5526636 256.73118279569894
329.0565922222222 295.0485643194915 77776727.5526636 89400359.7530761 310.625
406.1238623655919 295.06089577737436 89400359.7530761 107563528.57623099 408.76881720430106
2336.5821406377513 295.08016499955045 107563528.57623099 456872005.66608745 2208.4059139784945
4607.930166666667 295.4507447545789 456872005.66608745 1418781642.2156866 4203.348214285715
4745.562007296463 296.4712302590873 1418781642.2156866 1737189354.944698 4595.0
2230.4139841269857 296.80902753548133 1737189354.944698 427796027.997006 2681.902777777778
785.6134741935484 295.4198981837439 427796027.997006 163874608.58325467 823.5618279569892
565.41635 295.13990516505754 163874608.58325467 122460425.89935918 513.7861111111112
778.2034110799443 295.09596904933096 122460425.89935918 159152707.7409785 686.0403225806451
841.7542645161291 295.134895722195 159152707.7409785 173866819.31295916 775.3870967741935
437.90523111111105 295.1505058554137 173866819.31295916 103391962.13847248 419.9583333333333
248.87406993087558 295.0757394039237 103391962.13847248 70870733.92818692 225.5779569892473
298.17332999999996 295.04123778265244 70870733.92818692 83766317.97680673 279.25555555555553
1667.0281612135161 295.0549186483947 83766317.97680673 336621935.74728256 1582.1639784946237
3295.1527261075244 295.3231720090678 336621935.74728256 1163720143.6134017 2988.6397849462364
4463.503859666667 296.20063668959625 1163720143.6134017 841600896.9549159 4589.755952380952
6035.64865066129 295.8589018639454 841600896.9549159 1452469514.04568 5776.309139784947
3509.5350986666667 296.50696956720316 1452469514.04568 660089433.4085895 3761.2166666666667
1433.7623451612915 295.6663371879998 660089433.4085895 281400193.0233488 1514.0994623655913
297.23465 295.2645875164687 281400193.0233488 73782058.98100175 309.86944444444447
324.78126666666674 295.0443263939964 73782058.98100175 76866509.71679214 245.5241935483871
306.6246193548387 295.0475986735803 76866509.71679214 76862047.54026282 246.08602150537635
445.38824668326697 295.04759393967777 76862047.54026282 104840036.90286157 389.47222222222223
286.9025491612903 295.0772756597739 104840036.90286157 77773928.49518003 261.55645161290323
317.28471 295.04856134998425 77773928.49518003 87220929.24935614 299.69444444444446
350.4806344086022 295.0585836295877 87220929.24935614 97397787.59689936 356.10215053763443
2170.036437026648 295.0693802117514 97397787.59689936 426716520.10824275 2049.319892473118
3992.5495803030267 295.4187529387951 426716520.10824275 756047278.1407813 3849.5714285714284
4450.105240514593 295.7681384236588 756047278.1407813 834878682.5624 4390.241935483871
1180.572511111111 295.85177029764736 834878682.5624 237081711.9561446 1359.0444444444445
670.3223290322585 295.2175702439594 237081711.9561446 142809489.25481677 645.0430107526881
699.2447440444445 295.11755727695186 142809489.25481677 146804533.67903063 630.0138888888889
592.3803740170767 295.12179560118716 146804533.67903063 125546488.96001217 521.986559139785
478.9856013647643 295.0992430394229 125546488.96001217 108106770.66830926 424.8440860215054
445.38824668326697 295.0807413225847 108106770.66830926 104836402.11806023 401.52222222222224
356.01709516129034 295.0772718036474 104836402.11806023 90311063.12634237 325.96505376344084
386.52564 295.06186193838994 90311063.12634237 99751756.04675058 368.9277777777778
547.9457462365589 295.07187752604153 99751756.04675058 133356791.72908667 544.8387096774194
1708.3215075268809 295.1075289536697 133356791.72908667 342799115.0659366 1632.3521505376343
2239.3776988095237 295.32972535016546 342799115.0659366 437614954.06120056 2193.4523809523807
2231.2738118279567 295.4303150371963 437614954.06120056 431988954.65765244 2203.6075268817203
2567.198895465813 295.4243464403328 431988954.65765244 488840870.42415655 2492.5222222222224
462.63501827956935 295.48466037600696 488840870.42415655 105201848.43614952 545.4543010752689
272.23031888888886 295.0776595039637 105201848.43614952 69242444.22203085 218.70277777777778
363.2626139784945 295.0395103376003 69242444.22203085 83945416.50105079 279.63978494623655
302.51041075268824 295.0551086531944 83945416.50105079 76084526.56565508 244.90591397849462
368.1883 295.0467690712557 76084526.56565508 90844798.6227174 317.40555555555557
259.1859333333334 295.06242817592056 90844798.6227174 72690112.34753998 230.5241935483871
306.00380777777775 295.0431679528406 72690112.34753998 85150571.3653419 287.2527777777778
1607.7517365591432 295.05638719644105 85150571.3653419 325904265.35716456 1527.4005376344087
3120.6755462365595 295.31180168189815 325904265.35716456 2072177503.4218104 2471.032258064516
5112.60146428571 297.1644149198195 2072177503.4218104 962791489.4034177 5564.113095238095
5884.8614354838655 295.98747240547783 962791489.4034177 1364959420.2830808 5703.524193548387
3773.629658 296.4141305116519 1364959420.2830808 4089843291.870676 2663.0
675.6541987764185 299.3049472648745 4089843291.870676 161970606.63623995 2075.6559139784945
625.46276 295.13788521815854 161970606.63623995 133363727.98105425 568.8527777777778
621.4413838709675 295.1075363123075 133363727.98105425 130811400.36527479 544.0456989247311
522.7773516129034 295.10482855969155 130811400.36527479 116096628.69123746 467.59139784946234
442.69037333333335 295.0892177261736 116096628.69123746 104299307.9206183 402.1138888888889
368.09278309232536 295.0767020028863 104299307.9206183 92485802.43470067 337.0241935483871
353.2414881831363 295.06416910930903 92485802.43470067 93756447.10249676 338.8
770.1354110348409 295.0655171303867 93756447.10249676 173686436.25146914 749.752688172043
2634.6151293221355 295.1503144878543 173686436.25146914 511005794.7744292 2510.9220430107525
5028.269411267926 295.5081750421965 511005794.7744292 944224937.1984296 4842.2797619047615
4647.697648223235 295.9677752357293 944224937.1984296 870838302.4947705 4644.5887096774195
1654.8453921067867 295.88991969286525 870838302.4947705 323178716.074699 1813.7083333333333
774.8621959934685 295.30891015921355 323178716.074699 161878818.67951548 774.5268817204301
610.3310279738557 295.1377878407379 161878818.67951548 130637763.66048393 554.7472222222223
524.1755455110302 295.10464434931095 130637763.66048393 113029500.19118991 452.4758064516129
392.0789944533647 295.08596382366983 113029500.19118991 92305434.58643672 339.21774193548384
353.107141422298 295.0639777578893 92305434.58643672 88122778.8384703 309.6361111111111
284.1813451612903 295.0595403976644 88122778.8384703 77234577.25699498 252.7983870967742
298.00191777777775 295.047989154739 77234577.25699498 83701879.97292592 281.56388888888887
344.0737666666667 295.05485028641306 83701879.97292592 96300735.61078991 348.7903225806452
1052.9959430107529 295.0682163543505 96300735.61078991 223818411.99703923 1007.5994623655914
4348.031708333334 295.20349927010085 223818411.99703923 820667624.6394956 4094.4553571428573
3503.202747311826 295.83669385172874 820667624.6394956 663038366.7719921 3531.8844086021504
1266.30706 295.66946569782726 663038366.7719921 252698170.8511575 1372.475
597.9802376344093 295.2341376732985 252698170.8511575 129727568.48446977 583.4543010752689
227.6288688888889 295.1036787274395 129727568.48446977 61242345.07320614 186.67222222222222
314.68975913978494 295.031023069248 61242345.07320614 75049036.19216616 231.44086021505376
297.5246322580645 295.0456705242862 75049036.19216616 75052792.38380703 236.98924731182797
275.06348777777777 295.04567450921263 75052792.38380703 73956445.25924668 230.4388888888889
279.0265494623656 295.04451139959605 73956445.25924668 76321974.88839537 242.69892473118279
326.70645 295.0470209790881 76321974.88839537 88860724.67167045 307.9222222222222
420.96512473118213 295.06032328100116 88860724.67167045 110288724.35179904 422.39247311827955
1122.8017688172044 295.08305614720115 110288724.35179904 236383415.56011423 1077.9381720430108
3711.618495238097 295.21682942452804 236383415.56011423 705005161.9493412 3511.0863095238096
3848.304820215053 295.7139880776038 705005161.9493412 725615807.9761994 3810.3548387096776
1995.565358888889 295.73585381707636 725615807.9761994 385115290.034157 2074.411111111111
767.0380774193554 295.3746183853535 385115290.034157 160424798.7768035 790.3602150537635
291.22908222222225 295.1362452777178 160424798.7768035 72688099.37203193 257.65
312.63382688172044 295.04316581728415 72688099.37203193 74690191.95092718 233.79032258064515
292.7192709677419 295.0452898280829 74690191.95092718 74321909.59874153 232.3252688172043
287.18323 295.04489911903113 74321909.59874153 76136500.59207283 241.43055555555554
273.15245268817205 295.04682421026104 76136500.59207283 75236724.66992117 238.04569892473117
309.19542 295.0458696421281 75236724.66992117 85765879.0975925 291.18888888888887
446.07464731182813 295.05703997358114 85765879.0975925 114829854.30428316 444.6532258064516
1606.4121107526878 295.08787381105907 114829854.30428316 324271006.5278013 1530.4408602150538
5439.40189285714 295.31006896512605 324271006.5278013 1113776798.2699432 5106.098214285715
3693.139604301076 296.1476520244748 1113776798.2699432 697466997.6207137 3818.3118279569894
1651.843528888889 295.7059908737754 697466997.6207137 322632685.5492272 1744.1138888888888
608.8275258064515 295.30833087794315 322632685.5492272 131720953.87028924 619.6451612903226
233.30819555555559 295.1057935008172 131720953.87028924 62249509.25728466 192.7277777777778
297.5574752688172 295.03209156509365 62249509.25728466 71962895.73845288 215.8494623655914
263.24255591397844 295.0423964520883 71962895.73845288 68876067.25279492 203.88172043010752
257.71557777777775 295.0391216499605 68876067.25279492 70695408.65486723 211.975
271.68409032258063 295.04105178087724 70695408.65486723 75045900.15016447 234.61827956989248
295.6023577777778 295.0456671972737 75045900.15016447 83221885.9898867 278.50555555555553
1159.7082333333328 295.05434106300646 83221885.9898867 244527637.92681718 1108.978494623656
3344.3212258064486 295.22546959253856 244527637.92681718 1739700930.344086 2788.4086021505377
4272.057165476183 296.8116920542585 1739700930.344086 806902809.5404118 4650.684523809524
6028.545779569889 295.8220908227673 806902809.5404118 1448081948.9875276 5757.903225806452
1709.7424977777787 296.50231481963453 1448081948.9875276 333172477.1911757 2087.1027777777776
727.8598161290324 295.31951249436787 333172477.1911757 153335920.0239193 734.4704301075269
358.80599666666666 295.1287247188881 153335920.0239193 85042692.43965918 317.68333333333334
353.75522258064535 295.0562727481855 85042692.43965918 82135776.38190058 276.7096774193548
314.7093666666667 295.05318881432413 82135776.38190058 78317734.84805536 255.58870967741936
289.08766 295.04913827164023 78317734.84805536 76503489.60156125 244.73333333333332
272.7770946236559 295.0472135472115 76503489.60156125 75231943.72151898 237.80913978494624
309.93989999999997 295.04586457004194 75231943.72151898 85768275.14873658 291.93055555555554
410.7641172043009 295.0570425155408 85768275.14873658 108469508.7551954 411.71505376344084
2030.8658096774157 295.0811261497509 108469508.7551954 401424334.59377986 1923.72311827957
3517.5221452380965 295.39192057563525 401424334.59377986 669765090.1434388 3399.785714285714
4297.6906566666685 295.6766020476803 669765090.1434388 807265351.6268686 4215.975806451613
2646.096657777778 295.82247544199754 807265351.6268686 503190643.475958 2710.5416666666665
861.5502838709674 295.4998839841672 503190643.475958 177649767.2511184 922.4408602150538
1727.8783700000001 295.15451916746355 177649767.2511184 333529471.0300234 1599.3694444444445
1358.9277451612904 295.3198912274878 333529471.0300234 264654371.16151202 1305.6747311827958
714.1258612903222 295.246821951158 264654371.16151202 150796789.21301112 695.8118279569892
451.95221999999967 295.1260309667017 150796789.21301112 105933837.42033467 424.1222222222222
336.1580655913979 295.0784360677067 105933837.42033467 86677609.90540248 307.8790322580645
340.07328 295.0580072245973 86677609.90540248 91398527.81217001 324.3027777777778
380.0273731182795 295.06301562466814 91398527.81217001 102838681.92956929 385.1801075268817
940.0669129032258 295.07515243149754 102838681.92956929 203288147.8686044 904.7741935483871
3856.721157142858 295.1817188074142 203288147.8686044 731343826.2106614 3631.6130952380954
3537.5927258064526 295.7419306452479 731343826.2106614 669217057.6395873 3530.6182795698924
1183.1970911111111 295.67602064252026 669217057.6395873 237618544.34726715 1297.6
1242.4406193548389 295.21813976697143 237618544.34726715 246706775.26524916 1178.236559139785
1910.9988200000003 295.2277814293075 246706775.26524916 366770936.2808194 1796.1694444444445
1046.4571505376343 295.3551569449192 366770936.2808194 207833375.93837112 1027.0564516129032
467.6770645161291 295.18654081894584 207833375.93837112 106106591.37085725 444.991935483871
283.58967701149425 295.0786193415774 106106591.37085725 75411969.45850359 250.375
274.92319032258064 295.0460555585174 75411969.45850359 75595838.53388628 239.41129032258064
302.1343277777778 295.0462506243729 75595838.53388628 84493063.58156492 284.7583333333333
791.4797967741938 295.0556896494606 84493063.58156492 177503332.3807802 766.2150537634409
2154.5432933472784 295.1543638153838 177503332.3807802 423810966.3088735 2064.819892473118
6716.289543561999 295.41567045014733 423810966.3088735 1856355738.9462786 6116.9702380952385
2873.5493441511385 296.93545060359247 1856355738.9462786 1825358531.0798087 2853.0
2278.4100065769244 296.90256580848694 1825358531.0798087 1561223285.6190383 2324.0
4426.48478128712 296.62234594273184 1561223285.6190383 7339630669.604232 2194.0
3738.522521822222 302.1825628109053 7339630669.604232 11084750266.618288 2193.0
1999.2486535869693 305.27203070292705 11084750266.618288 10238249589.679653 2193.0
992.9775368486353 304.62083579212623 10238249589.679653 6787714708.069591 2193.0
613.6799133499336 301.7182997207853 6787714708.069591 2546973403.2830873 2193.0
381.0173188172043 297.6681237038862 2546973403.2830873 94939866.7266037 1259.758064516129
335.92698222222225 295.0667726148171 94939866.7266037 90627358.9014356 323.64166666666665
471.78156451612915 295.0621974951214 90627358.9014356 119553929.10662685 470.4139784946237
2149.077946236559 295.09288556026587 119553929.10662685 422904749.8098978 2038.0564516129032
6813.879855952377 295.414709049236 422904749.8098978 1913207407.6460688 6190.669642857143
3786.2179764112902 296.99576427715476 1913207407.6460688 714421891.6876695 4203.3387096774195
2666.5877843547023 295.72397824282586 714421891.6876695 506825858.65168905 2693.8277777777776
636.2876870967744 295.50374056720955 506825858.65168905 136631686.86931843 713.9811827956989
755.9808551555556 295.1110032748455 136631686.86931843 157152508.70457795 680.3388888888888
548.5846750923456 295.13277372024675 157152508.70457795 117550481.42087518 485.0698924731183
489.93452609594715 295.09076011184055 117550481.42087518 110106492.95223501 432.05645161290323
445.38824668326697 295.0828628187484 110106492.95223501 104840793.85331646 402.2916666666667
276.6975087511464 295.07727646281916 104840793.85331646 75953201.2753041 252.03494623655914
440.380319733995 295.04662974885986 75953201.2753041 109559643.43499544 413.4527777777778
559.3798244379271 295.0822826686134 109559643.43499544 135359814.955657 559.1881720430108
1484.8405402457763 295.1096539517883 135359814.955657 302201998.6859941 1424.771505376344
3192.7477897435865 295.2866560563187 302201998.6859941 610730996.4382951 3058.4226190476193
4541.420870471467 295.6139730494784 610730996.4382951 851410766.7700408 4421.120967741936
2529.018339910258 295.8693091096648 851410766.7700408 481935385.0683388 2618.7472222222223
1208.3181146204538 295.4773343783878 481935385.0683388 240529130.16345584 1237.5994623655913
2691.7808551555554 295.22122759406267 240529130.16345584 1438917807.1352093 2158.8972222222224
1923.9448901461092 296.4925926237378 1438917807.1352093 498381475.79377145 2193.0
945.6119454507857 295.4947819603159 498381475.79377145 192758011.88284132 998.7016129032259
511.6215800166003 295.17054743463063 192758011.88284132 116826036.43623492 495.74444444444447
288.64643348232926 295.0899915514919 116826036.43623492 78138189.5191416 267.63709677419354
440.380319733995 295.04894779282745 78138189.5191416 109562711.17893632 414.2944444444444
658.0539647350391 295.08228592316885 109562711.17893632 153342293.27468887 651.1586021505376
1809.3778881720432 295.1287314802405 153342293.27468887 361141852.92231995 1734.024193548387
2529.6268666666665 295.34918507630204 361141852.92231995 490297011.0926576 2469.4880952380954
5423.957946301676 295.4862051889377 490297011.0926576 1093061031.643045 5168.158602150537
2504.09056213248 296.1256747630416 1093061031.643045 477393543.90476376 2688.6555555555556
3903.369189889271 295.4725159600093 477393543.90476376 4699834198.2078495 2258.0
3278.7197440444443 299.95208380883497 4699834198.2078495 7278949770.338535 2194.0
1708.2207940092167 302.1315189858164 7278949770.338535 5696925022.982423 2193.0
756.9351827956988 300.80074446751547 5696925022.982423 1655065129.5967221 2193.0
526.1354689054892 296.7219023229331 1655065129.5967221 119535543.53448327 1072.6638888888888
276.6975087511464 295.09286605509703 119535543.53448327 75954537.9295974 257.51881720430106
306.87864 295.04663116691023 75954537.9295974 85224233.61223671 289.35833333333335
844.0954479050808 295.0564653443796 85224233.61223671 187125247.78840008 815.516129032258
2377.2425236559143 295.1645716611377 187125247.78840008 464320241.9517874 2275.9919354838707
5722.971091181047 295.4586465541606 464320241.9517874 1278549570.9788854 5379.398809523809
6743.97945167802 296.32245870038076 1278549570.9788854 1872420358.6291473 6490.287634408603
1334.6072077777778 296.95249348464796 1872420358.6291473 265055982.23016047 1901.9694444444444
546.6656279569893 295.2472480184916 265055982.23016047 120463911.04775795 540.239247311828
187.7977511111112 295.09385095591745 120463911.04775795 53980903.17787276 146.09722222222223
279.3123559139784 295.023319438975 53980903.17787276 68690156.27129494 195.75537634408602
250.02882688172042 295.03892441785626 68690156.27129494 66515159.867865495 190.33602150537635
259.55539 295.03661697418613 66515159.867865495 71057379.37770934 212.76388888888889
248.6279204301075 295.0414357939505 71057379.37770934 70872004.37365419 213.26344086021504
440.380319733995 295.0412391304622 70872004.37365419 109562380.18116738 411.4916666666667
658.0539647350391 295.0822855720148 109562380.18116738 153341962.05009332 651.1586021505376
