3909.0707617834682 312.5358064514652 22393561032.0 32627999708.468143 93.0
2662.9710911810466 317.8706302452155 32627999708.468143 38099881702.116486 384.0
2870.1654784946277 320.43897603302213 38099881702.116486 44956686203.828575 228.0
2657.0239899999997 323.24186655014114 44956686203.828575 50877833708.01748 216.0
1687.9047408602153 325.6622838430375 50877833708.01748 52874898723.81165 750.3037634408602
1480.0322066666668 326.4154701406233 52874898723.81165 52806687920.19899 1290.0222222222221
1503.9466354838705 326.3912668926458 52806687920.19899 52794768301.677 1257.8548387096773
1241.6106451612904 326.38703745291474 52794768301.677 52623429540.08207 1111.6370967741937
1212.0902177777778 326.3262412987074 52623429540.08207 52632251576.44895 1064.411111111111
1190.6514150537635 326.32937162297486 52632251576.44895 52640349827.24735 1074.1129032258063
1040.2858044444447 326.3322451263186 52640349827.24735 52573558877.375755 1021.4388888888889
1470.9230795698927 326.3085456852216 52573558877.375755 52989727674.68356 1345.752688172043
2115.58044946237 326.4562149116237 52989727674.68356 53524410209.13554 1923.0376344086021
2281.8943869047635 326.64593638220015 53524410209.13554 53660787108.98685 2204.1785714285716
2041.4120473118282 326.69432701463205 53660787108.98685 53409218829.11084 2041.1129032258063
1670.09078 326.6050630104181 53409218829.11084 53032098682.57861 1649.6944444444443
1403.3375408602153 326.47124942165476 53032098682.57861 52768976218.333145 1308.3010752688172
1298.416501111111 326.37788564475585 52768976218.333145 52651655202.508385 1127.6638888888888
1244.1331580645165 326.33625661403653 52651655202.508385 52572454611.38745 1023.6801075268817
1156.3529290322583 326.30815385838287 52572454611.38745 52542762994.7703 973.7311827956989
993.4130277777776 326.29761837834485 52542762994.7703 52447871051.9294 885.975
754.9071365591399 326.2639478583977 52447871051.9294 52270778673.60118 707.8790322580645
616.3401666666666 326.20111014764524 52270778673.60118 52205096093.22148 597.2333333333333
704.9995526881719 326.1778039894337 52205096093.22148 52337166659.79508 685.7231182795699
1359.5641311827958 326.2246666050901 52337166659.79508 52867330852.61302 1168.6612903225807
3451.3099404761906 326.41278483193935 52867330852.61302 54574927303.51703 2724.0178571428573
2919.51276236559 327.0186914941957 54574927303.51703 54178817653.78906 2972.4086021505377
1823.6932433333334 326.87813985763825 54178817653.78906 53197175499.670746 2035.9583333333333
1414.3363731182794 326.529823649311 53197175499.670746 52785527300.35426 1374.6397849462367
1317.7041022222222 326.38375846725955 52785527300.35426 52668381448.59121 1146.8472222222222
1226.1410838709676 326.3421915900262 52668381448.59121 52558316297.718605 1017.2258064516129
1163.7496612903226 326.3031371587753 52558316297.718605 52548190966.22848 973.8225806451613
1051.0679 326.29954438613623 52548190966.22848 52495705456.69624 927.2166666666667
779.6930268817205 326.28092094622417 52495705456.69624 52293518086.191475 742.0
636.2010366666667 326.20917877625885 52293518086.191475 52222635668.92746 619.0916666666667
688.0835397849468 326.18402755927525 52222635668.92746 52323938523.01197 680.2930107526881
1726.767624508719 326.21997286366076 52323938523.01197 53171518041.80692 1417.3709677419354
3706.1236190476193 326.520719610328 53171518041.80692 54801479462.97466 3010.8690476190477
3970.9759857910863 327.09907902527266 54801479462.97466 55061097163.34738 3778.3844086021504
2631.23342857143 327.19119920636825 55061097163.34738 53907239839.22927 2908.663888888889
1589.5623989247313 326.7817758677297 53907239839.22927 52962767993.34414 1748.1612903225807
1397.41635 326.446648804522 52962767993.34414 52742938642.27166 1265.9472222222223
1256.4964218326324 326.3686467283852 52742938642.27166 52586815782.32582 1064.6720430107528
1153.5526516129032 326.31324963446315 52586815782.32582 52541070105.753654 976.9193548387096
1063.96912 326.2970176903233 52541070105.753654 52506005701.68539 933.3888888888889
1031.3364355222734 326.284575783442 52506005701.68539 52502913018.45979 919.1317204301075
1147.1316633333333 326.2834784062662 52502913018.45979 52654881943.84102 1043.8777777777777
2482.6518171274947 326.33740155906713 52654881943.84102 53833266559.780106 2073.0967741935483
3533.3570271827934 326.75552791973035 53833266559.780106 54739386455.07493 3202.2150537634407
3021.503859666667 327.07704655551316 54739386455.07493 54338602476.99897 3165.6488095238096
3536.137897973118 326.93483632644336 54338602476.99897 54679524730.922005 3313.5752688172042
3319.007320888889 327.0558058124446 54679524730.922005 54455466007.89024 3237.238888888889
2189.660194623657 326.9763030277265 54455466007.89024 53484811325.302284 2356.994623655914
1217.3596499999999 326.6318855052966 53484811325.302284 52620462959.66426 1334.4166666666667
1113.7301913978495 326.32518866660666 52620462959.66426 52463043775.51342 922.7043010752689
1004.8289204301075 326.2693315978048 52463043775.51342 52412253810.95794 830.3306451612904
1172.999357794378 326.2513097883289 52412253810.95794 52589477315.06787 960.4833333333333
956.1391083010753 326.31419402645895 52589477315.06787 52444083063.572235 897.0860215053764
736.6291544444445 326.26260376601516 52444083063.572235 52313062927.36569 742.6722222222222
673.924182795699 326.2161138746973 52313062927.36569 52316027771.3834 702.8548387096774
1547.9961144460028 326.21716589067097 52316027771.3834 53022790229.19385 1291.1666666666667
1947.4573183982648 326.467946501976 53022790229.19385 53357176625.58716 1787.970238095238
1608.0380362135172 326.5865968688325 53357176625.58716 53036071893.43511 1634.0376344086021
1701.0864000000001 326.47265923655993 53036071893.43511 53038976615.64256 1534.2444444444445
1420.2712537634413 326.4736899195041 53038976615.64256 52783330341.45486 1322.4193548387098
1512.2447440444444 326.38297892005846 52783330341.45486 52828652713.43233 1278.4555555555555
1294.68682562998 326.39906066297607 52828652713.43233 52622309871.88299 1121.486559139785
1194.1388271712158 326.32584400670027 52622309871.88299 52576327405.28507 1017.5241935483871
1134.0799133499336 326.30952804232595 52576327405.28507 52565526846.95061 994.0611111111111
777.7375252688172 326.3056956788612 52565526846.95061 52295038550.71935 765.5215053763441
645.0839733333333 326.2097182828774 52295038550.71935 52230023546.510345 625.7083333333334
775.698434408602 326.18664900080205 52230023546.510345 52397004843.20095 743.4032258064516
1308.9263462365584 326.24589899519236 52397004843.20095 52828013720.66907 1155.0430107526881
1209.475913095238 326.39883392909394 52828013720.66907 52743055890.71113 1223.4345238095239
1208.5399408602145 326.36868833166363 52743055890.71113 52676974128.690414 1139.733870967742
2002.4988954658133 326.3452405317805 52676974128.690414 53269757950.18086 1607.9722222222222
1085.9468462365585 326.55557808930394 53269757950.18086 52516682351.94666 1174.0672043010752
993.1247633333332 326.2883641805896 52516682351.94666 52387377369.23293 827.5694444444445
747.8943344086022 326.2424828774001 52387377369.23293 52149499513.60932 587.6505376344086
493.3087978494624 326.158076648136 52149499513.60932 51974178798.46609 366.10215053763443
457.7271888888889 326.09586757685304 51974178798.46609 51977528533.07811 313.11944444444447
193.85260000000005 326.0970561636044 51977528533.07811 51654227864.485565 202.01344086021504
121.10936333333333 325.97965439344006 51654227864.485565 51340593277.69124 198.0
1456.937220430111 325.851448403471 51340593277.69124 52915025081.77221 899.1881720430108
2980.4981268817205 326.42970818123734 52915025081.77221 54238896654.81531 2493.3413978494623
2837.387178571424 326.899457697087 54238896654.81531 54157775958.85052 2849.4553571428573
3657.003908602145 326.87067363039137 54157775958.85052 54771587718.65508 3332.5403225806454
4231.462991333333 327.08847253389695 54771587718.65508 55212639197.30788 3892.136111111111
1461.6541987764185 327.244970885233 55212639197.30788 52915654112.13621 2124.5806451612902
1458.46276 326.4299313801601 52915654112.13621 52790922217.94666 1290.2583333333334
1415.4413838709675 326.38567274654366 52790922217.94666 52720660617.0729 1191.279569892473
1284.8284268817206 326.36074181391746 52720660617.0729 52655895048.50867 1115.0591397849462
1119.5653733333334 326.3377610391231 52655895048.50867 52557577926.65516 1013.2861111111112
1142.8454712643684 326.30287516247853 52557577926.65516 52597424277.650696 1014.513440860215
956.1331548498028 326.31701384818615 52597424277.650696 52501944503.51881 948.3833333333333
1193.6300346907549 326.2831347479886 52501944503.51881 52756260528.07736 1128.8306451612902
2009.1554519027804 326.3733737347919 52756260528.07736 53425484217.00694 1766.3709677419354
2755.4985779345934 326.6108344600397 53425484217.00694 54041213286.673615 2479.5863095238096
2857.323992309257 326.82931368284346 54041213286.673615 54103091996.64656 2739.4193548387098
2191.4315032178974 326.85127011324283 54103091996.64656 53496718322.93847 2258.5916666666667
1516.8111207246513 326.6361104667572 53496718322.93847 52883973721.36537 1551.8924731182797
1438.678250196078 326.4186902231404 52883973721.36537 52773021354.577515 1265.2055555555555
1162.4524272314604 326.37932098095536 52773021354.577515 52510275228.964066 1010.5564516129032
694.2375966039024 326.2860907403403 52510275228.964066 52156963330.62708 633.0268817204301
488.7849192000758 326.160725035262 52156963330.62708 52012333234.46645 401.15555555555557
287.3399473118279 326.1094059201513 52012333234.46645 51850371143.44049 235.1451612903226
266.60747333333336 326.05193689113474 51850371143.44049 51891922319.34722 206.2888888888889
314.43935806451617 326.06668050007886 51891922319.34722 51998747917.716446 304.48655913978496
561.5362655913981 326.1045854405097 51998747917.716446 52189627081.74577 497.26612903225805
1236.6656369047619 326.1723151181569 52189627081.74577 52726210629.73261 993.7470238095239
1842.622102150536 326.3627111256037 52726210629.73261 53202085721.171936 1571.1155913978494
1160.3153933333333 326.53156594382045 53202085721.171936 52601300459.970535 1226.8277777777778
1149.5797000000007 326.31838923444354 52601300459.970535 52539271727.00373 980.0241935483871
924.176091111111 326.2963795713665 52539271727.00373 52331653032.86986 788.9083333333333
640.0311569892473 326.22271020415855 52331653032.86986 52057627558.51982 493.491935483871
418.9036645161291 326.12547771082046 52057627558.51982 51908370358.442535 282.11021505376345
282.32182111111115 326.0725167598483 51908370358.442535 51765685136.469246 194.26666666666668
209.96740967741937 326.0218877446888 51765685136.469246 51504858177.58899 195.0
216.46478333333334 325.91859579408185 51504858177.58899 51451369683.18166 193.0
249.72050107526815 325.89673103277624 51451369683.18166 51661682197.1836 201.0
633.4012311827958 325.982701538568 51661682197.1836 52232792917.15459 427.1639784946237
1958.9399238095252 326.1876316569341 52232792917.15459 53318297376.290344 1489.0267857142858
2507.9257879569886 326.5728013399416 53318297376.290344 53780620724.32561 2240.9247311827958
1687.887581111111 326.73684759135125 53780620724.32561 53065294528.945 1797.7555555555555
1134.632163440861 326.48302830797303 53065294528.945 52547780284.31323 1134.8709677419354
836.8290822222223 326.2993986638209 52547780284.31323 52260067769.69962 732.5694444444445
568.537052688172 326.1973095962741 52260067769.69962 51995184709.937004 418.75
365.3563677419354 326.10332110704763 51995184709.937004 51857868064.1631 224.20698924731184
264.30823 326.05459702445245 51857868064.1631 51690140745.52665 186.0
189.86750645161288 325.9943346827333 51690140745.52665 51397208244.91556 187.0
186.8065311111111 325.8745911888195 51397208244.91556 51274801297.54218 190.0
217.7440021505378 325.82455428432024 51274801297.54218 51415351744.019905 195.0
1112.2777021505374 325.88200779834574 51415351744.019905 52615678541.75137 671.1317204301075
3021.7590357142826 326.3234910110002 52615678541.75137 54209017706.37417 2341.7678571428573
1971.905733333334 326.8888557460744 54209017706.37417 53376346798.01688 2188.4435483870966
1517.0851955555556 326.5933990235135 53376346798.01688 52904281207.40853 1533.4888888888888
1309.3248376344084 326.42589593095306 52904281207.40853 52685297377.89497 1197.997311827957
1157.4748622222223 326.34819387133683 52685297377.89497 52531293227.5385 1001.1166666666667
953.8531741935485 326.29354855940335 52531293227.5385 52326582214.31751 780.7983870967741
668.6672870967741 326.2209109249774 52326582214.31751 52127493381.5881 550.0188172043011
472.0544666666667 326.1502682095584 52127493381.5881 51997063415.716805 378.975
338.4179612903225 326.10398772845446 51997063415.716805 51905057046.15836 260.0725806451613
230.15791333333334 326.0713410968361 51905057046.15836 51865099806.22556 201.28333333333333
1031.1840397849458 326.05716306439297 51865099806.22556 52592516385.39287 789.6586021505376
2965.818537634406 326.31527238016247 52592516385.39287 54212079683.10092 2368.255376344086
2602.2416892857073 326.88994222765933 54212079683.10092 53964239866.30085 2683.2559523809523
3333.4893279569865 326.80200119446494 53964239866.30085 54494542244.15952 3040.44623655914
1975.2147200000009 326.9901684535295 54494542244.15952 53337887123.68966 2254.6805555555557
1513.8087408602153 326.5797523724615 53337887123.68966 52874314690.80011 1493.2956989247311
1325.3198855555556 326.4152629081168 52874314690.80011 52679083063.29209 1184.5166666666667
1106.8573731182796 326.345988845309 52679083063.29209 52459988862.47534 938.8225806451613
1011.9136677419356 326.2682476226294 52459988862.47534 52417983599.32657 834.1290322580645
1029.0459933333334 326.25334288985243 52417983599.32657 52471013639.62291 864.5666666666667
1056.9303204301075 326.2721595456836 52471013639.62291 52522273816.361336 924.4274193548387
1137.5510111111112 326.29034820060724 52522273816.361336 52647947492.90773 1044.4416666666666
1278.9173430107526 326.33494100697516 52647947492.90773 52833697146.19879 1239.747311827957
2298.019035483867 326.40085057968554 52833697146.19879 53668769319.47802 1993.3279569892472
3261.5221452380965 326.69715934337904 53668769319.47802 54469062467.370705 2909.2380952380954
3294.6906566666685 326.9811274611446 54469062467.370705 54485153748.68723 3193.505376344086
2551.7911022222224 326.98683713250676 54485153748.68723 53812977594.08076 2643.775
1667.4992086021502 326.74832878349355 53812977594.08076 53023123405.431335 1768.3360215053763
1420.2144811111111 326.468064722942 53023123405.431335 52764741327.67346 1303.5472222222222
1310.2180677419356 326.3763829779734 52764741327.67346 52632310304.2554 1109.4489247311828
1230.7065064516125 326.32939246136976 52632310304.2554 52607091228.85877 1046.2903225806451
1086.7327755555552 326.3204439736925 52607091228.85877 52528054017.5379 973.0666666666667
1094.464517204301 326.29239919011366 52528054017.5379 52556003797.27449 970.6182795698925
1174.6843911111112 326.3023166139535 52556003797.27449 52680285446.35389 1082.0972222222222
1254.1805989247312 326.3464154870412 52680285446.35389 52814629850.03569 1234.2016129032259
1359.2201387096775 326.3940849286031 52814629850.03569 52888681045.32656 1338.6209677419354
1993.033657142858 326.42036052349033 52888681045.32656 53386190808.77449 1766.1220238095239
2225.439500000001 326.59689197508186 53386190808.77449 53549416298.89292 2070.25
1820.0582022222222 326.65480929615643 53549416298.89292 53162774524.49109 1803.111111111111
1405.7766408602151 326.51761714698523 53162774524.49109 52776897260.445786 1356.489247311828
1228.6710422222222 326.3806962691194 52776897260.445786 52594533715.12355 1083.0972222222222
1083.9329569892473 326.3159881895231 52594533715.12355 52437193292.92364 892.9435483870968
987.0749139784946 326.26015906783414 52437193292.92364 52396376822.35512 808.8897849462365
1006.9341214559388 326.2456761544771 52396376822.35512 52451712986.73026 841.5944444444444
1056.1274913978496 326.26531109260367 52451712986.73026 52520729286.55137 917.002688172043
1145.092661111111 326.28980015490157 52520729286.55137 52654087852.9831 1049.0166666666667
1531.1034526881722 326.3371197917087 52654087852.9831 53043329191.829025 1416.005376344086
2309.0782395838373 326.47523434465677 53043329191.829025 53687428072.34457 2075.6935483870966
2976.84311499057 326.7037800309925 53687428072.34457 54237875836.94616 2727.8690476190477
3289.6273011403855 326.89909548015476 54237875836.94616 54470542015.82861 3107.6532258064517
2428.573895465813 326.98165244950894 54470542015.82861 53710632114.87334 2554.536111111111
2436.460587738733 326.7120135243053 53710632114.87334 53655767574.37294 2262.0403225806454
2196.3419662666665 326.6925459325372 53655767574.37294 53436156697.76884 2063.2638888888887
1601.461019178367 326.6146213777233 53436156697.76884 52903773919.44965 1549.0430107526881
1350.5259239454094 326.42571592990316 52903773919.44965 52718594898.80197 1225.524193548387
1322.1660244610448 326.360008834845 52718594898.80197 52727768195.111755 1174.2111111111112
1143.3237704301075 326.363263796722 52727768195.111755 52605536298.22323 1075.4435483870968
1184.8853155555555 326.3198922374606 52605536298.22323 52691173808.05064 1107.1972222222223
1255.8890913978496 326.35027900578393 52691173808.05064 52816533055.63803 1239.266129032258
1892.282247311828 326.394760243285 52816533055.63803 53331221683.18595 1707.1908602150538
3906.8798559523766 326.57738727337386 53331221683.18595 54975056308.53566 3205.8541666666665
1761.7072237231182 327.16066931909364 54975056308.53566 53236674374.83168 2316.293010752688
2281.754451021369 326.5438390401248 53236674374.83168 53527995232.21424 2002.9555555555555
1414.2366118279574 326.64720845638755 53527995232.21424 52800361380.73196 1492.3145161290322
1479.2030773777778 326.38902204585537 52800361380.73196 52802003197.17618 1262.2972222222222
1316.6357503611628 326.38960461178965 52802003197.17618 52639287699.43758 1127.1344086021506
1194.1388271712158 326.331868251375 52639287699.43758 52577077493.78584 1023.5725806451613
1172.999357794378 326.30979419632246 52577077493.78584 52597731528.85542 1020.8111111111111
1066.8507345575981 326.31712287016956 52597731528.85542 52536253818.27436 976.3870967741935
1272.9914308451062 326.2953087264346 52536253818.27436 52760435698.16397 1141.838888888889
1434.5330502443787 326.374855210916 52760435698.16397 52967991933.72838 1387.260752688172
1967.8324757296473 326.44850241594196 52967991933.72838 53400795996.30406 1813.3198924731182
2339.096004029301 326.60207433559975 53400795996.30406 53699895606.59563 2194.1190476190477
2635.4235586435098 326.7082038877302 53699895606.59563 53903632829.600365 2464.782258064516
2353.1850065769245 326.78049599205195 53903632829.600365 53620170028.74178 2295.711111111111
1569.1890823623894 326.67991485096843 53620170028.74178 52932946799.924995 1631.9408602150538
1569.6336329333333 326.43606734673114 52932946799.924995 52883448211.1804 1372.2472222222223
1329.5846750923456 326.4185037562957 52883448211.1804 52653684699.28046 1165.032258064516
1182.1899024400332 326.33697674063 52653684699.28046 52567822408.851845 1020.4596774193549
1190.3465800166005 326.30651021337775 52567822408.851845 52611574914.7652 1029.236111111111
1068.8507345575981 326.32203492052344 52611574914.7652 52538524178.581856 982.7016129032259
1273.9914308451062 326.29611431866647 52538524178.581856 52761394103.47626 1143.3444444444444
1532.2071905414907 326.37519528199283 52761394103.47626 53049104375.95357 1455.02688172043
2070.531113978495 326.477283553962 53049104375.95357 53489714715.923294 1913.1102150537633
1411.1685333333332 326.63362537600403 53489714715.923294 52948069340.95864 1613.830357142857
3291.4471936135037 326.44143327985756 52948069340.95864 54413728463.69356 2649.505376344086
2333.143339910258 326.96149328969875 54413728463.69356 53629087520.4111 2468.7722222222224
1577.1890823623894 326.68307904565285 53629087520.4111 52939981382.63555 1640.6290322580646
1530.5919662666668 326.4385634285942 52939981382.63555 52851584966.703926 1348.2583333333334
1134.10789078341 326.40719771727277 52851584966.703926 52490313381.93501 1018.9784946236559
1008.3330322580643 326.2790076756622 52490313381.93501 52416373931.01441 842.4569892473119
1176.999357794378 326.2527717310439 52416373931.01441 52593000146.73387 964.7083333333334
1071.8507345575981 326.3154440332596 52593000146.73387 52540179275.16383 978.1532258064516
1142.4897511111112 326.2967015967937 52540179275.16383 52652911201.83109 1054.3694444444445
1693.5900715609948 326.33670228043326 52652911201.83109 53178154168.82899 1527.744623655914
2427.395749462366 326.5230743081093 53178154168.82899 53791747504.50022 2205.4086021505377
3107.512757847713 326.7407957081523 53791747504.50022 54350871339.25767 2854.9285714285716
3233.8047204952245 326.9391896883732 54350871339.25767 54429345698.13293 3109.3978494623657
1336.4266522222222 326.96703475494826 54429345698.13293 52807777239.10141 1795.9277777777777
1317.7167032258064 326.39165341580815 52807777239.10141 52687922418.172585 1169.4274193548388
1151.3116400000001 326.34912531470684 52687922418.172585 52526340004.71453 997.8833333333333
1021.4145064516129 326.29179100672917 52526340004.71453 52382331468.15434 825.5967741935484
952.182052688172 326.24069243968927 52382331468.15434 52364999123.17792 765.3037634408602
978.1665011111111 326.2345424015534 52364999123.17792 52426418934.71824 810.5194444444444
1031.7811462365592 326.2563360009645 52426418934.71824 52499422635.90928 891.1935483870968
1280.3386530673283 326.2822399133893 52499422635.90928 52764682004.443504 1133.3416666666667
1525.2071905414907 326.3763619283043 52764682004.443504 53043447263.54204 1451.3655913978494
