4089.6594714608873 312.5358064514652 22393561032.0 33360862910.459766 0.0
3065.3758530858086 318.225458947642 33360862910.459766 28999790890.863945 4852.0
2994.969241935488 316.1139686699254 28999790890.863945 22176042887.171177 5478.0
2654.146212222222 312.41131117626554 22176042887.171177 28760184681.06114 0.0
2662.4961387096773 315.9979590786584 28760184681.06114 35492863983.52636 0.0
2477.476651111111 319.2577050370516 35492863983.52636 41441337591.49342 0.0
2097.333732258064 321.80487978941005 41441337591.49342 46452127471.76447 0.0
1378.7504301075269 323.85316561047733 46452127471.76447 49651389413.55944 0.0
877.3568844444444 325.1609440306143 49651389413.55944 51559565716.79348 0.0
591.3772215053764 325.9409588704701 51559565716.79348 52093718455.215004 279.241935483871
515.4774711111113 326.13828384820897 52093718455.215004 52112898261.969376 463.68333333333334
1064.3074881720433 326.1450894214386 52112898261.969376 52631255413.95195 900.8655913978495
1874.63421290323 326.32901815451146 52631255413.95195 53308175297.350586 1628.967741935484
2184.4777202380965 326.56920972140534 53308175297.350586 45898245952.505356 5227.0
2043.4174236559143 323.6267526716877 45898245952.505356 35717684155.68138 5763.0
2115.849113333333 319.36655570624646 35717684155.68138 40841146527.471436 0.0
2049.6816268817206 321.55953666472465 40841146527.471436 45866544532.42588 0.0
1798.6081677777777 323.61379392250683 45866544532.42588 49997330991.78491 0.0
1321.0767064516133 325.3023563122162 49997330991.78491 52372284622.617905 187.58870967741936
916.4738967741937 326.23712751623094 52372284622.617905 52334940446.16287 737.1155913978495
640.024138888889 326.2238766774285 52334940446.16287 52145978281.496704 569.2833333333333
427.54423333333335 326.15682720890504 52145978281.496704 51985688164.633194 374.5779569892473
332.8846111111111 326.09995144668966 51985688164.633194 51956836072.428085 299.68611111111113
458.4941763440859 326.0897138552038 51956836072.428085 52121280129.95606 427.06182795698925
1158.0184322580646 326.1480635607047 52121280129.95606 52690273886.084785 952.6048387096774
3285.3783928571424 326.34995968636025 52690273886.084785 48501923774.71153 4996.0
3021.929429032257 324.69107117102254 48501923774.71153 41081283408.74954 5707.0
2156.701576666667 321.65769862736727 41081283408.74954 46285277435.56933 0.0
2296.6455129032256 323.7849614806796 46285277435.56933 51925971202.4368 5.091397849462366
2146.8735466666667 326.07876206952426 51925971202.4368 53309182965.23847 1396.6972222222223
1545.9421591397847 326.569567272328 53309182965.23847 52852074208.98048 1465.6048387096773
1014.5991236559139 326.4073713151709 52852074208.98048 52437876976.4174 975.5322580645161
696.156788888889 326.26040165933375 52437876976.4174 52197419205.153854 645.1861111111111
456.4268978494624 326.17507999828047 52197419205.153854 52011972629.60578 412.81451612903226
355.27881444444444 326.1092779666835 52011972629.60578 51976650416.58241 324.56666666666666
443.1265505376349 326.0967445814184 51976650416.58241 52109413697.91451 423.52150537634407
1531.9020331108698 326.1438529931392 52109413697.91451 53000050025.17217 1206.4166666666667
3615.0224285714285 326.4598775925387 53000050025.17217 49108148332.25182 5203.0
4154.131899769581 324.93888063724694 49108148332.25182 44861317817.61999 5652.0
3855.3473174603187 323.20288233449514 44861317817.61999 53550124943.251045 343.6277777777778
2404.121538709677 326.6550607445227 53550124943.251045 53621723736.918625 2182.6209677419356
2149.91635 326.68046615343513 53621723736.918625 53396159247.52865 2019.2194444444444
1827.4130884992992 326.60042907745185 53396159247.52865 53089154711.98399 1690.534946236559
1561.012329032258 326.4914946197051 53089154711.98399 52901391684.47377 1436.6129032258063
1460.7885644444445 326.4248706411687 52901391684.47377 52851322627.07311 1335.4833333333333
1423.5514892857143 326.40710463126874 52851322627.07311 52843628098.17718 1312.6693548387098
1224.2788855555557 326.40437438061815 52843628098.17718 52735624862.29631 1221.2527777777777
2221.6760106758816 326.36605157892177 52735624862.29631 53620321302.10237 1921.731182795699
3169.281758365589 326.67996852731386 53620321302.10237 54427573823.421005 2875.032258064516
2633.6258834761907 326.9664060404226 54427573823.421005 48512043377.34424 5058.0
3349.076070016129 324.6952078119679 48512043377.34424 40246547346.487885 6350.0
3480.0350986666667 321.3164793622378 40246547346.487885 48876527935.211784 0.0
2140.0768612903234 324.84420000076784 48876527935.211784 52988267316.65128 414.8010752688172
1298.0318722222223 326.4556967326005 52988267316.65128 52662272055.99594 1207.6333333333334
981.3323419354838 326.34002379348743 52662272055.99594 52355229397.28083 846.3387096774194
667.0601032258064 326.23107580849137 52355229397.28083 52127443703.803825 559.1102150537635
585.0576911277115 326.15025058238405 52127443703.803825 52090302481.74439 455.8888888888889
256.33803303225807 326.1370717579152 52090302481.74439 51841206609.59167 236.66666666666666
222.3235988888889 326.0486850384429 51841206609.59167 51858256598.32748 171.46666666666667
270.7602043010753 326.0547348880786 51858256598.32748 51960950619.29613 262.33870967741933
1243.6009531556804 326.09117382038363 51960950619.29613 52754028120.61939 954.5241935483871
1704.1775564935028 326.3725816093744 52754028120.61939 45060711161.92954 4864.0
1609.6724448156679 323.28438935628674 45060711161.92954 33690281565.510315 5775.0
2245.544733333333 318.3849528253657 33690281565.510315 39158950883.62544 0.0
2122.1153397849466 320.87189707737787 39158950883.62544 44387288878.81427 0.0
2135.5308551555554 323.0091111372725 44387288878.81427 49397746812.41735 0.0
1543.982524554711 325.05726126682816 49397746812.41735 52433630498.675186 164.49193548387098
1029.4856013647643 326.25889488110533 52433630498.675186 52431649707.64623 836.752688172043
706.2215800166003 326.2581920367768 52431649707.64623 52205420759.76615 649.7555555555556
406.80204139784945 326.17791919090433 52205420759.76615 51971174672.73074 381.44086021505376
339.53119555555554 326.0948016225426 51971174672.73074 51961624915.97493 298.8861111111111
531.5613376344083 326.0914130811585 51961624915.97493 52182150929.557236 479.2043010752688
1103.359141935483 326.16966235414077 52182150929.557236 52647647371.37242 936.5860215053764
1007.523532142857 326.3348345148132 52647647371.37242 42991382760.89786 4979.0
1080.0748870967736 322.4384995616151 42991382760.89786 30822852116.121086 5546.0
1975.751673243591 316.9966360589334 30822852116.121086 35608395607.52369 0.0
1031.040932258064 319.3136417195331 35608395607.52369 37942842772.93845 0.0
950.4886522222222 320.37478243886295 37942842772.93845 39930359704.03707 0.0
689.7894956989246 321.18722974684715 39930359704.03707 41195959550.27034 0.0
443.60180860215064 321.7045753714145 41195959550.27034 41927373134.4889 0.0
347.00496666666663 322.00355898671023 41927373134.4889 42495212303.36934 0.0
136.11872903225816 322.23567746424686 42495212303.36934 42589118412.40481 0.0
125.89547444444443 322.27406393748663 42589118412.40481 42812239155.43861 0.0
1464.0635645161324 322.36527012758086 42812239155.43861 46807444780.73891 0.0
2982.6809225806455 323.9984104567675 46807444780.73891 53522002279.76031 482.6317204301075
2852.512178571424 326.64508197631875 53522002279.76031 49430262876.18948 4523.0
3700.99046774193 325.070553022015 49430262876.18948 43430213933.888916 5854.0
4819.543546888888 322.61788279079803 43430213933.888916 54176809377.93381 514.3805555555556
2745.517102002225 326.8774272608654 54176809377.93381 53932910320.79336 2641.02688172043
2531.5322044444447 326.7908845279139 53932910320.79336 53726307177.332375 2392.8055555555557
2132.9413838709675 326.71757550867824 53726307177.332375 53357124928.33762 2018.5510752688172
1510.1832655913981 326.58657852509094 53357124928.33762 52871347004.983284 1496.9462365591398
985.4209288888887 326.4142098837872 52871347004.983284 52457675076.781044 1000.8222222222222
645.0605250278093 326.26742662176207 52457675076.781044 52180150501.056625 635.6021505376344
427.38037707202517 326.16895254184567 52180150501.056625 52044552491.19593 435.31111111111113
796.3343357660237 326.12083828304657 52044552491.19593 52405720706.02463 691.5241935483871
1709.2038389995548 326.2489916458883 52405720706.02463 53160612217.592354 1434.4139784946237
2565.668220791736 326.5168498953579 53160612217.592354 47127367311.03211 5039.0
3069.447648223236 324.12918680107595 47127367311.03211 39837583433.393005 5707.0
2656.77872544012 321.1493051233382 39837583433.393005 46340564184.98419 0.0
2029.273486316049 323.80756132374336 46340564184.98419 51280465478.44481 0.0
1474.9754724183003 325.826869660081 51280465478.44481 52718286709.46094 705.1194444444444
912.9497390594174 326.3598994799826 52718286709.46094 52301098987.60019 819.1397849462365
587.906951442612 326.2118687084539 52301098987.60019 52059404340.496216 485.2768817204301
380.982141422298 326.1261081665914 52059404340.496216 51918534054.95401 292.0416666666667
161.13295806451612 326.07612314555274 51918534054.95401 51754485691.34576 109.83602150537635
120.65747333333331 326.0179138441748 51754485691.34576 51770078203.51086 70.40277777777777
180.8694655913979 326.02344653721667 51770078203.51086 51882343652.56239 168.8494623655914
413.98519032258093 326.06328170054553 51882343652.56239 52061887708.418915 353.93817204301075
1088.8471845238096 326.126989340342 52061887708.418915 43482975758.514656 4615.0
1694.9608118279552 322.63945050763647 43482975758.514656 31526699190.459236 6081.0
1139.0737266666665 317.33741608911555 31526699190.459236 34145496956.609997 0.0
1171.7329258064524 318.6053534214244 34145496956.609997 36864504510.975235 0.0
1003.2122022222222 319.92180909798356 36864504510.975235 38994849295.660995 0.0
608.0795440860215 320.80481644460866 38994849295.660995 40049225954.50412 0.0
360.50581505376346 321.23581930283586 40049225954.50412 40565199883.38697 0.0
198.82737666666668 321.446736564949 40565199883.38697 40755306454.25712 0.0
88.47547419354842 321.52444738557995 40755306454.25712 40727593246.2764 0.0
64.8175611111111 321.5131189179492 40727593246.2764 40794854296.05611 0.0
214.66404946236491 321.5406135560932 40794854296.05611 41440412402.43325 0.0
646.5087580645162 321.8045015952173 41440412402.43325 43188741536.193146 0.0
1974.5411142857156 322.5191749023817 43188741536.193146 35654021738.56284 5071.0
2459.234927741935 319.3357324191744 35654021738.56284 25911715252.07074 6026.0
1724.2181366666666 314.5494020444544 25911715252.07074 30071936769.365837 0.0
1373.2880774193554 316.6330670908133 30071936769.365837 33354128164.04913 0.0
1031.3235266666666 318.22219820085655 33354128164.04913 35579927256.45037 0.0
664.8004935483871 319.2998582630243 35579927256.45037 36811146433.629906 0.0
364.80260430107523 319.8959748395613 36811146433.629906 37356959107.57825 0.0
193.52211888888888 320.13528782160165 37356959107.57825 37546440705.021996 0.0
62.56911935483869 320.2127431686968 37546440705.021996 37460109209.91308 0.0
45.373197777777776 320.17745300854875 37460109209.91308 37481134873.49139 0.0
229.4187333333335 320.1860477749658 37481134873.49139 38163302179.35724 0.0
1128.379852688172 320.4649007409826 38163302179.35724 41201732227.30333 0.0
3037.131059523807 321.70693509768495 41201732227.30333 36095329399.50321 5130.0
1963.3224000000007 319.5493993412914 36095329399.50321 27199727155.720478 5213.0
1794.4129733333334 315.2424359231725 27199727155.720478 31534850610.591965 0.0
1458.5291387096772 317.3413627435809 31534850610.591965 35035677324.11651 0.0
1419.35264 319.0363500165181 35035677324.11651 38252865328.6996 0.0
964.2832817204301 320.5015119207111 38252865328.6996 40263237843.143 0.0
611.7775021505377 321.32330202063343 40263237843.143 41449102908.17585 0.0
369.7461333333333 321.80805405702785 41449102908.17585 42077719733.64111 0.0
215.08731612903222 322.0650169234124 42077719733.64111 42384171113.85292 0.0
165.32735777777776 322.19028659784146 42384171113.85292 42709694041.01924 0.0
1031.2297387096771 322.3233522445916 42709694041.01924 45544996385.874084 0.0
2979.047032258062 323.4823530668514 45544996385.874084 53025276833.12229 193.0241935483871
2614.173236904755 326.4688288239589 53025276833.12229 48683879422.05457 4388.0
3436.209758064513 324.76545009758325 48683879422.05457 41579111716.32376 6003.0
2879.5230533333342 321.8611984124501 41579111716.32376 48649969930.27132 0.0
2386.206590322581 324.75158874380895 48649969930.27132 53180800812.76514 504.36559139784947
2135.8059966666665 326.52401341710816 53180800812.76514 53362583098.11943 1848.2805555555556
1795.2202763440862 326.58851524815736 53362583098.11943 53060967191.00206 1656.4059139784947
1509.7039903225807 326.4814928381095 53060967191.00206 52857611045.31232 1391.2043010752689
1328.448771111111 326.4093359514991 52857611045.31232 52739952033.558235 1229.3555555555556
875.4787075268817 326.3675869896419 52739952033.558235 52383987290.74328 895.0456989247311
612.2787888888889 326.24127997542564 52383987290.74328 52207405946.69525 635.9416666666667
589.8313215053761 326.1786235950307 52207405946.69525 52241640090.19248 607.0618279569892
1775.510970967738 326.19077090044976 52241640090.19248 53208218502.050415 1421.6854838709678
2776.7840500000016 326.53374203922664 53208218502.050415 47719396570.002396 5025.0
3520.7336674193566 324.37119358359547 47719396570.002396 40993131190.625084 5947.0
3432.502213333333 321.6216642011003 40993131190.625084 49496707956.886055 0.0
2714.413187096774 325.09771411236653 49496707956.886055 53622918030.80359 981.9112903225806
2433.2839255555555 326.68088992488373 53622918030.80359 53629721137.927956 2212.5694444444443
1965.9035516129034 326.68330387223557 53629721137.927956 53214387827.50593 1869.0752688172042
1626.7925279569888 326.5359311017496 53214387827.50593 52961556938.789696 1526.532258064516
1365.7049977777776 326.44621908588294 52961556938.789696 52775858381.81589 1292.7805555555556
891.8381731182797 326.38032764368523 52775858381.81589 52399162843.240234 919.1209677419355
620.9760577777778 326.2466647186162 52399162843.240234 52215341064.65762 647.4277777777778
544.2074806451612 326.18143921392976 52215341064.65762 52204215832.28085 578.3655913978495
683.4943322580644 326.17749164633403 52204215832.28085 52300163338.8373 654.6774193548387
1437.9027047619056 326.21153671208634 52300163338.8373 44055009562.89001 4826.0
1946.5524032258072 322.8732836474547 44055009562.89001 32002407907.67736 6368.0
1971.7776466666664 317.56773889206806 32002407907.67736 36771680787.613335 0.0
2375.722877419355 319.87686684788093 36771680787.613335 42690825921.73061 0.0
1930.97382 322.31563942842234 42690825921.73061 47183040958.21131 0.0
1634.2851075268816 324.15194479828773 47183040958.21131 50916197932.249664 0.0
1178.1824408602151 325.67796618023556 50916197932.249664 52463028198.48165 408.1774193548387
773.8591214559386 326.2693260706047 52463028198.48165 52262762841.59761 707.3027777777778
469.8102870967741 326.1982658889728 52262762841.59761 52026019627.099884 445.31720430107526
339.55655 326.1142622645613 52026019627.099884 51964365400.911194 319.00555555555553
776.9824849462368 326.0923854877712 51964365400.911194 52386027629.41229 649.5752688172043
1770.8174868956653 326.24200394905074 52386027629.41229 53210867861.91315 1469.9139784946237
2761.730019752475 326.5346821119181 53210867861.91315 48517610112.34563 4681.0
3878.4740753339343 324.6974833542767 48517610112.34563 43313074646.2243 5735.0
3979.4711176880355 322.5699991740936 43313074646.2243 52925134273.11176 113.9
3222.90413612583 326.4332952268648 52925134273.11176 54272089038.32055 2524.6559139784945
2848.078077377778 326.91123535467773 54272089038.32055 54004183523.657005 2732.3527777777776
2267.598115952561 326.8161744074007 54004183523.657005 53481183075.30211 2210.212365591398
1814.163020719603 326.6305980928953 53481183075.30211 53128860103.228615 1750.6639784946237
1685.0826911277113 326.50558328864673 53128860103.228615 53047703702.09244 1571.4694444444444
1398.3237704301075 326.4767865526807 53047703702.09244 52831444237.1111 1365.258064516129
986.7380933333333 326.4000511796722 52831444237.1111 52538919262.470436 1054.9666666666667
818.6068333333334 326.2962545063321 52538919262.470436 52446648722.91447 883.1424731182796
1481.0913870967743 326.26351413924044 52446648722.91447 52973169620.15066 1291.5564516129032
3557.9125940476147 326.4503396150628 52973169620.15066 48773863627.216995 5273.0
1620.3013097446237 324.80223339442034 48773863627.216995 37245062357.3724 5841.0
2573.6711176880353 320.0895472233434 37245062357.3724 43545233888.81438 0.0
1850.4220956989252 322.6649000771826 43545233888.81438 48023198667.350746 0.0
2069.147521822222 324.4953802973228 48023198667.350746 52521844608.1105 122.79444444444445
1689.9099439095498 326.2901959045899 52521844608.1105 52935900380.800835 1284.717741935484
1229.9103325475598 326.4371153662027 52935900380.800835 52620076058.38961 1153.8091397849462
864.3243577943781 326.325051382379 52620076058.38961 52345238043.67339 826.3861111111111
454.8534227296411 326.22753057524113 52345238043.67339 52017349469.32937 464.3709677419355
471.5525419562173 326.1111858313951 52017349469.32937 52072862377.6868 405.7638888888889
567.2050932551314 326.130883483611 52072862377.6868 52216786575.41716 543.4650537634409
1249.2168843317977 326.1819521246934 52216786575.41716 52770300841.45274 1049.5887096774193
1802.8995754578723 326.37835566094304 52770300841.45274 45279458805.59272 4879.0
2433.0875371381335 323.37380793252186 45279458805.59272 36247160617.58988 5724.0
2615.248895465813 319.62291111532386 36247160617.58988 42659529659.36763 0.0
2333.0062866634644 322.30284629760223 42659529659.36763 48431403471.65604 0.0
2409.8558551555557 324.66224423149856 48431403471.65604 53078978682.4037 404.40555555555557
2046.0766105762168 326.48788385785633 53078978682.4037 53256005937.13649 1728.3978494623657
1715.2705476013234 326.55069846079533 53256005937.13649 53036751559.308304 1602.3440860215053
1585.1104689054891 326.47290040248674 53036751559.308304 52960626750.471855 1469.6861111111111
1016.7190141274905 326.4458890270458 52960626750.471855 52511058954.19918 1071.0564516129032
837.8858752895505 326.2863688296635 52511058954.19918 52400019590.23698 836.1833333333333
910.0727819393401 326.24696871826023 52400019590.23698 52516251566.06909 896.766129032258
1483.7273505376347 326.28821132478276 52516251566.06909 52978521073.16742 1318.1827956989248
929.8381761904762 326.452238471806 52978521073.16742 43581616281.96433 4794.0
3381.151494688773 322.67977229130577 43581616281.96433 34824338438.484146 6571.0
3266.485006576924 318.9340265510236 34824338438.484146 42927526799.14398 0.0
2386.7482221473356 322.41239683845646 42927526799.14398 48841427993.85118 0.0
2307.397521822222 324.82985202092294 48841427993.85118 53081741031.15794 458.52777777777777
1721.3847725038402 326.4888640224103 53081741031.15794 52987164376.452965 1505.6048387096773
1514.728193548387 326.455305376192 52987164376.452965 52858433170.604774 1368.4059139784947
1605.9160244610448 326.40962766631947 52858433170.604774 52968892836.44499 1418.5722222222223
1445.1706270307163 326.44882208336554 52968892836.44499 52866742178.11236 1369.497311827957
1323.6203066666667 326.4125759524926 52866742178.11236 52818801890.1084 1297.3916666666667
1501.7137274749734 326.3955652941039 52818801890.1084 53026407660.00487 1454.4408602150538
2100.132308602151 326.4692300754031 53026407660.00487 53513241499.07484 1925.4543010752689
2771.6824007048563 326.64197338741235 53513241499.07484 48476272090.94921 4833.0
3183.3504194199554 324.6805854030314 48476272090.94921 40784003633.07261 5970.0
1537.1488744444446 321.5361780759256 40784003633.07261 44387246223.67747 0.0
1481.8054129032257 323.00909370091733 44387246223.67747 47875940203.262184 0.0
1341.014417777778 324.43518471314707 47875940203.262184 50811993056.141914 0.0
1017.7989150537633 325.63536982809995 50811993056.141914 52257599702.307816 230.33602150537635
698.6309774193548 326.1964338516128 52257599702.307816 52149216259.785 546.1236559139785
455.70538999999997 326.1579761411461 52149216259.785 51984656795.807945 375.7972222222222
280.8832967741935 326.0995854859604 51984656795.807945 51856791475.54697 215.97043010752688
355.655319733995 326.0542150183791 51856791475.54697 51969167167.037025 267.98333333333335
592.040523874824 326.09408929904623 51969167167.037025 52232689198.374855 523.6424731182796
