4083.667535977017 312.5358064514652 22393561032.0 29814278043.252205 1318.0
3059.738948323904 316.50831705396155 29814278043.252205 33749162245.150738 1417.0
3186.173543010757 318.41346094952587 33749162245.150738 37793670915.54642 1600.0
2827.5156566666665 320.3138047072679 37793670915.54642 40372266643.928246 1692.0
2087.606353763441 321.3678702727599 40372266643.928246 40918391308.305695 1716.0
2111.9210955555554 321.5911124029046 40918391308.305695 41446935307.64436 1719.0
1859.078355913978 321.80716799603937 41446935307.64436 41250494422.87504 1713.0
1479.3552688172044 321.72686786600696 41250494422.87504 40180802833.15402 1710.0
1163.0068844444445 321.2896046463363 40180802833.15402 38448423486.92638 1708.0
866.8503397849463 320.581451214168 38448423486.92638 35923939702.43455 1715.0
782.0885822222224 319.4664179831677 35923939702.43455 33438961276.87325 1705.0
1316.1515741935489 318.2632716553081 33438961276.87325 32503416401.995235 1689.0
2038.5831376344129 317.8103110303066 32503416401.995235 34100029198.46225 1448.0
2285.1771250000015 318.5833394008242 34100029198.46225 35900277187.716125 1524.0
2058.1566709677422 319.45496135746885 35900277187.716125 36852036793.28845 1626.0
1830.09078 319.9157726315912 36852036793.28845 36941117105.32374 1659.0
1617.2353903225808 319.95890244278286 36941117105.32374 36346620954.35209 1680.0
1488.944278888889 319.67106659937645 36346620954.35209 35456639524.43451 1656.0
1399.6842333333339 319.24016632344075 35456639524.43451 34271530033.384354 1641.0
1136.750778494624 318.66637456830847 34271530033.384354 32448367230.585434 1665.0
858.5158055555555 317.7836579987341 32448367230.585434 30251698889.634087 1596.0
657.200147311828 316.7201021059524 30251698889.634087 27541106436.038216 1586.0
553.2290555555555 315.40772074951013 27541106436.038216 24884207777.071095 1547.0
686.776434408602 313.96131397497203 24884207777.071095 22602011630.198288 1559.0
1371.5023032258066 312.65511196783325 22602011630.198288 26288205339.101864 0.0
3486.170059523809 314.76488400818556 26288205339.101864 32889010321.622063 742.0
3006.9106118279556 317.9970031575589 32889010321.622063 36467334459.14667 1596.0
1898.448798888889 319.72951218124655 36467334459.14667 36647200409.2247 1693.0
1651.468093548387 319.81659746742747 36647200409.2247 36124553970.95954 1688.0
1509.0096577777776 319.5635489352956 36124553970.95954 35236217005.82992 1676.0
1475.0900086021504 319.13344485611987 35236217005.82992 34240686040.047543 1646.0
1244.0104139784949 318.65144090251164 34240686040.047543 32730814838.59916 1655.0
942.0151222222221 317.9204100119101 32730814838.59916 30715219822.459354 1609.0
705.2118440860215 316.944523977176 30715219822.459354 28133987712.729576 1585.0
602.5038144444445 315.69477472292516 28133987712.729576 25570186518.816742 1560.0
667.879238709678 314.353930013059 25570186518.816742 23098718973.594025 1611.0
1745.5445062291492 312.9393995956925 23098718973.594025 27786988326.21113 0.0
3811.665285714286 315.52676882260636 27786988326.21113 34511419558.891 1016.0
4088.7636201996884 318.7825213318926 34511419558.891 40818058300.44248 1656.0
2794.9278730158744 321.5500987738557 40818058300.44248 43207754508.54491 1727.0
1794.3070225806453 322.5269469308672 43207754508.54491 42917145591.37176 1730.0
1495.027461111111 322.40815325986034 42917145591.37176 41813532388.40789 1729.0
1362.0582497896216 321.95702373146526 41813532388.40789 40253356786.11259 1726.0
1272.8080279569892 321.3192628911756 40253356786.11259 38616294567.43048 1718.0
1271.6635644444445 320.6500727213914 38616294567.43048 37181713897.75521 1704.0
1238.1321344470045 320.0636519543896 37181713897.75521 35670382075.88901 1709.0
1355.8677744444444 319.34365356632566 35670382075.88901 34656425656.08329 1711.0
2709.3453655145913 318.8527286027323 34656425656.08329 37428572941.5088 1699.0
3830.1016508387074 320.1645617692501 37428572941.5088 43276036657.22465 1653.0
3259.1080263333333 322.5548589687524 43276036657.22465 46964592392.745705 1715.0
3692.086822704301 324.06264847775407 46964592392.745705 51991502354.793 1725.0
3514.396209777778 326.1020144965113 51991502354.793 54446125994.863785 2400.7083333333335
2334.660194623657 326.9729889097361 54446125994.863785 53604578655.66579 2453.6263440860216
1405.4013166666666 326.6743825621097 53604578655.66579 52088734862.32783 1773.9472222222223
1257.1710516129033 326.1365155193215 52088734862.32783 50157633574.420586 1732.0
925.5923612903225 325.3678840064398 50157633574.420586 47502396826.912415 1731.0
864.2354689054893 324.28248950548266 47502396826.912415 44912966611.89615 1729.0
536.7224416344086 323.2239950723107 44912966611.89615 41452110541.778564 1727.0
462.39859888888896 321.80928350256653 41452110541.778564 38082545901.095924 1724.0
506.7333225806452 320.43188959031033 38082545901.095924 34902078100.18822 1719.0
1415.6547165965405 318.9716655854499 34902078100.18822 34584150594.52644 1540.0
1720.3085088744551 318.8177353512765 34584150594.52644 34984129950.83762 1538.0
1631.1240577188937 319.0113924425475 34984129950.83762 34911550824.18202 1583.0
1920.7530666666667 318.9762519725874 34911550824.18202 35356069035.716515 1616.0
1654.1691032258068 319.1914733396517 35356069035.716515 34909970614.1471 1665.0
1781.5919662666668 318.9754868859045 34909970614.1471 34857897417.871414 1628.0
1629.431449285894 318.95027472541466 34857897417.871414 34346483081.13505 1620.0
1275.7087196443342 318.70266441422245 34346483081.13505 33016724392.898064 1619.0
963.4354689054894 318.0588381877109 33016724392.898064 30964738027.61785 1644.0
652.8235467741936 317.06533263659236 30964738027.61785 28060737474.544544 1653.0
584.3534177777778 315.65930932242884 28060737474.544544 25333475218.583973 1605.0
643.9027354838707 314.21844964433603 25333475218.583973 22757310405.567238 1626.0
1113.9586043010745 312.7439963401827 22757310405.567238 23578527092.91602 812.0
1055.8419845238093 313.2140150486012 23578527092.91602 23918940195.96474 901.0
1094.838327956989 313.40884855538275 23918940195.96474 24828569404.520473 692.0
1974.423895465813 313.9294696683382 24828569404.520473 26797587232.553402 1100.0
1040.7049107526877 315.04773275518227 26797587232.553402 25871589686.724705 1251.0
981.0358744444445 314.52643640494773 25871589686.724705 24778422265.412693 1254.0
710.2572376344085 313.900768237988 24778422265.412693 22772090733.345306 1292.0
467.94858279569894 312.7524557768689 22772090733.345306 20769420800.342735 1091.0
374.7994111111111 311.60623901118515 20769420800.342735 18325648598.253662 1229.0
172.339159139785 310.2075598662166 18325648598.253662 15621987539.775618 1116.0
146.90936333333332 308.3908355373767 15621987539.775618 12767728766.863817 1224.0
1470.0017365591432 306.4288759739234 12767728766.863817 13342976720.470942 1271.0
2991.9819978494625 306.82428974461845 13342976720.470942 21367695628.615 0.0
2844.5657499999957 311.94865821234833 21367695628.615 26323214291.751606 782.0
3734.813048387091 314.7849211834659 26323214291.751606 32769083197.20255 1259.0
4411.1546579999995 317.93893831567857 32769083197.20255 39557431089.39349 1657.0
1721.1434460882465 321.0347858384222 39557431089.39349 39102665092.01854 1726.0
1572.0738711111112 320.84888885080466 39102665092.01854 38267942125.913956 1711.0
1681.1349322580643 320.5076749390573 38267942125.913956 37678557422.94646 1691.0
1427.134878494624 320.2667491850169 37678557422.94646 36569798662.7176 1680.0
1365.4875955555556 319.77912204063017 36569798662.7176 35446133974.41826 1681.0
1094.6546110493146 319.2350798752872 35446133974.41826 33653725909.93081 1673.0
809.0887104053586 318.36725375710796 33653725909.93081 31332468162.46219 1670.0
1132.5171314649485 317.24337569597276 31332468162.46219 29921572195.17588 1682.0
1985.1258820103076 316.56026541840606 29921572195.17588 32349456406.28143 1084.0
2833.3973874584026 317.7357685708732 32349456406.28143 35858739635.62673 1366.0
2916.450336395278 319.4348502157581 35858739635.62673 39052730565.38827 1646.0
2243.9370587734534 320.8284768628103 39052730565.38827 40072374992.126564 1709.0
1689.8111207246513 321.24528205155735 40072374992.126564 39587111014.97325 1705.0
1408.4143613071892 321.0469182511132 39587111014.97325 38396288981.832146 1684.0
1032.9389863712454 320.5601399298946 38396288981.832146 36129656002.10281 1671.0
738.7483492920744 319.56601917405965 36129656002.10281 33221625438.353714 1669.0
585.7876969778536 318.15804465883303 33221625438.353714 30292900225.048267 1605.0
372.7619903225807 316.74005046240353 30292900225.048267 26872491735.516144 1567.0
325.96302888888886 315.0839990972771 26872491735.516144 23666798263.362957 1532.0
374.893659139785 313.2645365518332 23666798263.362957 20681533048.77315 1509.0
613.9126096774196 311.5559369555707 20681533048.77315 22337881813.67422 0.0
1319.6120654761905 312.5039387669839 22337881813.67422 24719691338.061394 321.0
1825.2914569892455 313.8671539251725 24719691338.061394 26815223533.97434 978.0
1137.893171111111 315.05627168295456 26815223533.97434 26639396072.26956 1089.0
1178.934538709678 314.96588603037407 26639396072.26956 25827183059.432114 1347.0
978.28998 314.5010205239424 25827183059.432114 24985509027.23952 1154.0
734.4773935483871 314.0192931703523 24985509027.23952 23458000181.15844 1136.0
533.9950623655914 313.14503215496705 23458000181.15844 21309368727.33409 1210.0
275.91071 311.91527514156024 21309368727.33409 18865856066.09173 1129.0
138.83837741935486 310.51674454332175 18865856066.09173 15519800333.444061 1322.0
77.78422777777779 308.3205941252709 15519800333.444061 12147414082.639708 1355.0
216.6344795698918 306.00248424707155 12147414082.639708 9336155239.336494 1281.0
648.981876344086 303.86200810845935 9336155239.336494 11083463176.221275 0.0
1969.7970666666683 305.2711459831051 11083463176.221275 15821756958.569677 0.0
2472.342454623655 308.52815298224476 15821756958.569677 21842513188.57595 168.0
1596.6820255555556 312.22041734694136 21842513188.57595 23425492618.602283 878.0
1193.4977548387103 313.1264266361048 23425492618.602283 24243274086.34676 759.0
845.2540822222222 313.59447921608677 24243274086.34676 23601500511.892197 948.0
650.8408161290322 313.22716375451705 23601500511.892197 22601637252.142742 859.0
470.56335698924727 312.65489769467877 22601637252.142742 20502984551.52268 1130.0
371.2693411111111 311.4537457369063 20502984551.52268 18048788641.311737 1230.0
268.5718075268817 310.0491006417764 18048788641.311737 15705069967.270243 1078.0
245.19542 308.4479447121737 15705069967.270243 13278741862.783165 1157.0
231.22787311827972 306.7801360068622 13278741862.783165 10218499579.83263 1389.0
1129.7615731182793 304.6042223921876 10218499579.83263 13253952023.85702 0.0
3034.90189285714 306.76309597460613 13253952023.85702 20566452582.749485 0.0
1887.3331526881727 311.49007130422933 20566452582.749485 22362692870.678852 1157.0
1458.9879733333332 312.51813923459184 22362692870.678852 24189143190.82819 645.0
1330.956558064516 313.56349770537327 24189143190.82819 24517204531.907257 1078.0
1235.1943066666668 313.75126175132056 24517204531.907257 24289099107.38904 1177.0
1029.6219913978496 313.62070690670157 24289099107.38904 23104023479.702015 1305.0
759.5328784946236 312.9424355996463 23104023479.702015 21973584653.159668 1055.0
573.1628000000001 312.2954353555172 21973584653.159668 20310986907.70717 1123.0
399.3023698924731 311.343856975565 20310986907.70717 17363789963.16887 1431.0
349.7356911111111 309.5881151795222 17363789963.16887 15024173127.765772 1227.0
1040.8614591397845 307.9799100410818 15024173127.765772 14379598404.128864 1298.0
2975.0766021505347 307.53684245540893 14379598404.128864 22359298958.03916 0.0
2608.4559749999926 312.516196747962 22359298958.03916 25911222477.64186 1126.0
3398.2124462365564 314.54912000780786 25911222477.64186 31265559494.448284 1331.0
2220.089720000001 317.21098067902017 31265559494.448284 32365496335.182964 1669.0
1786.5533645161292 317.74353458660937 32365496335.182964 32309928940.348175 1658.0
1526.9309966666667 317.71663064798497 32309928940.348175 31586239490.700695 1640.0
1501.653072043011 317.36624358027535 31586239490.700695 30946693013.01164 1550.0
1381.7093666666667 317.05659582309073 30946693013.01164 30001043533.43241 1589.0
1389.4348822222223 316.5987428747131 30001043533.43241 29237482887.421085 1577.0
1407.0486 316.22905146093785 29237482887.421085 28596820393.375053 1563.0
1180.253788888889 315.918863364663 28596820393.375053 27401929897.64222 1609.0
1031.9388483870966 315.3403359628364 27401929897.64222 25862418159.205402 1628.0
2142.6480677419318 314.52118713324484 25862418159.205402 28730094602.505276 1077.0
3048.4030976190493 315.9833904340589 28730094602.505276 32773657570.27854 1361.0
3431.2121620430125 317.9411530794415 32773657570.27854 37393485408.82089 1631.0
2807.221657777778 320.15021886176083 37393485408.82089 39864578857.191284 1714.0
1907.0906064516125 321.1603401787129 39864578857.191284 39912734770.22194 1723.0
1537.742258888889 321.1800251138664 39912734770.22194 38950757996.13664 1724.0
1424.4734440860216 320.78679302199345 38950757996.13664 37610072856.07006 1714.0
1354.0640333333329 320.2387544036258 37610072856.07006 36290573425.48711 1686.0
1317.774442222222 319.64393019535544 36290573425.48711 35011130558.413895 1694.0
1348.209140860215 319.02446526504013 35011130558.413895 33890169859.040146 1676.0
1363.6677244444445 318.48173228383854 33890169859.040146 32994707007.019367 1674.0
1136.7316741935483 318.0481780802844 32994707007.019367 31545789780.775906 1701.0
1132.9513215053762 317.3466591366205 31545789780.775906 31297549870.076088 1231.0
1826.8372285714295 317.22646938611217 31297549870.076088 32407000791.24751 1352.0
2149.482510752689 317.76362970429335 32407000791.24751 34065379132.317173 1457.0
1965.2443133333331 318.56656295744995 34065379132.317173 34699033945.28654 1589.0
1629.7255655913982 318.8733581607856 34699033945.28654 34189027241.4396 1666.0
1481.3654866666666 318.626429379994 34189027241.4396 33317053890.690456 1647.0
1396.7797311827958 318.2042480346134 33317053890.690456 32202562634.282845 1618.0
1320.8195376344086 317.66464734883454 32202562634.282845 30979776770.22488 1629.0
1262.2702325670498 317.07261391024736 30979776770.22488 29937296943.657124 1556.0
885.9231903225807 316.5678788339581 29937296943.657124 27804591477.029583 1599.0
673.5148833333333 315.5352916999272 27804591477.029583 25326766006.380333 1598.0
1083.6679688172044 314.2146096648239 25326766006.380333 23886199972.13577 1642.0
2024.19651915373 313.39010987416196 23886199972.13577 27740645426.217876 590.0
2929.9651388000943 315.50433108657785 27740645426.217876 31568508135.291267 1332.0
3601.987516194149 317.35765863043054 31568508135.291267 36653993870.48493 1629.0
2663.351673243591 319.8198866420475 36653993870.48493 38730651991.43159 1724.0
2069.656824297873 320.69681918167254 38730651991.43159 39214048572.11208 1725.0
2450.814188488889 320.89441963705355 39214048572.11208 40615809001.93156 1724.0
1908.7970406837435 321.46742430927844 40615809001.93156 40547443354.71525 1717.0
1484.7302250206783 321.4394781392759 40547443354.71525 39490747968.19873 1712.0
1424.0826911277113 321.0075274430571 39490747968.19873 38415822132.30768 1716.0
1324.221619892473 320.5681245942121 38415822132.30768 37122391509.414055 1712.0
1386.2742044444444 320.0394024428726 37122391509.414055 36200736488.61162 1705.0
1470.5826397849464 319.60043405084326 36200736488.61162 35628081356.96814 1709.0
2251.2526774193548 319.3231729238734 35628081356.96814 37409339619.43122 1592.0
4168.6477130952335 320.1566996672971 37409339619.43122 43458124424.58405 1650.0
1932.8120624327958 322.6292919026778 43458124424.58405 43789001693.11165 1725.0
2484.996117688035 322.76454627051845 43789001693.11165 45407317089.235634 1710.0
1559.2366118279574 323.426073207209 45407317089.235634 44489826194.67116 1725.0
1690.5919662666668 323.05102583240404 44489826194.67116 43902646552.21376 1721.0
1539.431449285894 322.8110014520563 43902646552.21376 42811235658.767715 1722.0
1435.9345260959471 322.3648599231916 42811235658.767715 41603380139.659 1715.0
1361.602135572156 321.8711187381083 41603380139.659 40358209389.92346 1716.0
897.0657883210389 321.3621240182273 40358209389.92346 37910782690.02393 1714.0
845.0080975117728 320.36167707726827 37910782690.02393 35565340327.96873 1713.0
877.1486416422282 319.2927957431823 35565340327.96873 33404537633.6627 1708.0
1525.1900026113676 318.24660483860885 33404537633.6627 33612733105.39525 1453.0
2072.0632659340627 318.347406364576 33612733105.39525 34772108983.51959 1576.0
2490.8240962779187 318.90873873512135 34772108983.51959 36945873793.336876 1603.0
2532.060006576924 319.9612054775525 36945873793.336876 38795423078.37647 1680.0
1808.882630749486 320.72329598516546 38795423078.37647 38624695413.46834 1709.0
1707.939188488889 320.6535067775453 38624695413.46834 38131059191.83392 1716.0
1571.3803740170767 320.4517206125496 38131059191.83392 37223092683.39141 1701.0
1455.9345260959471 320.0805665690386 37223092683.39141 36156572482.78657 1694.0
1447.7354689054891 319.5790512650269 36156572482.78657 35247458331.85482 1681.0
1310.595358213512 319.13888754326274 35247458331.85482 33992997385.726463 1688.0
1489.0942086228838 318.53151805254504 33992997385.726463 33365290215.983547 1696.0
1518.4034271006306 318.22760250604415 33365290215.983547 32944848810.280403 1699.0
1759.4155225806453 318.02403835106054 32944848810.280403 33694642569.184807 1485.0
1116.8977 318.3870642825529 33694642569.184807 32657601299.70927 1529.0
3503.8100968393105 317.88496238002773 32657601299.70927 37878457644.449104 1479.0
2528.1850065769245 320.34846340555214 37878457644.449104 39623122910.84155 1715.0
1768.9847812871205 321.06163901519614 39623122910.84155 39293093704.88021 1727.0
1703.939188488889 320.92673131416274 39293093704.88021 38774705303.5637 1720.0
1304.1589660522272 320.71482707599006 38774705303.5637 37124904688.94828 1710.0
1272.0776559139783 320.0404297679309 37124904688.94828 35546694809.3608 1702.0
1427.7354689054891 319.28376818502994 35546694809.3608 34536841744.28715 1701.0
1292.6464334823293 318.79482993332385 34536841744.28715 33218247254.93352 1695.0
1377.5730844444445 318.15640905148325 33218247254.93352 32300152717.261204 1697.0
1789.7943726362637 317.7118973163848 32300152717.261204 32579131938.171463 1709.0
2695.0086526881723 317.84697004849977 32579131938.171463 35893948047.49164 1463.0
3220.99192451438 319.451896992104 35893948047.49164 39712121702.56275 1625.0
3441.7025699575897 321.09801949961684 39712121702.56275 44169382030.5962 1695.0
1539.815541111111 322.9200362572269 44169382030.5962 43297759710.18796 1727.0
1481.7167032258064 322.56373881054145 43297759710.18796 42211819517.53779 1715.0
1336.6588622222223 322.1198335675996 42211819517.53779 40747199847.33843 1712.0
1228.3634311827957 321.521133607033 40747199847.33843 38862045341.43515 1717.0
1068.5772139784947 320.7505295032437 38862045341.43515 36735483360.12053 1700.0
817.2803899999999 319.85934122209767 36735483360.12053 34172590943.21015 1689.0
526.4263075268817 318.6184714550257 34172590943.21015 30862916331.236145 1674.0
514.905319733995 317.01603385844686 30862916331.236145 27783502743.702713 1670.0
702.0270830146089 315.52508121608537 27783502743.702713 25290612215.225254 1654.0
