3736.748181138307 312.5358064514652 22393561032.0 31153847734.120617 471.0
3176.631805466761 317.15689345120586 31153847734.120617 26226400112.604084 5198.0
3121.7810698924773 314.72951013770836 26226400112.604084 24684297976.966537 3633.0
2565.3989899999997 313.84689673590117 24684297976.966537 28791952198.245094 864.0
1590.2515150537636 316.01333988488676 28791952198.245094 31593252677.97097 400.0
1321.0710955555555 317.36963913913576 31593252677.97097 33607927454.617077 376.0
1167.575667741935 318.3450796236163 33607927454.617077 35190361631.69005 377.0
1063.8713978494625 319.11124316437014 35190361631.69005 36606092662.52027 377.0
705.6513288888889 319.79669442360813 36606092662.52027 37150826865.21062 376.0
714.5385118279569 320.05102610650385 37150826865.21062 37803740855.0783 376.0
970.6274711111112 320.3179210471774 37803740855.0783 39244510621.116394 377.0
1564.699961290323 320.90687176227675 39244510621.116394 42496026439.994 377.0
2459.5481913978538 322.23601026297615 42496026439.994 44458972720.16655 1733.0
2305.1801011904777 323.0384137022073 44458972720.16655 34400158104.60439 6445.0
2195.01150967742 318.7286521277256 34400158104.60439 32357966552.35949 2884.0
1580.9991133333333 317.73988890886 32357966552.35949 32927274859.464706 1233.0
1283.7085086021507 318.0155296114383 32927274859.464706 34860642492.809525 409.0
1046.194278888889 318.9516038020769 34860642492.809525 36146072352.1162 375.0
670.3240182795703 319.5739674407457 36146072352.1162 36384445510.93861 376.0
563.3314236559143 319.68938002853616 36384445510.93861 36458963560.17002 376.0
584.6630277777776 319.72545926221073 36458963560.17002 36691440583.61612 376.0
689.692082795699 319.8380171316046 36691440583.61612 37282143475.91312 375.0
891.1096111111111 320.1047050589643 37282143475.91312 38520183020.63514 376.0
992.2038537634407 320.6107847202487 38520183020.63514 40247728426.75838 373.0
1571.5103677419356 321.3169621583697 40247728426.75838 40517187426.40108 1477.0
3415.4111309523805 321.42711027104554 40517187426.40108 34108287983.39423 6047.0
2942.9267408602136 318.5873380378591 34108287983.39423 32096157096.034348 3621.0
1783.1626877777776 317.61312922244326 32096157096.034348 33610899196.208057 1070.0
1109.1831473118277 318.34651844495403 33610899196.208057 35068715133.03806 411.0
1200.5846577777777 319.0523458569953 35068715133.03806 36751614959.25624 375.0
816.1383956989248 319.86715162160175 36751614959.25624 37374236848.2804 376.0
551.3410591397851 320.1423505307046 37374236848.2804 37413490345.68908 375.0
562.9956777777777 320.1583963805787 37413490345.68908 37585859068.5081 376.0
655.5048548387097 320.2288564117079 37585859068.5081 38079474815.42344 376.0
899.6454811111112 320.4306342071495 38079474815.42344 39341207304.51584 375.0
1039.156120430108 320.9463989526567 39341207304.51584 41187251554.61118 376.0
1984.9396675194719 321.7010157601626 41187251554.61118 42481308011.571465 1508.0
3675.230761904762 322.2299937368462 42481308011.571465 35928152932.23759 6366.0
4258.760932027645 319.46845789301716 35928152932.23759 39269887979.18314 2933.0
2647.0250952380966 320.9172453927714 39269887979.18314 42380788968.76333 1303.0
1289.3097107526883 322.18890406135574 42380788968.76333 44247565809.09518 419.0
1075.5857944444444 322.9519958342125 44247565809.09518 45545660733.27912 377.0
873.0555616175789 323.48262463548673 45545660733.27912 46253253454.73885 377.0
560.5311462365592 323.7718708767157 46253253454.73885 46261417213.041084 377.0
554.0968977777777 323.7752080173216 46261417213.041084 46372057249.25535 377.0
628.8041774577573 323.82043490227085 46372057249.25535 46765103698.78096 376.0
869.3011077777778 323.98110247940355 46765103698.78096 47932067136.80893 377.0
2279.41525798771 324.45812800251076 47932067136.80893 52829267769.19726 480.4569892473118
4199.125844387094 326.39927890329005 52829267769.19726 55240435308.93463 3306.0672043010754
5252.337193 327.25483378299816 55240435308.93463 49730084088.63453 7509.0
4183.197037758065 325.1931124493669 49730084088.63453 50951586562.43615 3636.0
3477.6906542222223 325.6924321688661 50951586562.43615 54273677229.63529 2030.4222222222222
1831.8026677419366 326.9117988928006 54273677229.63529 53180045686.61981 2045.5833333333333
576.8318722222223 326.52374547560356 53180045686.61981 52077196362.65369 786.95
668.3511591397851 326.1324213120389 52077196362.65369 52069776327.321144 422.4301075268817
532.8988129032259 326.1297884599738 52069776327.321144 51958533213.484856 381.7956989247312
703.3715800166003 326.09031605197725 51958533213.484856 52178419629.30445 475.025
430.3702910967743 326.16833837640536 52178419629.30445 51945094087.290985 404.6693548387097
454.1735988888888 326.0855474451489 51945094087.290985 52035019824.6162 375.1388888888889
557.160741935484 326.1174558057717 52035019824.6162 52206717819.64845 523.0456989247311
1498.8617058438522 326.1783794268246 52206717819.64845 52924792881.643616 1237.7930107526881
1811.2400564935028 326.43317409088746 52924792881.643616 44907449994.57989 5105.0
1513.761154493087 323.22174001686056 44907449994.57989 37341049402.61408 4257.0
1674.0391777777777 320.1287843313588 37341049402.61408 37585403025.11788 1442.0
1088.9594258064521 320.228669992554 37585403025.11788 38928067805.94252 425.0
864.7836329333334 320.7775178386466 38928067805.94252 39716477866.329834 376.0
867.8077933719155 321.09980019062397 39716477866.329834 40455298383.05978 376.0
705.2597949131514 321.4018115750346 40455298383.05978 40885519471.40507 376.0
718.5160244610447 321.5776752165438 40885519471.40507 41446000566.33024 376.0
724.2912887096775 321.8067858971237 41446000566.33024 42110731923.012276 376.0
856.261751111111 322.07851148235954 42110731923.012276 43254986103.45068 375.0
964.4188645161288 322.54625402784467 43254986103.45068 44904223134.75005 376.0
1458.6548408602143 323.2204209571127 44904223134.75005 45252710153.04362 1335.0
1265.975913095238 323.36287375107383 45252710153.04362 35434799970.08207 5306.0
1029.4243494623652 319.22959231629807 35434799970.08207 25894234837.469906 4521.0
1712.3933399102577 314.5393972284054 25894234837.469906 27469632782.815613 988.0
800.3312548387091 315.37311551409687 27469632782.815613 28169802739.25658 400.0
580.0858744444445 315.7121152025063 28169802739.25658 28308462347.016064 370.0
487.6577752688171 315.77924970805464 28308462347.016064 28124495053.49497 375.0
86.87869032258072 315.6901786837876 28124495053.49497 27023142049.879673 359.0
131.4632999999999 315.1569391158515 27023142049.879673 26133306359.263985 373.0
24.460126881720498 314.67622845653847 26133306359.263985 24986661780.890514 374.0
40.501030000000014 314.0199529423595 24986661780.890514 24069623730.101246 364.0
1315.1200161290355 313.4950914206166 24069623730.101246 26664729552.1032 367.0
2932.358341935484 314.98038550372206 26664729552.1032 32553385641.839897 739.0
2822.012178571424 317.8345045230173 32553385641.839897 32537908563.56656 2812.0
3569.1759516128977 317.827011021384 32537908563.56656 31066002797.194355 4047.0
4175.737991333333 317.1143617687588 31066002797.194355 38683974729.171844 1104.0
1222.30742458287 320.67773868204324 38683974729.171844 40413995918.317444 411.0
1044.4210933333334 321.38492815846195 40413995918.317444 41654954923.135544 377.0
1213.7128892473115 321.8922012221565 41654954923.135544 43302715774.91338 376.0
682.3069215053765 322.5657647260853 43302715774.91338 43655505130.36248 376.0
647.7348177777778 322.7099762080784 43655505130.36248 44018999363.357666 377.0
736.3669766407124 322.85856357679154 44018999363.357666 44704803612.1218 377.0
924.3692659609142 323.13890323427785 44704803612.1218 46019609852.63469 376.0
1429.1703572714 323.67636320451066 46019609852.63469 48927345941.08569 372.0
2497.8543766339635 324.86497313302317 48927345941.08569 51149590343.00022 1675.0
2877.2485779345934 325.7733711716856 51149590343.00022 42356910095.369896 6492.0
3058.7057127393646 322.1791429739896 42356910095.369896 41791797809.51017 3187.0
2160.2731698845646 321.9481391781619 41791797809.51017 43588241596.14697 1320.0
1365.6578949181996 322.682480554359 43588241596.14697 45638775920.06837 424.0
1066.1254724183002 323.52068779945563 45638775920.06837 46903933599.363525 377.0
708.5626422852238 324.0378526772163 46903933599.363525 47162636792.46077 377.0
582.6031880017517 324.1436040846685 47162636792.46077 47227270996.46547 376.0
351.62936364452025 324.17002493383245 47227270996.46547 46815414388.681175 375.0
38.05768924731183 324.0016682335527 46815414388.681175 45627354536.074646 376.0
182.62691777777775 323.51601902278566 45627354536.074646 45045514146.14757 366.0
381.85064838709684 323.278177195591 45045514146.14757 45164770285.10052 365.0
618.6303516129035 323.3269261282602 45164770285.10052 43437272122.25682 1270.0
1269.5168273809525 322.6207680020126 43437272122.25682 34707611976.37278 4860.0
1599.874790322579 318.8775113665018 34707611976.37278 27224363821.577732 4323.0
768.6542822222223 315.254364201403 27224363821.577732 26288345699.026234 1013.0
980.2490548387104 314.7649643423914 26288345699.026234 27486898486.669933 396.0
486.6983133333333 315.3814750104919 27486898486.669933 27386254683.231804 371.0
348.4531999999999 315.3327465300822 27386254683.231804 26870265844.46071 363.0
70.75850322580641 315.0829213926894 26870265844.46071 25725821473.80722 362.0
51.9440433333333 314.4430067959062 25725821473.80722 24639212594.325428 372.0
44.28192580645168 313.8210923731258 24639212594.325428 23578168663.570145 364.0
49.38978333333333 313.2138099036001 23578168663.570145 22673315651.279503 369.0
130.32265161290255 312.6959224194594 22673315651.279503 22132135977.60497 352.0
558.8635967741936 312.38618130586366 22132135977.60497 22015391107.853027 607.0
1937.624447619049 312.3193630424983 22015391107.853027 22189445066.10561 1852.0
2347.1542825806446 312.41898183728574 22189445066.10561 22434334499.297558 2195.0
1239.6459144444443 312.5591429139752 22434334499.297558 23378074007.04379 767.0
972.384851612904 313.09928686300583 23378074007.04379 24596290925.400738 388.0
395.93186000000003 313.79652639961125 24596290925.400738 24289456335.040565 368.0
205.10963333333336 313.62091136391973 24289456335.040565 23396361729.988964 371.0
66.38862580645161 313.1097537374021 23396361729.988964 22247558076.797676 368.0
50.072118888888895 312.4522424890097 22247558076.797676 21216905352.02812 355.0
38.84331290322581 311.8623542536791 21216905352.02812 20133413213.402767 372.0
31.38430888888888 311.2422236798322 20133413213.402767 19174142226.51292 374.0
156.9698086021507 310.69319037689615 19174142226.51292 18657827883.052887 368.0
1051.8744763440857 310.3976807938718 18657827883.052887 19962666700.5291 569.0
3012.1965357142826 311.14449788262885 19962666700.5291 23027035229.285015 1732.0
1792.3224000000005 312.8983718116329 23027035229.285015 21467337144.824265 2314.0
1154.2463066666667 312.0056874684205 21467337144.824265 22076782974.752068 813.0
1012.1420419354838 312.3545003289561 22076782974.752068 23431179980.816708 380.0
577.9443066666666 313.12968176557735 23431179980.816708 23605430517.776833 367.0
630.3558623655913 313.2294130710719 23605430517.776833 23854979740.79394 370.0
500.25599677419336 313.37224115201116 23854979740.79394 23847923543.332306 373.0
274.10446666666667 313.36820257745666 23847923543.332306 23337097386.804176 375.0
25.065810752688094 313.0758341270628 23337097386.804176 22205754866.911488 373.0
208.62735777777777 312.42831665917555 22205754866.911488 21772376987.695267 347.0
1034.0523193548383 312.1802752905765 21772376987.695267 23606510800.71075 369.0
2961.1679999999974 313.23003136487563 23606510800.71075 29753788998.534096 671.0
2606.601808333326 316.47903021135573 29753788998.534096 29526198869.45763 2685.0
3305.8710483870946 316.36883841844565 29526198869.45763 29343490209.56517 3305.0
1848.189720000001 316.28037678394753 29343490209.56517 31053274628.82069 1065.0
1208.6555150537638 317.1081992005523 31053274628.82069 32784382172.82428 414.0
618.13933 317.94634558575785 32784382172.82428 32980353155.48084 374.0
676.4864053763442 318.0412284087735 32980353155.48084 33262998987.063137 375.0
530.0910870967741 318.17807639540194 33262998987.063137 33270680225.105434 375.0
562.2765488888889 318.1817954028786 33270680225.105434 33464605684.333916 374.0
653.0566645161291 318.2756878494887 33464605684.333916 33969011004.157528 375.0
881.128788888889 318.51990462097297 33969011004.157528 35188253006.29121 375.0
1068.79906344086 319.1102222360275 35188253006.29121 37112669757.81619 375.0
2776.1238741935445 320.0354284334989 37112669757.81619 40651109905.38684 1461.0
3763.8733357142874 321.48185443741113 40651109905.38684 34801920927.0996 6164.0
3895.411086774195 318.92317271574495 34801920927.0996 34976698656.5222 3755.0
2696.091102222222 319.00779444975416 34976698656.5222 38338224810.80884 1263.0
1410.0126494623653 320.5364047462088 38338224810.80884 40544821285.04169 421.0
1250.0922588888889 321.4384063026468 40544821285.04169 42316457563.01911 377.0
1043.5003258064517 322.1626069885621 42316457563.01911 43505152918.103065 376.0
600.83822688172 322.6485159768782 43505152918.103065 43636535946.79017 377.0
617.2994422222218 322.70222207935285 43636535946.79017 43923966552.49236 376.0
682.5344096774194 322.81971653596906 43923966552.49236 44466140046.89415 377.0
911.2010577777778 323.04134352645895 44466140046.89415 45747137675.27833 376.0
1051.0112440860214 323.56498338000205 45747137675.27833 47638646045.39289 373.0
2003.878740860215 324.3381847848724 47638646045.39289 47551672175.143974 2043.0
2663.3342523809533 324.3026320378024 47551672175.143974 36354778400.13902 7273.0
2660.1760591397856 319.675016171269 36354778400.13902 32274647907.966755 4109.0
1795.7415355555554 317.69954871112947 32274647907.966755 33526265927.765095 1184.0
1071.4648129032262 318.3055417487001 33526265927.765095 34870534709.690346 416.0
568.8099311111112 318.9563932941272 34870534709.690346 34920039354.376854 376.0
648.5619892473119 318.9803618448615 34920039354.376854 35112770256.90514 375.0
508.2012580645162 319.0736759256827 35112770256.90514 35047924614.42892 376.0
533.7063436781609 319.04227975909214 35047924614.42892 35154887421.172195 376.0
643.253835483871 319.0940676968975 35154887421.172195 35629646846.232216 374.0
884.6704388888888 319.32393088323437 35629646846.232216 36855775330.515434 375.0
1448.8964634408603 319.9175827106204 36855775330.515434 39800235138.05665 375.0
2935.841680444052 321.13403807251257 39800235138.05665 43333115786.01465 1623.0
3181.5841864191416 322.57819149176237 43333115786.01465 33788645548.436207 7109.0
3671.5117097425364 318.4325774902858 33788645548.436207 39853272491.59688 1330.0
2470.226673243591 321.15571841869337 39853272491.59688 43724829683.00667 831.0
1793.3449963408839 322.7383143546832 43724829683.00667 46940927399.44269 415.0
1879.3225218222224 324.05297481922986 46940927399.44269 50299523739.914314 377.0
1325.732524554711 325.4258851641563 50299523739.914314 52164289118.8064 383.0403225806452
1160.388827171216 326.16332444559794 52164289118.8064 52527676946.14877 831.252688172043
733.2604689054892 326.2922653938255 52527676946.14877 52232503380.531624 703.325
693.5468887096774 326.187528920618 52232503380.531624 52210200149.70279 588.8467741935484
918.1964266666666 326.17961506243336 52210200149.70279 52451238635.843315 780.6833333333333
1039.7036075268818 326.2651427786191 52451238635.843315 52626189239.96134 1004.502688172043
2660.0833225806455 326.3272205233607 52626189239.96134 53736936268.17727 2252.4489247311826
6168.052474999996 326.7213470303122 53736936268.17727 47564030137.11535 8699.0
2468.328191465054 324.3076836641703 47564030137.11535 45908426282.42241 2999.0
2492.8488954658133 323.630914136431 45908426282.42241 47756960303.339226 1625.0
1048.914031182796 324.38654870009776 47756960303.339226 48946035785.45766 421.0
895.2558551555555 324.87261307485664 48946035785.45766 49749463811.771866 377.0
867.8077933719155 325.2010343964185 49749463811.771866 50412356811.70378 377.0
720.6576443755171 325.47200850730496 50412356811.70378 50824632522.624245 377.0
703.7715800166002 325.6405365264849 50824632522.624245 51303808862.69643 377.0
656.9206270307163 325.83641185285313 51303808862.69643 51755663499.84672 376.0
1011.5080975117728 326.01833176611257 51755663499.84672 52500973594.52907 679.4972222222223
1230.363695405669 326.2827902402303 52500973594.52907 52786720531.1728 1153.8360215053763
2166.2975294930884 326.38418186150017 52786720531.1728 53556683117.985016 1885.9086021505377
2365.8073135531104 326.6573877824838 53556683117.985016 45027635636.8431 5871.0
2621.0391500413593 323.27086890728015 45027635636.8431 38317569315.94696 5044.0
2462.676673243591 320.52796129552263 38317569315.94696 40441592232.06774 1502.0
1286.4525232226042 321.3962088426493 40441592232.06774 42300981835.862045 423.0
880.5114107111112 322.15628089761356 42300981835.862045 43106864552.48771 377.0
881.205642834281 322.4857056352995 43106864552.48771 43854014480.05022 377.0
720.6576443755171 322.79112187493536 43854014480.05022 44303438467.96645 377.0
718.5160244610447 322.9748351824362 44303438467.96645 44847378549.84951 377.0
656.9206270307163 323.1971843097899 44847378549.84951 45317995747.83141 377.0
1011.5080975117728 323.3895608725295 45317995747.83141 46855157461.907265 377.0
1317.57278193934 324.0179142097999 46855157461.907265 49453878718.61099 376.0
2645.574124731183 325.0802065888858 49453878718.61099 51533511120.83753 1876.0
2020.4691285714287 325.9303084020319 51533511120.83753 40208953216.6294 6682.0
3926.132677484472 321.3011118203963 40208953216.6294 36130910101.711 5370.0
2464.3655621324797 319.5666263686022 36130910101.711 38667813354.024216 1348.0
1261.5224156957227 320.6711323153117 38667813354.024216 40478625828.439926 420.0
864.7669662666667 321.411347252394 40478625828.439926 41254945402.34709 377.0
634.9331596006145 321.7286873153074 41254945402.34709 41361074755.74573 376.0
532.8518494623654 321.7720703457197 41361074755.74573 41325693373.92735 376.0
703.7715800166002 321.75760732004113 41325693373.92735 41843650908.431015 377.0
656.9206270307163 321.9693354306163 41843650908.431015 42326915298.79494 376.0
878.0064177777778 322.16688184989573 42326915298.79494 43527222682.064224 375.0
1489.420716722285 322.6575375454684 43527222682.064224 46588843613.84741 374.0
3174.5382225806457 323.9090517565802 46588843613.84741 49021374647.29828 2273.0
6425.021686419142 324.90340972092855 49021374647.29828 43298444576.799416 8771.0
4210.748268882321 322.5640187669162 43298444576.799416 44314323063.86861 3747.0
1558.7960966666667 322.9792845335339 44314323063.86861 43664366445.70391 1660.0
955.7570258064516 322.71359849258914 43664366445.70391 44587630793.5967 436.0
495.0394177777779 323.0910059109947 44587630793.5967 44383457915.90076 377.0
570.7397752688171 323.00754513526397 44383457915.90076 44292766091.740105 377.0
489.3083967741935 322.97047258144437 44292766091.740105 44132494221.154076 373.0
517.9387233333333 322.90495744154 44132494221.154076 44160881632.92094 376.0
615.4531892473118 322.9165615068487 44160881632.92094 44528243728.860794 375.0
990.1636530673284 323.06672996138195 44528243728.860794 46078463885.47768 351.0
1159.6238572081575 323.7004212639914 46078463885.47768 48280058132.05826 366.0
