3849.5868908157263 312.5358064514652 22393561032.0 31699871664.398647 380.0
3123.9175197524755 317.42126061024436 31699871664.398647 27244382232.274223 4950.0
2961.5982741935527 315.26405646958176 27244382232.274223 24671664700.36697 3857.0
2461.1795455555557 313.8396661517668 24671664700.36697 27641318617.788254 1200.0
1348.0015150537638 315.45624025263305 27641318617.788254 30160629491.28803 266.0
1313.9238733333332 316.6760092433853 30160629491.28803 32724374455.15166 160.0
964.2369580645154 317.9172917861681 32724374455.15166 34355612914.22744 158.0
610.4063440860218 318.7070847846555 34355612914.22744 35150433812.84199 158.0
582.1985511111111 319.0919114035257 35150433812.84199 35943570306.23266 159.0
347.5062537634409 319.47592248776635 35943570306.23266 36191573489.721535 162.0
814.7358044444445 319.5959976226017 36191573489.721535 37787519107.65838 162.0
1471.3048000000003 320.31129000176793 37787519107.65838 41366277330.32103 161.0
2228.2175462365635 321.7741970283367 41366277330.32103 44029918039.56477 1240.0
2368.950934523811 322.8630268590672 44029918039.56477 40290379888.03225 3896.0
1887.6512946236562 321.3343970110501 40290379888.03225 33905355450.276985 4194.0
1953.7102244444445 318.4890846568592 33905355450.276985 34678055803.59253 1524.0
1114.6171107526884 318.863201221842 34678055803.59253 36416194509.03086 309.0
875.80539 319.70475186841816 36416194509.03086 37798903709.91732 163.0
649.2756311827961 320.31594374298294 37798903709.91732 38547637191.43621 159.0
94.71852043010779 320.62200729994663 38547637191.43621 37929570420.210846 162.0
119.57413888888891 320.3693570323794 37929570420.210846 37506382883.17125 162.0
316.1087494623656 320.19636853106874 37506382883.17125 37667631935.00003 161.0
601.0207222222223 320.26228311827225 37667631935.00003 38702905195.91601 164.0
755.2495526881719 320.6854769842959 38702905195.91601 40350347073.72925 166.0
1385.4270344086021 321.3589100996304 40350347073.72925 40450847457.870415 1354.0
3485.9736309523805 321.39999214792357 40450847457.870415 36723039765.52797 5009.0
2772.6713645161276 319.85331643532874 36723039765.52797 34378838193.632256 3572.0
1538.5737988888889 318.71832971513135 34378838193.632256 34830771722.457 1232.0
1126.787986021505 318.93714133942916 34830771722.457 36608482730.8871 306.0
977.3624355555555 319.79785161754967 36608482730.8871 38257576247.11794 161.0
684.936782795699 320.50343762656405 38257576247.11794 39100795852.920204 158.0
440.1233172043012 320.8481247525222 39100795852.920204 39410124987.09872 159.0
69.60123333333331 320.9745707809369 39410124987.09872 38856800338.530716 160.0
296.37851075268827 320.7483854769849 38856800338.530716 38958133730.08491 162.0
704.5538144444445 320.7898080379145 38958133730.08491 40265144039.47103 162.0
832.9141849462371 321.3240812261089 40265144039.47103 42122074475.651566 166.0
1826.1278395624824 322.0831480347397 42122074475.651566 43344503368.917 1376.0
3822.4033809523808 322.58284645138997 43344503368.917 41833904843.05157 4428.0
3978.247491167431 321.9653514823756 41833904843.05157 42721384454.995735 3564.0
2881.2750952380966 322.3281309940029 42721384454.995735 47345120922.817215 946.0
1289.8419688172044 324.21819904189283 47345120922.817215 49529887094.44578 290.0
943.6246833333335 325.1112769155658 49529887094.44578 51002571960.696884 165.0
709.6630884992992 325.7132737269506 51002571960.696884 51816050813.96648 159.0
384.2945870967742 326.03975900433477 51816050813.96648 51867894171.81191 172.61559139784947
60.702453333333324 326.05815458948354 51867894171.81191 51239297303.97735 160.54166666666666
255.27998390937023 325.81004113802044 51239297303.97735 51189621347.901436 162.0
702.7844411111112 325.7897348472141 51189621347.901436 52177530479.35027 277.40555555555557
2185.071171966204 326.1680228792159 52177530479.35027 53564590591.8613 1697.505376344086
4508.510252989245 326.66019359242836 53564590591.8613 55536586781.33512 3779.451612903226
4824.896716809524 327.359917246992 55536586781.33512 52637060357.95582 6002.0
3834.167467865591 326.3310779235184 52637060357.95582 50271760205.69064 4625.0
3373.7073208888887 325.41453612441364 50271760205.69064 54049815259.28432 1751.4361111111111
1880.3080440860226 326.83236592186086 54049815259.28432 53210166420.65517 1999.3413978494623
869.6485388888889 326.53443321942876 53210166420.65517 52320121948.29354 997.2638888888889
364.16567526881727 326.21861862797607 52320121948.29354 51823266644.887825 301.252688172043
79.7724688172043 326.04231939852315 51823266644.887825 51090088501.742035 162.0
209.0826911277113 325.7490483042957 51090088501.742035 50839530805.85123 164.0
40.49932335483868 325.64662657276926 50839530805.85123 50214192693.54913 163.0
45.912487777777756 325.3910039624809 50214192693.54913 49787893376.463455 167.0
354.70912903225815 325.21674344316534 49787893376.463455 50363808405.87159 169.0
1363.5821359513793 325.4521631308918 50363808405.87159 50450715417.05378 1338.0
1854.8144612554074 325.48768854764427 50450715417.05378 43219743570.072395 4824.0
1287.688573847926 322.53184775994237 43219743570.072395 33839064691.427734 4711.0
1605.6975111111112 318.45698881157534 33839064691.427734 33479653127.36141 1614.0
1097.3680279569896 318.28297333560636 33479653127.36141 35248510853.215294 283.0
1156.9669662666668 319.13939714012554 35248510853.215294 37357479103.549286 166.0
788.8077933719155 320.1355003829742 37357479103.549286 38476459027.72178 161.0
252.11463362282893 320.59291144340716 38476459027.72178 38281844141.59122 161.0
227.1410244610447 320.5133577360367 38281844141.59122 38135463787.7193 162.0
352.5574177419355 320.4535211013977 38135463787.7193 38381390649.36434 165.0
542.7923066666667 320.5540498634818 38381390649.36434 39262337951.61144 165.0
793.9995096774192 320.91415912996786 39262337951.61144 41003389276.90714 170.0
1308.4989268817196 321.62585745070464 41003389276.90714 40758667694.363754 1406.0
1225.353889285714 321.52582137663046 40758667694.363754 30828184335.5526 5313.0
825.4592956989243 316.9992177474352 30828184335.5526 17868253857.19683 5601.0
1495.7905621324799 309.9348734239736 17868253857.19683 17413580832.575813 1574.0
612.9414698924725 309.62234041282363 17413580832.575813 18083334257.92369 249.0
301.87476333333325 310.06887262930616 18083334257.92369 18192794964.929386 131.0
136.9373451612903 310.13152184348064 18192794964.929386 17800068331.982143 135.0
86.37869032258072 309.88800407752416 17800068331.982143 17348435271.6915 141.0
130.9966333333333 309.5775606761696 17348435271.6915 17081197401.222942 150.0
24.476255913978605 309.3938667866531 17081197401.222942 16556116955.47281 155.0
40.54825222222223 309.0329371428876 16556116955.47281 16188235411.526648 157.0
1373.4802311827991 308.7800628344286 16188235411.526648 19488822402.42953 159.0
3024.522320430108 310.87329578893633 19488822402.42953 24907444807.222363 1006.0
2937.91396428571 313.9746135572472 24907444807.222363 22434551335.455 3946.0
3518.856059139779 312.55926701891883 22434551335.455 19995758451.51437 4370.0
4034.460213555555 311.1634377584217 19995758451.51437 27781695390.425556 920.0
1091.1998977011497 315.52420615397773 27781695390.425556 29729252489.85213 223.0
1000.7544266666666 316.467150425996 29729252489.85213 31476487367.132687 164.0
858.3526741935482 317.3131051453146 31476487367.132687 32835170795.49885 158.0
666.5730505376346 317.9709357971816 32835170795.49885 33789342026.646896 158.0
319.32370666666657 318.4329147025501 33789342026.646896 33908668807.60996 159.0
353.33471857619634 318.49068887751037 33908668807.60996 34184958771.129692 160.0
773.1387104053586 318.6244595580177 34184958771.129692 35675902107.1237 162.0
1318.8020777015076 319.34632618723913 35675902107.1237 38844129082.56729 161.0
2331.5990002898775 320.7432057838536 38844129082.56729 41336836698.656456 1407.0
3033.864649363165 321.76216243302486 41336836698.656456 37272094454.20995 4696.0
2808.2030245673213 320.10059726974106 37272094454.20995 32715934647.16476 4434.0
2389.5370587734533 317.9132055036142 32715934647.16476 34957583894.7274 1394.0
1239.1767121225007 318.99853969919985 34957583894.7274 37015925609.18732 313.0
997.8032501960779 319.99512230521316 37015925609.18732 38712740665.52421 162.0
507.6862981992024 320.6894974787536 38712740665.52421 39074282495.88417 160.0
133.31555359314962 320.8372867540063 39074282495.88417 38558989508.39872 161.0
116.47380808896469 320.6266478437384 38558989508.39872 38130386002.685486 160.0
37.55231290322581 320.45144542963027 38130386002.685486 37544713592.15004 161.0
32.08802888888886 320.21203716806787 37544713592.15004 37106398942.41119 164.0
153.2484978494624 320.03286508069675 37106398942.41119 37147359539.516945 163.0
476.0443301075271 320.0496087503135 37147359539.516945 34979997961.03425 1291.0
1196.8501607142857 319.00939186648316 34979997961.03425 26248920361.93277 4790.0
1381.9366182795682 314.7423994745494 26248920361.93277 15757131585.22824 5240.0
499.1515044444444 308.48373081195234 15757131585.22824 13347184138.623104 1339.0
833.3458290322587 306.82718183848164 13347184138.623104 14760456015.093987 202.0
214.4399800000001 307.79863624903356 14760456015.093987 14719609214.18172 112.0
87.6306193548387 307.77055898692726 14719609214.18172 14271170549.071194 119.0
70.62947096774201 307.4623113480005 14271170549.071194 13832984189.990343 130.0
51.98293222222219 307.1611109362045 13832984189.990343 13380247775.943142 150.0
44.43246344086026 306.84990911186634 13380247775.943142 12927238163.672585 154.0
48.55089444444445 306.538519496613 12927238163.672585 12591263685.67256 155.0
130.90329677419288 306.3075774578448 12591263685.67256 12563056766.15176 157.0
651.218435483871 306.28818859372547 12563056766.15176 12313527467.371895 748.0
2066.267304761906 306.1166672170552 12313527467.371895 9606073396.913527 3175.0
2136.8182610752683 304.0890590485477 9606073396.913527 6325282803.23856 3320.0
979.7236922222223 301.3293092221051 6325282803.23856 6101268841.618171 997.0
788.8257118279575 301.1408721749816 6101268841.618171 7740108860.717464 94.0
125.69019333333324 302.51943881285115 7740108860.717464 7662786540.792765 60.0
87.38920322580645 302.4543964845161 7662786540.792765 7398697326.525687 76.0
66.2595935483871 302.2322487605364 7398697326.525687 7077025965.606184 102.0
50.12767444444444 301.96166383378716 7077025965.606184 6724807214.890165 124.0
38.7949258064516 301.6653829196586 6724807214.890165 6327538058.425978 139.0
31.84541999999999 301.33120630755883 6327538058.425978 5975513475.947275 149.0
156.96712043010768 301.0350887247201 5975513475.947275 6019682072.372491 153.0
1154.8180247311825 301.072242658456 6019682072.372491 7486973084.842538 610.0
3137.836416666664 302.30650495023764 7486973084.842538 8477380672.885367 2719.0
1558.948744086022 303.13962035067743 8477380672.885367 4963470811.824313 2831.0
970.1685288888889 300.18377423605676 4963470811.824313 4744588458.751468 989.0
797.9296763440859 299.9995633977843 4744588458.751468 6400039562.556539 101.0
144.87764000000004 301.3921934409123 6400039562.556539 6414966036.15176 48.0
266.6085505376344 301.4047493574628 6414966036.15176 6668126926.44488 66.0
111.2936311827957 301.61770434593274 6668126926.44488 6512549905.770517 87.0
33.3239111111111 301.4868353850694 6512549905.770517 6102129442.129317 131.0
24.95828387096776 301.1415960986956 6102129442.129317 5678880607.604349 136.0
32.79957999999999 300.78556578701574 5678880607.604349 5335687689.769632 147.0
1088.3748999999996 300.4968772625922 5335687689.769632 7869947251.758382 155.0
3075.436817204298 302.62865684030817 7869947251.758382 14311263506.58968 674.0
2729.5184749999926 307.48987043345454 14311263506.58968 14325966617.79323 2712.0
3154.774274193546 307.49997705374847 14325966617.79323 12334608503.337656 3849.0
2064.300831111112 306.1311578934133 12334608503.337656 14729110617.619778 1053.0
1103.7065903225807 307.77709005885333 14729110617.619778 16837667362.627525 208.0
306.9698855555555 309.22646917969996 16837667362.627525 17013974601.042467 114.0
304.64231935483895 309.34765919785707 17013974601.042467 17092802465.833271 130.0
100.55614086021512 309.4018438725827 17092802465.833271 16670894452.002476 146.0
119.78210444444449 309.11183286500034 16670894452.002476 16396377185.642485 143.0
278.89268602150537 308.92313526645756 16396377185.642485 16564912533.14874 151.0
722.8371222222222 309.038983044507 16564912533.14874 17974409898.713074 153.0
969.3178806451612 310.00653039074695 17974409898.713074 20199205840.065773 157.0
2986.6050569892436 311.2798797161549 20199205840.065773 24560126564.097195 1363.0
3687.8941690476204 313.7758279327479 24560126564.097195 22631555576.220287 4471.0
3623.5132373118295 312.6720212775986 22631555576.220287 22635305579.4392 3561.0
2834.7911022222224 312.67416757064973 22635305579.4392 27054922402.872723 1017.0
1316.5126494623653 315.1723261367642 27054922402.872723 29515110976.6013 258.0
1211.4478144444445 316.3634700186895 29515110976.6013 31815824861.88297 161.0
786.8981752688173 317.47740140499803 31815824861.88297 32981186728.340145 158.0
599.5022053763437 318.0416319978407 32981186728.340145 33752697783.97812 159.0
228.57721999999967 318.4151727432837 33752697783.97812 33637494307.46703 159.0
319.3892483870968 318.359394939221 33637494307.46703 33824009118.912224 160.0
743.6566133333333 318.449699389422 33824009118.912224 35244264919.37529 160.0
941.6752225806451 319.13734139603724 35244264919.37529 37398854230.74998 162.0
2092.908310752688 320.15241350214603 37398854230.74998 38434893299.85986 1712.0
2448.1110380952387 320.5759204114429 38434893299.85986 29767647058.81174 6014.0
2361.7513279569903 316.48573983674436 29767647058.81174 20662555714.031635 5697.0
1900.1082022222222 311.5450753857782 20662555714.031635 22253168787.095535 1181.0
1055.7900817204304 312.45545374719296 22253168787.095535 24069935071.762733 250.0
866.7404866666666 313.4952696152488 24069935071.762733 25525190750.64678 158.0
550.105 314.3281769406174 25525190750.64678 26114808207.311005 156.0
55.03727956989246 314.6656411442943 26114808207.311005 25488702976.371723 154.0
49.075788122605445 314.3072933701761 25488702976.371723 24954344920.864655 156.0
277.07103978494627 314.0014565710077 24954344920.864655 25067677050.420567 157.0
716.092661111111 314.06632157189824 25067677050.420567 26431303275.523357 159.0
1354.009366666667 314.8467852996356 26431303275.523357 29682341356.70291 162.0
2596.070175067708 316.4444375698184 29682341356.70291 32787733684.53951 1442.0
3364.3579959429517 317.94796827952916 32787733684.53951 30308533722.942055 4373.0
3655.0439678070525 316.7476196973671 30308533722.942055 31402333050.026154 3176.0
2660.268339910258 317.27720201899206 31402333050.026154 35545081325.04724 932.0
2152.6514479537873 319.2829869880155 35545081325.04724 40362649636.01721 192.0
1826.3419662666665 321.36393907999064 40362649636.01721 44187821740.403404 159.0
1033.0604815439585 322.92757395029435 44187821740.403404 45914086584.04957 159.0
701.4372142679902 323.6332279264407 45914086584.04957 46885418540.822784 158.0
562.3715800166003 324.03028418346753 46885418540.822784 47576233484.7547 160.0
330.40172741935476 324.3126720880589 47576233484.7547 47742266664.468765 161.0
743.4464266666666 324.3805423073179 47742266664.468765 49141503501.78786 161.0
942.2896290322581 324.9525153979239 49141503501.78786 51312752916.38849 161.0
2735.43547311828 325.84006795873626 51312752916.38849 53766402598.94948 1826.3817204301076
5489.507832142853 326.7318025721456 53766402598.94948 52765436342.68913 5882.0
2089.5244280241936 326.37662959023834 52765436342.68913 46942275128.75318 4173.0
2741.21556213248 324.05352573732927 46942275128.75318 48655046518.67574 1924.0
1139.946289247312 324.75366392642417 48655046518.67574 50338599516.76744 325.0
1112.2502996 325.4418583663036 50338599516.76744 52135956788.458 205.99166666666667
513.3776858450337 326.15327128127666 52135956788.458 51943890494.206215 336.5860215053763
252.13345082713 326.0851203740641 51943890494.206215 51638051037.188835 174.14247311827958
257.4493577943781 325.9730417102557 51638051037.188835 51510367202.338036 164.0
277.9044979984583 325.9208477458801 51510367202.338036 51517614366.94535 163.0
865.3692086228839 325.923810205864 51517614366.94535 52366906124.28893 493.31944444444446
1124.1244480938412 326.2352190629962 52366906124.28893 52692468880.176285 1032.6989247311828
1866.6953789554536 326.3507385363883 52692468880.176285 53295970710.16857 1648.4381720430108
2267.959099267396 326.56487916620904 53295970710.16857 45884793787.2272 5311.0
2386.622483374693 323.62125376232206 45884793787.2272 36194284403.61681 5923.0
2324.576673243591 319.5973101595898 36194284403.61681 37704840482.167206 1605.0
1278.8127382763678 320.2774930435347 37704840482.167206 39898446948.2197 296.0
1163.2169662666668 321.17418460889206 39898446948.2197 41979274708.570595 172.0
920.202954662238 322.0247750546003 41979274708.570595 43404478478.62968 165.0
352.5071067411084 322.6073627791101 43404478478.62968 43444739251.87828 163.0
255.42713557215575 322.6238203782034 43444739251.87828 43350448661.06035 162.0
297.8131001489959 322.58527673840865 43350448661.06035 43438023939.05488 163.0
846.019208622884 322.6210753259524 43438023939.05488 45103224871.214676 163.0
1223.8308464554693 323.3017678993928 45103224871.214676 48006562151.57062 168.0
2826.039178494624 324.4885797049614 48006562151.57062 50831813771.95126 1778.0
1884.1387714285713 325.64347204194763 50831813771.95126 40701600881.22907 6052.0
3680.9498817855465 321.502493887953 40701600881.22907 33829442300.442547 6169.0
2615.2822287991467 318.45232996051254 33829442300.442547 36946402211.52119 1279.0
1235.2025232226042 319.9614613205777 36946402211.52119 39105261335.221275 267.0
1161.2169662666668 320.84995013021717 39105261335.221275 41188345935.28786 171.0
670.7638047619048 321.70146311566475 41188345935.28786 41961668580.68774 162.0
112.88679569892463 322.0175781090153 41961668580.68774 41372788116.29254 162.0
253.42713557215575 321.77685847511617 41372788116.29254 41284369933.306656 161.0
293.77546574039377 321.740715329053 41284369933.306656 41373356620.90742 161.0
695.17864 321.7770908656114 41373356620.90742 42658207836.42137 160.0
1394.0443726362637 322.30230596937787 42658207836.42137 46023524762.66276 165.0
3428.600050537635 323.6779635220041 46023524762.66276 49937412308.672386 1974.0
5830.482995942952 325.27786305028167 49937412308.672386 46113628511.567375 7391.0
3695.777838774794 323.71479568533886 46113628511.567375 39480137195.84757 6089.0
1588.065541111111 321.00319002419167 39480137195.84757 38240574129.317406 1926.0
952.6763806451613 320.49648758522306 38240574129.317406 39450589431.93022 337.0
286.0616400000001 320.9911116358892 39450589431.93022 39277826197.85235 168.0
65.97095806451603 320.92049033840533 39277826197.85235 38445789985.86346 164.0
34.23581612903229 320.58037470467235 38445789985.86346 37669432056.7059 161.0
45.32761222222223 320.26301896309 37669432056.7059 37050078173.20498 164.0
263.2972752688172 320.00984255615407 37050078173.20498 37058256545.478874 166.0
592.4858752895506 320.0131856705868 37058256545.478874 38074782521.37029 163.0
861.9598787135337 320.4287161144721 38074782521.37029 40007608366.17569 166.0
