3919.060009095296 312.5358064514652 22393561032.0 27409845054.949123 2051.0
3049.831210228666 315.34416822646904 27409845054.949123 29735718047.609333 2073.0
2989.6412849462404 316.470280840326 29735718047.609333 32948288168.778767 1719.0
2663.2934344444448 318.02570357740814 32948288168.778767 35309641377.25111 1621.0
2108.326783870968 319.16899456630733 35309641377.25111 36194007192.33946 1621.0
2252.754428888889 319.5971759428389 36194007192.33946 37531494382.67633 1558.0
1977.9869580645154 320.2066334852199 37531494382.67633 38177333275.87015 1527.0
1384.2208602150538 320.47063630298544 38177333275.87015 37407797670.81249 1509.0
1009.8263288888888 320.15606935719273 37407797670.81249 35820948067.38636 1503.0
789.2508774193549 319.4165527584905 35820948067.38636 33670520913.599964 1501.0
679.280248888889 318.3753853556696 33670520913.599964 31383409015.981113 1527.0
1233.5951225806457 317.2680396126567 31383409015.981113 30707004644.57607 1509.0
1950.7094817204343 316.9405464532662 30707004644.57607 30455250004.3653 2050.0
2068.9896250000015 316.8186549841993 30455250004.3653 30721537751.239037 1943.0
1906.6271010752694 316.94758291432123 30721537751.239037 31131015136.54629 1683.0
1790.4268911111112 317.1458386445949 31131015136.54629 31182825205.887333 1645.0
1720.9074333333338 317.1709234075178 31182825205.887333 31106086900.328423 1603.0
1658.3498344444442 317.1337691974089 31106086900.328423 30923659612.114307 1565.0
1395.4584268817207 317.04544379399357 30923659612.114307 30043426144.2969 1536.0
1106.280348387097 316.6192631666006 30043426144.2969 28562830258.480206 1516.0
859.7630277777778 315.9024064386948 28562830258.480206 26603905965.650757 1512.0
666.955523655914 314.9455734693514 26603905965.650757 24149568359.969986 1505.0
558.9429444444445 313.54084727562383 24149568359.969986 21631683051.650402 1501.0
666.9565419354838 312.09974991509296 21631683051.650402 19456432889.297726 1498.0
1320.8033784946238 310.8547578349918 19456432889.297726 17790568616.380703 1947.0
3312.83375 309.8814741657827 17790568616.380703 20678957316.81368 2106.0
2818.1982462365577 311.5544627500078 20678957316.81368 22231131957.43261 2179.0
1791.5960211111112 312.4428410928529 22231131957.43261 22157440885.21906 1713.0
1650.7127172043008 312.400664426064 22157440885.21906 22012581998.545963 1580.0
1697.2735466666668 312.3177552647355 22012581998.545963 22017162746.300766 1556.0
1530.931406451613 312.3203770297051 22017162746.300766 21615288866.567734 1520.0
1199.1206290322582 312.0903667963414 21615288866.567734 20443028358.187725 1514.0
918.9956777777777 311.41943015006166 20443028358.187725 18699493084.554874 1503.0
698.838188172043 310.4215276353908 18699493084.554874 16372416879.093555 1501.0
585.2371477777777 308.9066654379252 16372416879.093555 13939913431.458143 1499.0
653.36310967742 307.23461192704025 13939913431.458143 11722303775.45546 1497.0
1689.9100976269988 305.71027204801726 11722303775.45546 10823462040.820637 2029.0
3569.933142857143 305.09242647843047 10823462040.820637 14108865761.31238 2201.0
4033.8173836405485 307.35074633029444 14108865761.31238 19412111397.85524 2000.0
2994.8028730158744 310.8293906810069 19412111397.85524 22626966615.254158 1650.0
1923.9199258064518 312.6693948118442 22626966615.254158 22981383776.910564 1665.0
1792.9857944444443 312.8722434620596 22981383776.910564 23251970981.81921 1546.0
1680.0582497896216 313.0271125124881 23251970981.81921 23149098584.214806 1553.0
1629.7058774193547 312.96823407979326 23149098584.214806 23139975475.07753 1505.0
1578.6635644444445 312.9630125200764 23139975475.07753 23089112225.27937 1503.0
1566.978908640553 312.9339012278385 23089112225.27937 23059846564.785965 1503.0
1619.7205522222223 312.91715119321543 23059846564.785965 23306614785.226345 1495.0
2680.9125698156668 313.0583875831195 23306614785.226345 26532797760.873444 1497.0
3474.9054142795676 314.904875092075 26532797760.873444 29704009423.178993 2296.0
2787.1854072857145 316.4549285480677 29704009423.178993 31352171939.9584 2090.0
3348.643274317204 317.25291562891374 31352171939.9584 34942378618.88206 1935.0
3245.0128764444444 318.9911777955273 34942378618.88206 38347829372.27656 1795.0
2057.0230978494633 320.54033085118266 38347829372.27656 39149523709.90571 1594.0
1231.6207611111113 320.86804348408737 39149523709.90571 37775850201.37242 1579.0
1087.1898688172043 320.3065200441637 37775850201.37242 36021529716.286964 1535.0
872.8450494623656 319.51366791724945 36021529716.286964 33878088463.022358 1517.0
844.049357794378 318.4758828619262 33878088463.022358 31857481976.28191 1511.0
521.5934093763441 317.4975704349191 31857481976.28191 28989742096.378242 1507.0
458.6124877777778 316.10910336805375 28989742096.378242 26197079525.925446 1504.0
482.62310752688177 314.71272866639504 26197079525.925446 23521917792.21751 1502.0
1385.563318747078 313.1816150367545 23521917792.21751 21966232155.724766 1971.0
1743.3025564935028 312.2912271953553 21966232155.724766 20688500143.540928 2258.0
1489.6590039554526 311.55992453270426 20688500143.540928 18495506549.669834 2251.0
1887.722511111111 310.3047771003147 18495506549.669834 18078359945.757965 1950.0
1774.6798559139788 310.0660256099805 18078359945.757965 18198247988.577847 1615.0
1961.9447440444446 310.1346428506055 18198247988.577847 18833915954.35856 1587.0
1634.6572557375068 310.4984638017162 18833915954.35856 18666876546.65332 1546.0
1219.0501174937967 310.40285974510834 18666876546.65332 17538307935.54738 1525.0
952.5354689054892 309.70807529251266 17538307935.54738 15865156921.273872 1515.0
674.5601059139785 308.5579852359595 15865156921.273872 13477431973.335403 1504.0
578.1534177777778 306.9167115571456 13477431973.335403 11026190775.145844 1501.0
730.6876817204299 305.23177809674587 11026190775.145844 9012358409.965652 1497.0
1289.4505397849455 303.58963527083245 9012358409.965652 7109627395.382536 2003.0
1160.4967464285712 301.98908764752906 7109627395.382536 4801053330.756649 2106.0
1190.0291881720425 300.04715118670646 4801053330.756649 2291528563.742577 2092.0
1914.4600065769246 297.39712344975874 2291528563.742577 2338985581.109054 1838.0
1083.815125806451 297.44747038097717 2338985581.109054 274701122.1752351 1790.1236559139784
994.24143 295.2574805030503 274701122.1752351 200386373.30604234 954.9944444444444
821.7115387096774 295.17864032814134 200386373.30604234 167144230.66678002 755.6021505376344
667.7872924731183 295.1433738920717 167144230.66678002 142434636.8398519 616.239247311828
615.3216333333334 295.11715959775074 142434636.8398519 135716119.46821308 572.7055555555555
355.35260000000005 295.11003195360513 135716119.46821308 90132179.1810648 336.89247311827955
168.14269666666667 295.061672161236 90132179.1810648 60151031.78827947 165.78333333333333
1496.208725806455 295.0298653000088 60151031.78827947 317821807.6865931 1409.532258064516
3004.4658688172044 295.30322703976935 317821807.6865931 3044515046.4873834 1988.8333333333333
2853.4228928571383 298.19596334233756 3044515046.4873834 4061812706.293623 2425.0
3600.4770268817147 299.2752097456966 4061812706.293623 8452484963.623819 1922.0
4248.865769111111 303.118678468728 8452484963.623819 14340268521.924004 1895.0
1803.8961342602895 307.5098078924416 14340268521.924004 14554853062.637403 1619.0
1926.3794266666666 307.6573089514967 14554853062.637403 15509436235.330326 1439.0
1847.7478354838709 308.31347005453006 15509436235.330326 16040062207.145018 1509.0
1647.5999322580647 308.67821158038566 16040062207.145018 16175774568.767792 1487.0
1216.7014844444443 308.77149750396467 16175774568.767792 15239321032.007046 1497.0
911.2621379310351 308.12779834479454 15239321032.007046 13497612386.50542 1500.0
677.2025992942474 306.93058316366887 13497612386.50542 11315810832.236185 1496.0
1010.5547658735507 305.43085704717913 11315810832.236185 10060443888.567068 1494.0
1816.3597529780495 304.47126841232085 10060443888.567068 9352523957.366468 2084.0
2555.8081017441173 303.8757772185115 9352523957.366468 10447763008.992054 2093.0
2738.6815191909773 304.7970752094482 10447763008.992054 13114105251.43488 1696.0
2199.600947662342 306.66696814093683 13114105251.43488 14344362988.43378 1637.0
1654.749292767662 307.51262234563774 14344362988.43378 14262316129.29056 1581.0
1430.4476946405225 307.45622499951236 14262316129.29056 13783994545.720318 1499.0
1087.7266207798475 307.1274364488042 13783994545.720318 12283812401.336987 1517.0
830.659639614655 306.09624168362456 12283812401.336987 10200650984.160898 1512.0
651.5682525334091 304.58920843216765 10200650984.160898 7825723895.210274 1501.0
436.8856462365591 302.59145684321186 7825723895.210274 4855632329.412791 1498.0
362.44358444444447 300.0930621882678 4855632329.412791 1869331429.2928002 1498.0
402.2941967741936 296.94921645373734 1869331429.2928002 107075881.33305556 1069.965053763441
613.4798139784948 295.0796476568354 107075881.33305556 143899103.52283853 601.9354838709677
1222.8501607142857 295.1187132437119 143899103.52283853 253059858.87711725 1171.0654761904761
1818.877478494622 295.2345213864599 253059858.87711725 357145821.3473959 1750.3870967741937
1117.5376155555555 295.3449457048031 357145821.3473959 225637424.36801118 1116.2694444444444
1145.2409903225812 295.2054290519499 225637424.36801118 229087279.3340659 1083.2016129032259
1005.8427577777779 295.2090889871993 229087279.3340659 202459470.5550185 948.2027777777778
754.8564258064516 295.1808396674677 202459470.5550185 154972405.91504827 694.1155913978495
597.4466752688172 295.13046085923514 154972405.91504827 129548598.67878304 546.2096774193549
468.9440433333333 295.10348885919666 129548598.67878304 109020042.22200586 431.72222222222223
346.2012806451613 295.08171020817105 109020042.22200586 88493993.59409377 318.39247311827955
232.0036722222222 295.0599342176895 88493993.59409377 71774361.79063237 224.51944444444445
234.27964086021439 295.0421964372911 71774361.79063237 76321365.61097877 241.99193548387098
663.3689731182797 295.0470203327084 76321365.61097877 152975460.5637556 636.9543010752689
1994.061947619049 295.1283423091065 152975460.5637556 393108575.8092459 1888.0892857142858
2479.1677234408594 295.38309842542884 393108575.8092459 1615690161.7095435 1991.986559139785
1601.0209144444443 296.68012960079517 1615690161.7095435 510376180.3557809 1973.0
1123.8284000000008 295.5075070871587 510376180.3557809 225266473.78100368 1169.4354838709678
860.1263044444445 295.20503551218013 225266473.78100368 176042788.97260323 811.3
693.3757623655914 295.15281433160686 176042788.97260323 143837431.4783842 626.983870967742
543.9961526881721 295.1186478161239 143837431.4783842 119918526.57465236 492.23118279569894
439.3165633333333 295.093272360041 119918526.57465236 103748467.45489916 400.4277777777778
334.3728827956989 295.07611761877246 103748467.45489916 86322754.0581219 305.41129032258067
275.5093088888889 295.05763075966274 86322754.0581219 79589330.21163598 264.1666666666667
451.45636774193565 295.05048730130665 79589330.21163598 115738767.28394887 447.38978494623655
1145.8906053763437 295.0888380726543 115738767.28394887 240690450.15707305 1101.4543010752689
3046.7947499999973 295.2213987377011 240690450.15707305 2287362090.871462 2193.723214285714
1872.7444430107535 297.3927032578734 2287362090.871462 1520042730.2159195 2127.0
1392.2101955555556 296.57865768111174 1520042730.2159195 282549392.6350061 1815.8666666666666
1297.5210741935482 295.26580669704543 282549392.6350061 256696374.21285018 1246.3198924731182
1263.013751111111 295.238379348836 256696374.21285018 249108770.4276258 1197.8527777777779
1073.6085505376345 295.2303296949158 249108770.4276258 212743543.49836588 1008.4596774193549
824.5973946236559 295.19174999310246 212743543.49836588 170776885.1262536 779.3897849462365
620.7155777777778 295.14722775846195 170776885.1262536 136627573.70003232 588.675
476.9555956989247 295.11099891120307 136627573.70003232 112288710.72686504 450.52150537634407
400.19680222222223 295.08517792353797 112288710.72686504 102293019.82929498 390.09444444444443
1246.6248999999996 295.0745735410877 102293019.82929498 260324293.98193255 1197.1263440860216
3059.221763440857 295.24222819221507 260324293.98193255 2669260122.952931 2162.201612903226
2630.506570238088 297.79785712174083 2669260122.952931 2741627566.868749 2593.0
3300.4651344085996 297.87463140979077 2741627566.868749 6282333249.723854 1942.0
2179.942497777779 301.2931807282334 6282333249.723854 6777332556.678075 1919.0
1862.1662677419358 301.7095664171249 6777332556.678075 7056480938.500356 1675.0
1961.6254411111113 301.94438167774257 7056480938.500356 8466278857.313035 1322.0
1676.653072043011 303.1302816767438 8466278857.313035 8615422374.836731 1507.0
1605.7093666666667 303.25573887519914 8615422374.836731 8735843307.594217 1472.0
1566.734882222222 303.3570350837771 8735843307.594217 8750184895.710304 1495.0
1255.8819333333333 303.36909900379396 8750184895.710304 7969386729.068177 1496.0
931.2343444444446 302.71230377613404 7969386729.068177 6444859225.392572 1500.0
855.5840096774192 301.42989504154826 6444859225.392572 4759934242.2965 1497.0
1911.3523688172004 300.0125624514607 4759934242.2965 4310256054.172142 2082.0
2830.0965500000016 299.5387821495567 4310256054.172142 5153932731.037774 2473.0
3196.9514093548405 300.34398782893487 5153932731.037774 7934989007.834089 2119.0
2871.5938800000004 302.6833689500623 7934989007.834089 10642212412.378048 1750.0
2060.8567354838706 304.9606430117581 10642212412.378048 11663140933.453938 1584.0
1836.3950366666668 305.66960471092517 11663140933.453938 12106417306.082235 1556.0
1794.3202182795699 305.97430389474994 12106417306.082235 12596393080.892536 1483.0
1789.9618827956986 306.3111033000361 12596393080.892536 13543100044.688387 1335.0
1578.8549977777775 306.96185045689333 13543100044.688387 13549142021.46685 1500.0
1202.4940870967744 306.96600358913037 13549142021.46685 12593115464.552011 1500.0
898.5677244444444 306.30885033307123 12593115464.552011 10980935205.254679 1498.0
793.9252225806451 305.20067033630374 10980935205.254679 9139208845.201424 1496.0
889.1825043010751 303.6963398765153 9139208845.201424 6598243924.73794 1841.0
1577.0396095238102 301.558919855937 6598243924.73794 5826969681.339024 1887.0
1868.8991774193557 300.91013600381814 5826969681.339024 5694187483.791558 1880.0
1882.047091111111 300.7984416922876 5694187483.791558 5857578360.604363 1751.0
1766.1341677419357 300.93588354694174 5857578360.604363 5994714359.078388 1635.0
1746.3654866666666 301.0512402078385 5994714359.078388 6308650955.575276 1535.0
1664.6775806451612 301.3153187715135 6308650955.575276 6485846049.308219 1493.0
1431.9163118279569 301.4643725179241 6485846049.308219 6058662825.184178 1510.0
1061.9035659003832 301.10503265913877 6058662825.184178 4760789768.290116 1504.0
761.1301795698924 300.01328210656976 4760789768.290116 2664386344.4714627 1501.0
601.6759944444444 297.7926865525901 2664386344.4714627 302068962.7098122 1498.0
994.286248387097 295.2865149190641 302068962.7098122 214372614.40490425 1036.516129032258
1852.5647987236225 295.1934782669265 214372614.40490425 368957450.6884508 1797.0806451612902
2652.96811499057 295.3574766079869 368957450.6884508 1532487880.1269152 2165.0803571428573
3394.164935548988 296.5918606833513 1532487880.1269152 6200157078.798253 1616.0
2710.44056213248 301.2240554162166 6200157078.798253 8820473868.857372 1627.0
2772.07349096454 303.428224990627 8820473868.857372 11774525164.290989 1576.0
2694.689188488889 305.7461679710551 11774525164.290989 14618634787.54497 1484.0
2248.40994390955 307.7011512149746 14618634787.54497 16809553795.760149 1290.0
1861.7813002894954 309.2071444843004 16809553795.760149 17724594132.54453 1407.0
1747.0826911277113 309.8361246443116 17724594132.54453 18161325252.808117 1493.0
1621.6678564516128 310.1135103324222 18161325252.808117 18302999715.42244 1501.0
1291.0075377777778 310.19459690672073 18302999715.42244 17700345817.158882 1497.0
1080.251994623656 309.81945684434896 17700345817.158882 16636478940.939484 1495.0
1668.8440752688175 309.0881763410362 16636478940.939484 15875401420.255842 1957.0
3586.7191416666624 308.565027096684 15875401420.255842 19720089391.96396 1985.0
1549.8389441532258 311.00566013734203 19720089391.96396 18998779609.56739 1762.0
2358.360006576924 310.59282257873593 18998779609.56739 20563066195.49441 1653.0
1672.5806978494627 311.4881331247106 20563066195.49441 20313719730.246086 1645.0
1966.2447440444444 311.3454210910291 20313719730.246086 20971012545.98681 1577.0
1823.7674707912704 311.72161890223606 20971012545.98681 21255129637.767487 1559.0
1460.9157088916459 311.8842317065977 21255129637.767487 20765443035.918247 1521.0
1121.3354689054893 311.6039623603012 20765443035.918247 19515101496.767815 1514.0
718.9824549877055 310.8883364793772 19515101496.767815 17222452399.875267 1507.0
711.4747641784395 309.49096260645814 17222452399.875267 15110301404.343227 1501.0
786.6325126099701 308.0391128707336 15110301404.343227 13245838597.981598 1499.0
1408.1550563748085 306.75751897029255 13245838597.981598 11367637496.684172 2113.0
1915.64362307692 305.4664816446826 11367637496.684172 10731849448.3329 2168.0
2361.980010256413 305.02945384130663 10731849448.3329 10710977992.647392 2324.0
2433.026673243591 305.01510722618053 10710977992.647392 11478939618.511875 2055.0
1952.0304802118517 305.5429884647456 11478939618.511875 12192623172.79543 1588.0
2102.939188488889 306.03356005828664 12192623172.79543 13580558341.408031 1455.0
1882.4825245547113 306.9875985299753 13580558341.408031 14326134252.00292 1470.0
1749.9345260959471 307.5000922821026 14326134252.00292 14659552170.938147 1520.0
1745.0826911277113 307.729276994046 14659552170.938147 15110031926.869484 1492.0
1334.305035632867 308.0389276373862 15110031926.869484 14502181001.230314 1499.0
1128.408097511773 307.62110324527794 14502181001.230314 13474328700.97776 1501.0
1164.3389109715981 306.91457843069685 13474328700.97776 12622887126.595064 1498.0
1663.8536946236563 306.32931476944947 12622887126.595064 11785748477.218668 1980.0
1047.6298428571429 305.7538826486243 11785748477.218668 8712003622.937023 2308.0
3279.8746129683427 303.33698151323773 8712003622.937023 11911986518.517523 2040.0
2460.018339910258 305.8406561166604 11911986518.517523 12489126784.92513 2153.0
1890.5466092441097 306.2373706247767 12489126784.92513 12601661763.309076 1749.0
2100.939188488889 306.31472488542005 12601661763.309076 13867577698.499147 1499.0
1660.10789078341 307.1848898120011 13867577698.499147 13940341635.261475 1499.0
1557.2819569892472 307.2349062656458 13940341635.261475 13866592911.73187 1481.0
1725.7354689054891 307.18421288956 13866592911.73187 14235098337.476177 1506.0
1598.5442829446947 307.43751604170757 14235098337.476177 14334577813.287184 1500.0
1640.2258622222223 307.50589621479736 14334577813.287184 14658438691.729383 1491.0
2036.4959855394895 307.72851161103205 14658438691.729383 16148376449.230745 1497.0
2468.2667172043016 308.75266459254243 16148376449.230745 16550881348.946741 2322.0
3012.36692451438 309.0293382931996 16550881348.946741 18655433471.39665 2130.0
3236.9256882371596 310.39631036595506 18655433471.39665 20970200115.680264 2315.0
1431.4572077777777 311.7211539123628 20970200115.680264 19235909477.703743 1998.0
1475.8161655913977 310.728542512422 19235909477.703743 18574282463.154194 1606.0
1360.589417777778 310.34986404713493 18574282463.154194 17432131554.911167 1673.0
1207.0677322580646 309.6350918029359 17432131554.911167 16042003050.200523 1582.0
903.4535580645162 308.67954567651947 16042003050.200523 14021160866.341146 1551.0
723.4887233333333 307.2904597651507 14021160866.341146 11751404484.05822 1524.0
545.4612537634408 305.73027528461523 11751404484.05822 9010004945.662424 1514.0
586.4942086228839 303.58765557340377 9010004945.662424 6598596346.273357 1497.0
797.5835346275122 301.55921630743046 6598596346.273357 4758419981.039506 1497.0
