3108.9551703856187 312.5358064514652 22393561032.0 29319487300.939774 528.0
3400.5812102286654 316.2687553505083 29319487300.939774 26197210455.472927 4676.0
3333.157413978499 314.7128036031782 26197210455.472927 24116047557.77104 4046.0
2113.6489899999997 313.52166183480483 24116047557.77104 26906403018.609074 923.0
1149.3778591397852 315.10041784574855 26906403018.609074 28349797609.115284 472.0
856.5766511111111 315.79926290748296 28349797609.115284 28912207148.010628 482.0
744.9412591397844 316.07156344921594 28912207148.010628 29111023288.08102 487.0
676.7719354838711 316.1678238055975 29111023288.08102 29239583044.96111 486.0
348.8985511111111 316.23006828941664 29239583044.96111 28656471546.78647 468.0
289.09765161290323 315.9477445273489 28656471546.78647 27980610786.041813 459.0
398.5830266666668 315.62051456669013 27980610786.041813 27725081275.158688 465.0
928.3773806451617 315.4967954271128 27725081275.158688 29003423536.08106 473.0
1840.9675462365633 316.1157274794621 29003423536.08106 31465500687.135277 927.0
4876.114625000002 317.3077857495571 31465500687.135277 31109930012.588398 5007.0
4025.0733376344087 317.135629908293 31109930012.588398 27256414966.02455 5395.0
1479.0213355555557 315.26988233079527 27256414966.02455 27924105461.562122 1103.0
861.0902290322583 315.59315651281213 27924105461.562122 28570109834.848553 480.0
644.5276122222222 315.90593097455627 28570109834.848553 28632332032.918537 463.0
360.5713301075273 315.9360569540615 28632332032.918537 27882660381.468323 459.0
292.98196129032283 315.5730901430562 27882660381.468323 27090142326.081993 450.0
294.96858333333336 315.18937848653144 27090142326.081993 26434028064.36149 446.0
300.2592870967742 314.8483448170567 26434028064.36149 25825636365.273163 448.0
358.2735 314.5001352823221 25825636365.273163 25502464391.726067 452.0
491.0909505376343 314.3151696381216 25502464391.726067 25638938020.04678 461.0
1379.5990774193551 314.3932795444407 25638938020.04678 26974210877.950287 886.0
6395.423035714286 315.13324822211206 26974210877.950287 30172428050.827717 5058.0
4728.195558064515 316.6817217250062 30172428050.827717 27637846242.40564 5606.0
1368.2404655555556 315.454559040576 27637846242.40564 28156795134.29051 1049.0
867.0971258064513 315.70581734012325 28156795134.29051 28814741332.019276 481.0
761.3152133333333 316.0243736477289 28814741332.019276 29156380229.225876 471.0
569.1410838709677 316.18978417218256 29156380229.225876 28905603300.719223 479.0
243.19320967741936 316.0683660795581 28905603300.719223 27947131556.055347 460.0
247.23734444444443 315.6043050043843 27947131556.055347 27145637838.526043 453.0
270.6231344086022 315.2162476220229 27145637838.526043 26441902853.799747 453.0
346.35937 314.85285190808133 26441902853.799747 26073997772.706226 457.0
427.94106666666715 314.64228352375585 26073997772.706226 26025762516.263744 467.0
1702.8724632183967 314.6146763485942 26025762516.263744 28173506820.96705 906.0
6860.951 315.71390859928687 28173506820.96705 31611698829.801846 5424.0
6251.6292115975375 317.3785701703311 31611698829.801846 34947025282.86113 4933.0
2084.975095238097 318.99342756021167 34947025282.86113 37191395256.310135 1084.0
960.1726139784946 320.06760945209567 37191395256.310135 37644780171.83909 630.0
800.7080166666666 320.25294188792986 37644780171.83909 37939510735.83121 506.0
526.9265293595142 320.3734203852696 37939510735.83121 37509417532.918976 478.0
236.10641505376339 320.1976090201331 37509417532.918976 36438966247.70103 475.0
203.11912 319.71577720911256 36438966247.70103 35428725208.12236 475.0
185.61600541474655 319.2266511126767 35428725208.12236 34406264578.173965 476.0
285.10666333333336 318.7316086850847 34406264578.173965 33819463995.49458 476.0
1617.1545052995377 318.44749878739935 33819463995.49458 36933296554.675514 479.0
3261.0693927741913 319.95511598464003 36933296554.675514 42317160989.28756 1257.0
8000.712193 322.1628945316613 42317160989.28756 40986854571.02907 8532.0
7871.584134532258 321.6190984756897 40986854571.02907 38764143798.8801 8621.0
3053.4878764444447 320.7105097965173 38764143798.8801 42483717681.68179 1475.0
1379.614495698926 322.23097874983586 42483717681.68179 44372095491.578964 501.0
512.1763166666667 323.00290045983604 44372095491.578964 43947358861.762436 480.0
298.8672881720431 322.8292787280675 43947358861.762436 42848778675.80079 484.0
201.55203870967745 322.38020657138605 42848778675.80079 41642359772.327805 480.0
356.04658001660033 321.88705263891313 41642359772.327805 41008645437.20662 474.0
217.1928717419355 321.628006037828 41008645437.20662 40064840069.719574 471.0
296.92637666666667 321.24220196336813 40064840069.719574 39516714335.52331 470.0
347.52364516129035 321.0181418458332 39516714335.52331 39247030531.4748 474.0
1683.4880499298738 320.9079018387279 39247030531.4748 40700197992.07696 1147.0
5209.510889826835 321.5019204218873 40700197992.07696 34782386387.85147 7638.0
2444.661692127496 318.9137147225 34782386387.85147 24164002005.167786 6340.0
1101.1558444444445 313.5491082905035 24164002005.167786 24166357626.546284 989.0
747.8949096774197 313.5504565170251 24166357626.546284 24553134900.978325 473.0
952.3169662666667 313.7718262940581 24553134900.978325 25461446678.248093 454.0
600.4045675654638 314.29169338269696 25461446678.248093 25404376897.25152 449.0
484.34312824648475 314.2590298175661 25404376897.25152 25165586225.54697 440.0
464.6604689054892 314.12235933238725 25165586225.54697 25004064828.687126 428.0
379.0332241935484 314.0299134779574 25004064828.687126 24662666691.995884 429.0
440.48119555555553 313.8345161927632 24662666691.995884 24587833045.271473 439.0
581.1607999999998 313.7916855799402 24587833045.271473 24980796120.2915 455.0
1295.130647311827 314.0165957648189 24980796120.2915 26100355764.27978 882.0
4035.2407940476187 314.65736937058136 26100355764.27978 23847536061.609997 4952.0
2736.147467741935 313.3679808044929 23847536061.609997 17564984258.193523 5023.0
1647.7155621324798 309.7264120553984 17564984258.193523 19246717302.550293 900.0
506.12157741935425 310.7347283096098 19246717302.550293 19133074091.26569 431.0
402.0080966666667 310.6696852628581 19133074091.26569 18832392161.68738 387.0
486.48573225806444 310.49759166763243 18832392161.68738 18776915068.84483 356.0
400.85180860215064 310.4658396685238 18776915068.84483 18706783134.614124 310.0
479.03829999999994 310.42570005415183 18706783134.614124 19030011143.890095 267.0
369.16711612903237 310.6106977700836 19030011143.890095 19076039996.564144 283.0
395.60103000000004 310.6370421225756 19076039996.564144 19108319735.95278 356.0
1664.929155913982 310.65551724814145 19108319735.95278 22557930556.186813 396.0
3160.0411376344086 312.62988241539995 22557930556.186813 29170716963.381657 696.0
3950.446702380948 316.1967255560093 29170716963.381657 29349408930.323944 3861.0
4437.552295698919 316.28324243745715 29349408930.323944 25582691175.81992 5777.0
3880.054658 314.3610869824977 25582691175.81992 32670869608.91426 1024.0
765.291295550612 317.89138646698666 32670869608.91426 33029279748.03438 481.0
692.0544266666666 318.064917085327 33029279748.03438 33156235650.43393 474.0
807.8284806451611 318.126385034586 33156235650.43393 33454402539.549236 500.0
373.6187494623658 318.27074781618535 33454402539.549236 32738700366.121803 489.0
314.1153733333333 317.9242279297578 32738700366.121803 32029386110.97587 476.0
321.86428846866943 317.5808008671327 32029386110.97587 31402199307.619987 469.0
354.0164881831363 317.2771372652368 31402199307.619987 31016159294.511658 469.0
771.6327228627979 317.09022915392256 31016159294.511658 31874961692.192337 474.0
2005.3705056662216 317.50603354904246 31874961692.192337 34413766181.5557 1063.0
6569.370601744117 318.7352407192581 34413766181.5557 34736608534.84878 6419.0
4692.544422416784 318.89155056398215 34736608534.84878 31242629257.960247 5924.0
1953.5426143290088 317.1998785987994 31242629257.960247 32860938527.853046 1202.0
957.5799379289524 317.9834117012942 32860938527.853046 33707599447.64706 490.0
717.4976946405225 318.3933375848006 33707599447.64706 33888028132.737137 477.0
346.8314594895249 318.48069532910677 33888028132.737137 33046584018.966312 464.0
282.66770413078405 318.07329525465593 33046584018.966312 32192009360.104748 451.0
298.6015858667424 317.6595377941826 32192009360.104748 31530349055.29979 443.0
249.54156021505378 317.339183235838 31530349055.29979 30781119452.011257 443.0
313.43247333333335 316.97643045028144 30781119452.011257 30340027504.928505 450.0
355.56839032258074 316.76286796985016 30340027504.928505 30120773825.152245 460.0
812.4690612903228 316.6567124165548 30120773825.152245 29795918735.990192 939.0
3089.8323035714284 316.49942807010274 29795918735.990192 24557823070.506317 5240.0
2646.253822580644 313.77450954126965 24557823070.506317 18246508450.79928 4943.0
934.3903933333333 310.1622644521516 18246508450.79928 18059932445.360294 908.0
665.9587322580652 310.0554787347529 18059932445.360294 18359542337.430317 439.0
350.39831333333336 310.2269587553974 18359542337.430317 17902761976.455536 398.0
477.73545806451614 309.95859360493233 17902761976.455536 17845409156.62523 351.0
414.52732043010747 309.9191704403528 17845409156.62523 17818128925.757076 310.0
402.2718211111111 309.9004185632094 17818128925.757076 17903254323.06394 284.0
399.0346139784947 309.9589320340005 17903254323.06394 18036238197.436943 282.0
416.15644999999995 310.0419174664818 18036238197.436943 18159578417.5144 342.0
495.98394193548324 310.1125105411598 18159578417.5144 18507813949.035686 384.0
827.4845645161291 310.31182117046455 18507813949.035686 19072243136.775116 621.0
2777.6661142857156 310.6348690114326 19072243136.775116 20764686457.20319 2065.0
2965.312884731182 311.6035293367692 20764686457.20319 19939643210.28707 3215.0
1531.5570255555556 311.13132051870826 19939643210.28707 21442364141.94829 848.0
847.1778623655921 311.9913943120125 21442364141.94829 22309913366.294724 399.0
325.47908222222225 312.4879311849214 22309913366.294724 21858329386.337425 360.0
408.3085580645161 312.2294696579312 21858329386.337425 21664181464.545174 320.0
368.5418516129032 312.1183501971985 21664181464.545174 21555146398.649746 285.0
387.08878555555555 312.0559445962968 21555146398.649746 21647513493.386246 259.0
396.6228827956989 312.1088103785407 21647513493.386246 21818111357.33971 260.0
397.5898644444444 312.2064510973785 21818111357.33971 21921360458.812992 329.0
525.5773354838711 312.2655451343939 21921360458.812992 22376960654.30233 375.0
1336.7992075268814 312.52630531954117 22376960654.30233 24215573441.242744 655.0
3260.8929642857115 313.5786249091362 24215573441.242744 25102245831.1493 2880.0
1926.7229376344094 314.0861068172787 25102245831.1493 19097938655.28991 4108.0
1164.3240844444445 310.6495756955643 19097938655.28991 19570781464.021214 881.0
677.5560204301074 310.92020459250296 19570781464.021214 19955323248.837833 415.0
309.78319555555555 311.14029489974695 19955323248.837833 19444082610.783615 374.0
435.11930322580645 310.8476892232049 19444082610.783615 19331664041.6683 324.0
382.9280397849461 310.7833470934457 19331664041.6683 19274026640.616627 286.0
386.1572444444445 310.7503586541991 19274026640.616627 19354342428.359055 267.0
377.2002193548387 310.7963269393081 19354342428.359055 19439279808.336452 276.0
412.79680222222225 310.84494036649295 19439279808.336452 19595844615.984985 325.0
1232.729738709677 310.93454934522947 19595844615.984985 21933315190.890984 379.0
3103.7755268817177 312.27238735742384 21933315190.890984 28448807804.97179 676.0
3462.5809749999926 315.8472004478415 28448807804.97179 27750360951.832016 3736.0
3793.4947043010725 315.5090350304212 27750360951.832016 23680943042.65485 5248.0
1463.1369422222233 313.27263223595173 23680943042.65485 24600956892.022667 997.0
811.8517516129034 313.7991969391155 24600956892.022667 25203611715.098545 455.0
319.18933000000004 314.1441230054364 25203611715.098545 24477243101.58174 452.0
403.2874806451614 313.728390053561 24477243101.58174 23932351103.165955 438.0
339.2147430107527 313.4165242119768 23932351103.165955 23348070353.433216 428.0
336.4265488888889 313.08211444221223 23348070353.433216 22868940018.308666 426.0
319.9195677419355 312.8078869152408 22868940018.308666 22383276091.89092 427.0
361.4232333333333 312.52991992438814 22383276091.89092 22112277038.47661 437.0
450.285622580645 312.37481515480573 22112277038.47661 22154606465.981472 454.0
1817.0539817204262 312.3990421623062 22154606465.981472 24834967475.92036 821.0
5757.275121428573 313.9331315681779 24834967475.92036 26595195802.059322 5015.0
6138.072377096776 314.94058825667315 26595195802.059322 27791055092.830143 5625.0
2059.8911022222223 315.52873781971056 27791055092.830143 30136217195.77605 1034.0
948.3459827956987 316.66418959803235 30136217195.77605 30870800418.55816 529.0
870.6144811111111 317.01985107899594 30870800418.55816 31375221976.782063 512.0
745.6616161290324 317.2640757125894 31375221976.782063 31567051828.025364 483.0
347.09897956989204 317.3569535334683 31567051828.025364 30837569638.02915 472.0
267.94666444444414 317.00376180789635 30837569638.02915 30037992695.194218 468.0
273.0182806451613 316.6166324659602 30037992695.194218 29287412294.29888 469.0
345.0343911111111 316.253225667812 29287412294.29888 28878429122.542377 470.0
402.2800612903225 316.0552092197843 28878429122.542377 28742746636.79757 475.0
897.9620741935482 315.98951614060115 28742746636.79757 28464440862.387768 1007.0
4980.054490476192 315.8547694695399 28464440862.387768 26690912431.879246 5698.0
5445.477134408603 314.9953711263045 26690912431.879246 24544826441.22166 6182.0
1252.4026466666667 313.76707099428893 24544826441.22166 24760253451.815197 1057.0
714.3734150537637 313.8903694206818 24760253451.815197 25013536418.21108 488.0
656.62382 314.03533448844496 25013536418.21108 25123857094.415215 466.0
366.596935483871 314.0984759011076 25123857094.415215 24435518647.41863 453.0
305.5695376344086 313.7045092991178 24435518647.41863 23707326624.48445 447.0
304.6146770114942 313.287732729215 23707326624.48445 23095070866.660885 445.0
304.15974946236554 312.93731162240204 23095070866.660885 22523618200.37586 443.0
369.9232166666667 312.6102439333653 22523618200.37586 22245933419.706055 448.0
831.8588290322582 312.4513126257475 22245933419.706055 23289504157.804504 462.0
1995.6508202289988 313.04859441266285 23289504157.804504 26279794867.485153 884.0
6058.009781657237 314.76007032250754 26279794867.485153 27968315617.868 5345.0
5499.839666731783 315.61456164320134 27968315617.868 30226559030.136242 4588.0
2117.41556213248 316.7079301976064 30226559030.136242 32532256955.82545 1102.0
1230.9686522548625 317.824274695374 32532256955.82545 34052191894.727695 512.0
1356.3447440444445 318.5601781227499 34052191894.727695 35854896127.21151 487.0
893.8292987482596 319.43298931306845 35854896127.21151 36395721997.50525 487.0
758.2167841604632 319.6948397392782 36395721997.50525 36694157409.159225 487.0
367.9826911277114 319.83933253082176 36694157409.159225 36098815463.39522 479.0
259.4904370967742 319.55108718088275 36098815463.39522 35263419878.80032 479.0
317.07975999999996 319.1466156089863 35263419878.80032 34745304992.17187 481.0
381.0799516129033 318.89576110785896 34745304992.17187 34537019462.158295 483.0
1531.3118172043012 318.7949159785796 34537019462.158295 35648517147.228 1122.0
7691.117951190472 319.33306727376197 35648517147.228 37573443357.69039 6878.0
5403.0486215725805 320.22378117905316 37573443357.69039 33229934353.27356 6949.0
2077.629451021369 318.1620675671897 33229934353.27356 34285085126.931778 1540.0
691.8333860215057 318.6729375069874 34285085126.931778 34207807749.001686 567.0
774.9669662666668 318.63552229543996 34207807749.001686 34533378988.02451 477.0
506.716395522453 318.7931533785342 34533378988.02451 34091998719.387737 472.0
398.64689168734503 318.5794513021147 34091998719.387737 33489926465.24352 470.0
376.238246683267 318.28794735414135 33489926465.24352 32956041831.47536 469.0
239.30234746082385 318.0294576505642 32956041831.47536 32110116997.476757 467.0
437.55809751177276 317.619888156036 32110116997.476757 31934312653.47468 471.0
567.8986416422282 317.534769368391 31934312653.47468 32245375553.59285 475.0
1629.6281746543784 317.68537598217915 32245375553.59285 33595610718.59329 1131.0
6689.221004029301 318.3391162576708 33595610718.59329 31526726781.002567 7528.0
7079.993451116628 317.3374294475659 31526726781.002567 28706759129.989784 8063.0
2017.5322287991467 315.9720921516364 28706759129.989784 30213831813.44696 1314.0
833.7347812871205 316.70176809017477 30213831813.44696 30711329451.86033 503.0
786.2725218222222 316.94264038532987 30711329451.86033 31009254998.138348 508.0
731.4852127267542 317.086886316519 31009254998.138348 31208858944.972378 467.0
432.6146336228288 317.18352810350166 31208858944.972378 30731287000.779297 464.0
398.24935779437806 316.9523031862009 30731287000.779297 30274350436.30047 466.0
255.25396036404965 316.73106925355887 30274350436.30047 29486115671.49951 465.0
450.255319733995 316.34943142805247 29486115671.49951 29354584577.95827 468.0
675.7717066705229 316.2857483189495 29354584577.95827 29952231530.640366 475.0
1660.052619354839 316.5751096788227 29952231530.640366 31538814672.564426 1073.0
5168.415557142857 317.343282014411 31538814672.564426 27512696209.324234 6817.0
6579.874612968342 315.3939654349396 27512696209.324234 27910990962.082752 6364.0
1823.89056213248 315.58680689555666 27910990962.082752 29373912167.676815 1139.0
804.0062866634646 316.29510611391345 29373912167.676815 29799852058.36782 502.0
900.9669662666668 316.5013324578134 29799852058.36782 30493138539.44178 472.0
415.3686434715821 316.8369993896784 30493138539.44178 29842848218.331753 471.0
239.69324731182786 316.5221498103669 29842848218.331753 28839879363.123184 471.0
408.25491334993364 316.0365446708256 28839879363.123184 28406882605.40063 470.0
261.95288509523243 315.826901619735 28406882605.40063 27629941547.493385 470.0
322.7008622222222 315.450731842497 27629941547.493385 27160212002.406677 472.0
846.6169532814249 315.22330396165717 27160212002.406677 28208199946.677185 477.0
1976.183383870968 315.73070589071233 28208199946.677185 30759073912.470844 1029.0
6747.170495942952 316.96575671176083 30759073912.470844 30967570944.063923 6645.0
7564.318161355439 317.06670424327683 30967570944.063923 30065022658.460266 7831.0
1112.57943 316.6297195015301 30065022658.460266 28519682567.65862 1587.0
526.82691827957 315.8815157197921 28519682567.65862 28202729007.403614 505.0
201.0616400000001 315.7280570385415 28202729007.403614 27121741081.432186 463.0
286.9225709677419 315.2046775837282 27121741081.432186 26222370260.23615 446.0
236.84334301075268 314.7272036745857 26222370260.23615 25317405251.32182 440.0
266.74983444444445 314.20925208981333 25317405251.32182 24651161001.549927 425.0
262.91017849462366 313.82793097616184 24651161001.549927 24003412639.29097 428.0
473.64143084510613 313.4571958787151 24003412639.29097 24018045047.494785 438.0
695.3254701113832 313.46557065447274 24018045047.494785 24724388830.734222 452.0
