11.833634611633661
0.4384755482179141
1.7267720657612795
6.265221852627263
12.582341946458932
13.369517499895382
13.33400193035387
13.326023519158344
13.352783625507016
13.288468737720994
13.326181818369049
13.287316721506986
5.07837802911499
1.1486919675964735
2.6039092929423138
3.60479392490916
12.205862660034807
13.317870770229469
13.30227026187542
13.27659799695412
13.318430028374108
13.28849968978884
13.304992400085068
13.245843205134129
4.2486180598319
0.9577482139577107
2.3898997327627303
5.673871864711192
12.226639581792087
13.33138523641064
13.307876939418529
13.29686019608541
13.32696268154277
13.275289016534638
13.314215625786046
13.239065449041455
4.018419542450438
1.1121250301681016
2.695079409622794
7.5103165483052825
12.247322108313485
13.248232855197564
13.24740188104212
13.136973375132783
13.272512034756662
13.222862179039932
12.38731114096891
1.1272316760208767
3.3734632271916727
1.7355906404934789
3.3259074758664564
1.2291017420024772
1.334614195147223
6.872274580762043
12.12158141295371
13.220456323044893
13.249316681326638
13.2167132239443
13.230231528139385
13.174308924655797
4.019533144546786
1.4912421142413272
2.7769356038047928
2.9648835245853675
12.408965083351507
13.302014700987897
13.289126248848108
13.284417792082204
13.316986633233682
13.255814561934667
13.294758266475144
13.213260232794108
3.8311159718332686
0.9741704526535955
1.9774951580772946
4.080594374238796
12.797448332967672
13.627044166892599
13.570193128038976
13.53129101640079
13.505733994689745
13.440511953808254
13.464864169572662
13.41954215535206
7.556506772026919
0.011353646369565595
1.3359420122155274
8.337817545778062
12.890543417214268
13.343502657634332
13.34010536437874
13.333460023830435
13.35926677408611
13.313441484005109
13.335920057735542
13.297249779087778
3.9029331423407037
1.005015823650714
2.4256307142372844
4.5834093493562165
12.173522908521166
13.322181180784138
13.290948169332125
13.281902263525632
13.330407042467662
13.285874002190203
13.305502259591988
13.275217500129441
4.833436287493196
0.645745916465188
1.6513949486067236
5.755685304932868
13.15394776892387
13.768646617622043
13.697749388123821
13.626626632694363
13.528161172983308
13.472362568712294
13.501907950760463
13.457887204895238
9.555210882579104
1.0369108383212247
0.11203460833519152
8.429145590858123
13.905059241421402
14.12542736196282
14.011622018626458
13.84774390369716
13.73561853130022
13.61803440586138
13.588352887894686
13.535884184850882
10.66996832816778
1.5341831720926074
0.02515506350270158
8.547916270465116
13.868506090917528
14.202666756305474
14.079638549232113
13.946330094290078
13.696605404560685
13.641513728806379
13.605483937474606
13.528681950899344
10.201595148542573
0.8576911830041212
0.6048970994566485
7.775587535273805
13.10148539678936
13.745606719254006
13.610956203501441
13.501659157488307
13.556015106852554
13.47226619004857
13.491049506773834
13.42075724272895
5.058847361682638
0.0372975785416525
1.3522345014318446
7.593585061396341
12.644545349823156
13.365597360185106
13.338445659721758
13.325390546041252
13.35944131784003
13.314784591298272
13.351958355674917
13.291975640810334
1.6715482942293427
0.850196869185968
1.903299882256226
6.563196933148522
12.745346773067059
13.414679613313472
13.384494591417743
13.395407641662592
13.420515214611232
13.380656311297574
13.4022249133432
13.336415701986272
4.035780281904694
0.5072172798238235
1.9411403581293687
7.90495026325969
13.067426722240153
13.330431627415777
13.275720852957276
13.276260105620295
13.296711787692267
13.246127655070035
13.285734053923962
13.239541293650175
0.15064161061275172
1.6536140661735121
3.332489489242347
0.08408412153874067
11.964937957697156
12.9343082105811
11.844627580011174
13.12445683127337
13.247043758493028
13.213855405479773
10.74282439760087
6.358066860736754
1.4943728289878155
1.631828539516535
2.934349929026583
2.915935117088056
12.27539898730997
13.237244156212801
13.239238690230797
13.248387161042416
13.295832351036553
13.24861733252848
13.288458475751545
13.202692239949954
0.6842624136963895
1.5115737474764739
2.628198544508537
5.358406193752771
12.498243598244448
13.247986549806598
13.265417375745725
13.26214316855032
13.311671053343721
13.272602631849335
13.319017908360088
13.236310890540725
0.7358607003775273
1.4638573449187913
2.9478663211333593
0.4326083618585148
11.963251608884411
13.268394621734165
13.258427665988503
13.284546841633961
13.304984933264867
13.253013977048763
13.314760091339275
13.248568308470224
