0.1311357096069763
1.0458161059055495
2.023805386699955
2.9581340049690947
2.455084503906459
3.2550201113317616
3.0519541392343292
3.1613704670348373
3.599831212473944
3.322613727888923
3.5940991653130734
3.470355568568932
0.4391857661234546
1.723775380738033
2.233620011928723
2.876879133938507
2.793558946568595
3.443057254643797
3.2949577915655084
3.4820986337894357
3.932534004771819
3.723055514561821
4.2286999883444665
4.045719376888908
1.0687408679479926
1.496087297702898
0.6285679131788928
2.895089643844196
3.4433375839196643
3.970277622147819
3.870819162001254
3.9350210790155504
4.412304314099799
4.185848889753373
4.67219287456369
4.51834843840553
1.1706595623338636
1.5184333921801638
1.1513284434436155
3.48642164766159
2.8201849929605665
3.9848760126078187
3.5699913945756823
3.9133226443514584
4.268757221671258
3.930683768990198
4.32742993169102
3.9609413513941476
1.6748719531779468
0.8014616274078818
0.35993401832735117
1.6125372769501816
2.515865524435428
2.9793581975379038
2.982201215730578
3.194102926934189
3.698922653297286
3.4628515902329617
3.9691846693820363
3.7668881526644196
0.6100154491388068
0.24367881752105625
1.1290733943405407
1.548179344213537
3.439592107794505
3.9749644871567895
3.8691790765625793
4.022834366587743
4.492224594153003
4.344442555758619
4.843898851324992
4.710044313562893
1.6129759639242707
2.455949962472568
1.5144120397362055
3.7596915998887166
3.6850414896908337
9.04348516782003
10.041712469057618
10.86444301945016
11.23067921940831
12.51087313051339
13.550551740420238
6.201155836234543
2.757771074578626
2.0706586488003556
2.6640907430633938
2.7559167323287372
3.6768111246722057
5.176600576767861
4.3342884491802085
4.447744677159081
4.697818441164095
4.412695112978151
4.874763376303484
4.710637089465422
0.9745687754609893
2.3022238353821916
3.456457923423839
3.9947548523267162
3.9304406595014107
4.80671915743218
4.395456436750292
4.5284309437111485
5.060059470147431
4.956388101834651
5.495649511414175
8.067877637313073
10.951163120570985
8.265123510742
4.17265228131855
8.116837199286222
8.10913616714672
9.085093145046745
10.403988453237965
11.277458249676506
12.03459627746054
12.620399036517444
13.216003833447154
13.07080665483403
10.746328635968908
4.449694749525662
2.7289898844167
3.058726287081239
7.5781794590582985
9.866369578413089
10.800764922947486
11.595788245036484
12.213189472617817
12.69693293288517
12.990207635010297
11.861840574543074
8.009742578025845
2.8118435235975916
1.6582273440099158
3.98092372285533
7.142701250064989
7.6585913243627415
8.548153364198352
9.900865788738779
11.138564216362806
11.841666298634633
12.272265678655657
7.447536533198257
1.7430695878932738
2.122616333418966
2.714882780628024
2.823995168515127
3.9237869703556676
6.401537309756234
4.847164030805271
5.059424604088115
5.211750995209847
4.894742860848092
5.240541525424902
5.07393136624211
1.5810644673038912
1.8954045269711273
1.3066664369515308
3.70128395786133
4.168845372097065
4.610330785785839
4.731148281651617
5.676799428394963
4.846139194186719
4.524116027793967
4.919528615798404
4.719556020415281
2.642287988937573
3.754738198023629
2.7261021898453617
3.899330580184941
4.25710843168771
5.18236805697317
5.110041313879384
4.988790900772042
5.365432619098295
5.184708080343453
5.70886373953862
8.378985341628608
3.9020108728803855
2.9473719707967234
4.824907087764174
4.6068266820310395
4.375408542080992
5.0606836877063355
5.859390523164489
4.940694993373958
4.625648892601427
4.215408714517215
4.566004105032011
4.2846061671079525
1.2208225936501709
2.3938377341272883
2.327465967478492
3.490601762241063
3.0846606660844476
3.923111236855636
3.6579100261169426
3.9062433764482147
4.321226606353779
4.0996623999345125
4.604822179911727
4.427916205972009
0.47756069911009646
1.6661603128362064
0.24791747608226444
1.5236322179310946
4.083643686128463
5.219171967996841
4.721501786312704
4.339268177986131
4.826753839421336
4.42793395877187
4.77848035990986
4.542335695782606
1.4140705564304046
1.0842586194304396
1.4079711149430327
0.795077176184682
2.9504471694925147
4.91259166565515
4.509785109224717
4.624950218140675
4.786824103301328
4.4788960364339925
4.853841497941167
4.4710761531411904
0.785904880946978
1.4527696355911957
1.023404389633562
1.054393719757778
3.4331724186766124
3.3826083399349827
3.709077349515006
4.01518670065253
4.6607729083835086
4.550673070669676
5.177970903716767
5.0615537276857925
