1.332552064494502
0.0459430123731881
1.3479102192001182
0.7849266043013046
1.0263218211813818
0.10711412148179988
0.005625849018302986
0.46679154197543227
4.391498498678727
12.224294369410515
12.354499413205426
9.240278195910115
2.4170638876234722
2.43417466829645
1.0974306979495712
6.015511865255279
10.987187611503705
11.99653150547989
12.297808706876937
12.445422252617611
12.88479772570859
12.883542975338663
12.702941529387783
11.792434219503066
4.863085843790618
2.4444855086914004
1.035780906143886
4.160223791507319
10.579188475893869
12.060961066891
12.403413896896764
12.47776318359957
12.64087604998
12.983733463649966
12.725758009730132
12.088866379958409
1.4934575844197102
2.428942931266766
0.9887077925039769
1.3771552495013726
9.6284857793926
11.565774776562673
10.45530417804765
9.927277715401416
12.100414355347404
13.166916152196753
12.904545476671826
5.182851383633123
1.1545971068159613
2.3310729492321514
1.0771865239639187
1.4193933467738944
5.524265290634068
12.725919426658578
13.049986523863733
13.046628706860464
12.276716580756693
12.955086415417256
12.788011721307212
12.398915727447074
2.431449112513011
2.4331182507892315
1.090301437665799
6.687071127857585
10.691691819816922
10.904027809217826
11.42043277815408
11.993205510884534
12.207264485773289
12.575909148407906
12.393398050396653
11.287574623743804
4.8819715726970845
2.799564260288319
1.4723742134705464
1.5707813111533575
11.269555335145387
13.2488961891823
12.849303944261555
13.05345623856871
12.687175432987836
13.137994035127544
12.85896758487265
5.505025388998682
1.1562400685538705
2.205288214562186
1.0586086521745983
1.4323754411758944
1.7143214452385163
11.251909121744276
11.29100249177585
11.74132246997434
12.203682646900958
12.510815602532235
12.564963586673066
10.081609220521699
1.1795742503252598
2.4214475829973576
1.0614548056545416
4.070711258145556
9.923727789838392
11.332326904852394
11.830340830442879
12.497701257858177
12.731094811292923
13.006932326387194
12.891282071682822
12.44203541840513
8.563669580339315
2.4612114622297607
1.080395483020471
6.625392870898027
11.054202705099584
13.431079480353892
13.133063147688285
13.100193923416738
13.18248950580762
13.066610230132135
12.741180757645688
12.008692819782587
8.148599325743088
2.4594717155897623
1.0981259219867532
2.592113106477024
9.826961104127601
13.026072924829739
13.11905716268986
13.127647278002092
13.119901346621944
13.093959104710148
12.836502578464316
11.87775988869858
5.484049908190567
2.4473028259976513
1.035463409185656
4.490549538936422
10.837842589514711
13.396544928036526
13.224789799595113
13.295075720380824
13.287730994443104
13.114216447087543
12.908740342590075
7.967887599117814
1.1687146717429808
2.2513228215550605
1.0825055557987966
2.420311350074744
10.159637901357318
12.68398247574611
12.86625003394207
12.990612485522266
13.101027332904486
13.095345362438836
12.832278720983606
12.071626223273885
3.1693368426425668
2.436620199240428
1.1035280371396645
1.515109177770535
9.03949553756776
5.37538480690206
6.788045292990383
10.39105598827626
12.077315435928854
12.682359731455996
12.647668402120866
12.22765763560395
9.168547380079008
2.4640540764683045
1.0940883451595163
7.054184599393885
7.547923472267073
4.245101996965671
8.430294142123692
11.872081888405
13.068438993469705
13.085934209826815
12.873119244798888
9.985188088539987
2.328988258701049
2.4335205529003616
0.9216300160598561
1.3640753804403598
1.3619381102315629
1.036914744951794
0.15513576282252117
0.2464409978204003
1.0999100813430598
6.869935711225522
12.651258540787143
11.725982984370528
2.4946891134329974
2.433646027366116
0.9129149583084555
1.5288824753378822
10.27216681655326
10.617468922653298
11.637528045058216
11.95097007975576
12.202827869469527
13.011140082126333
12.140164333936658
11.202731413169706
6.104219364220995
2.450358494231102
1.1125776490104844
1.5085602195628294
7.177406459391856
2.176083063416179
1.3861169079053894
8.588809081404827
11.667690964086875
12.919071698424775
12.135311403517374
10.661266335074862
4.280874772367428
2.4421976996197152
1.131039536964206
1.4727114801093126
1.1448422312394388
1.3335671538450882
0.5954726812909996
0.7820630217671489
8.274598936814083
12.978599522182696
12.84691434684278
9.694977264429482
1.1775141521551848
2.42791165069554
1.0102046214867695
3.438390557023208
11.308592916060826
13.662396687823962
13.343136643525769
13.374832116440498
13.283271406886708
13.239878983594728
12.151470617975766
10.661266349694293
