10.531022525591194
0.4374189961851709
1.1632540035009757
0.18132846527938895
10.5905319006276
14.494885109999993
14.494885109999993
14.494885109999993
14.494885109999993
14.494885109999993
14.494885109999993
13.433293881441545
2.753841816227167
1.0932080437968068
7.275316599957533
1.7717997738952658
7.367096244173234
14.307522300039878
14.494885109999993
14.494885109999993
14.494885109999993
14.494885109999993
14.494885109999993
14.272999841865438
2.105589031193027
1.2614118464850996
2.874514439996153
1.4280068383948414
7.955350900708079
14.31826588304927
14.494885109999993
14.494885109999993
14.494885109999993
14.494885109999993
14.494885109999993
14.252402876611606
0.7471963672360413
1.1364808451717696
2.8577864563493645
1.6258340348837752
9.291634572186547
14.189694168948648
14.494885109999993
14.494885109999993
14.494885109999993
14.494885109999993
13.696730710753153
12.779188471804371
3.214919599080572
1.7418560057315116
3.4309058183649395
2.3967227457913243
4.0825468442186175
13.893333519281857
11.162646497689714
5.922347536751657
6.061107400510911
8.028291164081324
9.301646255345478
9.758432492680353
3.666050181635244
1.5778860983348668
2.970363017788676
1.3457005404229445
8.573881375636303
14.18167676135924
14.494885109999993
14.494885109999993
14.494885109999993
14.494885109999993
14.494885109999993
14.44175142853972
2.630587851018042
1.1432186612509962
2.566970918679365
1.5566355551089952
7.920107365595955
13.793530060884331
13.706892228241223
14.494885109999993
14.494885109999993
14.494885109999993
14.494885109999993
14.494885109999993
2.3968346085170484
1.1598483266817983
2.608928845548286
1.3047778618691286
4.973075713406034
14.432854898744642
14.494885109999993
14.494885109999993
14.494885109999993
14.494885109999993
14.494885109999993
14.355450597959283
0.0276316402499166
1.569784443718989
2.8024773511301877
1.8391546044062874
6.990815375518351
14.39588688259537
14.494885109999993
14.494885109999993
14.494885109999993
14.494885109999993
14.494885109999993
14.494885109999993
2.134562226972383
1.1540624687236694
2.54476068568683
1.3841804722586097
9.073242078037726
14.054156206971891
14.494885109999993
14.329354519479473
14.403948281898504
14.494885109999993
14.494885109999993
14.494885109999993
5.02277381846722
0.28180744858192597
1.7079518340276518
0.7069453955418457
8.357302336867164
14.25612817037501
14.494885109999993
14.494885109999993
14.494885109999993
14.494885109999993
14.494885109999993
14.494885109999993
5.910781352182958
0.06346304486121035
1.5010690276755128
0.032414244095987144
9.966488644113642
14.424915076168451
14.494885109999993
14.494885109999993
14.494885109999993
14.494885109999993
14.494885109999993
14.494885109999993
4.297382474922117
0.22311018056579535
1.4093024641305227
0.18093118676513065
8.922800709437375
14.494885109999993
14.494885109999993
14.494885109999993
14.494885109999993
14.494885109999993
14.494885109999993
14.450951424822986
3.00555395670831
0.8494149325289371
2.315862194294338
0.7952810447655452
7.874428992982146
14.32762918202585
14.494885109999993
14.494885109999993
14.494885109999993
14.494885109999993
14.023812788180797
13.875189729534226
2.050341117321137
1.1687583195067202
2.7678297228820288
1.717347900989603
4.721516801339581
13.821937783150622
14.494885109999993
14.494885109999993
14.494885109999993
14.494885109999993
14.494885109999993
13.663104947593393
0.6290233763044668
1.6357755682353474
2.9222824373493115
13.801806190623164
6.483731151898494
14.17979361376699
14.494885109999993
14.494885109999993
13.754016753803292
6.200782084547077
6.980748313749612
6.930817721037298
3.3217618870992585
1.7079030967408446
3.4998341990672106
2.202470680474894
4.7543996372083654
13.70570200198528
14.494885109999993
14.494885109999993
8.927634621352594
3.9367878201753044
5.5513638683610615
6.866244542091511
1.6392512657639493
1.5730634362565947
3.014734542606133
1.7729639486723574
4.305620311370619
13.615302734327754
14.494885109999993
14.494885109999993
14.494885109999993
14.494885109999993
14.412342804947434
7.656489071984397
2.3325519581289864
1.6542393764537433
3.086611709890084
2.3850521251507057
3.1932853820066462
13.45849151764091
14.494885109999993
14.494885109999993
14.023897162200946
5.711092548486169
4.835983896055492
0.334640422019703
3.3674264772228693
1.6907166975827739
3.350817814487856
2.3477718110737538
8.212616041551108
13.375296192004507
13.48735012153263
14.494885109999993
14.494885109999993
13.993749386542227
12.104558623573377
9.976472964761427
