14.494885109999993
0.5434331736543765
1.8495806010755746
14.494885109999993
14.494885109999993
14.494885109999993
14.494885109999993
14.494885109999993
14.494885109999993
12.299941917693172
10.96207583039551
7.401996380351314
1.6501897858594443
1.63239372943187
2.9351444969887215
14.494885109999993
14.494885109999993
14.494885109999993
13.02802881289048
8.686930501540573
10.15449318245574
11.545396267091936
12.212283560501273
11.13396208607398
6.994450668088042
1.6037789437688463
3.088933789527852
14.494885109999993
14.45556669982151
3.858574808970406
2.915794163025046
6.7977557498130725
9.574328888394268
11.243833511086791
12.022590002310002
11.161633600589582
4.996361307657589
1.6181245621181315
3.124741155949616
11.939191687451526
2.7609613267630646
0.9573121317517774
1.1353858482924206
3.1520176132006323
4.2961394072623715
4.137704285385606
5.170037800190318
0.6628513304802013
3.3763206173882683
1.6842326608714213
3.0895315157581766
14.494885109999993
11.263484642742156
5.270193912886915
7.820760945173575
10.089704530290387
11.021124251183458
12.631631528046821
13.189428949171708
12.430899066442059
6.982810323655556
1.6067313787739348
2.8856745196278357
14.494885109999993
14.494885109999993
14.494885109999993
13.211212481837888
7.9006954359850825
9.539568539142252
11.490842243177802
12.218472109946852
10.723555300696857
7.119283139758761
1.601804925649093
2.7634472040546054
14.494885109999993
14.494885109999993
14.494885109999993
14.494885109999993
14.494885109999993
14.494885109999993
14.494885109999993
14.494885109999993
14.494885109999993
10.76116657087002
1.6422959778473416
3.143767230299625
10.6878554146849
3.4048525267345138
2.815339983370288
1.4718894156609128
2.6665516122675754
6.852521144968248
9.485554026365694
11.177418117205432
9.051300322500198
3.1916195072876565
1.6255601378231237
3.007743995498254
14.494885109999993
14.494885109999993
9.136157466929152
8.03420741747882
10.672026851736044
12.270035906683338
13.63058483694633
13.959009781569126
13.166776412005579
11.710034231318073
1.5746786124543686
2.7924837225807817
14.494885109999993
14.494885109999993
14.494885109999993
14.494885109999993
14.494885109999993
14.494885109999993
14.494885109999993
14.494885109999993
14.494885109999993
14.494885109999993
1.1038151216778704
2.3151111429527393
14.494885109999993
14.494885109999993
14.494885109999993
14.494885109999993
14.494885109999993
14.494885109999993
14.494885109999993
14.494885109999993
14.494885109999993
14.494885109999993
0.9978079873410657
2.345985063505582
14.494885109999993
14.494885109999993
14.494885109999993
14.494885109999993
14.494885109999993
14.494885109999993
14.494885109999993
14.494885109999993
14.494885109999993
13.007986906856589
1.6192928062575493
3.09968121382118
14.494885109999993
10.568741900514564
0.36869982017031866
1.4063531950226142
3.5114337263576463
5.107791827699657
7.435086226148618
9.645584679756473
9.713933793940795
3.2972128768912636
1.6277647672367248
3.0427128999160704
14.494885109999993
6.829643718907558
2.4369925539507573
0.28543764922313564
2.4377166710791816
4.620541991690855
7.2444404514406875
9.557782947583675
9.939828584333718
9.338981769371149
1.5857130687103886
2.8262715719579408
14.494885109999993
14.494885109999993
14.494885109999993
14.494885109999993
11.293325502197836
9.10020129812386
10.98720388777968
12.064851818626451
9.382698257765368
2.9125341495198818
1.6278874581114007
3.0898603215076097
13.652226698518955
3.340677421871076
2.832169170021631
3.0018668347536934
0.6568376684407085
2.4861257528204312
3.7166880845389603
6.439993746955336
7.533002359867075
4.316145905488526
1.6168797405103401
3.104996236722096
14.494885109999993
14.494885109999993
13.571795009827007
4.36785004990843
5.388924066979682
8.1890889961071
10.83625204827287
11.404045147586151
10.216452776013
6.228563808115972
1.6074849624529985
2.898595106451838
14.494885109999993
14.494885109999993
11.450647504695981
0.8486102402052342
1.8374113479541663
3.2668994340483426
6.041414591901638
8.116331963746523
7.428431826647282
4.104222576951678
1.617127564318908
2.798310041101315
14.494885109999993
14.494885109999993
11.038477304660962
2.607540676909716
3.69371640064173
3.6629486580247796
3.6856694046351404
4.588022701151523
3.020176446477329
0.7049194775471381
1.6418902693362671
3.087418642659598
14.494885109999993
14.494885109999993
14.494885109999993
12.688860535742313
10.193234089685493
11.631223357165975
12.795088601586377
12.454510600939848
10.37373803346917
