5.376600507702721
1.8732648357509856
2.101165167631498
1.9505863993883548
1.6178517423428644
1.7502293783772345
1.32271744060081
1.3705008915725045
1.9284308070986445
6.082672059089289
4.814990226284339
5.375997475797584
3.4304448981640583
1.7115419779285315
2.1056430036208855
2.2267978695723265
3.1749761380889154
3.555979488489193
4.802366804408713
6.178926913081394
3.860442928943618
4.90862175838781
8.938486144712492
9.644456394845065
6.952373942083498
3.0505167575561316
0.16677585162626762
2.2030371703843645
3.120906647576925
3.2694693302318996
1.7997738948622324
2.67512622619571
8.921161800184478
6.563779457816037
8.319784525059372
8.740625954175055
6.97454842627351
3.021864658780906
2.1908399008408477
1.5148457375902318
1.268792045187773
1.7475582245683672
1.518926016531207
2.09471815961364
2.289912123321944
2.350497448085468
3.0148531237949747
2.4377789396670106
2.1188829134892995
0.43797263285153143
0.6888629063448075
0.990262407745579
0.5908954271633053
1.001917950067174
0.597867073324629
0.6450274907522573
1.0402786085462399
0.07546013883707836
1.2964204120552445
2.583715317798248
5.535323017573244
1.712132335926471
2.214654808479919
3.3729142554350204
3.125814333674887
3.3346974515242316
2.917957531005868
4.146402496484763
5.294115843924194
6.33411038941745
5.981587427322575
8.473240513171664
8.524990981854327
5.219687713350487
3.5161362867899744
12.202803567510184
8.730936274028302
7.64350955131519
13.417287069936368
13.235231513263065
11.742906848796295
7.128642102897627
10.487814656131128
14.494885109999993
5.382815692902085
1.9170372854260531
2.0050253372102045
0.9871436080968934
0.6363136748567797
1.134089653540304
0.7340402441057172
0.7943560284366598
1.2992239118734972
0.9115163216805122
1.404473196660657
1.0079025519516787
1.6818456709368128
0.9834964114044791
2.6804721508695817
1.1801230956303002
1.0353837943928248
1.5253031849968703
1.3586136724019955
1.7433197239073852
2.5132137427701853
4.643099038912986
7.8932701073068205
6.861566516590639
9.519788199034668
5.577495586679966
2.5861421752586047
5.7058167137902025
6.339092262201451
6.692082934583751
14.295681913647304
12.789373252447463
14.494885109999993
14.494885109999993
14.494885109999993
14.494885109999993
10.297569059884708
8.384830305265947
1.4767160533317636
2.753739070240403
3.2554857245561433
7.600740101039251
5.171862435507473
8.78313633775599
9.94172550254693
14.494885109999993
14.494885109999993
14.494885109999993
8.293442525109336
4.945909810779099
1.1370076330144911
3.8448544068701747
3.4018875008855805
4.114218285564588
3.8121505841247583
7.799971406047185
12.012098868789945
14.494885109999993
14.494885109999993
10.172445078047167
5.962192197401496
1.3366500594552608
0.8831193491820013
1.24526530872037
0.9896541401175583
1.4292944469673046
0.8969517856036955
1.7321860361608632
0.48579880800286723
1.6268209237013505
1.8106029395611145
4.118237176167133
4.539286910562092
0.9967857484324956
2.3423110798812115
1.4836904096001327
1.2309234957731743
1.6885794336073499
1.197341544659574
1.2599652605104392
3.299105078063983
2.807768390830214
2.9170496190897275
2.3716528556209617
3.837929836043486
2.7304352004086176
1.2317139908834456
2.52446049488314
2.0368876835555643
2.794491133912903
3.233944626975756
4.1926259541111275
5.311035356859335
5.051484672966376
8.772014928613974
8.325908758039553
4.62285316395179
2.444294928350617
1.15839028302155
1.9221921454747797
1.3162345051947497
1.660462077920565
1.1858335103007303
1.209977507730823
1.939946306331601
2.5577880250093337
2.1884918477864215
2.2140030270887205
2.5168989356934066
1.419765214346695
2.6696300244078426
1.5094869832682694
1.167927831432925
1.701867064853106
1.2931097040498223
1.3891098091922984
1.2848062291638485
0.19731703758413843
4.090343277185164
3.9101282464491174
5.2676159602603185
3.101607156297483
1.079601482562671
3.1881936608355748
2.1588117511337934
3.399960657906716
2.697851343467601
2.3738408936829014
3.4303770334835697
2.32011134090736
3.6492109972416475
1.4769971063775618
5.26705222724917
2.383471366873426
0.48482580979993806
2.252328282224642
1.9588940293032202
2.6142848168989037
2.1856792625693213
2.571165000492652
3.0097102148182113
1.697448521647555
3.7983249974160973
1.4242394761764867
4.383285973081387
0.08906872597156834
2.3626987898837317
1.5714344666321995
1.600924199487121
2.5832303641723033
1.7903866317916322
2.7651437237455614
4.124268606233148
9.465802841217123
12.875964284607633
12.844665983363747
