11.196335150182778
0.4039724313054176
1.6495324967228893
8.569141026210007
11.604632844706918
11.834134283510545
11.714618317810327
11.69615078493684
11.777670090716867
11.680982131098856
11.758285135547947
11.652869124564708
1.2833875907321701
1.1715820753382467
2.227390739150012
5.741357384670536
11.487245189021314
11.804505036202679
11.692450606389846
11.68967609141643
11.77932734010569
11.693573025700886
11.77050438171612
11.690084271544777
3.3217884781337013
0.961287457545783
2.2069714812681323
6.9069473895306395
11.46384026764409
11.802167557390323
11.685402467921357
11.686276318263662
11.769255280735859
11.676707096165824
11.770187667577575
11.659457396093764
3.0502532836904415
1.0660734763099242
2.334289383993328
4.988238483004492
11.301907313512958
11.696841760737321
11.590783423105739
11.583811459309114
11.677639217603616
11.590365662436259
11.672836449410624
10.763868798127993
3.3357622143081027
1.721875975415804
3.161476522807666
0.9189157452420726
1.711116867275246
8.480334252503855
11.169259679411086
11.489222602226658
10.877073372749265
11.308153790792394
11.637921166785508
10.37765332755404
4.74659239788217
1.6146394316548882
2.876621968540517
4.0444467938140995
11.30944960138956
11.754851738470176
11.655769635167257
11.64850929100349
11.736236488648746
11.638773721062668
11.73195261053726
11.620996930503438
4.233510109486625
1.2139280423645253
2.299774369851841
7.676353663799164
11.621006220981403
11.914539172946846
11.790886164951985
11.90830123872784
11.906430282941468
11.824472379207648
11.99449350246331
11.902168207753084
9.203949871625916
0.4924088850500645
2.097107606840341
6.699905401301458
11.402581088162249
11.73339574433288
11.636720339340624
11.620527893932586
11.702487197485464
11.605825731312128
11.699915321861898
11.624691439047321
1.4440062789608543
1.528527157561447
2.7259713299142785
4.780010634415419
11.25042463706911
11.68357624764551
11.577400259371746
11.582596685475645
11.683424035429953
11.586008818863558
11.765709555129765
11.68799279583768
4.724479523617761
1.1170742519223964
2.248900237513153
7.459007281135519
11.665142600991523
11.915155149457519
11.887776933866114
11.900741218701874
11.92980241397561
11.915775144964552
11.978552814056762
12.026123263314528
10.249694436264768
2.8031097747546525
0.8609430310244743
9.29552856628375
11.763629913228801
11.972103981511351
11.870925227607566
11.90416999393508
12.090751350464382
11.905678475935318
11.990080131454462
11.961028056136565
10.587796880312323
3.678187150931766
1.3849411475314302
9.01154336483728
11.838039573120826
11.99410182152455
11.887259317164656
11.862710218371674
11.934054528457867
11.86977898059511
12.145442703813787
11.919058649277137
9.765893971013778
0.31550306657685034
1.8864081469080087
7.030227321561842
11.474493593223535
11.834941800442259
11.736652890335439
11.733371818574161
11.829493317825474
11.731031483188366
11.81452158480255
11.711022659697797
3.562532917025411
0.9684322344509706
2.255498099526152
5.429293924777424
11.331146846091425
11.732148293928852
11.630219793237691
11.610888698616186
11.710074484316415
11.606762096677048
11.702184998282714
11.619632068564
1.3544814346886085
1.3365778834204658
2.3641361371036975
6.092181951658089
11.428056116868216
11.797219264270229
11.71413619664387
11.704477598645973
11.79522115984007
11.718832581794182
11.795866075401488
11.691665358800478
2.2363205605292524
1.1115175015445065
4.679076470434495
8.41967393124876
11.317811437031867
11.671159929390692
11.496663042676973
7.949118524536359
9.129542033447331
9.857052254074471
8.544852302674705
6.578308196785248
3.265809418437092
1.6522494913012924
3.033535998843961
2.366091827710658
11.227512165629857
11.652040752973424
11.549363038211272
11.542831504100764
11.634127894653492
11.541901640074952
9.322830176316527
5.400096750215926
0.38248530825338456
1.6439020346297308
2.883720874841204
3.5725186059820597
11.292863839327655
11.715402893220158
11.614813063553063
11.607451339657896
11.6963090018953
11.597663649477564
11.686634961452173
11.585618266106543
0.14791516350529932
1.5490093673270504
2.5990997308367216
4.77256917748009
11.335043803351
11.73277948305639
11.640651208508363
11.639608281824406
11.724702496319678
11.634866035400027
11.72990218718702
11.633622547564544
2.9759354600107724
1.4149866491488172
2.7815841713208815
2.171785305907049
11.157732836255981
11.693599161744983
11.6022346940436
11.633810057344803
11.705357950395715
11.619761746015195
11.887318512559048
11.670421912142945
