13.073217080609558
0.3752616876758701
1.6158513251377205
13.410294847824613
14.275653620676938
14.279796115771443
14.198626897403564
14.20502868770294
14.207498622281836
14.263247362511375
14.291831600658288
14.306717199655136
13.50953331889879
0.6255098442421225
2.133759899274212
12.924079463299277
14.247915475590583
14.247993084837372
14.203514300543038
14.138431738419147
14.206574881488278
14.24077077071632
14.298279294302422
14.298997876604647
13.621412481113762
0.5129333933923075
2.2284764804577097
12.920170234604466
14.279617380630656
14.299281353240797
14.277146112217853
14.277441953323004
14.291943974682923
14.285358857596387
14.306759219684983
14.300539059692154
13.573317789979178
0.9711272184689967
2.604596654033431
13.146206034299908
14.25715792380349
14.248802427324527
14.301904470350635
14.294403848180545
14.301069183301202
14.302506286101963
14.308928254995347
14.302807148866144
8.200028796914072
1.644494539352758
3.3261505862647613
5.330012605463811
5.6727494218374
12.795927657772262
14.298309398287818
14.29859480742625
14.305156248059697
14.298760370905933
14.30524966008576
14.298977492900026
9.715317782501284
1.6011123793235225
3.1159212751942054
12.457752372390793
14.297192211279713
14.303074752477338
14.288696767213448
14.288562754023921
14.302522907911492
14.296017239743783
14.309865954385455
14.303625342174875
13.435572888374098
1.2893521769080074
2.6663548990642756
12.666517028178669
14.230147304329256
14.188749124902653
14.163969968832227
14.186390446957082
14.232196252159843
14.274835247275897
14.303430568994095
14.30441892255444
13.601526092306282
1.1193371943392485
2.687467836006535
13.09377646503334
14.296758887737846
14.302213827047492
14.294546756448803
14.294495719172716
14.300970071182354
14.294543607400527
14.308478844084453
14.302250141497465
13.394840568825185
1.5219389724338388
3.2291905862841777
12.529952790327187
10.430964236866702
13.019410899825257
14.278795688394634
14.298413892444914
14.304891792152402
14.29864418244705
14.305142193914897
14.298880016010445
13.255950370088113
1.571295618560617
3.0967827807477715
12.292372397643991
14.250455061416293
14.244016752355845
14.213677235503969
14.251086259027169
14.244976863129587
14.28114146901966
14.302461926036367
14.303438971653524
13.424383492318228
0.6640981608765788
1.7968508523949343
13.187912857534476
13.834000548074922
13.720733661076105
13.55169725774684
13.794675363703568
13.798843962131627
13.968532246509103
14.20434146757788
14.269858648616998
12.99511349949007
0.3344492976609228
1.237375106149571
13.1325241694527
13.904968512213518
13.645392190702461
13.762665185788746
13.36243669922043
13.90307948598561
14.027143125548008
14.18713613129702
14.244705106866842
13.18957337310239
0.06880092246239577
1.6188011130062154
13.491775573495001
14.289022548961213
14.274315369617156
14.09483910187104
14.066935310379348
14.19855962076582
14.17482454696534
14.254261061884804
14.288957831758982
13.262442231951972
0.28318237388221057
1.8172624310413301
13.212675913082764
14.304756229557285
14.308880425560487
14.286479305105802
14.24941282447996
14.28626091918814
14.294290342433031
14.300872107578517
14.301832428473153
13.110600042403433
0.7396499503646705
2.147481492712048
12.974237418321835
14.286218669369722
14.250202768647307
14.191676838918834
14.112856732144422
14.18148205439307
14.214558968153863
14.286426618833332
14.301075931755978
13.201000697203906
0.5050258465381141
2.1079388594095807
13.390119774549953
14.30705440700558
14.311177091897909
14.303113180695458
14.29455228347971
14.308392141521566
14.302091490049374
14.308397581452915
14.302215689267289
13.552797611397263
1.3952916221381155
3.21896612103186
12.303443475680442
14.293021567520604
14.306981829160392
14.300404480372093
14.300303953782738
14.306509810242094
14.300153341451466
14.306590271721904
14.300153601554575
12.940160344385143
1.5858246088329526
3.1815555195423126
12.44093140293738
14.269704548878408
14.284187434073885
7.91394539864725
11.062029791057668
13.87732929291843
14.278753367349884
14.299195402868197
11.575546712601733
6.478788779492133
1.6071596609401357
3.091290425279828
12.843827401082923
2.619617094983674
2.8342015231641167
0.0962040182317363
11.873600271789552
14.304680793223028
14.298272566042892
14.30477487846286
11.846681417885357
4.283237665794683
1.620975882433834
3.3414538579982054
12.686435755451122
14.290574692873976
14.304920160031083
14.298860431161561
14.299239627351035
14.305853984162338
14.299793291498606
14.30629045249797
14.29984327752639
