10.797147575427829
0.2880596498757608
1.6471184767394202
8.18306347829926
11.111937445593185
11.130862469989728
10.974190077214855
10.978428338380148
11.216097900116452
11.180245640471353
11.254653382613231
11.092783024392567
7.790657100223028
0.4236657042147449
1.9972061090052105
6.8328455514271145
11.039477534231091
11.260413399009717
11.180588631753594
11.256017842034348
11.398947423822166
11.291171953811684
11.3765740210393
11.213922154034124
8.184748504035209
0.1398622135961567
1.9316183940223102
7.195972479063976
11.028814081009198
11.201074485506147
11.028404348014016
11.169476651526043
11.338726599755958
11.244760640339205
11.33210592592021
11.161452799979767
8.029482844978224
0.2156454271881234
2.032309897064385
6.715087948013346
9.779432890680486
10.823923229090667
10.907783273821888
10.935635793312285
11.06461131237545
10.957692359219163
11.0863752659227
10.9592609678323
5.095476042551422
1.0573162171645372
2.6450473891598865
3.7521993806188902
10.675680868388053
10.93087776504742
10.786760192884408
10.83118757313696
11.008153555085785
10.922533591114181
11.05633009915897
10.918262124048058
5.848145550313431
0.9710510885131178
2.25413146154054
7.730051088992472
11.151643755848674
11.383234841896734
11.30000076965042
11.364959654993717
11.552152291565925
11.449492127463284
11.484339854231811
11.27185312435348
8.234478517067753
0.07775425846941353
1.4527975597117013
8.55168944022352
11.526098107184502
11.91672420488166
12.048105900119287
12.364892094870454
12.72018464192437
12.547786565735557
12.123962584745568
11.769188418923303
9.616408388643528
0.2786588890935917
1.8740399081067043
7.43920263696314
10.96160071073908
11.120249534808025
10.814519859754514
10.890974429525325
11.110154121878452
11.059062405493584
11.178707329070665
11.037300287172602
6.712590193465404
0.6099658705668887
2.2509288391485374
6.001599672034114
10.892606330900643
11.089198170327528
11.068995066660449
11.176726507371782
11.352065003282059
11.25637795506551
11.321424038540554
11.149050934409212
7.671392413480486
0.31816523425180776
1.5115391552630317
8.474374298380802
11.490058149627421
11.85434559816876
12.094566737436441
12.375727181081869
12.616419036893411
12.566418093422714
12.229794414215744
11.86511689426348
10.234143332670271
1.6593071388624168
1.1978421651465876
8.821360161635575
11.714460311767862
12.056095363472219
12.260099570967778
12.506554034180434
12.747234077708807
12.681127624885459
12.271832186582905
11.875130859654103
9.90812753541115
0.06303496212560766
1.5565635766787036
8.62683463601018
11.631386967070235
11.992438838686585
12.260788736906274
12.523988927817141
12.714821197523467
12.59267233470878
12.326238710178036
11.879439207129446
9.772045721728276
0.23304162817953866
1.7621703789375527
7.692385748161295
11.271634612009786
11.386530574257892
11.394046627931942
11.473376125102007
11.593322328280001
11.497051955193502
11.5333300101831
11.320064185198346
8.752362341739735
0.016767548473847427
1.680032346726792
7.295596298467178
10.650513326682056
10.882816089145415
10.966281364303862
11.043840088945272
11.193694165392234
11.087973982814095
11.20141255834191
11.061438988293046
7.220208891476505
0.23402947720558132
1.6879482278931324
7.250671145241631
11.035015744778182
11.293390817887106
11.277134715382939
11.331013267076148
11.45824845789419
11.381055185668178
11.456556324339644
11.261860585747453
8.274993536539146
0.09115797685947946
1.7774185054463398
6.7417391733617125
10.73608075915672
11.012772805644532
10.86952578337358
10.86137257962573
11.032062929078037
10.925463147974796
11.03822047997454
10.915893075932036
6.18818755948495
0.6879894782587854
2.443430241612928
3.5216222109223896
10.301537426624286
11.082050397992694
11.000498690181061
11.021727151277192
11.149374900574626
11.060318038869609
11.154577234785913
11.016505277682771
6.201789034289586
0.5582668295068913
2.026365245484465
5.310033445936577
10.838253137571566
10.913462249842393
11.088461477361143
11.107477275917
11.209285531230726
11.113628556375629
11.21264151844855
11.054437598605713
6.703244078837336
0.4282983967952667
1.745543333844429
6.560434954639665
10.858574972015433
11.180151982925914
11.066809470378743
11.076290818084404
11.207713773268308
11.104441160804265
11.210834095527616
11.072353414645283
7.078305713837336
0.37902677129481077
1.987246656766759
3.337190476911669
10.850197927278082
11.265509041100405
11.295313239627077
11.35178904515776
11.570493966009849
11.462118125058042
11.501423214376421
11.30252831614546
