13.843579066978759
11.947570333741242
12.782926927810532
12.887888093586021
8.610593047769836
4.644064653941969
4.57147369595045
5.725308684156536
6.372744479952411
6.025292881416657
6.70027070116506
3.8851514750284153
0.6842417401754464
1.2438204412165081
1.6473199254233588
1.87819656618397
4.1668051810099485
5.886481784069476
6.422514805554224
6.8181435033750395
7.735895712894566
8.91608024896061
9.942235042991712
9.094468085005992
5.287583709228008
1.6119783863578672
3.4252645805685287
1.1103088563060783
3.6379615613482503
5.739622593995971
6.473025088903961
6.817735289063338
7.42115784327702
8.64636719708769
9.775302078069018
9.136962237448245
3.328549139051164
1.6260651825061156
3.436880221507794
2.871317749573757
0.6597228291987953
4.8254631015281255
6.0970624331822485
6.7926901783984635
7.374215939888272
7.249982553006688
6.532188996821252
1.8529564338211504
3.3872386137509007
1.698672588437729
3.4131478815423986
2.8523850944440117
3.419139635569268
4.2871930437693635
7.219426361090931
7.950751509431546
7.170233269063783
7.422055310558881
8.830743170719956
8.957825544169832
4.3230439427312835
1.7464494311336107
1.5833025264660723
2.7737149439132445
4.055145346867892
4.734959753302258
5.646745309482723
6.471735519976587
6.91058814613231
8.459755763020794
9.724839698544574
8.639787604677407
5.39330737544546
5.776537637057137
5.504993586426259
2.2231337261883226
5.220153242773462
8.181938047801347
9.864409232705814
11.612106924423417
12.110045802021045
12.904969834076901
12.988263929873469
7.432084989468845
3.340159109721382
1.675495091024965
3.4038766571491355
2.856953026110057
2.3822251810985104
4.641107187229077
5.0971223732667035
5.700187265122237
6.762138838137754
6.496965071621292
7.258652434841091
5.597169741785791
0.5617320470751395
1.6378262620837223
3.397900328562505
2.8129917274929657
2.2274714578929107
4.833316697941491
6.523220766672082
9.505094932087566
11.437918761778452
12.644026126900933
12.924269531679794
12.099062484237646
10.580990225602878
7.426318872684866
2.102979611071685
5.117815122642556
6.767889071057967
8.476465305948508
10.606969178276941
12.274068026301396
13.015555397775648
12.961105191432566
13.027039057310878
12.915520371268576
11.136080808191387
3.902055107879942
3.210126289424478
0.7311819739143903
5.5350543441056725
8.906126283877956
11.196494443438365
12.730209165833068
13.07871182749093
13.024358921519656
13.050372634900175
12.963565453621055
9.222075214011255
1.6003244609813851
2.8397074867723138
2.768031066993018
5.041046565362727
6.854361953696646
8.33992405964732
10.161692319166882
11.607188695393475
12.447909172333748
12.962138518630645
8.282014363989227
3.3236236451029892
1.6742532069901497
3.393953795388617
2.802397433934244
2.6960485845734166
5.449737502077484
7.091086333013003
7.920872867906792
7.901585603854534
7.208973941769018
6.527443704845353
4.718791425077921
1.2320089112580224
1.6490927051364341
3.419836744754848
2.8427408998922967
0.5038390824671737
4.536543517577606
5.743326682836676
6.244678026861962
7.070110317660191
6.843662832632142
6.2393899256221985
4.761616878872733
3.934056024460528
1.9070830946302877
1.8648547030579525
0.6993321877283396
3.78237340523952
6.226508138410045
7.454613077683899
8.120208996239914
8.07717402852778
7.267893775255057
6.492579247583908
3.3287017835833765
1.8917258703573179
1.6499567850758599
3.40798348811232
2.842015902812973
3.38095097702198
1.2959069943392532
2.252124187720103
4.8238358952947085
5.532446633858481
6.012470067644324
6.046693914159356
4.721370529396532
1.026211006465429
1.6334609990301576
3.4457797452123327
0.8159195353238502
2.6973649412352767
4.857842956990117
5.6028671832003685
6.423649912176165
6.706479311867342
6.796644797599747
5.784106168024625
3.552026072248667
0.1826882651097268
1.1664338146622573
3.3804005014696994
2.813887308604725
1.5901336982691259
4.014432295082061
5.301736585721628
6.447862966084557
6.642408855185314
6.746549912232766
5.772563703450823
3.017448067354298
0.6084586177639455
2.972646314171673
3.341853334357035
2.839196958628678
1.5210991150909585
4.197437714776438
6.454968243654806
7.8546582562723755
7.137926129557689
6.782824898006131
6.4512959493259086
2.447601193135881
2.9225100617113338
1.654787779369114
3.4137769229917136
0.7195969987868676
5.269062387255156
6.878981246342271
7.986875314779341
8.464653014333923
8.314699694099971
7.471809623181474
5.849845606858793
3.046220532414546
