14.494885109999993
0.3553519027833758
1.413476092485448
14.494885109999993
14.494885109999993
14.494885109999993
14.494885109999993
14.494885109999993
14.494885109999993
14.494885109999993
14.494885109999993
14.494885109999993
14.494885109999993
0.6644014767996698
2.1855899699822867
14.494885109999993
14.494885109999993
14.494885109999993
14.494885109999993
14.494885109999993
14.494885109999993
14.494885109999993
14.494885109999993
14.494885109999993
14.494885109999993
0.42097373337600175
2.105632874275047
14.494885109999993
14.494885109999993
14.494885109999993
14.494885109999993
14.494885109999993
14.494885109999993
14.494885109999993
14.494885109999993
14.494885109999993
14.494885109999993
0.8537863766676868
2.645490280090387
14.494885109999993
14.494885109999993
14.494885109999993
14.494885109999993
14.494885109999993
14.494885109999993
14.494885109999993
14.494885109999993
14.494885109999993
0.05507301633874384
1.669276975974677
3.469287730790379
2.8944493949166894
0.32733567615142967
9.887681955463673
13.304170976578003
14.305051793049179
13.829427973524776
14.314356889908524
14.398626179480146
13.656099348614863
6.514370119672468
1.6125432475763848
3.086411202167829
14.494885109999993
14.494885109999993
14.494885109999993
14.494885109999993
14.494885109999993
14.494885109999993
14.494885109999993
14.494885109999993
14.494885109999993
14.494885109999993
1.2685481642551846
2.704194419385688
14.494885109999993
14.494885109999993
14.494885109999993
14.494885109999993
14.494885109999993
14.494885109999993
14.494885109999993
14.494885109999993
14.494885109999993
14.494885109999993
1.0346020354632426
2.312371333111086
14.494885109999993
14.494885109999993
14.494885109999993
14.494885109999993
14.494885109999993
14.494885109999993
14.494885109999993
14.494885109999993
14.494885109999993
14.018144108645256
1.5872504286745563
3.3774072823021317
14.494885109999993
14.197666063979959
11.680911062815934
13.227946296506962
14.231299420952809
14.312247655310681
14.476809032863306
14.494885109999993
13.80534040589782
10.443521611657674
1.5848553854068879
2.843777345571704
14.494885109999993
14.494885109999993
14.494885109999993
14.494885109999993
14.494885109999993
14.494885109999993
14.494885109999993
14.494885109999993
14.494885109999993
14.494885109999993
0.708794541952825
1.6920792624883045
14.494885109999993
14.494885109999993
14.494885109999993
14.494885109999993
14.494885109999993
14.494885109999993
14.494885109999993
14.494885109999993
14.494885109999993
14.494885109999993
0.21623023276669961
1.2786169042060767
14.494885109999993
14.494885109999993
14.494885109999993
14.494885109999993
14.494885109999993
14.494885109999993
14.494885109999993
14.494885109999993
14.494885109999993
14.494885109999993
0.2412195492340352
1.6122097478384187
14.494885109999993
14.494885109999993
14.494885109999993
14.494885109999993
14.494885109999993
14.494885109999993
14.494885109999993
14.494885109999993
14.494885109999993
14.494885109999993
0.4670593320206571
2.1834005807851593
14.494885109999993
14.494885109999993
14.494885109999993
14.494885109999993
14.494885109999993
14.494885109999993
14.494885109999993
14.494885109999993
14.494885109999993
14.494885109999993
1.3443432988759803
2.9515042079109843
14.494885109999993
14.494885109999993
14.494885109999993
14.494885109999993
14.494885109999993
14.494885109999993
14.494885109999993
14.494885109999993
14.494885109999993
14.494885109999993
1.4336305374195568
3.2475466087905946
10.647739441562651
0.898094729945436
4.172800797623907
7.844788225518524
11.070157012400696
12.513221914683871
13.521473993724655
13.898142582605262
13.324488012210029
6.9863529281188335
1.608550956290875
3.5059607709026093
2.271760299335231
7.0875703667038055
10.559700357347891
11.927965709986356
13.012920683964081
13.403796311152133
14.260720249311586
13.711446129621553
12.228355651478921
6.079742626118724
1.6124258317011542
3.3239416462455953
14.494885109999993
14.494885109999993
14.494885109999993
13.821704752611536
12.500705313857786
13.112049177972064
14.13998481823955
13.650949798769092
11.648670401867875
5.457660007099671
1.6152473784492916
3.1917974057591803
12.257770597199224
6.937684425403245
8.813861738114106
12.01965639154444
14.004044451904548
13.669500160924319
14.19706229358357
14.386034955640826
11.106064455656902
3.368231725624746
1.6277277233125655
3.436510451225912
1.6260385181010886
10.272160095009525
13.37612627776107
14.426946518452567
14.494885109999993
14.494885109999993
14.494885109999993
14.494885109999993
13.23632501236602
