5.264547855139927
5.2065062480725
2.688349092412933
2.2132811517862994
1.5082342086447138
1.8814426755119964
1.4828251518589006
1.5143926179810805
1.9940203558295586
1.6020333420690651
2.2083136212639616
2.047829175437533
3.865809303746678
4.322504733049064
2.3882184200567753
2.493673318758237
1.9320223637240197
2.5404485784625273
2.2990694084651455
2.18178500557306
3.159962533854454
2.963367327970488
3.7353857130412056
3.4346653766736654
14.494885109999993
9.705809832248931
2.7603616159220703
2.267228365750345
1.887557346150082
2.407220929712464
2.2731409408436427
2.257317752995517
3.0540211681890277
2.9478955262486135
3.61726247953448
3.0253150461355602
14.494885109999993
7.892635449067676
2.236044897923625
1.8271239153371273
1.2740777034467463
1.7206594167342502
1.367539169564182
1.4984373934394135
2.0907239434104117
1.7037177824949392
2.178072970823564
1.910103168511533
2.112190131277199
2.654284224870386
1.1429159912707583
2.7190122501197234
3.4186607602500434
0.9203159172672635
0.8590796474472917
0.9520195507473925
1.5201438441121518
1.22003756141606
1.821482019188572
1.5884002904254455
3.0761324865322166
4.208239198385245
2.7532763980344033
2.8986760625694945
2.125886359485195
2.8126426667363624
2.485166121624479
2.51821029665804
2.7910712088571863
2.4397363486603503
3.307006872543832
2.9326065782759922
8.797404584907582
8.760273608330117
9.609981211051458
6.944915007364682
5.532854313528329
5.841600821773504
5.333880168941626
6.839182647778177
6.2361741399224755
6.845339209661001
6.513286650364301
6.0899685832844295
14.494885109999993
9.57481801141704
5.4966983228348845
2.7108154895025436
1.4693115196246929
2.018720056797889
1.7904344798547296
1.8989557369961716
2.3487382119035
2.061791358610307
2.5741061336240723
2.209095671591113
6.624395857524409
5.443982014297445
2.2414214030199364
2.0354619395501548
1.6048454387625313
2.1949632916317636
1.9350888842673388
2.0562035128012646
3.0588645143183726
3.099514292278297
3.8703975285266434
3.8566117598265386
14.494885109999993
12.464973349618251
7.5624182402282685
6.94449035454796
4.852169331517024
6.533470139302615
6.431399069445327
5.973771936207184
6.886572565438241
5.407192883752373
5.664935899632049
6.058762597006437
14.494885109999993
14.494885109999993
13.361379516073516
8.561480597185877
9.150726089198088
8.007832871381076
8.441088223190683
6.572562445095133
6.241059712121295
7.116729119606436
6.946099553497064
5.278459323891827
14.494885109999993
14.494885109999993
6.469434937676073
10.124181256409788
6.874505975348844
6.429395138937881
5.265070237887178
7.078985150090675
6.900591381317484
4.582230481085968
6.402827699987178
5.782703140951213
14.494885109999993
7.373587591063931
5.002174243523312
2.7006492827379045
2.3313783967387316
2.85427238405091
3.1610835622725
2.9073689819593653
3.4105198470145304
3.179667871921753
3.253284491927335
2.8016099879429994
6.81562927830769
5.614841168550987
2.508849606955229
2.0709397745995037
1.478120264646158
1.8886051005940665
1.5870483597076763
1.856988007170072
2.2689760713717515
2.0620653149677874
2.533696089067698
1.9827879481098876
5.495194442046197
5.57650801484059
3.8040931992801426
3.132704082172724
2.1523423713156564
2.7118730088854175
2.5771683428112926
2.5523459749293096
3.5125018401347035
2.884409054285104
3.3680634834049794
2.819235752560216
10.330717264454247
5.8409057856730335
2.584319428546724
2.033691263935074
1.5141324596470724
1.9190706772382917
1.4897373613242628
1.5306680267879749
1.96541788616938
1.6260451484361251
2.147866887793402
1.7543321073894553
2.654785602462397
3.3315629068147423
1.3010005282207562
1.8233277489727495
1.2131237181042405
1.7113091680545587
1.3039405672431528
1.4064818848481675
1.873725948709282
1.5239998770532335
2.0557759269120854
1.7953820583421116
3.788575377158656
3.996888373430348
2.6154510417431496
2.33703660552929
1.631640608808862
2.003006084322495
1.7213899998916062
1.8141546754572033
2.3695474883223433
1.9606985891583033
2.371275653475834
1.9780089978142819
3.573917631675867
4.30646144238206
3.6311939813112826
2.0426548865071634
1.4587997734577378
1.944810206771935
1.6250397538194257
1.7586369450496644
2.256361774488191
1.946006424062933
2.4035135764702638
1.960686419520517
3.7522724448939204
3.5668440160431096
1.6964059326181165
1.6807382010234821
1.3846747376502453
1.8768001207403024
1.4838412480522187
1.6964214624592575
2.282550553904464
2.1203547304364125
2.7137262878346675
2.5953254873230254
