1 3 2 0 2 0 0 3
1 4 1 0 3 0 0 4
2 7 4 1 23 0 0 7
5 11 7 0 33 0 0 31
7 13 28 1 25 0 1 37
7 14 30 4 34 0 1 30
8 20 30 8 44 0 1 40
8 26 20 6 37 0 2 55
7 25 13 2 35 0 2 77
5 17 12 0 27 1 0 113
2 5 6 0 8 0 0 76
0 1 5 0 2 0 0 24
1 4 3 0 4 0 0 3
1 4 1 0 5 0 0 5
2 8 2 1 32 0 0 7
5 12 7 0 43 0 0 34
6 13 23 1 24 1 0 43
6 14 17 3 24 1 0 36
7 20 13 5 30 1 0 49
8 26 12 6 35 2 1 67
7 25 12 2 28 2 0 94
5 17 12 0 20 2 0 118
2 5 6 0 8 0 0 80
0 1 5 0 2 0 0 27
1 4 3 0 4 0 0 3
1 4 1 0 4 0 0 4
2 8 3 1 44 0 0 7
5 12 7 0 43 0 0 33
7 13 20 1 26 1 0 43
7 14 25 2 23 1 0 37
8 20 17 5 30 2 0 50
8 26 12 6 37 2 0 68
7 25 12 2 34 2 1 94
5 17 12 0 20 2 0 120
2 5 6 0 8 0 0 80
0 1 4 0 2 0 0 27
1 5 3 0 5 0 0 3
1 4 1 0 4 0 0 4
3 8 2 1 39 0 0 7
6 12 6 0 36 0 0 31
7 13 17 1 24 0 0 41
8 14 22 3 24 1 0 35
9 25 18 5 50 1 1 45
9 33 12 6 71 0 1 61
7 28 12 2 40 1 1 87
5 17 12 0 20 3 0 117
2 5 6 0 8 0 0 75
0 1 4 0 2 0 0 22
1 4 3 0 3 0 0 3
1 4 1 0 6 0 0 4
2 8 2 0 54 0 0 6
4 13 4 0 54 0 1 30
5 13 15 1 27 0 1 39
6 14 4 1 12 2 0 37
7 20 11 3 21 2 0 49
8 26 12 4 27 2 0 68
7 25 12 2 27 1 1 91
4 17 12 0 20 2 0 118
2 5 5 0 8 0 0 79
0 1 4 0 2 0 0 27
1 5 3 0 5 0 0 3
1 4 1 0 6 0 0 5
3 8 2 0 54 0 0 7
5 12 5 0 32 0 0 34
6 13 15 1 26 1 0 42
6 14 9 2 19 1 0 35
7 20 13 4 25 1 0 47
8 26 12 4 27 1 1 65
7 25 12 2 27 1 1 90
4 17 12 0 20 2 0 113
2 5 6 0 8 0 0 76
0 1 4 0 2 0 0 25
1 4 3 0 4 0 0 3
1 4 1 0 4 0 0 5
2 8 1 0 37 0 0 7
4 13 3 0 57 0 0 32
5 13 7 0 16 1 0 45
5 14 3 0 8 3 0 40
7 20 11 3 22 2 0 54
7 26 12 4 26 3 0 74
6 25 12 2 27 2 1 100
4 17 11 0 19 3 0 129
2 5 5 0 7 0 0 84
0 1 4 0 2 0 0 23
1 4 2 0 2 0 0 3
1 4 0 0 6 0 0 4
2 8 5 1 54 0 0 6
5 11 8 0 31 0 0 32
7 13 18 1 25 0 1 39
7 14 14 3 24 1 0 37
8 20 24 5 30 1 0 50
8 26 12 6 36 1 1 68
7 25 12 2 33 1 1 95
4 17 12 0 20 2 0 121
2 5 6 0 8 0 0 81
0 1 4 0 2 0 0 26
1 5 4 0 5 0 0 3
1 4 1 0 6 0 0 4
2 8 2 1 53 0 0 7
5 12 5 0 31 0 0 34
6 13 25 1 27 0 0 44
5 14 14 2 23 1 0 37
6 20 11 5 31 1 0 50
7 26 12 5 30 2 0 70
6 25 12 2 27 2 1 96
4 17 12 0 20 2 0 122
2 5 5 0 7 0 0 81
0 1 4 0 2 0 0 28
1 4 3 0 3 0 0 3
0 4 1 0 6 0 0 5
2 8 2 0 44 0 0 7
4 12 3 0 39 0 0 35
6 13 14 1 25 1 0 45
5 14 3 0 8 3 0 41
6 20 11 3 22 3 0 53
7 26 12 4 27 3 0 72
6 25 12 2 26 3 0 99
4 17 11 0 20 3 0 123
1 5 5 0 8 0 0 81
0 1 4 0 2 0 0 27
1 4 1 0 3 0 0 3
0 4 0 0 4 0 0 5
2 8 2 0 38 0 0 7
4 13 5 0 45 0 0 33
5 13 15 1 25 0 0 42
5 14 4 1 13 2 0 37
6 20 11 3 22 3 0 52
7 26 12 4 27 3 0 71
6 25 12 2 27 3 0 97
4 17 11 0 20 3 0 121
1 5 5 0 8 0 0 81
0 1 4 0 2 0 0 26
1 4 3 0 3 0 0 3
1 4 0 0 6 0 0 4
2 8 2 0 47 0 0 7
4 13 5 0 46 0 0 33
6 13 14 1 25 1 0 44
6 14 3 1 10 3 0 37
7 20 11 3 22 3 0 49
7 26 12 4 26 3 0 68
6 25 12 2 26 3 0 93
4 17 11 0 20 3 0 120
2 5 5 0 7 0 0 80
0 1 4 0 2 0 0 24
1 4 3 0 3 0 0 3
1 4 0 0 5 0 0 4
3 8 3 1 54 0 0 6
6 12 6 0 41 0 0 33
7 13 16 1 25 1 0 43
7 14 4 1 14 2 0 38
8 20 12 4 23 2 0 50
8 26 12 4 28 2 0 68
7 25 12 2 27 3 0 94
4 17 12 0 20 3 0 118
2 5 5 0 8 0 0 78
0 1 4 0 2 0 0 26
1 4 4 0 3 0 0 3
1 4 1 0 3 0 0 5
3 8 3 1 43 0 0 7
5 13 7 0 53 0 0 31
7 13 17 1 24 0 0 41
7 20 27 3 74 0 1 32
8 28 22 5 82 0 1 43
8 32 13 6 58 1 1 61
7 26 12 2 38 1 1 87
4 17 12 0 22 2 0 111
2 5 6 0 8 0 0 75
0 1 4 0 2 0 0 26
1 4 3 0 3 0 0 3
1 4 1 0 6 0 0 5
2 8 3 1 48 0 0 7
5 11 5 0 28 0 0 34
7 16 15 1 52 0 0 40
7 21 10 2 86 0 1 32
8 28 12 4 70 0 1 44
8 31 12 4 44 1 1 64
7 25 12 2 28 2 0 91
4 17 11 0 20 3 0 115
2 5 5 0 7 0 0 75
0 1 5 0 2 0 0 24
1 4 4 0 3 0 0 3
1 4 1 0 6 0 0 4
3 7 5 1 19 0 0 7
6 13 15 0 48 0 0 32
7 19 47 3 118 0 1 37
8 22 35 6 127 0 1 30
9 30 28 7 109 0 1 40
9 33 15 6 70 0 2 54
7 28 13 2 41 0 2 74
5 17 12 0 24 0 1 99
2 5 6 0 8 0 0 75
0 1 5 0 2 0 0 25
1 5 3 0 5 0 0 3
1 4 1 0 6 0 0 4
2 8 2 0 54 0 0 7
5 13 4 0 60 0 0 31
7 13 14 1 26 1 0 42
7 14 12 2 23 1 0 34
8 20 11 3 22 1 0 46
8 26 12 4 28 1 1 63
7 25 12 2 27 1 1 87
4 17 12 0 20 2 0 111
2 5 6 0 8 0 0 73
0 1 4 0 2 0 0 25
1 4 3 0 2 0 0 3
1 4 1 0 4 0 0 5
2 8 3 1 54 0 0 7
5 13 6 0 56 0 0 31
7 16 17 1 44 0 0 39
8 22 4 1 104 0 1 30
9 30 16 5 105 0 1 39
9 34 12 4 66 0 1 58
7 28 12 2 33 1 1 84
5 17 12 0 20 2 0 109
2 5 6 0 8 0 0 72
0 1 4 0 2 0 0 24
1 4 3 0 3 0 0 3
1 4 1 0 5 0 0 5
3 8 2 0 54 0 0 6
6 13 5 0 55 0 0 31
7 19 16 1 118 0 1 37
8 22 10 2 125 0 1 30
9 30 16 5 106 0 1 40
9 34 12 4 66 0 2 54
7 28 12 2 34 0 1 80
5 17 12 0 20 2 0 112
2 5 5 0 8 0 0 74
0 1 4 0 2 0 0 24
1 5 3 0 4 0 0 3
1 4 1 0 6 0 0 4
2 8 1 0 54 0 0 6
4 13 3 0 46 0 0 33
6 13 14 1 25 1 0 43
6 14 3 0 9 4 0 38
7 20 11 3 22 3 0 49
8 26 12 4 26 3 0 67
7 25 12 2 27 3 0 92
4 17 11 0 20 3 0 114
2 5 5 0 8 0 0 74
0 1 4 0 2 0 0 24
