4 5 8 0 17 0 0 2
3 4 2 0 10 0 0 4
6 8 9 2 84 0 0 6
8 13 19 1 163 0 4 24
9 17 40 3 190 1 10 27
12 20 40 6 206 1 11 22
23 29 45 11 275 1 15 28
33 37 41 12 336 1 19 38
35 36 36 6 390 1 20 51
26 25 36 0 307 1 12 64
10 8 18 0 110 0 1 43
2 2 14 0 28 0 0 15
4 5 9 0 16 0 0 2
2 4 3 0 11 0 0 4
5 8 7 2 79 0 0 6
7 14 17 1 163 0 3 24
10 17 36 3 192 1 10 26
14 20 34 6 228 1 11 21
24 29 35 15 359 1 15 28
33 37 36 16 441 1 19 38
35 36 35 7 417 1 20 51
27 25 35 0 310 1 12 63
12 8 17 0 114 0 1 42
3 2 14 0 32 0 0 15
4 5 9 0 23 0 0 2
3 4 3 0 15 0 0 4
5 8 8 2 100 0 0 6
8 13 19 1 163 0 4 24
9 17 33 3 216 1 10 26
12 20 37 6 206 1 11 21
23 29 38 13 322 1 15 28
33 37 36 16 437 1 19 37
34 36 35 7 417 1 20 50
27 25 35 0 312 1 12 63
12 8 17 0 112 0 1 42
3 2 14 0 29 0 0 15
4 5 9 0 20 0 0 2
2 4 3 0 13 0 0 4
4 8 7 2 74 0 0 6
6 14 18 1 152 0 3 24
8 17 33 3 216 1 9 27
10 20 33 6 233 1 11 22
19 29 38 13 319 1 15 28
29 37 36 16 441 1 19 38
32 36 35 7 417 1 20 52
25 25 35 0 310 1 12 64
12 8 17 0 113 0 1 43
3 2 13 0 29 0 0 15
4 5 9 0 12 0 0 2
2 4 3 0 6 0 0 4
6 8 7 2 61 0 0 6
9 14 16 1 147 0 2 25
13 17 32 3 223 0 4 29
14 20 21 11 321 0 7 22
25 29 34 15 359 1 14 28
35 37 36 16 446 1 19 38
37 36 35 7 421 1 17 52
28 24 35 0 370 1 12 63
13 7 17 0 172 0 1 42
3 2 13 0 48 0 0 15
4 4 9 0 28 0 0 2
2 4 3 0 16 0 0 4
4 8 7 2 97 0 0 6
7 14 17 1 157 0 3 25
10 17 32 3 220 1 9 27
14 20 21 11 318 1 11 22
26 29 34 15 362 1 15 28
36 37 36 16 446 1 19 38
37 36 35 7 417 1 20 51
29 25 35 0 312 1 12 64
12 8 17 0 123 0 1 43
2 2 13 0 36 0 0 15
4 5 9 0 24 0 0 2
3 4 2 0 14 0 0 4
6 8 6 3 128 0 0 6
10 13 14 1 238 0 4 24
13 17 26 4 272 1 10 26
17 20 19 12 329 1 11 21
28 29 34 15 417 1 15 27
37 36 36 16 606 1 19 36
39 34 35 7 470 1 20 49
31 22 31 0 240 1 12 61
13 6 11 0 97 0 1 41
3 2 9 0 144 0 0 14
5 4 7 0 55 0 0 2
3 4 2 0 20 0 0 4
5 7 9 2 121 0 0 6
7 13 20 1 167 0 4 24
8 17 34 3 208 1 10 25
12 20 31 7 248 1 11 21
23 29 42 12 284 1 15 27
34 37 36 16 437 1 19 37
37 36 35 7 417 1 20 50
29 25 35 0 312 1 12 62
13 8 17 0 113 0 1 42
3 2 13 0 29 0 0 14
4 5 10 0 16 0 0 2
2 4 3 0 12 0 0 4
5 8 8 2 83 0 0 6
8 14 16 1 157 0 3 24
12 17 35 3 197 1 9 26
19 20 32 7 243 1 11 21
30 29 34 15 366 1 15 27
39 37 36 16 447 1 19 37
41 36 35 7 504 1 20 50
32 23 35 0 492 1 12 62
15 7 17 0 241 0 1 42
3 2 13 0 63 0 0 15
5 4 9 0 38 0 0 2
3 4 2 0 20 0 0 4
6 7 7 3 171 0 0 6
9 13 15 1 278 0 4 24
12 17 32 3 232 1 10 26
19 20 19 13 343 1 11 21
31 28 34 15 447 1 15 27
42 35 36 16 524 1 19 37
44 33 35 7 389 1 20 50
36 21 35 0 269 1 13 62
16 2 13 0 86 0 1 42
3 1 9 0 85 0 0 15
5 4 7 0 73 0 0 2
3 4 2 0 28 0 0 4
7 7 8 3 166 0 0 6
10 13 17 1 305 0 4 23
13 17 33 3 260 1 10 27
19 20 25 9 370 1 11 22
31 28 35 14 501 1 15 27
41 35 36 16 464 1 19 37
44 33 35 7 365 1 20 50
35 20 35 0 248 1 13 63
16 0 17 0 236 0 1 42
3 1 10 0 103 0 0 15
5 4 7 0 65 0 0 2
3 4 2 0 23 0 0 4
6 7 8 2 138 0 0 6
9 13 17 1 237 0 4 24
11 17 32 3 227 1 10 26
14 20 23 10 311 1 11 22
26 29 34 14 359 1 15 28
38 37 36 16 446 1 19 38
40 36 35 7 502 1 20 51
31 23 35 0 508 1 13 63
14 7 17 0 233 0 1 42
3 2 11 0 88 0 0 15
4 4 7 0 44 0 0 2
2 4 2 0 18 0 0 4
4 8 8 2 94 0 0 6
6 13 18 1 167 0 4 24
8 17 33 3 216 1 10 26
12 20 22 11 318 1 11 21
22 29 34 15 359 1 15 28
32 37 36 16 446 1 19 38
35 36 35 7 417 1 20 51
28 25 35 0 312 1 12 63
14 8 17 0 113 0 1 43
3 2 14 0 29 0 0 15
4 5 10 0 13 0 0 2
2 4 3 0 7 0 0 4
4 8 8 2 62 0 0 6
7 14 19 1 143 0 3 25
8 17 34 3 209 1 9 27
11 20 35 6 216 1 11 22
22 29 41 12 294 1 15 28
33 37 36 16 441 1 19 38
36 36 35 7 413 1 20 52
29 25 35 0 312 1 12 65
13 8 17 0 113 0 1 43
3 2 13 0 29 0 0 15
4 5 9 0 12 0 0 2
3 4 2 0 7 0 0 4
6 8 8 2 67 0 0 6
6 13 17 1 156 0 3 24
9 17 32 3 221 1 10 26
12 20 21 11 321 1 11 21
23 29 34 15 359 1 15 28
34 37 36 16 446 1 19 38
37 36 35 7 421 1 20 52
31 25 35 0 312 1 12 64
15 8 17 0 113 0 1 44
3 2 14 0 28 0 0 15
4 5 10 0 12 0 0 2
2 4 3 0 10 0 0 4
4 8 9 2 69 0 0 5
6 13 22 0 144 0 4 24
8 17 47 3 161 1 10 27
11 20 42 6 168 1 11 22
20 29 44 11 272 1 15 28
31 37 37 12 338 0 12 40
33 36 36 7 413 0 14 53
27 25 35 0 312 0 10 66
12 8 17 0 111 0 0 45
2 2 14 0 29 0 0 16
4 5 9 0 11 0 0 2
2 4 3 0 6 0 0 4
5 8 7 2 59 0 0 6
8 14 16 1 143 0 3 25
10 17 32 3 224 1 9 27
12 20 23 10 310 1 11 22
21 29 34 15 362 1 15 28
32 37 36 16 441 1 19 38
35 36 35 7 421 1 20 52
28 25 35 0 312 1 12 65
13 8 17 0 113 0 1 45
3 2 13 0 29 0 0 16
4 5 9 0 15 0 0 2
2 4 2 0 11 0 0 4
5 8 7 2 87 0 0 6
7 14 18 1 145 0 3 25
8 17 33 3 214 1 9 27
11 20 22 10 314 1 11 22
19 29 34 15 359 1 15 29
30 37 36 16 441 1 19 39
34 36 35 7 417 1 20 53
28 25 35 0 312 1 12 65
13 8 17 0 113 0 1 44
3 2 13 0 29 0 0 15
4 5 9 0 12 0 0 2
2 4 3 0 7 0 0 4
4 8 7 3 62 0 0 6
6 14 18 1 145 0 3 25
8 17 33 3 217 1 9 27
11 20 22 11 318 1 11 22
19 29 34 15 359 1 15 28
30 37 36 16 441 1 19 38
33 36 35 7 421 1 20 52
27 25 35 0 312 1 12 65
13 8 17 0 113 0 1 44
3 2 13 0 29 0 0 15
4 5 9 0 11 0 0 2
2 4 3 0 6 0 0 4
5 8 6 2 55 0 0 6
8 14 15 1 145 0 3 25
11 17 32 3 227 1 9 26
14 20 20 12 326 1 11 21
24 29 34 15 369 1 15 28
34 37 36 16 445 1 19 38
36 36 35 7 421 1 20 52
30 25 35 0 315 1 12 64
14 8 17 0 115 0 1 43
3 2 13 0 34 0 0 15
