4 5 5 0 7 0 6 1
2 4 2 0 3 0 1 2
5 8 8 4 35 0 5 3
6 14 24 2 71 0 46 12
7 19 33 7 84 1 20 17
10 22 35 12 91 0 13 16
21 32 44 19 123 0 18 21
32 41 34 29 142 0 26 26
36 40 24 13 137 0 28 35
27 27 23 0 101 0 18 43
10 9 12 0 34 0 2 29
2 2 9 0 8 0 0 11
3 5 6 0 6 0 0 2
2 4 2 0 4 0 0 3
4 8 7 5 38 0 0 5
6 14 17 2 72 0 6 19
8 19 34 7 84 0 12 20
11 22 29 12 89 0 15 15
23 32 25 26 117 0 22 19
33 41 27 31 140 0 29 24
36 40 23 21 127 0 33 31
29 27 23 0 85 1 27 35
13 9 11 0 28 0 3 22
3 2 9 0 7 0 0 8
4 5 6 0 5 0 0 1
2 4 2 0 3 0 0 4
4 8 8 5 35 0 0 5
6 14 18 2 70 0 5 21
7 19 28 7 84 0 11 20
10 22 35 13 89 0 15 15
20 32 31 26 117 0 22 18
32 41 24 29 142 0 29 24
35 40 23 17 131 0 32 31
29 27 23 0 87 1 25 35
13 9 11 0 29 0 3 22
2 2 9 0 7 0 0 8
4 5 6 0 5 0 0 1
2 4 2 0 4 0 0 4
3 8 7 5 38 0 0 6
6 14 17 2 72 0 3 25
7 19 28 7 84 0 9 23
8 22 31 13 90 0 13 17
15 32 32 23 116 0 21 20
27 41 24 31 140 0 29 26
32 40 26 17 132 0 32 35
26 27 23 0 98 0 21 41
13 9 11 0 37 0 2 30
3 2 9 0 9 0 0 14
4 5 6 0 6 0 0 2
2 4 2 0 4 0 0 4
5 8 6 5 38 0 0 6
8 14 15 2 70 0 3 26
10 19 26 6 84 0 7 26
12 22 21 18 86 0 13 16
23 32 24 37 112 0 24 19
35 41 23 47 133 1 34 23
39 40 23 21 130 0 31 33
30 27 23 0 94 0 21 39
14 9 11 0 31 0 2 24
3 2 8 0 7 0 0 8
4 5 7 0 5 0 0 1
2 4 2 0 3 0 0 3
3 8 7 5 37 0 0 4
6 14 16 2 71 0 7 19
8 19 27 7 84 0 12 20
12 22 20 17 87 0 13 16
25 32 23 41 110 0 20 20
36 41 24 45 134 0 28 25
40 40 23 20 128 0 30 34
33 27 23 0 84 1 25 39
13 9 11 0 28 0 3 24
2 2 9 0 7 0 0 9
4 5 6 0 5 0 0 1
2 4 2 0 3 0 0 2
5 8 6 6 33 0 1 3
8 14 13 2 63 0 6 18
11 19 21 10 74 0 13 18
16 22 20 18 78 1 20 12
28 32 24 39 93 1 38 13
39 41 23 47 99 2 75 14
43 40 24 19 88 2 91 16
36 27 19 0 51 4 90 16
15 8 5 0 13 0 10 13
3 2 4 0 4 0 0 9
4 5 4 0 4 0 0 2
2 4 1 0 3 0 0 3
4 8 8 5 33 0 0 6
6 14 19 2 70 0 2 26
7 19 30 7 84 0 7 22
9 22 21 13 90 0 13 14
20 32 34 26 117 0 19 18
34 41 25 30 141 0 25 24
40 40 23 20 130 0 29 31
33 27 22 0 98 0 19 38
15 9 11 0 33 0 2 25
3 2 9 0 8 0 0 9
4 5 7 0 5 0 0 2
2 4 2 0 4 0 0 3
4 8 7 5 36 0 0 5
6 14 15 2 72 0 4 20
10 19 35 7 84 0 10 19
18 22 26 13 89 0 13 14
31 32 23 26 111 0 22 17
42 41 23 43 111 1 44 19
46 40 23 21 92 2 72 21
38 27 22 0 59 3 77 22
17 9 11 0 20 0 9 15
4 2 8 0 5 0 0 6
5 5 6 0 4 0 1 1
3 4 2 0 3 0 0 2
6 8 6 5 30 0 0 4
7 14 16 2 61 0 8 15
10 19 25 7 77 0 16 16
19 22 20 19 77 1 21 12
33 32 23 39 90 1 45 13
46 41 23 45 94 3 96 13
51 40 23 21 78 4 146 15
44 27 23 0 51 4 93 20
19 0 11 0 18 0 10 15
4 1 6 0 4 0 0 6
5 5 4 0 3 0 1 1
3 4 1 0 2 0 0 3
6 8 6 6 29 0 0 5
9 14 17 1 60 0 6 19
11 19 27 7 72 0 14 19
18 22 22 16 74 1 23 14
32 32 24 37 85 2 52 13
45 41 24 45 90 3 120 13
50 40 23 20 77 4 152 15
43 24 23 0 50 4 97 21
20 0 11 0 17 0 10 15
4 1 4 0 3 0 0 6
5 5 4 0 3 0 1 1
2 4 1 0 3 0 0 3
5 8 7 5 32 0 0 5
7 14 17 1 65 0 7 19
8 19 26 7 82 0 13 19
11 22 21 17 85 0 17 15
25 32 23 41 106 1 29 18
39 41 24 45 115 1 50 21
44 40 24 20 98 2 76 24
36 27 23 0 64 3 70 24
17 9 9 0 19 0 9 16
3 2 5 0 4 0 0 9
4 5 5 0 4 0 0 2
2 4 1 0 3 0 0 4
3 8 8 5 37 0 0 6
6 14 17 2 71 0 4 21
7 19 28 7 84 0 10 20
9 22 20 14 88 0 14 15
20 32 23 39 111 0 24 18
31 41 24 45 134 1 34 23
36 40 23 20 130 0 34 31
31 27 23 0 98 0 20 40
16 9 11 0 37 0 2 28
3 2 9 0 9 0 0 11
4 5 7 0 6 0 0 2
2 4 2 0 4 0 0 4
3 8 8 5 38 0 0 6
6 14 18 1 72 0 4 24
7 19 29 7 84 0 9 23
8 22 22 12 89 0 13 17
19 32 36 26 117 0 20 20
32 41 27 29 142 0 27 27
38 40 23 19 131 0 31 35
32 27 22 0 98 0 19 44
15 9 11 0 37 0 2 30
3 2 9 0 9 0 0 11
4 5 6 0 6 0 0 1
2 4 2 0 4 0 0 3
5 8 7 5 38 0 0 5
6 14 16 1 72 0 6 20
7 19 26 7 84 0 11 20
9 22 20 17 87 0 16 15
21 32 23 39 111 0 25 18
34 41 23 47 134 1 35 24
39 40 23 21 130 1 35 32
35 27 22 0 98 0 21 41
18 9 11 0 37 0 2 31
3 2 9 0 9 0 0 12
4 5 7 0 6 0 0 2
2 4 2 0 4 0 0 4
3 8 9 5 38 0 0 6
6 14 24 1 73 0 4 24
7 19 47 3 103 0 7 26
8 22 44 6 104 0 8 20
16 32 41 20 122 0 15 23
29 41 29 29 142 0 23 29
33 40 23 13 137 0 25 38
29 27 23 0 99 0 18 45
13 9 11 0 37 0 1 31
2 2 9 0 9 0 0 11
4 5 6 0 6 0 0 2
2 4 2 0 4 0 0 4
4 8 7 5 38 0 0 5
6 14 14 2 70 0 5 21
7 19 26 7 84 0 10 22
9 22 20 19 86 0 13 17
18 32 23 39 111 0 20 21
32 41 24 45 134 0 28 27
37 40 23 21 130 0 29 36
30 27 23 0 98 0 19 45
15 9 11 0 37 0 1 32
3 2 9 0 9 0 0 12
4 5 6 0 6 0 0 2
2 4 2 0 4 0 0 3
4 8 7 5 38 0 0 5
6 14 17 1 72 0 4 23
7 19 28 7 84 0 9 23
8 22 22 15 88 0 12 18
16 32 24 37 112 0 19 22
28 41 24 47 134 0 28 29
34 40 23 20 130 0 29 38
30 27 23 0 98 0 19 46
14 9 11 0 37 0 1 33
3 2 9 0 9 0 0 12
4 5 6 0 6 0 0 2
2 4 2 0 4 0 0 3
3 8 7 5 38 0 0 5
6 14 16 2 71 0 4 23
7 19 28 7 84 0 9 23
8 22 21 16 87 0 12 17
16 32 26 32 114 0 22 20
28 41 24 45 134 1 33 25
34 40 23 21 130 0 31 36
29 27 22 0 98 0 19 44
14 9 11 0 37 0 2 31
3 2 9 0 9 0 0 13
4 5 6 0 6 0 0 2
2 4 2 0 4 0 0 4
4 8 6 6 37 0 0 6
7 14 14 2 69 0 6 20
9 19 25 7 83 0 13 19
11 22 21 18 86 0 17 15
23 32 22 41 110 1 27 18
34 41 23 47 133 1 37 24
38 40 23 21 129 1 36 32
35 27 23 0 98 0 21 42
16 9 11 0 37 0 1 31
3 2 9 0 9 0 0 12
