0 5 1 0 7 0 1 2
0 0 0 0 2 0 0 4
0 0 2 6 22 0 0 6
2 14 5 2 63 0 5 26
5 19 29 3 100 0 34 30
3 22 26 6 107 0 0 25
2 32 25 13 137 0 0 32
1 41 15 24 156 0 0 44
1 40 10 14 146 0 0 60
0 27 10 0 107 0 0 74
0 9 5 0 37 0 0 50
0 2 4 0 9 0 0 17
0 5 4 0 7 0 0 2
0 0 2 0 3 0 0 4
1 8 1 3 41 0 1 6
3 14 3 3 45 0 3 26
4 19 11 6 86 0 20 30
3 22 2 40 89 12 15 25
2 32 6 44 121 0 0 32
1 41 7 41 148 0 0 44
1 40 10 15 143 0 0 60
0 27 9 0 97 0 0 74
0 9 4 0 33 0 0 50
0 2 4 0 8 0 0 17
0 5 4 0 6 0 0 2
0 4 1 0 4 0 0 4
1 0 2 8 19 0 0 6
3 14 4 1 53 0 3 26
5 19 12 6 86 0 22 30
3 22 5 23 91 13 13 25
2 32 12 24 127 0 0 32
2 41 7 43 148 0 0 44
1 40 10 15 145 0 0 60
0 27 9 0 102 0 0 74
0 9 4 0 34 0 0 50
0 2 4 0 8 0 0 17
0 5 4 0 6 0 0 2
0 4 2 0 4 0 0 4
2 8 1 7 26 0 0 6
5 14 4 2 52 0 2 26
7 19 12 6 93 0 28 30
6 22 2 36 90 8 36 25
4 32 10 29 125 0 0 32
2 41 8 39 149 0 0 44
1 40 10 14 146 0 0 60
0 27 9 0 107 0 0 74
0 9 4 0 35 0 26 50
0 2 4 0 9 0 0 17
0 5 5 0 9 0 0 2
0 4 2 0 5 0 0 4
0 8 2 6 30 0 0 6
1 14 2 3 73 0 4 26
2 19 11 6 90 0 15 30
2 22 2 45 91 5 75 25
2 32 2 59 119 1 71 32
1 41 9 36 151 0 34 44
1 40 11 14 134 0 36 60
0 27 11 0 91 0 31 74
0 9 6 0 31 0 4 50
0 2 2 0 7 0 0 17
0 5 1 0 5 0 0 2
0 4 0 0 3 0 0 4
1 0 1 7 20 0 0 6
3 14 3 3 55 0 3 26
4 19 11 6 90 0 24 30
2 22 2 45 89 8 38 25
1 32 2 59 117 0 0 32
1 41 7 41 148 0 0 44
1 40 10 15 140 0 0 60
0 27 9 0 93 0 0 74
0 9 5 0 32 0 0 50
0 2 4 0 8 0 0 17
0 5 4 0 6 0 0 2
0 4 0 0 4 0 0 4
0 8 1 9 33 0 0 6
1 14 1 5 61 0 6 26
2 19 4 13 74 0 23 30
1 22 1 52 74 4 95 25
1 32 9 31 101 4 103 32
1 41 4 64 102 0 0 44
1 40 1 49 80 0 0 60
0 27 1 0 53 0 0 74
0 9 0 0 17 0 0 50
0 2 0 0 5 0 0 17
0 5 0 0 4 0 0 2
0 4 0 0 3 0 0 4
1 0 3 5 24 0 0 6
3 14 5 1 57 0 2 26
6 19 14 5 87 0 15 30
4 22 8 14 96 9 0 25
2 32 19 17 132 0 0 32
1 41 9 36 150 0 0 44
1 40 10 14 146 0 0 60
0 27 9 0 107 0 0 74
0 9 4 0 36 0 0 50
0 2 4 0 9 0 0 17
0 5 4 0 6 0 0 2
0 0 2 0 3 0 0 4
1 0 1 4 26 0 0 6
3 14 2 4 54 0 3 26
2 19 10 6 85 0 20 30
1 22 2 45 88 14 0 25
1 32 5 47 120 0 0 32
1 41 7 46 139 0 0 44
0 40 9 15 122 0 0 60
0 27 9 0 82 0 0 74
0 9 4 0 28 0 0 50
0 2 4 0 7 0 0 17
0 5 3 0 5 0 0 2
0 4 1 0 4 0 0 4
0 8 1 11 27 0 0 6
2 14 2 4 59 0 4 26
2 19 10 7 80 0 27 30
1 22 1 49 73 6 58 25
1 32 3 69 88 0 0 32
1 41 10 32 110 14 9 44
0 40 12 13 100 13 0 60
0 27 5 0 57 0 0 74
0 9 0 0 13 0 0 50
0 2 0 0 4 0 0 17
0 5 0 0 4 0 0 2
0 4 0 0 3 0 0 4
0 8 1 7 30 0 0 6
1 14 3 3 56 0 5 26
2 19 11 6 75 0 23 30
1 22 2 45 68 10 26 25
1 32 2 59 80 0 0 32
1 41 8 39 101 0 0 44
0 40 10 14 95 0 0 60
0 27 10 0 67 0 0 74
0 9 5 0 24 0 0 50
0 2 2 0 6 0 0 17
0 5 1 0 4 0 0 2
0 4 0 0 3 0 0 4
0 8 3 4 33 0 0 6
2 14 3 3 62 0 5 26
3 19 10 6 83 0 29 30
3 22 1 52 83 11 0 25
1 32 1 47 103 0 0 32
1 41 8 39 122 0 0 44
0 40 10 14 110 0 0 60
0 27 10 0 76 0 0 74
0 9 6 0 27 0 0 50
0 2 1 0 6 0 0 17
0 5 1 0 4 0 0 2
0 4 0 0 3 0 0 4
2 8 2 5 27 0 0 6
5 14 4 2 71 0 3 26
6 19 12 5 89 0 24 30
4 22 2 45 90 0 0 25
2 32 2 71 117 0 0 32
2 41 9 35 150 0 0 44
1 40 10 15 145 0 0 60
0 27 9 0 108 0 0 74
0 9 4 0 39 0 0 50
0 2 4 0 10 0 0 17
0 5 4 0 7 0 0 2
0 4 1 0 4 0 0 4
2 0 3 5 23 0 0 6
4 14 5 1 64 0 3 26
7 19 13 5 88 0 21 30
4 22 3 36 90 13 12 25
2 32 16 19 130 0 0 32
2 41 8 38 149 0 0 44
1 40 10 15 145 0 0 60
0 27 9 0 107 0 0 74
0 9 4 0 36 0 43 50
0 2 4 0 10 0 0 17
0 5 5 0 8 0 0 2
0 4 1 0 5 0 0 4
1 8 3 4 31 0 0 6
4 14 3 3 72 0 4 26
5 19 11 6 89 0 15 30
4 22 2 45 90 4 91 25
2 32 2 59 118 0 0 32
1 41 7 41 150 0 0 44
1 40 10 14 148 0 0 60
0 27 10 0 105 0 0 74
0 9 5 0 35 0 0 50
0 2 4 0 8 0 0 17
0 5 3 0 6 0 0 2
0 4 1 0 3 0 0 4
2 0 3 0 0 0 0 6
5 14 6 1 82 0 101 26
7 19 32 3 98 0 19 30
5 22 32 6 110 8 36 25
3 32 22 14 135 0 0 32
2 41 10 31 152 0 0 44
1 40 10 14 146 4 94 60
0 27 10 0 106 0 24 74
0 9 5 0 34 0 2 50
0 2 5 0 9 0 0 17
0 5 6 0 9 0 0 2
0 4 2 0 5 0 0 4
1 8 2 4 25 0 0 6
3 14 2 4 59 0 4 26
4 19 10 6 89 0 16 30
4 22 2 45 91 3 105 25
3 32 2 59 121 0 0 32
2 41 8 38 155 0 0 44
1 40 12 12 154 0 54 60
0 27 12 0 109 0 19 74
0 9 5 0 36 0 2 50
0 2 0 0 8 0 0 17
0 5 0 0 5 0 0 2
0 4 0 0 3 0 0 4
1 8 1 8 27 0 0 6
4 14 4 2 63 0 3 26
7 19 12 5 90 0 14 30
5 22 2 36 90 3 122 25
4 32 2 59 118 0 0 32
2 41 7 41 148 0 0 44
1 40 10 14 146 0 0 60
0 27 9 0 107 0 0 74
0 9 5 0 39 0 11 50
0 2 4 0 10 0 0 17
0 5 4 0 7 0 0 2
0 4 0 0 4 0 0 4
2 8 3 4 40 0 0 6
6 14 3 3 69 0 2 26
7 19 12 6 89 0 13 30
6 22 2 40 92 3 139 25
4 32 2 59 118 0 0 32
2 41 9 35 151 0 0 44
1 40 11 13 148 6 56 60
0 27 10 0 111 0 22 74
0 9 5 0 39 0 2 50
0 2 5 0 10 0 0 17
0 5 2 0 8 0 0 2
0 4 0 0 4 0 0 4
1 8 2 5 33 0 0 6
2 14 2 4 72 0 3 26
3 19 10 7 98 0 25 30
3 22 1 52 96 2 150 25
2 32 8 34 124 3 128 32
1 41 14 24 144 0 0 44
1 40 2 50 108 0 0 60
0 27 1 0 71 6 57 74
0 9 0 0 22 0 9 50
0 2 0 0 6 0 0 17
