7 2 21 0 31 0 1 3
4 3 5 0 11 0 0 4
8 6 16 4 105 0 0 6
10 4 39 2 425 0 28 30
10 4 51 3 303 12 19 35
15 4 50 6 332 12 19 29
32 6 61 11 513 9 32 38
51 8 70 22 431 9 31 52
57 8 74 20 249 9 32 72
44 5 79 0 191 11 21 90
16 1 38 0 255 0 23 60
3 0 30 0 107 0 0 21
5 1 20 0 64 0 2 3
3 4 5 0 6 0 0 4
6 8 16 4 54 0 0 6
8 4 35 0 304 0 21 30
12 4 54 3 408 11 23 35
18 4 56 9 506 10 25 29
36 6 72 36 252 9 31 39
52 8 80 77 108 8 41 53
57 8 78 36 153 9 32 74
46 5 79 0 190 10 25 92
22 1 39 0 221 0 24 63
5 0 30 0 115 0 0 21
7 1 20 0 65 0 2 3
4 4 5 0 6 0 0 4
7 8 16 4 54 0 0 6
9 4 39 1 463 0 22 30
11 4 50 3 292 12 17 35
15 4 52 6 391 13 14 29
32 6 68 22 401 12 17 39
51 8 80 73 126 12 17 54
56 8 78 42 137 13 15 74
46 5 80 0 180 13 15 93
20 1 39 0 222 0 26 63
4 0 30 0 115 0 0 21
6 1 20 0 63 0 2 3
3 4 5 0 6 0 0 4
4 8 17 5 54 0 0 6
6 4 36 1 356 0 25 30
8 4 53 3 389 12 19 35
11 4 53 7 447 11 22 28
23 6 67 21 425 14 11 37
43 8 78 60 162 14 12 51
51 8 78 36 156 14 12 70
42 5 80 0 170 14 11 90
20 1 39 0 222 0 25 59
5 0 30 0 119 0 0 20
7 1 20 0 63 0 0 3
4 4 5 0 6 0 0 4
8 8 17 6 54 0 0 6
12 4 40 2 474 0 5 28
16 4 57 5 477 0 8 32
19 4 57 10 461 2 35 28
37 6 73 41 228 14 11 38
55 8 81 66 112 14 11 53
62 8 79 42 138 14 11 73
49 5 80 0 170 14 11 91
23 1 40 0 210 0 25 62
5 0 31 0 119 0 0 21
7 1 20 0 59 0 0 3
3 4 5 0 6 0 0 4
5 8 17 5 54 0 0 6
8 4 41 2 446 0 18 30
12 4 54 3 418 14 12 35
18 4 55 9 519 14 12 29
39 6 72 34 267 13 14 38
58 8 81 66 111 13 14 52
64 8 78 42 137 14 12 72
53 5 80 0 181 14 12 89
21 1 39 0 222 0 25 60
4 0 31 0 119 0 0 21
6 1 20 0 66 0 2 3
4 4 5 0 6 0 0 4
8 8 18 9 54 0 0 6
13 4 46 11 266 0 19 31
17 4 66 18 184 10 26 37
24 4 71 11 113 9 34 31
44 6 78 66 111 8 37 42
62 8 82 55 109 9 33 58
69 8 79 42 136 10 27 80
59 5 80 0 169 12 18 100
25 1 40 0 210 0 25 66
5 0 31 0 119 0 0 22
7 1 20 0 63 0 2 3
4 4 5 0 6 0 0 4
7 7 16 3 77 0 0 6
8 4 39 1 475 0 24 32
9 4 52 3 356 14 12 38
14 4 50 6 326 14 12 31
32 6 64 14 610 14 12 41
55 8 76 45 222 14 12 56
64 8 78 42 138 14 12 77
53 5 80 0 181 14 12 97
25 1 39 0 222 0 25 64
5 0 30 0 119 0 0 22
7 1 19 0 54 0 2 3
3 4 5 0 6 0 0 4
6 8 16 4 54 0 0 6
9 4 35 0 293 0 19 31
15 4 53 3 377 1 16 35
28 4 57 11 426 2 40 30
49 6 77 75 116 13 14 41
67 8 82 55 112 14 11 55
74 8 79 42 138 14 11 76
62 5 80 0 170 14 11 95
28 1 40 0 210 0 25 63
6 0 31 0 119 0 0 22
8 1 21 0 69 0 1 3
5 4 5 0 6 0 0 4
9 8 17 7 73 0 0 6
11 4 44 5 352 0 16 31
16 4 59 6 397 11 22 38
30 4 70 0 114 10 25 31
53 6 78 66 112 10 28 41
74 8 82 44 111 11 22 55
83 8 79 42 136 10 25 76
72 5 81 0 169 12 17 95
32 1 40 0 210 0 25 64
6 0 31 0 124 0 0 21
8 1 20 0 67 0 2 3
5 4 5 0 9 0 0 4
10 6 17 5 95 0 0 6
14 4 42 3 316 0 24 31
18 3 58 5 433 4 67 35
28 4 67 44 125 3 62 29
51 6 76 60 135 3 71 39
72 8 80 77 99 4 98 55
81 8 77 32 158 4 101 75
71 5 79 0 183 5 72 94
32 1 39 0 230 0 16 63
6 0 30 0 120 0 0 21
8 1 20 0 66 0 1 3
4 3 5 0 10 0 0 4
8 6 16 5 101 0 0 6
11 3 42 3 307 0 23 30
13 3 58 6 401 5 75 36
18 4 62 21 238 3 57 29
40 6 77 75 102 4 89 38
63 7 80 73 106 2 76 51
72 8 78 36 145 4 86 72
58 5 78 0 195 6 63 93
27 1 39 0 218 0 16 62
6 0 30 0 116 0 0 21
6 1 19 0 63 0 1 3
3 4 5 0 6 0 0 4
5 8 16 4 62 0 0 6
6 4 41 2 357 0 31 31
9 4 55 4 478 12 17 36
14 4 53 7 445 11 21 30
31 6 68 21 410 7 49 39
50 8 81 77 106 6 54 53
58 8 78 42 135 9 34 73
51 5 79 0 177 8 37 91
25 1 39 0 220 0 20 61
5 0 30 0 115 0 0 20
6 1 19 0 57 0 1 3
3 4 5 0 6 0 0 4
5 8 16 4 54 0 0 6
7 4 36 1 342 0 25 29
9 4 51 3 306 14 12 35
13 4 51 6 346 14 12 28
30 6 65 16 529 13 15 38
51 8 76 45 220 11 22 51
60 8 78 36 155 12 17 70
52 5 80 0 169 13 14 88
24 1 39 0 221 0 25 59
5 0 31 0 119 0 0 20
7 1 20 0 68 0 1 3
4 4 5 0 6 0 0 4
7 8 16 4 54 0 0 6
7 4 42 3 347 0 22 30
10 4 53 3 402 12 17 35
15 4 56 9 517 10 25 29
33 6 72 38 239 9 33 38
55 8 81 66 107 7 46 52
63 8 78 42 134 8 37 71
57 5 80 0 178 9 30 89
29 1 39 0 221 0 23 59
5 0 30 0 115 0 0 20
6 1 19 0 53 0 1 3
3 4 5 0 6 0 0 4
4 8 15 2 54 0 0 6
6 4 32 0 208 0 29 29
8 4 47 3 256 14 11 35
12 4 49 6 274 14 11 29
25 6 63 11 469 14 11 38
46 8 73 31 314 14 12 51
53 8 76 29 186 14 11 70
47 5 79 0 181 14 11 88
21 1 39 0 233 0 25 59
4 0 30 0 115 0 0 20
6 1 20 0 62 0 2 3
4 4 5 0 6 0 0 4
7 8 17 6 54 0 0 6
9 4 38 1 384 0 17 29
11 4 56 4 501 14 12 35
14 4 58 12 390 14 11 28
29 6 75 50 186 14 11 38
50 8 81 66 112 14 11 51
59 8 79 42 138 14 11 70
49 5 80 0 170 14 11 87
24 1 39 0 222 0 25 58
5 0 31 0 119 0 0 20
6 1 20 0 64 0 1 3
3 4 5 0 6 0 0 4
6 8 17 5 54 0 0 6
8 4 41 2 446 0 18 29
8 4 57 5 491 12 17 34
12 12 53 6 263 13 15 28
24 23 67 19 293 0 15 34
45 19 78 60 563 1 34 48
54 9 78 42 167 5 76 68
48 5 80 0 181 13 14 86
23 1 39 0 210 0 25 58
5 0 31 0 119 0 0 19
6 1 20 0 53 0 0 3
3 4 5 0 6 0 0 4
5 8 16 5 54 0 0 6
6 4 41 3 419 0 22 29
8 19 54 3 118 0 6 31
12 22 54 7 127 0 3 25
24 25 68 24 277 0 8 33
45 19 80 73 538 1 42 49
54 9 78 42 168 14 11 70
47 5 80 0 170 14 11 87
23 1 40 0 222 0 25 58
5 0 31 0 124 0 0 19
6 1 20 0 52 0 0 3
3 4 5 0 6 0 0 4
7 8 17 7 54 0 0 6
10 4 45 7 292 0 21 30
14 4 59 6 398 14 12 35
17 4 67 51 122 14 11 29
36 6 78 75 116 14 11 38
54 8 82 55 112 14 11 52
61 8 79 49 120 14 11 71
56 5 80 0 170 14 11 88
27 1 40 0 210 0 25 59
5 0 31 0 119 0 0 20
