2 6 22 0 23 0 2 4
1 5 6 0 15 0 0 4
3 10 17 3 136 0 0 6
5 16 41 1 248 0 9 30
7 22 51 4 313 2 63 45
8 27 51 7 291 3 114 40
11 39 63 15 430 3 154 56
13 49 73 18 596 3 155 78
12 48 78 8 572 3 156 109
8 33 82 0 552 3 126 137
4 10 40 0 186 0 13 86
1 3 31 0 48 0 0 29
2 6 21 0 28 0 0 3
1 5 5 0 16 0 0 4
3 9 18 4 140 0 0 6
5 15 36 1 186 0 7 30
7 22 55 4 302 2 54 46
8 27 58 8 359 3 112 41
11 39 76 17 500 3 153 58
13 49 84 27 784 3 159 82
12 48 82 12 757 3 159 120
8 33 83 0 560 3 127 146
4 11 41 0 221 0 13 94
1 3 32 0 67 0 0 31
2 7 21 0 45 0 0 3
1 6 5 0 22 0 0 4
3 10 17 3 168 0 0 6
5 16 42 1 272 0 9 31
7 22 51 4 302 2 55 46
8 27 53 8 334 3 113 43
11 39 71 16 483 3 154 62
13 49 85 19 631 3 156 87
12 48 82 13 771 3 157 123
8 33 84 0 559 3 126 154
4 10 41 0 197 0 13 94
1 3 32 0 57 0 0 31
2 7 21 0 38 0 0 3
1 5 5 0 18 0 0 4
3 9 18 4 125 0 0 6
5 15 39 1 189 0 12 32
7 22 55 4 305 2 58 44
8 27 55 8 359 3 110 38
11 39 70 17 489 3 153 52
13 49 83 20 663 3 169 73
12 48 82 13 771 3 157 101
8 33 83 0 560 3 126 137
4 10 41 0 194 0 8 77
1 3 32 0 49 0 0 19
2 5 21 0 14 0 0 2
1 4 5 0 6 0 0 4
3 8 19 4 102 0 0 6
5 15 45 1 220 0 6 28
7 22 59 4 305 0 8 32
8 27 59 9 362 0 19 31
11 39 77 21 604 2 81 50
13 49 85 28 770 3 159 82
12 49 82 12 755 3 161 115
8 37 84 0 512 3 126 144
4 13 41 0 409 0 13 91
1 4 32 0 110 0 0 32
2 8 20 0 56 0 0 3
1 6 5 0 24 0 0 4
3 10 18 4 170 0 0 6
5 15 45 1 232 0 7 29
7 22 57 4 310 2 59 45
8 27 57 8 359 3 110 40
11 39 76 18 524 3 151 56
13 49 85 28 769 3 158 79
12 48 82 13 770 3 159 111
8 33 84 0 564 3 124 134
4 11 41 0 249 0 13 85
1 3 32 0 72 0 0 29
2 7 21 0 46 0 0 3
1 6 6 0 24 0 0 4
3 10 22 6 234 0 0 6
5 17 51 2 405 0 7 30
7 23 71 7 443 2 67 53
8 27 57 0 567 4 127 52
11 41 82 27 602 4 131 78
13 56 84 26 469 4 137 110
12 60 81 12 336 3 147 158
8 47 83 0 200 3 132 174
4 18 41 0 204 0 14 107
1 4 32 0 185 0 0 34
1 9 21 0 75 0 0 3
1 6 5 0 28 0 0 4
3 11 17 3 188 0 0 6
5 16 41 1 261 0 12 36
7 22 58 4 321 2 75 58
8 27 51 8 360 3 111 52
11 39 66 17 489 3 154 74
13 49 81 18 596 3 155 102
12 48 82 10 694 3 156 142
8 33 84 0 569 3 128 174
4 10 41 0 191 0 13 100
1 3 32 0 49 0 0 34
2 6 20 0 27 0 0 3
1 5 5 0 16 0 0 4
3 10 18 4 143 0 0 6
5 16 36 1 194 0 8 32
7 22 54 4 301 1 53 53
8 27 60 8 359 3 112 51
10 39 83 20 574 3 152 71
13 50 86 28 733 3 158 96
12 53 82 13 516 3 157 132
8 42 84 0 314 3 127 161
4 15 41 0 261 0 13 96
1 4 32 0 167 0 0 33
1 9 21 0 84 0 0 3
1 7 6 0 37 0 0 4
3 12 20 4 325 0 0 6
5 18 48 2 495 0 8 32
7 23 61 4 364 2 82 57
8 27 58 0 587 5 107 53
10 42 80 24 579 4 115 69
13 59 82 25 416 4 126 96
12 65 80 11 269 3 147 134
8 54 82 0 135 3 133 166
3 19 41 0 123 0 14 99
1 5 32 0 188 0 0 31
1 9 21 0 95 0 1 3
1 7 5 0 37 0 0 4
3 12 19 4 312 0 0 6
5 19 45 1 536 0 11 33
7 24 60 4 422 6 88 49
8 29 77 0 529 9 51 41
10 44 74 19 594 7 69 66
13 61 79 22 408 5 97 92
12 67 77 10 284 4 120 128
8 57 80 0 147 4 135 160
3 7 40 0 147 0 15 97
1 6 32 0 187 0 0 30
1 10 20 0 84 0 1 3
1 7 5 0 31 0 0 4
3 11 19 4 262 0 0 6
5 18 45 1 393 0 12 32
7 23 61 4 374 5 96 55
8 28 62 0 607 11 37 41
11 39 75 20 629 8 58 55
13 50 79 22 765 6 81 77
12 50 77 10 747 4 127 111
8 39 79 0 487 4 132 155
4 14 41 0 357 0 15 94
1 4 31 0 125 0 0 29
2 8 20 0 59 0 1 3
1 6 5 0 25 0 0 4
3 10 18 4 155 0 0 6
5 15 43 1 208 0 11 33
7 23 59 4 328 2 80 52
8 27 78 12 563 5 109 47
11 39 78 22 633 4 126 62
13 49 81 25 784 4 142 83
12 48 80 11 746 4 139 116
8 33 83 0 565 3 135 144
4 10 41 0 192 0 14 88
1 3 32 0 49 0 0 28
2 5 20 0 17 0 0 3
1 5 5 0 11 0 0 4
3 9 17 3 100 0 0 6
5 15 39 1 186 0 11 31
7 22 52 4 314 2 65 44
8 27 52 7 311 3 113 39
11 39 67 16 477 3 154 53
13 49 81 18 596 3 156 72
12 48 82 11 714 3 156 102
8 33 84 0 561 3 128 126
4 10 41 0 194 0 14 81
1 3 32 0 49 0 0 28
2 5 21 0 16 0 0 3
1 4 6 0 12 0 0 4
3 9 17 3 113 0 0 6
5 15 45 1 207 0 10 31
7 22 56 4 316 2 67 47
8 27 58 8 361 3 115 42
11 39 76 18 526 3 153 56
13 49 85 28 764 3 151 77
12 48 82 13 774 3 153 107
8 33 84 0 562 3 130 133
4 10 41 0 194 0 14 79
1 3 31 0 48 0 0 26
2 6 20 0 23 0 0 3
1 5 5 0 13 0 0 4
3 9 16 3 99 0 0 6
5 15 32 1 183 0 12 31
7 23 47 3 187 3 87 46
8 27 50 6 239 3 114 39
11 39 64 15 448 3 153 53
13 49 77 18 602 3 155 71
12 48 81 9 622 3 157 100
8 33 83 0 561 3 127 126
4 10 41 0 191 0 13 80
1 3 32 0 49 0 0 27
2 5 21 0 15 0 0 3
1 4 5 0 7 0 0 4
3 8 19 4 100 0 0 6
5 15 40 1 175 0 6 27
7 22 58 4 299 1 51 44
8 27 61 9 370 2 88 38
11 39 79 23 631 1 73 48
13 49 85 28 770 3 171 72
12 48 82 12 755 3 161 99
8 33 84 0 567 3 126 123
4 10 41 0 190 0 4 70
1 3 32 0 49 0 0 21
2 6 21 0 29 0 0 3
1 5 5 0 18 0 0 4
3 10 19 4 149 0 0 6
5 15 43 1 221 0 7 28
7 22 59 4 304 2 57 42
8 27 57 8 357 3 106 36
11 39 69 16 481 3 147 48
13 49 83 23 747 3 160 67
12 48 81 12 756 3 159 94
8 33 83 0 559 3 126 118
4 10 41 0 194 0 13 76
1 3 32 0 49 0 0 26
2 5 21 0 16 0 0 3
1 4 5 0 11 0 0 4
3 8 18 4 97 0 0 6
6 15 44 1 187 0 9 30
7 22 58 4 313 2 63 44
8 27 56 8 358 3 106 38
11 39 72 16 482 3 150 52
13 49 84 25 772 3 159 72
12 48 82 12 757 3 158 99
8 33 83 0 561 3 127 124
4 10 41 0 197 0 14 79
1 3 32 0 49 0 0 25
2 5 21 0 14 0 0 2
1 4 5 0 6 0 0 4
3 8 20 5 96 0 0 6
5 15 49 2 200 0 6 28
7 22 61 4 322 1 50 45
8 27 60 0 532 3 108 41
11 39 88 23 714 3 148 54
13 49 86 30 755 3 158 76
12 48 82 13 768 3 161 105
8 33 84 0 562 3 123 128
4 11 41 0 250 0 13 81
1 3 32 0 78 0 0 26
