8 7 18 0 3 0 1 3
5 5 5 0 4 0 0 4
9 9 14 2 35 0 0 6
10 17 36 1 44 0 12 31
10 26 50 3 51 1 32 37
16 31 49 6 52 1 35 30
35 45 59 11 67 1 46 40
57 58 65 12 81 1 58 54
64 55 66 9 54 1 63 75
49 37 68 0 36 1 41 93
18 12 33 0 15 0 4 62
4 3 26 0 4 0 0 22
6 6 17 0 4 0 0 3
3 4 4 0 6 0 0 4
7 8 15 4 53 0 0 6
9 17 34 0 55 0 10 31
13 26 51 3 51 1 32 37
19 30 52 6 48 1 36 30
39 44 65 22 45 1 49 40
58 55 68 28 49 1 62 55
64 54 66 12 50 1 66 76
52 37 67 0 38 1 42 94
25 12 33 0 15 0 4 64
5 3 26 0 4 0 0 22
8 6 17 0 4 0 0 3
4 4 5 0 6 0 0 4
7 8 15 3 49 0 0 6
10 17 36 1 45 0 10 31
11 26 50 3 51 1 32 37
16 31 50 6 53 1 35 31
35 45 63 11 62 1 47 41
57 56 69 30 47 1 61 56
64 54 67 14 47 1 65 76
53 37 67 0 37 1 41 95
23 12 33 0 15 0 4 63
5 3 26 0 4 0 0 22
7 6 17 0 4 0 0 3
3 4 4 0 6 0 0 4
4 8 15 4 54 0 0 6
6 17 36 1 44 0 10 31
8 28 51 3 47 1 25 36
12 32 51 6 52 1 33 30
25 45 62 13 56 1 47 39
47 57 69 31 43 1 59 54
57 56 67 14 42 1 62 73
48 38 68 0 33 1 40 93
23 12 33 0 14 0 4 61
6 3 26 0 3 0 0 21
8 6 17 0 4 0 0 3
4 4 5 0 6 0 0 4
9 8 16 5 54 0 0 6
13 16 37 2 51 0 7 30
18 26 53 4 39 1 31 37
20 31 53 8 40 1 35 30
40 45 65 24 39 1 46 40
62 57 69 35 39 1 58 55
71 56 67 15 41 1 62 75
56 38 68 0 32 1 40 94
27 12 34 0 14 0 4 63
6 3 26 0 3 0 0 22
7 6 17 0 4 0 0 3
4 4 4 0 6 0 0 4
5 8 15 4 41 0 0 6
8 17 37 2 42 0 11 31
13 25 52 3 45 1 32 37
19 30 52 6 49 1 37 30
44 43 64 21 47 1 50 40
65 55 68 26 54 1 63 55
73 53 66 12 54 1 68 75
61 36 67 0 40 1 44 93
24 12 33 0 16 0 4 62
5 3 26 0 4 0 0 22
7 6 17 0 4 0 0 3
4 4 5 0 6 0 0 4
9 8 17 9 45 0 0 6
14 17 39 5 38 0 12 32
19 24 58 10 33 1 35 38
27 29 58 28 32 1 43 32
49 41 64 21 53 1 62 43
71 52 68 27 62 2 88 59
79 50 66 13 63 2 106 83
68 34 68 0 46 2 65 102
29 11 34 0 16 0 5 66
6 3 26 0 4 0 0 23
8 7 17 0 3 0 1 3
4 5 5 0 4 0 0 4
8 9 14 2 37 0 0 6
8 17 35 1 47 0 10 32
9 26 52 3 44 1 32 39
15 31 52 7 44 1 35 32
34 45 60 11 65 1 45 42
61 57 68 27 46 1 57 57
73 55 66 13 45 1 62 77
61 38 68 0 35 1 40 96
29 12 33 0 14 0 4 64
6 3 26 0 4 0 0 22
8 6 17 0 4 0 0 3
4 4 4 0 6 0 0 4
7 8 15 4 50 0 0 6
9 17 34 0 53 0 9 31
17 26 50 3 50 1 31 38
32 31 53 6 45 1 35 32
56 44 66 29 37 1 48 42
76 56 69 34 43 1 62 56
85 54 67 15 45 1 66 77
73 37 68 0 35 1 42 96
33 12 33 0 14 0 4 64
7 3 26 0 3 0 0 22
10 6 18 0 4 0 0 3
6 4 5 0 5 0 0 4
10 9 16 6 35 0 0 6
12 17 38 3 40 0 12 32
17 24 54 4 43 1 35 39
33 29 59 32 31 1 42 32
60 41 64 19 56 1 62 42
84 52 68 24 65 2 88 58
96 51 66 12 63 2 100 80
85 34 68 0 46 2 65 99
38 11 34 0 17 0 6 65
7 3 26 0 4 0 0 22
9 7 17 0 3 0 1 3
5 5 5 0 3 0 0 4
11 9 15 3 29 0 0 6
15 17 37 2 41 0 12 32
19 25 53 3 45 1 38 37
32 29 60 15 29 1 46 31
58 41 65 26 51 2 68 42
82 52 69 31 61 2 95 58
94 50 67 14 62 2 110 80
84 34 68 0 46 2 70 99
38 11 34 0 16 0 6 65
7 3 26 0 4 0 0 22
9 7 17 0 3 0 1 3
4 5 5 0 2 0 0 4
9 10 15 3 24 0 0 6
12 17 37 2 41 0 12 31
14 24 54 4 44 1 37 38
19 29 61 3 30 1 44 31
44 41 65 22 54 2 68 41
71 51 68 27 64 2 95 56
82 50 66 13 63 2 106 77
67 34 68 0 46 2 66 98
32 11 34 0 17 0 6 65
7 3 26 0 4 0 0 22
7 7 17 0 3 0 1 3
4 5 5 0 4 0 0 4
5 9 15 3 36 0 0 6
6 17 36 1 45 0 11 31
9 25 53 3 44 1 34 38
14 30 60 22 25 1 37 31
33 42 65 23 48 1 51 41
55 54 68 25 57 1 65 55
65 53 65 10 56 1 69 76
58 36 67 0 41 1 44 94
29 12 33 0 16 0 4 63
6 3 26 0 4 0 0 21
7 7 17 0 4 0 0 3
4 4 4 0 6 0 0 4
5 8 15 3 54 0 0 6
7 17 35 1 45 0 10 30
9 26 52 3 44 1 29 36
14 31 49 6 53 1 33 30
33 45 61 11 68 1 46 40
56 56 68 23 52 1 59 54
68 55 67 14 44 1 63 74
60 38 67 0 35 1 40 92
28 12 33 0 14 0 4 61
6 3 26 0 4 0 0 21
8 6 17 0 4 0 0 3
4 4 5 0 6 0 0 4
8 8 15 3 54 0 0 6
7 17 37 2 43 0 10 31
10 25 53 3 45 1 31 37
15 30 52 6 48 1 36 31
36 43 65 22 47 1 49 40
61 54 68 25 56 1 62 54
72 54 65 11 55 1 66 74
66 37 67 0 41 1 42 93
34 12 33 0 16 0 4 61
6 3 26 0 4 0 0 21
7 6 17 0 4 0 0 3
3 4 4 0 6 0 0 4
4 8 14 2 54 0 0 6
7 17 33 0 54 0 10 30
8 26 47 3 59 1 30 36
12 32 48 6 66 1 34 30
27 45 60 11 68 1 46 40
50 58 67 12 79 1 58 53
60 56 67 14 42 1 61 73
54 38 68 0 33 1 39 92
24 12 33 0 14 0 4 61
5 3 26 0 3 0 0 21
7 6 17 0 4 0 0 3
4 4 5 0 6 0 0 4
7 8 16 5 54 0 0 6
9 16 36 1 52 0 7 30
12 27 52 3 43 1 27 36
15 31 53 8 40 1 35 30
31 44 66 27 38 1 47 40
56 56 69 32 43 1 59 54
66 55 67 14 44 1 63 73
56 38 68 0 34 1 40 91
27 12 33 0 14 0 4 61
6 3 26 0 3 0 0 21
7 6 17 0 4 0 0 3
4 4 5 0 6 0 0 4
7 8 15 4 54 0 0 6
8 16 36 1 51 0 8 30
8 26 53 3 42 1 30 36
12 31 53 8 41 1 33 30
26 44 62 13 57 1 48 39
50 56 68 29 47 1 60 53
61 55 66 13 46 1 63 72
55 37 67 0 36 1 40 91
27 12 33 0 14 0 4 61
6 3 26 0 4 0 0 21
7 6 17 0 4 0 0 3
3 4 5 0 6 0 0 4
5 8 15 4 54 0 0 6
6 17 37 1 44 0 9 30
8 26 53 3 41 1 31 36
12 31 52 6 47 1 35 30
26 44 63 16 52 1 47 40
49 56 68 29 47 1 59 54
60 55 66 13 47 1 62 73
54 37 67 0 36 1 40 91
26 12 33 0 15 0 4 61
5 3 26 0 4 0 0 21
7 6 17 0 4 0 0 3
4 4 5 0 6 0 0 4
7 8 16 6 54 0 0 6
11 16 38 3 51 0 7 30
14 26 54 4 39 1 30 37
18 30 60 0 23 1 36 30
39 43 65 26 43 1 50 40
61 55 68 29 50 1 63 54
69 53 66 12 52 1 69 74
65 37 67 0 39 1 44 92
31 12 33 0 15 0 4 62
6 3 26 0 4 0 0 21
