0 6 12 0 5 0 0 1
0 5 3 0 2 0 0 4
2 10 11 2 23 0 0 6
4 17 27 0 46 0 0 16
7 21 46 3 89 0 0 16
7 24 45 6 97 0 0 12
6 35 53 11 114 0 0 15
5 47 52 12 98 0 0 18
4 50 48 4 64 0 0 23
3 37 48 0 33 0 20 39
1 12 23 0 10 0 1 34
0 3 18 0 2 0 0 17
1 7 12 0 2 0 0 2
0 6 3 0 2 0 0 4
2 10 12 2 24 0 0 6
5 16 29 0 60 0 0 13
6 21 44 3 78 0 0 14
6 24 43 6 76 0 0 11
5 36 48 8 78 0 29 17
5 49 48 5 69 0 17 37
4 52 46 1 49 0 20 40
3 38 45 0 25 0 16 40
1 13 21 0 7 0 2 23
0 3 17 0 2 0 0 10
0 8 12 0 1 0 0 2
0 6 3 0 1 0 0 4
2 11 12 2 22 0 0 6
5 17 29 0 55 0 0 12
7 21 46 3 86 0 5 14
7 24 44 6 89 0 7 25
6 35 50 11 91 0 9 32
5 48 49 6 78 0 14 42
4 50 46 1 54 0 19 42
3 37 45 0 28 0 16 39
1 13 21 0 8 0 2 24
0 3 17 0 2 0 0 10
1 8 12 0 2 0 0 2
1 6 3 0 2 0 0 4
3 10 12 2 27 0 0 6
6 15 29 0 83 0 9 21
7 20 44 3 84 0 5 30
8 24 44 6 87 0 5 25
8 34 50 11 103 0 8 32
7 44 49 7 113 0 11 44
5 43 46 2 105 0 12 60
3 29 45 0 78 0 8 74
1 10 21 0 24 0 0 50
0 3 17 0 5 0 0 17
0 7 12 0 3 0 0 2
0 5 3 0 2 0 0 4
2 10 11 2 22 0 0 6
3 17 28 0 49 0 0 14
5 23 43 3 53 0 13 24
5 27 42 6 56 0 7 25
5 39 48 8 59 0 12 32
5 52 48 4 52 0 19 32
4 55 45 1 34 0 23 38
2 41 43 0 16 0 22 34
1 15 21 0 5 0 2 20
0 4 17 0 1 0 0 8
0 8 12 0 1 0 0 2
0 6 3 0 1 0 0 4
3 10 11 2 23 0 0 6
5 16 29 0 63 0 0 14
7 20 44 3 80 0 0 16
6 24 43 6 78 0 0 13
5 36 48 9 78 0 32 17
5 49 48 4 66 0 15 42
4 53 45 1 44 0 19 48
2 40 44 0 21 0 16 47
1 14 21 0 6 0 2 28
0 4 17 0 1 0 0 12
1 8 11 0 1 0 0 2
0 6 3 0 1 0 0 4
2 11 11 1 16 0 0 6
3 18 26 0 34 0 0 9
4 23 40 1 39 0 0 9
4 28 39 3 40 0 0 6
4 42 45 2 40 0 0 5
4 56 44 0 34 0 0 7
4 60 43 0 22 0 0 8
2 46 43 0 9 0 0 9
1 17 21 0 2 0 0 7
0 4 17 0 1 0 0 3
0 9 12 0 1 0 0 2
0 6 3 0 1 0 0 4
2 11 11 2 19 0 0 6
6 17 29 0 62 0 7 16
7 20 47 3 99 0 4 30
7 24 45 6 99 0 5 25
6 34 51 11 111 0 7 32
5 45 50 8 103 0 11 44
4 48 47 2 68 0 14 52
2 36 45 0 33 0 12 45
1 13 21 0 8 0 1 25
0 3 17 0 2 0 0 12
0 8 12 0 2 0 0 2
0 6 3 0 1 0 0 4
2 10 12 2 26 0 0 6
5 17 29 0 61 0 0 7
5 21 45 3 73 0 0 7
3 26 42 6 58 0 10 18
4 40 46 5 51 0 12 25
4 55 46 2 42 0 21 24
3 59 44 0 26 0 30 24
2 45 43 0 10 0 34 20
1 17 21 0 2 0 4 13
0 4 17 0 0 0 0 6
0 9 11 0 1 0 0 2
0 7 3 0 1 0 0 4
1 12 11 1 11 0 0 6
4 19 27 0 32 0 0 7
5 23 42 3 46 0 0 8
3 28 41 5 44 0 0 6
3 42 45 3 38 0 0 8
4 58 45 0 29 0 0 10
3 63 43 0 16 0 0 12
1 51 42 0 4 0 0 15
0 22 21 0 0 0 0 10
0 5 17 0 0 0 0 5
0 9 12 0 1 0 0 1
0 7 3 0 1 0 0 4
1 12 11 1 12 0 0 6
3 19 28 0 32 0 0 10
4 25 44 3 48 0 0 16
3 29 43 6 46 0 0 12
4 44 49 9 42 0 0 9
4 60 48 4 30 0 0 11
3 65 44 0 15 0 0 14
2 54 43 0 2 0 0 18
0 12 21 0 0 0 0 11
0 5 17 0 0 0 0 6
0 9 12 0 1 0 0 1
0 7 3 0 1 0 0 4
2 11 11 2 17 0 0 6
4 18 29 0 47 0 0 14
6 22 43 3 57 0 0 12
6 26 43 6 63 0 0 12
5 38 47 5 60 0 0 15
4 52 46 1 51 0 0 19
3 56 43 0 31 0 0 22
2 42 43 0 14 0 0 19
1 15 21 0 3 0 0 12
0 4 17 0 1 0 0 6
1 8 12 0 1 0 0 2
0 6 3 0 1 0 0 4
3 10 12 2 24 0 0 6
6 15 29 0 74 0 0 11
7 20 45 3 86 0 11 21
7 24 44 6 88 0 6 25
6 34 50 11 102 0 8 32
6 44 48 5 110 0 11 44
4 44 45 1 96 0 13 60
2 32 44 0 50 0 10 68
1 11 21 0 13 0 1 38
0 3 17 0 2 0 0 15
1 7 12 0 2 0 0 2
0 6 3 0 2 0 0 4
3 10 12 2 29 0 0 6
6 15 29 0 73 0 0 18
7 20 46 3 92 0 7 30
8 24 45 6 95 0 5 25
6 34 51 11 108 0 7 32
6 44 50 8 114 0 11 44
4 44 47 2 96 0 12 60
2 33 46 0 49 0 10 74
1 11 22 0 12 0 1 44
0 3 17 0 2 0 0 15
0 7 11 0 2 0 0 2
0 6 3 0 1 0 0 4
2 11 11 2 20 0 0 6
6 16 28 0 51 0 0 14
7 20 45 3 89 0 0 14
7 24 43 6 81 0 0 11
6 34 48 8 95 0 0 15
5 46 47 3 90 0 23 30
4 49 44 1 60 0 18 52
2 36 43 0 29 0 15 51
1 13 21 0 7 0 2 34
0 4 17 0 2 0 0 17
1 8 12 0 2 0 0 2
1 6 3 0 2 0 0 4
3 10 12 2 34 0 0 6
6 15 30 0 95 0 18 20
7 20 47 3 112 0 4 30
8 24 46 6 105 0 4 25
8 34 52 11 116 0 7 32
6 44 51 11 119 0 10 44
5 43 48 3 108 0 11 60
2 30 47 0 73 0 8 74
1 10 22 0 20 0 1 50
0 3 17 0 4 0 0 17
1 7 12 0 3 0 0 2
0 6 3 0 2 0 0 4
2 10 11 2 23 0 0 6
5 17 28 0 54 0 0 16
7 21 43 3 70 0 0 17
7 24 42 6 76 0 28 15
7 35 47 6 86 0 9 32
6 47 47 3 80 0 13 44
4 50 45 1 55 0 16 60
2 37 44 0 27 0 14 59
1 13 21 0 7 0 1 38
0 3 17 0 1 0 0 15
0 8 12 0 1 0 0 2
0 6 3 0 1 0 0 4
2 10 11 2 21 0 0 6
6 16 28 0 55 0 0 19
7 20 44 3 82 0 0 20
8 24 44 6 89 0 14 23
8 34 50 11 104 0 8 32
6 44 49 6 113 0 10 44
5 43 46 1 102 0 12 60
2 31 45 0 56 0 9 74
1 11 21 0 15 0 1 50
0 3 17 0 3 0 0 17
1 7 12 0 2 0 0 2
0 6 3 0 1 0 0 4
3 10 11 2 26 0 0 6
6 15 28 0 74 0 0 16
7 20 44 3 84 0 0 18
8 24 43 6 85 0 13 21
8 34 49 11 100 0 9 32
6 44 49 6 112 0 11 44
5 43 46 1 104 0 12 60
3 29 44 0 77 0 8 74
1 9 21 0 26 0 0 50
0 3 17 0 5 0 0 17
0 6 12 0 3 0 0 2
0 5 3 0 2 0 0 4
2 10 11 2 23 0 0 6
4 17 28 0 49 0 0 14
6 21 42 3 60 0 0 14
6 25 41 4 60 0 0 12
5 37 45 3 64 0 26 20
5 50 45 1 58 0 20 35
4 53 43 0 39 0 26 40
2 40 43 0 19 0 23 41
1 14 21 0 5 0 2 31
0 4 17 0 1 0 0 16
