1 4 1 0 4 0 0 2
1 3 0 0 3 0 0 4
2 5 3 2 23 0 0 6
4 10 11 0 45 0 2 25
7 14 22 2 56 0 3 27
7 17 29 6 70 0 3 22
8 24 29 11 89 0 5 28
8 31 17 11 94 0 6 37
7 28 10 5 84 0 6 50
5 14 9 0 49 0 4 47
2 3 5 0 13 0 0 35
0 1 4 0 3 0 0 12
1 2 3 0 2 0 0 2
1 2 1 0 2 0 0 4
2 5 3 2 23 0 0 6
5 11 8 0 48 0 2 23
6 15 17 2 59 0 3 25
6 18 15 5 64 0 4 20
7 26 10 11 87 0 5 23
8 27 10 9 81 0 7 28
7 21 10 4 59 0 7 43
5 10 9 0 33 0 4 49
2 2 4 0 10 0 0 23
0 0 3 0 2 0 0 8
1 1 2 0 2 0 0 1
1 1 1 0 1 0 0 4
2 4 4 2 18 0 0 6
5 9 10 0 43 0 2 23
7 15 14 2 59 0 3 25
7 18 21 5 63 0 4 20
8 24 15 10 78 0 5 26
8 31 10 11 95 0 6 33
7 24 9 5 71 1 8 28
5 12 9 0 37 0 5 42
2 2 4 0 11 0 0 25
0 0 3 0 2 0 0 8
1 2 2 0 2 0 0 1
1 2 1 0 2 0 0 4
3 5 3 2 24 0 0 6
5 11 8 0 48 0 2 25
7 14 15 2 55 0 3 28
8 17 15 5 60 0 3 23
9 24 16 10 78 0 5 29
9 32 10 11 97 0 6 38
8 31 9 4 89 0 6 51
5 21 9 0 67 0 4 59
2 7 4 0 25 0 0 41
0 2 3 0 7 0 0 15
1 4 2 0 4 0 0 2
1 3 1 0 3 0 0 4
2 6 3 2 25 0 0 6
4 11 7 0 47 0 2 24
5 14 13 2 56 0 3 27
6 17 8 5 59 0 3 22
7 23 9 7 69 0 5 28
8 23 9 8 66 0 6 36
7 17 9 3 50 0 6 49
5 8 9 0 27 0 4 63
2 2 4 0 8 0 0 40
0 0 3 0 2 0 0 13
1 1 2 0 2 0 0 2
1 1 1 0 1 0 0 4
3 5 2 2 20 0 0 6
5 11 8 0 51 0 2 22
6 15 13 2 59 0 3 25
6 18 9 5 61 0 4 21
7 26 9 8 78 0 5 26
8 28 9 8 79 0 6 32
7 20 9 3 57 0 7 41
5 10 8 0 30 0 5 47
2 2 4 0 8 0 0 33
0 0 2 0 2 0 0 9
1 1 1 0 1 0 0 1
1 2 0 0 1 0 0 3
2 4 1 1 15 0 0 4
4 8 6 0 34 0 4 9
5 11 10 2 42 1 4 15
5 12 6 3 38 0 4 13
7 15 8 7 44 5 11 6
8 15 7 6 42 4 13 8
7 11 7 3 31 2 10 15
4 5 8 0 18 0 5 36
2 1 2 0 4 0 0 17
0 0 0 0 0 0 0 2
1 1 1 0 1 0 0 2
1 1 0 0 1 0 0 3
2 4 3 2 17 0 0 6
5 9 10 0 42 0 2 21
7 14 16 2 55 0 3 23
7 17 9 5 59 0 3 19
8 24 19 10 77 0 5 25
8 31 10 11 94 0 6 33
7 30 9 4 89 0 6 45
4 18 9 0 55 0 4 56
2 4 4 0 15 0 0 38
0 1 3 0 3 0 0 13
1 2 3 0 2 0 0 2
1 2 1 0 2 0 0 3
2 5 3 2 20 0 0 6
5 10 7 0 45 0 2 21
6 14 19 2 55 0 3 23
5 16 12 5 56 0 3 19
6 18 9 10 58 0 5 25
7 17 9 10 54 0 6 33
6 12 9 3 37 0 6 44
4 5 9 0 20 0 4 47
2 1 4 0 5 0 0 25
0 0 3 0 1 0 0 9
1 1 2 0 1 0 0 1
0 1 0 0 1 0 0 3
2 3 2 1 12 0 0 4
4 7 5 0 29 0 2 17
6 11 12 3 43 0 4 18
5 12 7 4 40 0 4 14
6 14 8 6 41 28 0 5
7 13 7 7 38 3 12 11
6 9 7 3 27 0 0 8
4 3 8 0 15 0 0 10
2 0 4 0 4 0 0 7
0 0 3 0 1 0 0 3
1 1 1 0 0 0 0 1
0 1 0 0 0 0 0 2
2 3 2 1 11 0 0 5
4 6 5 0 25 0 2 21
5 8 13 3 37 0 3 25
5 10 8 5 36 0 4 16
6 12 9 7 37 0 5 21
7 12 6 6 33 1 8 20
6 8 8 3 26 1 9 25
4 2 8 0 14 0 0 12
2 0 4 0 4 0 0 7
0 0 3 0 1 0 0 4
1 1 2 0 1 0 0 1
1 1 0 0 1 0 0 3
2 3 1 1 13 0 0 6
4 8 7 0 35 0 2 21
6 12 12 3 50 0 3 23
6 16 8 4 52 0 4 20
7 20 8 7 60 0 5 25
8 20 7 6 55 0 7 26
7 15 8 3 40 2 11 22
4 6 7 0 22 0 0 13
2 1 3 0 6 0 0 8
0 0 3 0 2 0 0 8
1 1 2 0 1 0 0 2
1 1 0 0 1 0 0 4
3 5 2 2 21 0 0 6
6 11 9 0 47 0 2 23
7 14 14 2 56 0 3 25
7 17 8 5 59 0 3 20
8 24 9 9 76 0 5 27
8 30 9 8 86 0 6 41
7 31 9 3 86 0 6 52
5 21 6 0 63 0 4 69
2 7 3 0 25 0 0 41
0 1 1 0 5 0 0 13
1 3 2 0 3 0 0 2
1 2 1 0 2 0 0 4
3 6 3 2 24 0 0 6
5 11 10 0 48 0 2 26
7 14 15 2 55 0 3 28
7 17 23 5 59 0 3 23
8 24 20 10 77 0 5 29
8 31 10 11 94 0 6 40
7 32 9 5 97 0 7 48
5 22 9 0 69 0 4 60
2 7 4 0 25 0 0 41
0 1 3 0 5 0 0 14
1 3 2 0 3 0 0 2
1 2 0 0 2 0 0 4
2 5 3 2 21 0 0 6
5 11 7 0 47 0 2 23
7 14 13 2 57 0 3 26
7 17 8 5 60 0 3 20
8 25 9 7 77 0 5 26
8 34 9 8 96 0 6 33
7 32 9 3 90 0 7 42
4 16 9 0 49 0 4 52
2 3 4 0 13 0 0 29
0 0 3 0 3 0 0 11
1 2 3 0 2 0 0 2
1 2 1 0 2 0 0 4
3 6 5 2 24 0 0 6
5 11 14 0 47 0 2 26
7 14 47 3 88 0 3 28
8 17 35 6 83 0 3 22
9 24 26 11 86 0 5 29
9 31 13 11 94 0 6 40
8 30 10 5 92 0 6 53
5 21 9 0 71 0 4 61
2 7 4 0 25 0 0 43
0 2 3 0 6 0 0 15
1 4 2 0 5 0 0 2
1 3 1 0 3 0 0 4
2 6 3 2 24 0 0 6
5 11 7 0 48 0 2 25
6 14 12 2 55 0 3 28
7 17 8 5 58 0 3 23
8 24 9 7 73 0 5 29
8 31 9 8 89 0 6 39
7 30 9 3 85 0 6 54
5 16 9 0 48 0 4 69
2 3 3 0 13 0 0 40
0 0 2 0 2 0 0 14
1 2 2 0 2 0 0 2
1 2 0 0 1 0 0 4
2 5 3 2 20 0 0 6
5 11 9 0 48 0 2 25
7 14 15 2 57 0 3 29
8 18 9 5 63 0 4 22
9 25 10 8 78 0 5 30
9 32 10 8 91 0 6 40
7 32 9 4 91 0 7 52
5 23 9 0 70 0 4 65
2 6 4 0 24 0 0 42
0 1 2 0 4 0 0 16
1 3 2 0 3 0 0 2
1 2 0 0 2 0 0 4
3 6 3 2 26 0 0 6
6 11 8 0 49 0 2 24
7 14 14 2 57 0 3 28
8 17 9 5 61 0 3 22
9 25 9 8 77 0 5 29
9 32 9 8 91 0 6 37
7 31 9 4 89 0 6 51
5 22 9 0 69 0 4 65
2 7 4 0 26 0 0 41
0 2 2 0 7 0 0 17
1 5 2 0 5 0 0 2
1 3 0 0 2 0 0 4
2 6 2 1 23 0 0 6
4 11 7 0 48 0 2 24
6 15 12 2 57 0 3 26
6 18 8 4 61 0 3 21
7 26 9 7 77 0 5 28
8 30 8 7 85 0 6 36
7 22 8 3 61 0 7 46
4 11 7 0 32 1 5 38
2 2 4 0 9 0 0 18
0 0 3 0 2 0 0 7
