322.045903225806 1024.3303225820105 3644646452.0 4237321877.084769 111.0 56.18329032258064
643.509857142857 1026.380005977977 4237321877.084769 5049519779.343948 319.0 59.67067857142857
785.285774193548 1028.4379794795727 5049519779.343948 5896269809.399357 466.3333333333333 111.0
810.8132 1030.551212815006 5896269809.399357 5896480963.273255 794.0694444444445 297.73333333333335
709.144935483871 1030.552027731329 5896480963.273255 5894656317.822966 692.239247311828 466.3333333333333
400.573266666667 1030.5449857891967 5894656317.822966 5889247227.9217415 389.0388888888889 794.0694444444445
209.112838709677 1030.5241102278283 5889247227.9217415 5855863796.128864 204.05107526881721 692.239247311828
155.613161290323 1030.3952270120806 5855863796.128864 5675204859.208027 203.0 376.4892473118279
113.363733333333 1029.6977021591044 5675204859.208027 5380131572.185223 203.0 210.8527777777778
89.1516451612903 1028.915052773716 5380131572.185223 4983202665.768368 212.0 203.0
132.6879 1028.3422837889875 4983202665.768368 4773113719.132146 207.0 203.0
183.475935483871 1028.0391251358328 4773113719.132146 4736235353.03916 205.0 212.0
219.466193548387 1027.968902398214 4736235353.03916 4819586584.412418 200.0 200.32258064516128
529.413142857143 1028.1061855474927 4819586584.412418 5521694248.2467 251.0 226.96428571428572
573.648451612903 1029.2234979682344 5521694248.2467 5892509836.535242 432.3252688172043 200.0
434.0214 1030.5367017705048 5892509836.535242 5889795403.543049 418.4194444444444 234.26666666666668
242.016225806452 1030.5262258284251 5889795403.543049 5886368807.760476 225.7258064516129 432.3252688172043
141.2042 1030.5130014021631 5886368807.760476 5681044088.818539 207.04722222222222 418.4194444444444
112.736064516129 1029.7202474471758 5681044088.818539 5378909037.044997 209.0 225.7258064516129
95.8503870967742 1028.9132886537445 5378909037.044997 5023074850.618373 210.0 200.36827956989245
70.4100666666667 1028.3998194092617 5023074850.618373 4615161756.381397 205.0 215.96666666666667
51.7662903225806 1027.583317695482 4615161756.381397 4139887122.809348 206.0 210.0
33.0551333333333 1026.0697042127686 4139887122.809348 3707530746.4834843 194.0 205.0
89.5234193548387 1024.5521366718995 3707530746.4834843 3514557219.3465023 168.0 206.0
197.699193548387 1023.71967091805 3514557219.3465023 3617015542.1579704 169.0 187.74193548387098
483.033035714286 1024.2328590552308 3617015542.1579704 4141976150.57799 276.0 186.0
883.652032258065 1026.0763571674458 4141976150.57799 5658106413.350036 315.0 169.0
711.757666666667 1029.6316849936295 5658106413.350036 5894720195.339928 603.8777777777777 257.6
355.195741935484 1030.5452323147767 5894720195.339928 5888379160.458053 339.98924731182797 315.0
161.613233333333 1030.5207600532258 5888379160.458053 5734518218.87805 207.5361111111111 603.8777777777777
116.846161290323 1029.9267112697994 5734518218.87805 5461687188.594772 202.0 339.989247311828
91.6212580645161 1029.0613167259319 5461687188.594772 5115631116.442617 202.0 200.84139784946237
67.8172333333333 1028.5333782344048 5115631116.442617 4674676978.145544 215.0 208.73333333333332
48.4465161290323 1027.772856618298 4674676978.145544 4192645536.0185905 205.0 202.0
51.3012333333333 1026.2377246370017 4192645536.0185905 3820324934.318833 189.0 215.0
84.7457096774193 1024.9499997683204 3820324934.318833 3598810764.339076 174.0 205.0
209.807322580645 1024.16864467139 3598810764.339076 3723478962.9870076 173.0 182.90322580645162
689.364428571429 1024.6083914038343 3723478962.9870076 4838758778.555511 239.0 192.64285714285714
568.289064516129 1028.1338510513067 4838758778.555511 5453794199.852995 336.0 173.0
576.527233333333 1029.039984323927 5453794199.852995 5892314472.28274 390.9888888888889 223.06666666666666
381.711483870968 1030.5359477918287 5892314472.28274 5888849865.214326 365.4301075268817 336.0
185.7957 1030.522576666779 5888849865.214326 5801995821.059632 205.7861111111111 390.9888888888889
126.033225806452 1030.1872425523538 5801995821.059632 5542505346.926298 206.0 365.4301075268817
97.3777741935484 1029.2797441808818 5542505346.926298 5200793238.932233 206.0 199.14784946236557
66.5694 1028.6562673000465 5200793238.932233 4784661801.627797 204.0 212.86666666666667
46.5674838709677 1028.0557890355378 4784661801.627797 4317893910.212243 197.0 206.0
36.6345333333333 1026.636604809593 4317893910.212243 3902103217.9954357 191.0 204.0
71.4001612903226 1025.2384593227353 3902103217.9954357 3682604734.022605 160.0 197.0
217.974064516129 1024.4642142293567 3682604734.022605 3767849013.5250187 196.0 184.83870967741936
492.893857142857 1024.7648995186066 3767849013.5250187 4399772062.542063 242.0 177.14285714285714
366.69335483871 1026.8973632565032 4399772062.542063 4531593386.9542885 315.0 196.0
391.213866666667 1027.317176391574 4531593386.9542885 4971145989.060967 207.0 225.86666666666667
225.662064516129 1028.324885987101 4971145989.060967 4989593621.720407 203.0 315.0
133.237333333333 1028.3515059476485 4989593621.720407 4777306884.869887 203.0 207.0
85.2490967741936 1028.0451758800432 4777306884.869887 4423972550.692495 202.0 203.0
63.7061290322581 1026.9744348748168 4423972550.692495 4014243155.0683064 200.0 196.4516129032258
44.3738666666667 1025.6340146563255 4014243155.0683064 3570773370.7230535 196.0 208.73333333333332
29.2655161290322 1024.0697473394112 3570773370.7230535 3114755209.422325 181.0 200.0
19.9402333333333 1021.2610281317498 3114755209.422325 2678048089.6294856 184.0 196.0
45.8698387096774 1019.3632229022458 2678048089.6294856 2344731432.87033 175.0 181.0
275.221193548387 1017.7769468753052 2344731432.87033 2763407946.7056956 126.0 178.06451612903226
551.286071428571 1019.7630348791836 2763407946.7056956 3533770211.6635294 241.0 193.75
549.275483870968 1023.8674631666426 3533770211.6635294 4155264282.9332814 315.0 126.0
453.0279 1026.118676060297 4155264282.9332814 4728105275.355543 218.0 224.93333333333334
251.113419354839 1027.9430104310686 4728105275.355543 4807355704.442764 206.0 315.0
131.736766666667 1028.0885363700472 4807355704.442764 4586560582.676188 205.0 218.0
91.9488709677419 1027.4922311550197 4586560582.676188 4254945118.863392 201.0 206.0
70.1550967741935 1026.4361309517942 4254945118.863392 3927693851.706215 176.0 198.38709677419354
52.898 1025.3287261083112 3927693851.706215 3563763845.577578 174.0 207.7
38.8994516129032 1024.0450223829896 3563763845.577578 3202529041.043271 155.0 176.0
44.6923333333333 1021.6290525829907 3202529041.043271 3078083223.5475326 88.0 174.0
68.3542258064516 1021.1072671846856 3078083223.5475326 2809035833.743618 174.0 155.0
118.701903225806 1019.9767486358014 2809035833.743618 2731782654.3743825 155.0 85.16129032258064
163.442892857143 1019.61490704625 2731782654.3743825 2546875391.818858 247.0 192.64285714285714
127.196838709677 1018.7488308750297 2546875391.818858 2149682830.631759 274.0 155.0
175.352066666667 1016.7476666524103 2149682830.631759 2171446233.7256517 159.0 230.53333333333333
101.320064516129 1016.8625131067316 2171446233.7256517 1915048745.6787293 189.0 274.0
58.3389666666667 1015.4450671383805 1915048745.6787293 1639383986.9370027 159.0 159.0
41.7728709677419 1013.7728647766014 1639383986.9370027 1278716740.521882 170.0 189.0
32.6314516129032 1011.2381142676115 1278716740.521882 843628043.2558285 189.0 153.8709677419355
21.9208 1007.4833645462136 843628043.2558285 644778932.0074565 92.70833333333333 175.66666666666666
10.8536774193548 1005.53458310736 644778932.0074565 550677963.8086989 40.0 189.0
17.3578 1004.7268494747527 550677963.8086989 487986403.0957377 40.0 92.70833333333333
37.3014516129032 1004.1887244900921 487986403.0957377 485453654.3436225 40.0 40.0
201.538193548387 1004.166984157456 485453654.3436225 845166839.9524671 70.25806451612904 38.70967741935484
659.617321428572 1007.4991470764355 845166839.9524671 1924558147.1725764 218.0 44.285714285714285
1080.25241935484 1015.5018396846125 1924558147.1725764 3969472005.0571237 315.0 70.25806451612904
895.072966666667 1025.4760917285964 3969472005.0571237 5704690305.900757 211.0 203.46666666666667
543.825258064516 1029.8115455826285 5704690305.900757 5891724388.652121 456.4758064516129 315.0
224.001266666667 1030.5336704536317 5891724388.652121 5886120102.50085 212.54722222222222 211.0
134.021806451613 1030.5120415619672 5886120102.50085 5655214365.7610235 203.0188172043011 456.4758064516129
96.0624516129032 1029.6205187867222 5655214365.7610235 5317384035.69948 203.0 205.69086021505373
65.9179666666667 1028.8245079880223 5317384035.69948 4904226713.868124 202.0 209.78611111111113
43.6194838709677 1028.228321376433 4904226713.868124 4412568538.921101 203.0 203.0
40.2008 1026.9381163659907 4412568538.921101 3979878559.9262652 201.0 202.0
70.7292258064516 1025.512799153179 3979878559.9262652 3670300224.326628 193.0 203.0
406.292612903226 1024.4208120787534 3670300224.326628 4314767941.252122 176.0 194.51612903225808
701.2355 1026.6266494944334 4314767941.252122 5485037322.273622 229.0 213.67857142857142
673.144322580645 1029.124425195334 5485037322.273622 5894283082.582415 517.4623655913979 176.0
359.758866666667 1030.5435453444431 5894283082.582415 5888475553.121612 345.35277777777776 213.73333333333332
152.153709677419 1030.5211320660783 5888475553.121612 5704528179.595192 203.54032258064515 517.4623655913979
92.4419333333333 1029.8109196123366 5704528179.595192 5389833887.913625 201.0 345.35277777777776
72.9201935483871 1028.9290532293126 5389833887.913625 5009206877.852891 199.0 203.54032258064515
58.5487096774193 1028.3798079045496 5009206877.852891 4579161279.43049 201.0 194.51612903225808
40.2354333333333 1027.4686664950016 4579161279.43049 4104545724.951472 202.0 205.63333333333333
26.094 1025.9525422396878 4104545724.951472 3611170963.8464065 189.0 201.0
21.0259 1024.2122432587175 3611170963.8464065 3157345949.9636517 191.0 202.0
37.604064516129 1021.439605660225 3157345949.9636517 2736316656.351632 200.0 189.0
87.1814838709678 1019.6361435894689 2736316656.351632 2592920232.9115605 148.0 184.83870967741936
229.777357142857 1018.9644975780401 2592920232.9115605 2720965971.6779604 184.0 221.42857142857142
322.139225806452 1019.564243427063 2720965971.6779604 2735691958.950719 315.0 148.0
279.0302 1019.6332176063265 2735691958.950719 2926133573.711866 196.0 171.73333333333332
121.557580645161 1020.4701617346409 2926133573.711866 2739882798.309259 181.0 315.0
60.7111 1019.6528468304883 2739882798.309259 2434855712.02708 171.0 196.0
41.6522903225807 1018.2241485340846 2434855712.02708 2094526168.5492342 160.0 181.0
34.2437741935484 1016.4566024725552 2094526168.5492342 1653616132.109975 190.0 165.48387096774192
21.3034 1013.869027919662 1653616132.109975 1127955695.5325255 215.0 165.33333333333334
9.73222580645161 1010.0694239963763 1127955695.5325255 658937418.2052454 177.70698924731184 190.0
7.27173333333333 1005.6561151777274 658937418.2052454 569839623.8877659 40.0 215.0
42.6832903225806 1004.8913272436718 569839623.8877659 582017769.9481016 40.0 177.70698924731184
163.609451612903 1004.9958606862498 582017769.9481016 912355674.5844858 43.44086021505376 38.70967741935484
305.377071428571 1008.163161551862 912355674.5844858 1380255426.810332 116.0 44.285714285714285
515.583290322581 1012.0219961270968 1380255426.810332 1914385080.3618443 315.0 43.44086021505376
448.1112 1015.4411049573841 1914385080.3618443 2518327192.786495 207.0 108.26666666666667
271.508322580645 1018.6151156570796 2518327192.786495 2708266118.1083856 191.0 315.0
125.965266666667 1019.5047593354022 2708266118.1083856 2647147079.2356415 142.0 207.0
80.5058064516129 1019.218487490565 2647147079.2356415 2371649449.7224207 174.0 191.0
56.4302903225807 1017.9189944576381 2371649449.7224207 2000794616.9513428 185.0 137.41935483870967
35.7994333333333 1015.9569827877692 2000794616.9513428 1542224691.7639 202.0 179.8
17.4331290322581 1013.1163830524588 1542224691.7639 959049214.8432058 226.0 185.0
11.4152333333333 1008.5782152430506 959049214.8432058 645272996.3385146 130.66666666666666 202.0
42.3448387096774 1005.5388240029057 645272996.3385146 656794056.2409204 40.0 226.0
282.83335483871 1005.637717220952 656794056.2409204 1317170624.0083692 40.0 126.4516129032258
526.084607142857 1011.5362063876618 1317170624.0083692 2075156673.6070256 218.0 44.285714285714285
441.858967741935 1016.3543887789289 2075156673.6070256 2411074036.908654 315.0 40.0
449.691966666667 1018.1127589550756 2411074036.908654 3018579361.9705067 206.0 203.46666666666667
165.603064516129 1020.8577751026017 3018579361.9705067 2938545598.5382686 185.0 315.0
75.6662 1020.5222037674561 2938545598.5382686 2720421625.959034 152.0 206.0
51.8997096774194 1019.561693798403 2720421625.959034 2357418936.626391 178.0 185.0
37.5056129032258 1017.8438994017223 2357418936.626391 1968238408.2436042 173.0 147.09677419354838
24.2406666666667 1015.7626173626485 1968238408.2436042 1565282424.2330759 169.0 183.93333333333334
13.5417096774194 1013.2721785421154 1565282424.2330759 998065412.2197815 216.0 173.0
8.4959 1008.925025886398 998065412.2197815 647754864.0989568 141.8111111111111 169.0
67.8139677419355 1005.5601275888322 647754864.0989568 687570181.5983173 54.93817204301075 216.0
315.535870967742 1005.901889970801 687570181.5983173 1272265500.044013 100.94354838709677 137.23655913978493
519.093035714286 1011.188104651504 1272265500.044013 1971844428.3929634 235.0 60.82440476190476
637.365612903226 1015.784145841152 1971844428.3929634 2831234162.657899 315.0 100.94354838709677
611.278466666667 1020.072260640075 2831234162.657899 3850299909.178284 207.0 219.33333333333334
372.049967741935 1025.0557316020397 3850299909.178284 4263122181.256601 204.0 315.0
150.201533333333 1026.4621725517725 4263122181.256601 4092549690.4951715 205.0 207.0
104.528032258065 1025.910228185168 4092549690.4951715 3805585473.9757276 198.0 204.0
77.6274193548387 1024.8980087265456 3805585473.9757276 3613661133.276324 134.0 198.38709677419354
50.0950666666667 1024.2210269251368 3613661133.276324 3292926788.5503945 156.0 204.6
29.337064516129 1022.0148214503877 3292926788.5503945 3102204300.134296 83.0 134.0
19.3250666666667 1021.208403774148 3102204300.134296 2912410595.556191 88.0 156.0
87.2251290322581 1020.4126230421643 2912410595.556191 2658544024.5396934 187.0 83.0
407.438 1019.271868967399 2658544024.5396934 3431166896.197017 127.0 85.16129032258064
586.189178571429 1023.0782068938232 3431166896.197017 4227190475.8994055 267.0 207.03571428571428
795.484806451613 1026.3477403691063 4227190475.8994055 5507190776.411588 315.0 127.0
813.061033333333 1029.184299395707 5507190776.411588 5896513446.621481 646.3388888888888 249.2
480.128290322581 1030.5521530958804 5896513446.621481 5890591444.461155 464.76075268817203 315.0
215.483233333333 1030.5292980275087 5890591444.461155 5878112794.249023 206.6888888888889 646.3388888888888
136.859709677419 1030.481130479726 5878112794.249023 5654892991.164341 203.0 464.760752688172
104.647935483871 1029.6192779581636 5654892991.164341 5339998499.816433 203.0 200.0215053763441
75.7020333333333 1028.8571406923759 5339998499.816433 4944287184.199378 205.0 209.76666666666668
48.0892258064516 1028.2861286929283 4944287184.199378 4472230039.663046 200.0 203.0
36.4143333333333 1027.1281211454236 4472230039.663046 4065826309.261627 187.0 205.0
69.0377096774194 1025.8159658175014 4065826309.261627 3827097564.71551 165.0 200.0
126.959258064516 1024.9738891171623 3827097564.71551 3727742656.1725874 174.0 180.96774193548387
263.442714285714 1024.6234308859703 3727742656.1725874 3842033181.811993 226.0 182.67857142857142
781.20964516129 1025.0265720698835 3842033181.811993 5084123014.125079 315.0 174.0
445.711633333333 1028.4879119972945 5084123014.125079 5652534890.107934 211.0 210.93333333333334
237.183193548387 1029.61017332088 5652534890.107934 5696113300.318073 204.0 315.0
119.766933333333 1029.778429730958 5696113300.318073 5441781507.624777 205.0 211.0
82.0065806451613 1029.007517588175 5441781507.624777 5066572289.0457735 206.0 204.0
62.4445161290323 1028.4625862756793 5066572289.0457735 4633304591.080358 206.0 198.38709677419354
43.3131 1027.6410974238227 4633304591.080358 4166164942.165963 202.0 212.86666666666667
21.053935483871 1026.1533915355603 4166164942.165963 3634757622.3019733 198.0 206.0
18.0287666666667 1024.295441348508 3634757622.3019733 3273909897.724512 152.0 202.0
118.982064516129 1021.9283433866856 3273909897.724512 3154843067.962322 169.0 198.0
505.424516129032 1021.4291113960684 3154843067.962322 4081337218.6190343 169.0 147.09677419354838
1142.19889285714 1025.8706780198202 4081337218.6190343 5902880731.851328 401.0833333333333 187.10714285714286
1384.0545483871 1030.5767266666646 5902880731.851328 5906893529.134073 1379.6209677419354 169.0
1029.1991 1030.5922134486307 5906893529.134073 5900352185.087249 1015.0527777777778 374.3444444444444
628.869709677419 1030.5669681242646 5900352185.087249 5893233277.865395 613.9435483870968 1379.6209677419354
285.549833333333 1030.5394937824994 5893233277.865395 5887210336.513409 274.25555555555553 1015.0527777777778
175.252548387097 1030.51624915464 5887210336.513409 5765670280.076285 203.24462365591398 613.9435483870968
131.746967741936 1030.0469894983642 5765670280.076285 5522224804.975159 203.0 265.4086021505376
92.7500666666667 1029.2249319053383 5522224804.975159 5174926741.416812 203.0 210.01944444444447
57.665 1028.6189419068064 5174926741.416812 4716260368.572517 204.0 203.0
69.6110666666667 1027.9052877980016 4716260368.572517 4389994670.198919 189.0 203.0
104.426483870968 1026.8662250643276 4389994670.198919 4169416429.231207 194.0 204.0
223.112225806452 1026.1637465899082 4169416429.231207 4284183862.352398 191.0 182.90322580645162
463.748178571429 1026.529247969275 4284183862.352398 4881486065.032369 228.0 214.78571428571428
440.777451612903 1028.1955065873483 4881486065.032369 5211292567.8970995 315.0 191.0
328.4019 1028.6714178468933 5211292567.8970995 5491346798.76124 205.0 212.8
189.986838709677 1029.1414778344897 5491346798.76124 5412712667.395431 203.0 315.0
115.086433333333 1028.9620673411189 5412712667.395431 5152445635.221554 203.0 205.0
88.146 1028.5865016381263 5152445635.221554 4802577904.018936 203.0 203.0
67.9768064516129 1028.0816419971413 4802577904.018936 4396227755.162502 202.0 196.4516129032258
48.0371333333333 1026.8860756533836 4396227755.162502 4018173492.001235 173.0 209.76666666666668
31.1604516129032 1025.647878278664 4018173492.001235 3669750750.2119026 140.0 202.0
37.0707333333333 1024.4188738984546 3669750750.2119026 3342439751.3667984 158.0 173.0
54.1066451612903 1022.3956903951292 3342439751.3667984 3001259492.414416 187.0 140.0
213.558516129032 1020.785155104463 3001259492.414416 3182459600.867856 154.0 152.90322580645162
303.007357142857 1021.5449039868673 3182459600.867856 3362357888.92741 237.0 207.03571428571428
518.175774193549 1022.5489068379032 3362357888.92741 3892793138.876999 318.0 154.0
636.139866666666 1025.205619537485 3892793138.876999 4950801461.418501 214.0 221.2
413.18735483871 1028.2955288043556 4950801461.418501 5465449642.490896 205.0 318.0
183.440366666667 1029.0714855202457 5465449642.490896 5366483636.079809 209.0 214.0
115.014935483871 1028.8953587822218 5366483636.079809 5079781104.45846 206.0 205.0
85.7002580645161 1028.4816466153802 5079781104.45846 4713941883.800407 204.0 202.25806451612902
59.9293 1027.8979040885363 4713941883.800407 4301894612.812651 197.0 212.86666666666667
36.361064516129 1026.5856516331612 4301894612.812651 3953851481.7354054 144.0 204.0
32.9351666666667 1025.420992880901 3953851481.7354054 3529443485.3797174 191.0 197.0
61.8636129032258 1023.8341806567671 3529443485.3797174 3537959115.747472 65.0 144.0
224.013225806452 1023.8996855057499 3537959115.747472 3703158008.602136 172.0 184.83870967741936
331.442714285714 1024.5367125523885 3703158008.602136 3911892417.583695 255.0 71.96428571428571
585.414741935484 1025.2729891272793 3911892417.583695 4629737615.081335 315.0 172.0
530.715533333333 1027.6297376276475 4629737615.081335 5409257621.7000475 215.0 238.0
342.166096774194 1028.957081705195 5409257621.7000475 5732072772.909783 205.0 315.0
164.600666666667 1029.917269393474 5732072772.909783 5590865205.2999 206.0 215.0
106.053258064516 1029.4104465008104 5590865205.2999 5282046976.566257 205.0 205.0
79.5767096774194 1028.7735165607016 5282046976.566257 4901770745.765513 203.0 199.3548387096774
53.0012666666667 1028.224777410917 4901770745.765513 4457434812.552936 202.0 211.83333333333334
36.3235483870968 1027.0810025877481 4457434812.552936 4123771805.031888 138.0 203.0
27.9102 1026.0183815446876 4123771805.031888 3716968620.8795347 179.0 202.0
66.388064516129 1024.585427234143 3716968620.8795347 3743652316.1946416 63.0 138.0
216.662483870968 1024.6795496162067 3743652316.1946416 3831036237.516901 194.0 173.2258064516129
338.498142857143 1024.9877821429168 3831036237.516901 4011355706.773343 274.0 69.75
316.20564516129 1025.6238296535214 4011355706.773343 4008419307.6251597 315.0 194.0
245.134933333333 1025.6134719845684 4008419307.6251597 4068005739.845184 209.0 255.73333333333332
123.089064516129 1025.823653403334 4068005739.845184 3828083729.815297 199.0 315.0
69.729 1024.9773676536695 3828083729.815297 3495463580.141278 188.0 209.0
52.2432580645161 1023.5727967703176 3495463580.141278 3122394716.966434 180.0 199.0
40.308935483871 1021.2930596099221 3122394716.966434 2766657810.530896 161.0 181.93548387096774
26.5055666666667 1019.7782567237981 2766657810.530896 2325197059.6439652 183.0 186.0
20.3899032258065 1017.6738631115776 2325197059.6439652 1862892789.7614546 180.0 161.0
16.3810333333333 1015.1336882970834 1862892789.7614546 1358544477.464208 208.0 183.0
66.2608064516129 1011.8569339338311 1358544477.464208 956818622.8609478 219.0 180.0
