322.045903225806 1024.3303225820105 3644646452.0 4296384653.394071 89.0 56.18329032258064
643.509857142857 1026.5681039917008 4296384653.394071 5784644397.907008 40.0 59.67067857142857
785.285774193548 1030.1202486405678 5784644397.907008 5896270544.052634 740.6801075268817 89.0
810.8132 1030.551215650289 5896270544.052634 5896481698.662861 794.0694444444445 37.333333333333336
709.144935483871 1030.5520305694536 5896481698.662861 5894657053.10642 692.239247311828 740.6801075268817
400.573266666667 1030.5449886269116 5894657053.10642 5889247962.809642 389.0388888888889 794.0694444444445
209.112838709677 1030.5241130640165 5889247962.809642 5885788182.586548 192.83602150537635 692.239247311828
155.613161290323 1030.5107605674439 5885788182.586548 5882499814.367944 136.3494623655914 376.4892473118279
113.363733333333 1030.4980687813434 5882499814.367944 5755351023.924339 137.0 199.26388888888889
89.1516451612903 1030.0071468105186 5755351023.924339 5563671760.498364 134.0 136.3494623655914
132.6879 1029.3369507040495 5563671760.498364 5541763383.606332 134.0 137.0
183.475935483871 1029.2777388746117 5541763383.606332 5699402798.78674 133.0 134.0
219.466193548387 1029.791130497246 5699402798.78674 5886511582.331689 162.6505376344086 129.67741935483872
529.413142857143 1030.5135524189473 5886511582.331689 5892012293.121924 540.1160714285714 147.25
573.648451612903 1030.5347815772286 5892012293.121924 5892509900.509345 570.5322580645161 162.6505376344086
434.0214 1030.536702017403 5892509900.509345 5889795467.496976 418.4194444444444 504.10833333333335
242.016225806452 1030.5262260752456 5889795467.496976 5886368871.789029 225.7258064516129 570.5322580645161
141.2042 1030.5130016492715 5886368871.789029 5865892567.045909 135.51111111111112 418.4194444444444
112.736064516129 1030.4339481353124 5865892567.045909 5754470727.271646 137.0 225.7258064516129
95.8503870967742 1030.0037479817438 5754470727.271646 5586078495.0692835 139.0 131.13978494623657
70.4100666666667 1029.3975094461332 5586078495.0692835 5351245312.63123 137.0 141.56666666666666
51.7662903225806 1028.8733698594967 5351245312.63123 5060301792.910628 135.0 139.0
33.0551333333333 1028.453537940708 5060301792.910628 4783715655.733555 133.0 137.0
89.5234193548387 1028.0544237456472 4783715655.733555 4687986186.7080765 133.0 135.0
197.699193548387 1027.8152426328281 4687986186.7080765 4940771466.809228 115.0 128.70967741935485
483.033035714286 1028.2810555076612 4940771466.809228 5891183739.1412325 102.41964285714286 147.25
883.652032258065 1030.5315838989154 5891183739.1412325 5898007482.090818 878.1720430107526 115.0
711.757666666667 1030.5579190989783 5898007482.090818 5894721119.8041935 696.3666666666667 95.59166666666667
355.195741935484 1030.5452358826062 5894721119.8041935 5888372884.6261 339.991935483871 878.1720430107526
161.613233333333 1030.520735832605 5888372884.6261 5885014686.837323 149.29444444444445 696.3666666666667
116.846161290323 1030.507775378017 5885014686.837323 5792298836.945882 134.03763440860214 339.991935483871
91.6212580645161 1030.1498024592506 5792298836.945882 5625604194.348353 134.0 144.47849462365593
67.8172333333333 1029.5061938005729 5625604194.348353 5394097410.717597 133.0 138.50555555555553
48.4465161290323 1028.935205498871 5394097410.717597 5099416734.261607 133.0 134.0
51.3012333333333 1028.5099808575203 5099416734.261607 4870043110.706902 133.0 133.0
84.7457096774193 1028.1789943877445 4870043110.706902 4761667934.201833 133.0 133.0
209.807322580645 1028.022608851662 4761667934.201833 5065879771.245933 108.0 128.70967741935485
689.364428571429 1028.4615869714949 5065879771.245933 5894848018.018641 359.2827380952381 147.25
568.289064516129 1030.5457256270015 5894848018.018641 5892417509.680387 566.266129032258 108.0
576.527233333333 1030.5363454490237 5892417509.680387 5892319035.90725 559.9111111111112 335.3305555555555
381.711483870968 1030.5359654044448 5892319035.90725 5888854428.6473055 365.4301075268817 566.266129032258
185.7957 1030.522594278656 5888854428.6473055 5885448992.299791 173.49444444444444 559.9111111111112
126.033225806452 1030.5094515140215 5885448992.299791 5819622974.980113 133.14247311827958 365.4301075268817
97.3777741935484 1030.2553010616994 5819622974.980113 5670672895.870226 133.0 167.89784946236557
66.5694 1029.6802042311592 5670672895.870226 5435542544.971054 133.0 137.58055555555558
46.5674838709677 1028.995010887404 5435542544.971054 5135637401.576816 133.0 133.0
36.6345333333333 1028.5622473327226 5135637401.576816 4868225288.846439 133.0 133.0
71.4001612903226 1028.1763712681766 4868225288.846439 4724072313.967191 133.0 133.0
217.974064516129 1027.930166604991 4724072313.967191 5036686057.238595 113.0 128.70967741935485
492.893857142857 1028.4194604000556 5036686057.238595 5891356084.845527 151.98511904761904 147.25
366.69335483871 1030.532249040999 5891356084.845527 5888838143.37268 364.7043010752688 113.0
391.213866666667 1030.5225314281106 5888838143.37268 5889031364.3631525 374.4916666666667 141.85277777777776
225.662064516129 1030.5232771351923 5889031364.3631525 5886083392.5311365 209.19354838709677 364.7043010752688
133.237333333333 1030.5118998854118 5886083392.5311365 5850527090.1392975 133.38055555555556 374.4916666666667
85.2490967741936 1030.3746219696498 5850527090.1392975 5676586258.996756 133.0 209.19354838709677
63.7061290322581 1029.7030357490223 5676586258.996756 5439116200.846697 133.0 129.07795698924733
44.3738666666667 1029.0003140563424 5439116200.846697 5148157812.64314 133.0 137.43333333333334
29.2655161290322 1028.5803143039584 5148157812.64314 4803439712.290447 133.0 133.0
19.9402333333333 1028.0828855877207 4803439712.290447 4493343282.41235 133.0 133.0
45.8698387096774 1027.1953607720138 4493343282.41235 4279635762.7517834 133.0 133.0
275.221193548387 1026.5147635756425 4279635762.7517834 4762982935.861713 106.0 128.70967741935485
551.286071428571 1028.0245064009548 4762982935.861713 5892398916.942859 96.57142857142857 147.25
549.275483870968 1030.5362736931756 5892398916.942859 5892077959.411566 546.4650537634409 106.0
453.0279 1030.5350350063054 5892077959.411566 5890127483.94519 437.13055555555553 90.13333333333334
251.113419354839 1030.527507442327 5890127483.94519 5886528313.407823 234.88709677419354 546.4650537634409
131.736766666667 1030.5136169899959 5886528313.407823 5846719794.727354 133.525 437.13055555555553
91.9488709677419 1030.3599219873643 5846719794.727354 5690680838.9095335 133.0 234.88709677419354
70.1550967741935 1029.7574549764847 5690680838.9095335 5470303243.03937 133.0 129.21774193548387
52.898 1029.0846033595658 5470303243.03937 5201244587.406855 133.0 137.43333333333334
38.8994516129032 1028.6569185965466 5201244587.406855 4882005280.716615 133.0 133.0
44.6923333333333 1028.1962558163298 4882005280.716615 4635825264.96505 133.0 133.0
68.3542258064516 1027.6491250476593 4635825264.96505 4482868111.248484 133.0 133.0
118.701903225806 1027.1620003542946 4482868111.248484 4552337712.753288 104.0 128.70967741935485
163.442892857143 1027.383241123418 4552337712.753288 4878470371.731989 40.0 147.25
127.196838709677 1028.191154937564 4878470371.731989 4872010442.292993 127.0 104.0
175.352066666667 1028.181833250062 4872010442.292993 5106328998.8985 70.0 37.333333333333336
101.320064516129 1028.5199552653658 5106328998.8985 4973683827.760828 135.0 127.0
58.3389666666667 1028.328548092007 4973683827.760828 4738396789.046496 137.0 70.0
41.7728709677419 1027.9757859523772 4738396789.046496 4440099008.657369 138.0 135.0
32.6314516129032 1027.0257930212017 4440099008.657369 4115456737.7858734 137.0 132.58064516129033
21.9208 1025.9910290574458 4115456737.7858734 3767967113.0551686 136.0 142.6
10.8536774193548 1024.7653160954326 3767967113.0551686 3384374596.5743747 134.0 137.0
17.3578 1022.7182661274952 3384374596.5743747 3072128627.915727 133.0 136.0
37.3014516129032 1021.0823003266906 3072128627.915727 2829750621.2368326 133.0 134.0
201.538193548387 1020.0660403406157 2829750621.2368326 3103955383.5824885 107.0 128.70967741935485
659.617321428572 1021.2157458431132 3103955383.5824885 4626661171.044482 40.0 147.25
1080.25241935484 1027.6199400351734 4626661171.044482 5901501046.51778 601.491935483871 107.0
895.072966666667 1030.5714019805575 5901501046.51778 5897971383.914414 879.7694444444444 37.333333333333336
543.825258064516 1030.5577797835463 5897971383.914414 5891728231.978479 528.5752688172043 601.491935483871
224.001266666667 1030.5336852863663 5891728231.978479 5886123945.813465 212.54722222222222 879.7694444444444
134.021806451613 1030.5120563946489 5886123945.813465 5841000460.570548 133.36827956989248 528.5752688172043
96.0624516129032 1030.3378396161027 5841000460.570548 5688337467.861691 133.0 205.69086021505373
65.9179666666667 1029.7484072118214 5688337467.861691 5451354130.798168 133.0 137.8138888888889
43.6194838709677 1029.0333895426977 5451354130.798168 5143493222.568176 133.0 133.0
40.2008 1028.5735832937492 5143493222.568176 4885308694.082388 133.0 133.0
70.7292258064516 1028.2010226465834 4885308694.082388 4739386175.179974 133.0 133.0
406.292612903226 1027.9789368636305 4739386175.179974 5570451721.924671 108.0 128.70967741935485
701.2355 1029.3552749241207 5570451721.924671 5895058806.699854 579.9642857142857 147.25
673.144322580645 1030.5465391339187 5895058806.699854 5894283707.411349 670.502688172043 108.0
359.758866666667 1030.5435477558756 5894283707.411349 5888476177.824657 345.35277777777776 541.3
152.153709677419 1030.5211344770248 5888476177.824657 5884771475.521168 135.97043010752688 670.502688172043
92.4419333333333 1030.5068367408621 5884771475.521168 5744783777.00926 133.00277777777777 345.35277777777776
72.9201935483871 1029.9663466293794 5744783777.00926 5538803885.121499 133.0 135.97043010752688
58.5487096774193 1029.269740230058 5538803885.121499 5288446408.333553 133.0 128.71236559139783
40.2354333333333 1028.7827509499762 5288446408.333553 4987448617.31306 133.0 137.43333333333334
26.094 1028.3484107031934 4987448617.31306 4635130236.711354 133.0 133.0
21.0259 1027.6469115818832 4635130236.711354 4328265830.44704 133.0 133.0
37.604064516129 1026.6696364026975 4328265830.44704 4091879844.2714963 133.0 133.0
87.1814838709678 1025.9078654118923 4091879844.2714963 4064189449.019193 108.0 128.70967741935485
229.777357142857 1025.8101920600325 4064189449.019193 4549183905.222313 40.0 147.25
322.139225806452 1027.3731971503894 4549183905.222313 4561579884.018653 315.0 108.0
279.0302 1027.4126747898683 4561579884.018653 5111810248.113377 52.0 37.333333333333336
121.557580645161 1028.5278647158923 5111810248.113377 5033268022.340211 135.0 315.0
60.7111 1028.4145281707652 5033268022.340211 4809160975.639995 135.0 52.0
41.6522903225807 1028.09114137899 4809160975.639995 4515470785.644175 136.0 135.0
34.2437741935484 1027.2658305275293 4515470785.644175 4199933645.5196023 135.0 130.6451612903226
21.3034 1026.260935176814 4199933645.5196023 3852678049.1675177 135.0 140.53333333333333
9.73222580645161 1025.0641201028836 3852678049.1675177 3464913778.2979727 134.0 135.0
7.27173333333333 1023.3377982945998 3464913778.2979727 3126230217.8822427 133.0 135.0
42.6832903225806 1021.3091413747683 3126230217.8822427 2898490891.189413 133.0 134.0
163.609451612903 1020.3542595018424 2898490891.189413 3049721008.2938676 115.0 128.70967741935485
305.377071428571 1020.9883480431608 3049721008.2938676 3712913545.649914 40.0 147.25
515.583290322581 1024.5711236178126 3712913545.649914 4244024766.4029517 315.0 115.0
448.1112 1026.4013527592451 4244024766.4029517 5111458971.547635 99.0 37.333333333333336
271.508322580645 1028.5273578233011 5111458971.547635 5391134457.191663 151.0 315.0
125.965266666667 1028.9309299526576 5391134457.191663 5280765017.028552 156.0 99.0
80.5058064516129 1028.7716666912388 5280765017.028552 5022384366.84845 161.0 151.0
56.4302903225807 1028.3988230401853 5022384366.84845 4717523096.376675 152.0 150.96774193548387
35.7994333333333 1027.9093092241294 4717523096.376675 4356726507.668797 153.0 166.36666666666667
17.4331290322581 1026.7602755021298 4356726507.668797 3952369660.7959957 146.0 152.0
11.4152333333333 1025.4157659992804 3952369660.7959957 3612041238.9815736 137.0 153.0
42.3448387096774 1024.2153130122806 3612041238.9815736 3380492801.9406433 135.0 146.0
282.83335483871 1022.6884061687742 3380492801.9406433 3742890901.4138575 157.0 132.58064516129033
526.084607142857 1024.6768638497842 3742890901.4138575 4944817074.005755 40.0 149.46428571428572
441.858967741935 1028.2868933246837 4944817074.005755 5277486668.7195215 315.0 157.0
449.691966666667 1028.7669360298983 5277486668.7195215 5890073069.092855 197.29166666666666 37.333333333333336
165.603064516129 1030.5272974364648 5890073069.092855 5885021712.2048235 149.9220430107527 315.0
75.6662 1030.5078024913564 5885021712.2048235 5634509974.25856 159.0 197.29166666666666
51.8997096774194 1029.5405790511913 5634509974.25856 5319717807.084574 153.0 149.9220430107527
37.5056129032258 1028.8278756234986 5319717807.084574 4920399914.96273 168.0 153.8709677419355
24.2406666666667 1028.2516593289506 4920399914.96273 4538514091.948157 149.0 158.1
13.5417096774194 1027.339216853338 4538514091.948157 4127351589.9135427 144.0 168.0
8.4959 1026.0297821334825 4127351589.9135427 3776415353.0999856 138.0 149.0
67.8139677419355 1024.7951158839505 3776415353.0999856 3611280212.6324825 136.0 144.0
315.535870967742 1024.2126286159876 3611280212.6324825 4095038332.743634 145.0 133.5483870967742
519.093035714286 1025.9190064647041 4095038332.743634 5281256329.2067995 40.0 150.57142857142858
637.365612903226 1028.772375655421 5281256329.2067995 5893642213.75158 405.89784946236557 145.0
611.278466666667 1030.541072008475 5893642213.75158 5892931762.671558 594.8972222222222 37.333333333333336
372.049967741935 1030.538330130379 5892931762.671558 5888675493.353883 356.06451612903226 405.89784946236557
150.201533333333 1030.5219037050535 5888675493.353883 5884812613.112858 138.07777777777778 594.8972222222222
104.528032258065 1030.5069955051524 5884812613.112858 5740671288.801431 141.0 356.06451612903226
77.6274193548387 1029.9504682965307 5740671288.801431 5515797086.164695 142.0 133.62365591397852
50.0950666666667 1029.2075596923369 5515797086.164695 5228903139.554103 137.0 145.7
29.337064516129 1028.6968299272064 5228903139.554103 4870619601.67783 138.0 142.0
19.3250666666667 1028.1798262650473 4870619601.67783 4553606321.682204 135.0 137.0
87.2251290322581 1027.3872812792426 4553606321.682204 4448335888.942371 134.0 138.0
407.438 1027.0520251240202 4448335888.942371 5230688322.36146 127.0 130.6451612903226
586.189178571429 1028.6994059485735 5230688322.36146 5893019205.684747 325.0595238095238 148.35714285714286
795.484806451613 1030.5386676034145 5893019205.684747 5896444477.203263 791.2741935483871 127.0
813.061033333333 1030.5518869188804 5896444477.203263 5896520219.925643 796.3694444444444 303.38888888888886
480.128290322581 1030.5521792364198 5896520219.925643 5890591017.6636 464.76344086021504 791.2741935483871
215.483233333333 1030.5292963803483 5890591017.6636 5885963066.122595 203.65277777777777 796.3694444444444
136.859709677419 1030.5114355039036 5885963066.122595 5848510418.565209 133.33064516129033 464.76344086021504
104.647935483871 1030.366835592916 5848510418.565209 5713327966.227475 135.0 197.08333333333331
75.7020333333333 1029.8448956225 5713327966.227475 5498754638.442189 134.0 137.775
48.0892258064516 1029.1614990228168 5498754638.442189 5202571774.469553 133.0 135.0
36.4143333333333 1028.6588337293933 5202571774.469553 4934502401.281518 133.0 134.0
69.0377096774194 1028.2720092370585 4934502401.281518 4784122739.333186 133.0 133.0
126.959258064516 1028.055011167869 4784122739.333186 4831368186.21512 121.0 128.70967741935485
263.442714285714 1028.123186415895 4831368186.21512 5400367392.90132 40.0 147.25
781.20964516129 1028.9442530922097 5400367392.90132 5896198171.406197 593.2043010752689 121.0
445.711633333333 1030.550936339046 5896198171.406197 5890001229.82468 431.4527777777778 37.333333333333336
237.183193548387 1030.5270201837145 5890001229.82468 5886280715.863359 221.002688172043 593.2043010752689
119.766933333333 1030.5126614248586 5886280715.863359 5810770117.534898 135.37222222222223 431.4527777777778
82.0065806451613 1030.2211201449225 5810770117.534898 5617841401.280681 137.0 221.002688172043
62.4445161290323 1029.4833551385964 5617841401.280681 5358733693.681986 140.0 131.00537634408605
43.3131 1028.8841756041586 5358733693.681986 5052454491.669244 138.0 141.56666666666666
21.053935483871 1028.442214273693 5052454491.669244 4678280938.336412 136.0 140.0
18.0287666666667 1027.7843341985235 4678280938.336412 4360959314.328248 134.0 138.0
118.982064516129 1026.7737557781154 4360959314.328248 4342969068.402903 133.0 136.0
505.424516129032 1026.7164620012832 4342969068.402903 5398508104.851812 123.0 129.67741935483872
1142.19889285714 1028.9415701368712 5398508104.851812 5902884790.381306 946.6011904761905 147.25
1384.0545483871 1030.5767423299449 5902884790.381306 5906890387.508396 1379.6236559139784 123.0
1029.1991 1030.592201324003 5906890387.508396 5900349043.672824 1015.0527777777778 883.4944444444444
628.869709677419 1030.5669560004526 5900349043.672824 5893237336.163623 613.9408602150538 1379.6236559139784
285.549833333333 1030.5395094448852 5893237336.163623 5887207194.070699 274.2583333333333 1015.0527777777778
175.252548387097 1030.5162370268595 5887207194.070699 5885183411.369046 158.44086021505376 613.9408602150538
131.746967741936 1030.5084265447347 5885183411.369046 5826986859.785905 133.08333333333334 265.41129032258067
92.7500666666667 1030.2837330493664 5826986859.785905 5657680152.271638 133.0 163.72222222222223
57.665 1029.63003919796 5657680152.271638 5385857703.819131 133.0 133.08333333333334
69.6110666666667 1028.9233155899265 5385857703.819131 5203540689.030373 133.0 133.0
104.426483870968 1028.6602318745026 5203540689.030373 5148439624.531566 133.0 133.0
223.112225806452 1028.58072095892 5148439624.531566 5483878460.477241 110.0 128.70967741935485
463.748178571429 1029.121293136425 5483878460.477241 5890839037.50636 308.32738095238096 147.25
440.777451612903 1030.530253575282 5890839037.50636 5890150735.611882 438.10483870967744 110.0
328.4019 1030.527597178605 5890150735.611882 5887913739.634101 312.61944444444447 287.77222222222224
189.986838709677 1030.518963832207 5887913739.634101 5885450396.219617 173.33870967741936 438.10483870967744
115.086433333333 1030.5094569322368 5885450396.219617 5803612607.635781 133.14166666666668 312.61944444444447
88.146 1030.1934849715667 5803612607.635781 5637788296.99649 133.0 173.33870967741936
67.9768064516129 1029.5532366679402 5637788296.99649 5412011716.905621 133.0 128.8467741935484
48.0371333333333 1028.9610558685506 5412011716.905621 5130647061.855402 133.0 137.43333333333334
31.1604516129032 1028.5550462653036 5130647061.855402 4791078091.454007 133.0 133.0
37.0707333333333 1028.0650477510158 4791078091.454007 4525357129.038654 133.0 133.0
54.1066451612903 1027.2973156975752 4525357129.038654 4333842765.865569 133.0 133.0
213.558516129032 1026.6873973435208 4333842765.865569 4643850539.299998 109.0 128.70967741935485
303.007357142857 1027.6746832461783 4643850539.299998 5308257647.923159 40.0 147.25
518.175774193549 1028.8113385972918 5308257647.923159 5844992578.758802 315.0 109.0
636.139866666666 1030.353253199841 5844992578.758802 5893376218.52476 600.8194444444445 37.333333333333336
413.18735483871 1030.5400454402757 5893376218.52476 5889404689.579937 397.0940860215054 315.0
183.440366666667 1030.5247179271953 5889404689.579937 5885395213.416551 171.37222222222223 600.8194444444445
115.014935483871 1030.5092439625853 5885395213.416551 5790244879.842821 133.11827956989248 397.0940860215054
85.7002580645161 1030.1418721229452 5790244879.842821 5610452392.211896 133.0 165.84408602150538
59.9293 1029.463384843816 5610452392.211896 5358691919.284078 133.0 137.55555555555557
36.361064516129 1028.8841153236422 5358691919.284078 5031895396.672563 133.0 133.0
32.9351666666667 1028.412547469946 5031895396.672563 4755035374.710911 133.0 133.0
61.8636129032258 1028.013038058746 4755035374.710911 4585031873.326714 133.0 133.0
224.013225806452 1027.4873626539068 4585031873.326714 4916108944.43122 112.0 128.70967741935485
331.442714285714 1028.2454674522817 4916108944.43122 5650028447.016344 40.0 147.25
585.414741935484 1029.6004959344261 5650028447.016344 5892718366.888502 491.89516129032256 112.0
530.715533333333 1030.537506561748 5892718366.888502 5891513625.977949 514.5277777777778 37.333333333333336
342.166096774194 1030.5328570470847 5891513625.977949 5888147382.097733 325.8494623655914 491.89516129032256
164.600666666667 1030.5198655398283 5888147382.097733 5885058824.17431 152.17777777777778 514.5277777777778
106.053258064516 1030.507945719369 5885058824.17431 5766193501.272786 133.0483870967742 325.8494623655914
79.5767096774194 1030.049009657424 5766193501.272786 5570297167.523095 133.0 147.26881720430106
53.0012666666667 1029.354857209522 5570297167.523095 5300921198.382572 133.0 137.48333333333332
36.3235483870968 1028.800752090018 5300921198.382572 4974308841.243587 133.0 133.0
27.9102 1028.3294499873646 4974308841.243587 4684515321.267328 133.0 133.0
66.388064516129 1027.8041889212334 4684515321.267328 4526433052.9520645 133.0 133.0
216.662483870968 1027.3007422068536 4526433052.9520645 4832209069.293975 114.0 128.70967741935485
338.498142857143 1028.124399811391 4832209069.293975 5583002845.739312 40.0 147.25
316.20564516129 1029.3891968803764 5583002845.739312 5578798633.834616 315.0 114.0
245.134933333333 1029.3778341454988 5578798633.834616 5886444248.1994095 110.13333333333334 37.333333333333336
123.089064516129 1030.5132925530852 5886444248.1994095 5812007298.330131 133.4247311827957 315.0
69.729 1030.2258969047496 5812007298.330131 5613791392.562628 133.0 110.13333333333334
52.2432580645161 1029.4724091690882 5613791392.562628 5353474499.582951 133.0 133.4247311827957
40.308935483871 1028.8765865794849 5353474499.582951 5055103118.090955 133.0 128.70967741935485
26.5055666666667 1028.4460362454415 5055103118.090955 4719628089.664585 133.0 137.43333333333334
20.3899032258065 1027.9160130244095 4719628089.664585 4354295117.312194 133.0 133.0
16.3810333333333 1026.7525322207393 4354295117.312194 4036122112.802092 133.0 133.0
66.2608064516129 1025.711189110413 4036122112.802092 3875694098.629222 133.0 133.0
