322.045903225806 1024.3303225820105 3644646452.0 3909782011.8470135 233.0 56.18329032258064
643.509857142857 1025.2655450153334 3909782011.8470135 4194707718.2495866 536.0 59.67067857142857
785.285774193548 1026.2442920963363 4194707718.2495866 5284092934.162524 376.0 233.0
810.8132 1028.7764688804655 5284092934.162524 5896481402.607744 558.2055555555555 500.26666666666665
709.144935483871 1030.5520294268738 5896481402.607744 5894656757.190505 692.239247311828 376.0
400.573266666667 1030.544987484869 5894656757.190505 5889247667.126253 389.0388888888889 558.2055555555555
209.112838709677 1030.5241119228715 5889247667.126253 5885787887.040178 192.83602150537635 692.239247311828
155.613161290323 1030.5107594268275 5885787887.040178 5766059025.749626 180.03225806451613 376.4892473118279
113.363733333333 1030.04849044691 5766059025.749626 5529426499.380014 180.0 199.26388888888889
89.1516451612903 1029.2443959442703 5529426499.380014 5217190844.438012 180.0 180.03225806451613
132.6879 1028.679929068453 5217190844.438012 5076736915.323434 180.0 180.0
183.475935483871 1028.4772538460657 5076736915.323434 5104665593.529374 181.0 180.0
219.466193548387 1028.5175549690177 5104665593.529374 5199606513.745149 196.0 174.19354838709677
529.413142857143 1028.654554853889 5199606513.745149 5892011832.431836 255.5922619047619 200.39285714285714
573.648451612903 1030.5347797992652 5892011832.431836 5892509439.779883 570.5322580645161 196.0
434.0214 1030.5367002392877 5892509439.779883 5889795006.872667 418.4194444444444 238.55277777777778
242.016225806452 1030.526224297536 5889795006.872667 5886368411.036223 225.7258064516129 570.5322580645161
141.2042 1030.512999871066 5886368411.036223 5598477937.432381 239.0 418.4194444444444
112.736064516129 1029.4310214525199 5598477937.432381 5368954300.739174 182.0 225.7258064516129
95.8503870967742 1028.8989239548905 5368954300.739174 5090689172.352756 181.0 231.29032258064515
70.4100666666667 1028.497386973092 5090689172.352756 4736702461.672688 184.0 188.06666666666666
51.7662903225806 1027.970390005327 4736702461.672688 4326894559.802196 181.0 181.0
33.0551333333333 1026.6652692987332 4326894559.802196 3927700995.11796 181.0 184.0
89.5234193548387 1025.3287513055307 3927700995.11796 3697883982.406974 182.0 181.0
197.699193548387 1024.5181092853861 3697883982.406974 3616007484.658431 238.0 175.16129032258064
483.033035714286 1024.229303296855 3616007484.658431 4267025488.716908 224.0 201.5
883.652032258065 1026.4746034672512 4267025488.716908 5783053076.870544 315.0 238.0
711.757666666667 1030.1141045439017 5783053076.870544 5894721116.855174 652.0305555555556 209.06666666666666
355.195741935484 1030.5452358712248 5894721116.855174 5888372881.586391 339.991935483871 315.0
161.613233333333 1030.5207358208736 5888372881.586391 5762706281.974414 196.625 652.0305555555556
116.846161290323 1030.0355454902488 5762706281.974414 5540379826.393554 183.0 339.991935483871
91.6212580645161 1029.2739995307934 5540379826.393554 5247442992.217095 182.0 190.28225806451613
67.8172333333333 1028.7235829613521 5247442992.217095 4893818233.0109 181.0 189.1
48.4465161290323 1028.2133019235366 4893818233.0109 4473770624.097049 181.0 182.0
51.3012333333333 1027.133027465277 4473770624.097049 4121432780.75812 181.0 181.0
84.7457096774193 1026.0109324227965 4121432780.75812 3882097508.787282 181.0 181.0
209.807322580645 1025.1678924472214 3882097508.787282 3833607846.795509 238.0 175.16129032258064
689.364428571429 1024.9968530751164 3833607846.795509 5024434239.001174 208.0 200.39285714285714
568.289064516129 1028.4017810086598 5024434239.001174 5695576645.349693 315.0 238.0
576.527233333333 1029.776357704053 5695576645.349693 5892316535.384833 484.02777777777777 194.13333333333333
381.711483870968 1030.535955754058 5892316535.384833 5888851928.680883 365.4301075268817 315.0
185.7957 1030.522584630415 5888851928.680883 5860634277.692029 183.09444444444443 484.02777777777777
126.033225806452 1030.4136458598148 5860634277.692029 5541980530.644347 228.0 365.4301075268817
97.3777741935484 1029.278325758498 5541980530.644347 5267094921.844442 181.0 177.18817204301075
66.5694 1028.7519407241623 5267094921.844442 4910156305.253765 181.0 235.6
46.5674838709677 1028.236877785359 4910156305.253765 4487635946.0910425 180.0 181.0
36.6345333333333 1027.177184541691 4487635946.0910425 4099883737.3932652 180.0 181.0
71.4001612903226 1025.9360978391296 4099883737.3932652 3824678589.2900276 181.0 180.0
217.974064516129 1024.9653565759788 3824678589.2900276 3873014239.244557 210.0 174.19354838709677
492.893857142857 1025.1358526957479 3873014239.244557 4643551003.189914 185.0 200.39285714285714
366.69335483871 1027.673729309522 4643551003.189914 4775125608.280907 315.0 210.0
391.213866666667 1028.0420282947775 4775125608.280907 5211251132.168524 208.0 172.66666666666666
225.662064516129 1028.6713580550772 5211251132.168524 5236974271.299111 200.0 315.0
133.237333333333 1028.7084765819611 5236974271.299111 5068122595.011573 186.0 208.0
85.2490967741936 1028.464823369425 5068122595.011573 4764255090.07577 183.0 200.0
63.7061290322581 1028.0263421213215 4764255090.07577 4389469399.871845 186.0 180.0
44.3738666666667 1026.8645522288912 4389469399.871845 3976214457.6982346 183.0 189.1
29.2655161290322 1025.4998746303288 3976214457.6982346 3511251473.745248 182.0 186.0
19.9402333333333 1023.6942421057328 3511251473.745248 3078365314.9719048 182.0 183.0
45.8698387096774 1021.1084499579534 3078365314.9719048 2730211065.4725637 181.0 182.0
275.221193548387 1019.6075459741104 2730211065.4725637 2876814713.9060287 228.0 176.1290322580645
551.286071428571 1020.2633740624991 2876814713.9060287 3723149545.031056 210.0 200.39285714285714
549.275483870968 1024.6072294357357 3723149545.031056 4344444533.008452 315.0 228.0
453.0279 1026.721160933148 4344444533.008452 4988726486.233829 190.0 196.0
251.113419354839 1028.35025466989 4988726486.233829 5120644577.76505 186.0 315.0
131.736766666667 1028.5406126663277 5120644577.76505 4937823660.91133 190.0 190.0
91.9488709677419 1028.2768018194968 4937823660.91133 4630948810.106853 191.0 186.0
70.1550967741935 1027.633594936646 4630948810.106853 4282327394.7933702 183.0 183.8709677419355
52.898 1026.523335652208 4282327394.7933702 3889429098.679973 184.0 197.36666666666667
38.8994516129032 1025.1937534344972 3889429098.679973 3448472176.5701184 183.0 183.0
44.6923333333333 1023.2113244351548 3448472176.5701184 3074727486.9693623 184.0 184.0
68.3542258064516 1021.0931970103537 3074727486.9693623 2781519527.0941916 183.0 183.0
118.701903225806 1019.8478666374435 2781519527.0941916 2505504578.612035 229.0 178.06451612903226
163.442892857143 1018.5550565742952 2505504578.612035 2436054946.5081306 199.0 202.60714285714286
127.196838709677 1018.2297655574151 2436054946.5081306 2226363803.900815 204.0 229.0
175.352066666667 1017.1523155878671 2226363803.900815 2090032158.6625888 220.0 185.73333333333332
101.320064516129 1016.4328873808051 2090032158.6625888 1778189601.438304 210.0 204.0
58.3389666666667 1014.6279976205273 1778189601.438304 1423157410.9700005 190.0 220.0
41.7728709677419 1012.311874398446 1423157410.9700005 960235644.748283 209.0 210.0
32.6314516129032 1008.5887612866513 960235644.748283 674426820.8482876 134.3548387096774 183.8709677419355
21.9208 1005.7890714235904 674426820.8482876 612786399.3560349 40.0 215.96666666666667
10.8536774193548 1005.2599690931848 612786399.3560349 519020116.9993828 40.0 134.3548387096774
17.3578 1004.4551083004238 519020116.9993828 456416047.1776527 40.0 40.0
37.3014516129032 1003.9177343105378 456416047.1776527 453778281.1557925 40.0 40.0
201.538193548387 1003.8950925421098 453778281.1557925 687923859.816083 117.00537634408602 38.70967741935484
659.617321428572 1005.9049258353311 687923859.816083 1788296811.849465 209.0 44.285714285714285
1080.25241935484 1014.6883391752208 1788296811.849465 3833389329.170315 315.0 117.00537634408602
895.072966666667 1024.9960822898424 3833389329.170315 5623551800.044363 190.0 195.06666666666666
543.825258064516 1029.4987886487686 5623551800.044363 5891725592.878824 426.23924731182797 315.0
224.001266666667 1030.5336751011619 5891725592.878824 5886121306.793271 212.54722222222222 190.0
134.021806451613 1030.512046209751 5886121306.793271 5703098301.364311 185.06720430107526 426.239247311828
96.0624516129032 1029.8053988469665 5703098301.364311 5423672902.839778 181.0 205.69086021505373
65.9179666666667 1028.9778829766808 5423672902.839778 5064359619.821485 181.0 191.23611111111111
43.6194838709677 1028.4593933907959 5064359619.821485 4630230625.009938 181.0 181.0
40.2008 1027.6313077229615 4630230625.009938 4248758860.207476 181.0 181.0
70.7292258064516 1026.4164294911066 4248758860.207476 3969540929.7594843 182.0 181.0
406.292612903226 1025.4763348492397 3969540929.7594843 4486550240.017931 224.0 175.16129032258064
701.2355 1027.173726879038 4486550240.017931 5730012624.501655 199.0 201.5
673.144322580645 1029.909315152516 5730012624.501655 5894280678.151934 608.8897849462365 224.0
359.758866666667 1030.5435360649087 5894280678.151934 5888480349.221078 345.35 185.73333333333332
152.153709677419 1030.521150575896 5888480349.221078 5738929265.221794 190.6451612903226 608.8897849462365
92.4419333333333 1029.9437423367638 5738929265.221794 5449917397.353659 191.0 345.35
72.9201935483871 1029.0295064793343 5449917397.353659 5117239099.081519 181.0 190.6451612903226
58.5487096774193 1028.5356985556732 5117239099.081519 4737486520.316774 182.0 184.83870967741936
40.2354333333333 1027.9728870073782 4737486520.316774 4307960396.980487 184.0 187.03333333333333
26.094 1026.6049694171352 4307960396.980487 3825889856.3660703 184.0 182.0
21.0259 1024.9696291229843 3825889856.3660703 3396967043.1556096 181.0 184.0
37.604064516129 1022.815131101197 3396967043.1556096 3022477585.0552287 183.0 184.0
87.1814838709678 1020.874119853481 3022477585.0552287 2719366965.6847153 208.0 175.16129032258064
229.777357142857 1019.5567539376333 2719366965.6847153 2683082501.3619437 252.0 202.60714285714286
322.139225806452 1019.3868032850676 2683082501.3619437 2697845732.793963 315.0 208.0
279.0302 1019.4559519100419 2697845732.793963 2839415286.839321 215.0 235.2
121.557580645161 1020.1065630475443 2839415286.839321 2597638642.9563656 202.0 315.0
60.7111 1018.9865978592803 2597638642.9563656 2220887399.375436 199.0 215.0
41.6522903225807 1017.1234163555432 2220887399.375436 1786196143.3114386 196.0 202.0
34.2437741935484 1014.6757978705161 1786196143.3114386 1315930823.1436338 202.0 192.58064516129033
21.3034 1011.5265955282453 1315930823.1436338 830261235.7284479 201.0 202.53333333333333
9.73222580645161 1007.3462690843943 830261235.7284479 617411419.3071593 82.85215053763442 202.0
7.27173333333333 1005.2996688352546 617411419.3071593 528428387.900584 40.0 201.0
42.6832903225806 1004.5358659905629 528428387.900584 540468781.4771847 40.0 82.85215053763442
163.609451612903 1004.6392170083878 540468781.4771847 688138051.8932567 111.41935483870968 38.70967741935484
305.377071428571 1005.9067643939335 688138051.8932567 766581953.3877835 276.0 44.285714285714285
515.583290322581 1006.6931482398746 766581953.3877835 1301539596.1026554 315.0 111.41935483870968
448.1112 1011.4150356287028 1301539596.1026554 1852847236.016731 229.0 257.6
271.508322580645 1015.0737148418909 1852847236.016731 2012933467.8625636 204.0 315.0
125.965266666667 1016.0260341312008 2012933467.8625636 1823706202.850592 193.0 229.0
80.5058064516129 1014.8997385244812 1823706202.850592 1492890287.9637065 197.0 204.0
56.4302903225807 1012.7830424862412 1492890287.9637065 1087206550.0434747 201.0 186.7741935483871
35.7994333333333 1009.717391555942 1087206550.0434747 684471616.1876338 184.45277777777778 203.56666666666666
17.4331290322581 1005.8752928428123 684471616.1876338 607485720.1365894 40.0 201.0
11.4152333333333 1005.2144697007432 607485720.1365894 529255265.4877088 40.0 184.4527777777778
42.3448387096774 1004.542963652255 529255265.4877088 540390397.9914007 40.0 40.0
282.83335483871 1004.6385441887674 540390397.9914007 688184017.4603068 230.6263440860215 38.70967741935484
526.084607142857 1005.9071589481571 688184017.4603068 1326359066.9529152 266.0 44.285714285714285
441.858967741935 1011.607434627542 1326359066.9529152 1663219682.179796 315.0 230.6263440860215
449.691966666667 1013.9339167714851 1663219682.179796 2241990399.8358865 219.0 248.26666666666668
165.603064516129 1017.2347778355455 2241990399.8358865 2143172004.9789171 194.0 315.0
75.6662 1016.713308733398 2143172004.9789171 1799940574.1044154 202.0 219.0
51.8997096774194 1014.7578541737578 1799940574.1044154 1374313833.3201303 204.0 194.0
37.5056129032258 1011.9791770024817 1374313833.3201303 937977878.4239851 194.0 195.48387096774192
24.2406666666667 1008.3909144748798 937977878.4239851 661894302.4959693 124.575 210.8
13.5417096774194 1005.6814961587636 661894302.4959693 574776285.8497722 40.0 194.0
8.4959 1004.9337020244615 574776285.8497722 489079748.18963116 40.0 124.575
67.8139677419355 1004.1981094265204 489079748.18963116 568410845.6492498 40.0 40.0
315.535870967742 1004.8790630527832 568410845.6492498 755228953.294168 248.83870967741936 38.70967741935484
519.093035714286 1006.5767072132735 755228953.294168 1534503672.1490772 201.0 44.285714285714285
637.365612903226 1013.0642140010073 1534503672.1490772 2394420270.029041 315.0 248.83870967741936
611.278466666667 1018.0347553631336 2394420270.029041 3458207362.9398766 191.0 187.6
372.049967741935 1023.2862104841529 3458207362.9398766 3929646965.1864004 183.0 315.0
150.201533333333 1025.3356153974828 3929646965.1864004 3789092248.8896165 194.0 191.0
104.528032258065 1024.8398315657482 3789092248.8896165 3541429164.374039 184.0 183.0
77.6274193548387 1023.9263781874927 3541429164.374039 3211560405.692077 187.0 187.74193548387098
50.0950666666667 1021.6669199400087 3211560405.692077 2826867745.1138783 183.0 190.13333333333333
29.337064516129 1020.0539528097017 2826867745.1138783 2364064505.1751437 187.0 187.0
19.3250666666667 1017.8789683650404 2364064505.1751437 1925309993.997363 185.0 183.0
87.2251290322581 1015.5063283223724 1925309993.997363 1678706959.4322877 183.0 187.0
407.438 1014.0340713995957 1678706959.4322877 2105020250.089208 254.0 179.03225806451613
586.189178571429 1016.5119802115526 2105020250.089208 3070794296.539816 194.0 202.60714285714286
795.484806451613 1021.0767056458692 3070794296.539816 4351975282.908813 315.0 254.0
813.061033333333 1026.7451442130853 4351975282.908813 5895884042.533381 202.26388888888889 181.06666666666666
480.128290322581 1030.5497240063467 5895884042.533381 5890595664.25139 464.5241935483871 315.0
215.483233333333 1030.5293143131485 5890595664.25139 5789095010.9180975 241.13888888888889 202.26388888888889
136.859709677419 1030.1374324745873 5789095010.9180975 5622627644.439714 182.0 464.5241935483871
104.647935483871 1029.4962909309181 5622627644.439714 5369374479.432194 180.0 233.36021505376345
75.7020333333333 1028.8995302733508 5369374479.432194 5035604976.278729 181.0 188.06666666666666
48.0892258064516 1028.4179003986706 5035604976.278729 4608248276.06954 183.0 180.0
36.4143333333333 1027.5613002422597 4608248276.06954 4214441671.847401 182.0 181.0
69.0377096774194 1026.3071390823166 4214441671.847401 3933261195.5473766 181.0 183.0
126.959258064516 1025.348364005458 3933261195.5473766 3780717629.3780985 194.0 176.1290322580645
263.442714285714 1024.810291461651 3780717629.3780985 3904930109.242911 222.0 200.39285714285714
781.20964516129 1025.2484307204336 3904930109.242911 5146964689.93997 315.0 194.0
445.711633333333 1028.578592626176 5146964689.93997 5756456035.102153 195.0 207.2
237.183193548387 1030.0114132629428 5756456035.102153 5825844282.72323 194.0 315.0
119.766933333333 1030.279321554916 5825844282.72323 5632808328.571354 181.0 195.0
82.0065806451613 1029.534008990623 5632808328.571354 5323655719.47357 181.0 194.0
62.4445161290323 1028.8335580367584 5323655719.47357 4956242777.850691 181.0 175.16129032258064
43.3131 1028.3033806318192 4956242777.850691 4540740387.004467 181.0 187.03333333333333
21.053935483871 1027.3463069649824 4540740387.004467 4050958132.9721646 181.0 181.0
18.0287666666667 1025.7635207512246 4050958132.9721646 3608414063.4194775 183.0 181.0
118.982064516129 1024.2025187422203 3608414063.4194775 3456492574.8348427 182.0 181.0
505.424516129032 1023.2730198064219 3456492574.8348427 4269403379.167366 212.0 177.09677419354838
1142.19889285714 1026.482176366775 4269403379.167366 5902883530.365655 479.0922619047619 201.5
1384.0545483871 1030.5767374671059 5902883530.365655 5906889127.548267 1379.6236559139784 212.0
1029.1991 1030.5921964613783 5906889127.548267 5900347784.016958 1015.0527777777778 447.15277777777777
628.869709677419 1030.566951139002 5900347784.016958 5893236078.017605 613.9408602150538 1379.6236559139784
285.549833333333 1030.5395045892617 5893236078.017605 5887205935.668362 274.2583333333333 1015.0527777777778
175.252548387097 1030.5162321702467 5887205935.668362 5823903705.012444 181.41129032258064 613.9408602150538
131.746967741936 1030.271828976882 5823903705.012444 5638579987.663088 181.0 265.41129032258067
92.7500666666667 1029.5562933886606 5638579987.663088 5342221870.191671 183.0 187.45833333333334
57.665 1028.8603490190355 5342221870.191671 4946851182.434069 180.0 181.0
69.6110666666667 1028.2898285460808 4946851182.434069 4643380296.400739 180.0 183.0
104.426483870968 1027.6731856573272 4643380296.400739 4458450257.412233 181.0 180.0
223.112225806452 1027.0842364885739 4458450257.412233 4483272063.295655 225.0 174.19354838709677
463.748178571429 1027.1632868257823 4483272063.295655 5180537458.821627 187.0 200.39285714285714
440.777451612903 1028.6270381801178 5180537458.821627 5510184386.671422 315.0 225.0
328.4019 1029.1923902342471 5510184386.671422 5819659421.846324 193.0 174.53333333333333
189.986838709677 1030.2554417831905 5819659421.846324 5794643793.249419 182.0 315.0
115.086433333333 1030.1588563445923 5794643793.249419 5553519018.444825 195.0 193.0
88.146 1029.3095108606617 5553519018.444825 5261160682.804232 181.0 182.0
67.9768064516129 1028.743377608664 5261160682.804232 4892724139.479148 187.0 188.70967741935485
48.0371333333333 1028.2117231449915 4892724139.479148 4482105048.620823 184.0 187.03333333333333
31.1604516129032 1027.1595702185375 4482105048.620823 4014498288.272911 183.0 187.0
37.0707333333333 1025.6349145970826 4014498288.272911 3621342275.4812503 183.0 184.0
54.1066451612903 1024.2481209011685 3621342275.4812503 3300518385.7880135 180.0 183.0
213.558516129032 1022.0732183522156 3300518385.7880135 3368101842.9683876 197.0 177.09677419354838
303.007357142857 1022.5930910997569 3368101842.9683876 3622493618.663649 207.0 199.28571428571428
518.175774193549 1024.252182076415 3622493618.663649 4160640003.1819506 315.0 197.0
636.139866666666 1026.1357961884776 4160640003.1819506 5225141212.917226 211.0 193.2
413.18735483871 1028.691401461641 5225141212.917226 5784000084.686976 188.0 315.0
183.440366666667 1030.1177609447375 5784000084.686976 5745417197.593993 185.0 211.0
115.014935483871 1029.9687922687028 5745417197.593993 5523671619.389002 181.0 188.0
85.7002580645161 1029.2288422145648 5523671619.389002 5201622768.275439 187.0 179.03225806451613
59.9293 1028.6574643120857 5201622768.275439 4827799312.405846 181.0 187.03333333333333
36.361064516129 1028.118036525838 4827799312.405846 4370754700.534628 183.0 187.0
32.9351666666667 1026.8049512755879 4370754700.534628 3968548549.0095263 182.0 181.0
61.8636129032258 1025.4728343880406 3968548549.0095263 3667342634.3222294 181.0 183.0
224.013225806452 1024.4103796625122 3667342634.3222294 3768727823.6885858 196.0 176.1290322580645
331.442714285714 1024.7679993780903 3768727823.6885858 4115926143.285076 198.0 200.39285714285714
585.414741935484 1025.9926848087657 4115926143.285076 4833564959.888011 315.0 196.0
530.715533333333 1028.1263563634748 4833564959.888011 5677081413.015106 190.0 184.8
342.166096774194 1029.7049475405988 5677081413.015106 5888146137.18095 245.97043010752688 315.0
164.600666666667 1030.5198607352609 5888146137.18095 5780607571.386891 192.59722222222223 190.0
106.053258064516 1030.1046624377873 5780607571.386891 5532009525.041577 182.0 245.97043010752688
79.5767096774194 1029.2513770947069 5532009525.041577 5204244875.415555 183.0 186.38440860215056
53.0012666666667 1028.6612480164727 5204244875.415555 4812491882.875948 181.0 188.06666666666666
36.3235483870968 1028.095947882938 4812491882.875948 4363479954.880195 180.0 183.0
27.9102 1026.7817832957967 4363479954.880195 3950873434.6901574 181.0 181.0
66.388064516129 1025.4104883057853 3950873434.6901574 3664431459.156806 180.0 180.0
216.662483870968 1024.4001109670435 3664431459.156806 3767545861.422631 188.0 175.16129032258064
338.498142857143 1024.7638301990216 3767545861.422631 4126995087.694983 200.0 199.28571428571428
316.20564516129 1026.0286467760986 4126995087.694983 4123936675.22874 315.0 188.0
245.134933333333 1026.0189066090086 4123936675.22874 4151843081.944798 221.0 186.66666666666666
123.089064516129 1026.1077805157477 4151843081.944798 3943430356.4644413 187.0 315.0
69.729 1025.384234061603 3943430356.4644413 3615406667.6426687 186.0 221.0
52.2432580645161 1024.227184012849 3615406667.6426687 3214296161.9642 190.0 187.0
40.308935483871 1021.6783906162021 3214296161.9642 2777771086.4934464 191.0 180.0
26.5055666666667 1019.830309538611 2777771086.4934464 2315571919.1345553 191.0 196.33333333333334
20.3899032258065 1017.623070813375 2315571919.1345553 1834745818.5740457 187.0 191.0
16.3810333333333 1014.9656466780541 1834745818.5740457 1390004647.0544817 185.0 191.0
66.2608064516129 1012.0878692368545 1390004647.0544817 1082345027.4553945 184.0 187.0
