0.3291343493213649
0.46431655085638246
1.346638548495622
1.3047946720854764
1.3672367394472078
0.6225783517007306
0.041835779819272334
0.13673776206952715
0.14877006929727166
0.14941723812762497
0.16967189635234553
0.16009775067857202
0.06280827030684266
0.9733239890488843
1.2353897041107567
0.7121775277675839
0.1457663081320082
0.1531659335280509
0.1355037851515562
0.13386138386876034
0.1601439006814988
0.15822964000350748
0.18150242762452012
0.17278020139540334
0.2283180687311424
0.2912581035655922
1.3662613294175303
1.3051041448739717
0.5072365890114372
0.11095562309587814
0.14406922486042556
0.14792716711192644
0.17094128737767283
0.1636488901632756
0.1809361442045307
0.17148874264388742
0.24720609545898076
0.40560985990635423
1.2223932377019588
1.144827732903071
0.5873693490414622
0.03695962680380671
0.1468783546078336
0.14996308957054555
0.1691954665145537
0.16302887094278795
0.18041176240429996
0.17151593725945052
0.23320114161178862
0.15618745806674394
0.5849703261872043
0.5774511128140056
0.09349285009980968
0.15968820408609874
0.14872605628391433
0.15568857881269266
0.17601670388420598
0.16732814662201545
0.18522112775432753
0.18168634795388056
0.26559256955296723
0.30876462941413785
1.1594089613669523
0.7693389868790774
0.17473026740437536
0.15922948435445966
0.1488784551192267
0.15512439943323525
0.17517104179596615
0.16653396845610857
0.18408370105125405
0.17698204656278832
0.26603819907700293
0.46202092979091813
0.1892245537244926
0.36568387803713853
0.16194868509247917
0.1711911798323003
0.1587944985061921
0.17189973980023882
0.19806346708668238
0.20416936387360352
0.23904355980508318
0.2450621584798635
0.3165324442263952
0.479390071173048
1.1965467074483072
1.3057265983531543
1.1037672516112953
0.08259554917194789
0.14613824741767972
0.14910738924961153
0.16851119611670656
0.16263098866959835
0.18029803038721892
0.17126036951215134
0.24757374998216453
1.0396909966704415
1.3669747700821695
0.48892639623825773
0.1378247160628135
0.16089349717764767
0.15295876113590118
0.16018067486789334
0.17819948228926658
0.1697323562309062
0.1895951903470361
0.1871366797993922
0.26500915472075104
0.46645101207573497
0.3503635726150326
0.4205454155837335
0.1618654525275945
0.17609820884419464
0.1634919859614158
0.1751460643876876
0.19802980067887888
0.20104828738742914
0.23282788538223392
0.2427104337732181
0.2951997364778272
0.4800304777494373
0.2815612217941399
0.2954534932725909
0.11381978947843902
0.10916748768166906
0.08072187281191573
0.11233952342637116
0.12976883705763542
0.14894622447157685
0.20129359350665366
0.20724720670696312
0.1672581506380268
0.46964273529910233
0.37279854585775596
0.009655298867100925
0.09368511279764535
0.08144396298598322
0.09572946519684333
0.05883017057587403
0.13735963776445342
0.14817865571102462
0.19223008170457018
0.1984335761928594
0.18060689063178237
0.46614456469422016
0.6594384483956002
1.2520224106168465
0.5578419869768898
0.1452292275717278
0.12209371041763872
0.12509631392229764
0.1621069538327788
0.15103820858429234
0.1784883477485673
0.1767823353241344
0.2005014642605954
0.31837869764516735
1.3665992580990143
1.3048256620090923
0.9018259630015253
0.05533195897043641
0.14626354582423806
0.14251363253336335
0.16453744344617294
0.1613028417927227
0.1794427253998334
0.17052443163814035
0.2083705292158199
0.45993706692342384
1.2334797839690137
0.7524952433407193
0.13085966681732208
0.15359386579114348
0.13777659188330776
0.1364221215705151
0.16251576949677932
0.1597702170471451
0.18536618925577403
0.1860572450600193
0.21527151514025472
1.1106311453594646
1.3684156159292855
1.306686825113017
1.367948758309475
0.2714074897298874
0.06691007468224863
0.1470757325458913
0.1631403513196233
0.15644535451130542
0.17678921808720038
0.16649961877515224
0.23649291060254884
0.2819475035222394
0.8168087971274443
0.3884385652360429
0.01982255362275076
0.1604427878158018
0.15060395429791806
0.15724158786021358
0.17641057546457178
0.1675901074588942
0.185400092126564
0.18062935267265262
0.25558686801438446
0.4612001590882476
0.38567581949559626
1.2616213638602152
0.687546124494044
0.04341942672373922
0.14695690400288658
0.15113903916158
0.1713707832968705
0.1641785563254221
0.1819136789432147
0.1732092584078449
0.2400236077804883
0.45959269428707383
0.951099539491314
1.006096999557037
0.4622251676864917
0.10215218419263417
0.1471910658173896
0.1521017703618498
0.17245962496881484
0.16504280632691504
0.18274738367157245
0.17537445593629963
0.23583772140315012
0.4599336497115793
0.39986460071611896
0.2401537560403772
0.145947122707151
0.1637206127877105
0.15807954918880596
0.164256608925667
0.18157769102143728
0.17421514412538047
0.19856836593752575
0.19707317143697056
