0.2702616754896475
0.24977591834853674
0.8299363377648208
1.3047945411912243
1.36723660405425
0.6225782684219174
0.07726222051612763
0.0719026341968898
0.040601752277371284
0.07578140823444346
0.031415221006396044
0.0405505422111373
0.024630127895210463
0.10610763948868351
0.7545122857012789
0.7121775199746203
0.14576630378915034
0.0654553791395891
0.07979896537724329
0.06968571478480634
0.026520263109159115
0.03619650219441706
0.03944312458319332
0.11482316061392478
0.12309629509254788
0.09791354728317647
0.3185208538470524
1.2380611119346812
0.5072279985432808
0.06707093656592866
0.06137669509149457
0.04775037088334044
0.057653284119970394
0.036295666514291725
0.05065220839073681
0.09326693488550802
0.10652804504253688
0.015055318281194219
0.43146352012930456
0.5841534924016161
0.5873688473445922
0.06174994222886121
0.07800926486141568
0.06343702637038995
0.027569982312883656
0.017085395100542633
0.03943792701111892
0.12780996950674695
0.0407534624546384
0.025031855022182303
0.33867990688713157
0.015408127958686069
0.03914208893130522
0.01998704566017051
0.031750426458746484
0.009126483584760425
0.040443071361771055
0.08661594979697984
0.13339689241583713
0.1667527075800802
0.2944860728968208
0.06228664362710057
0.26428348348451314
0.026664223386792973
0.041972301348695784
0.021706529247727535
0.020121372987837005
0.06742987293904157
0.1035873158171094
0.1559633729483733
0.3573386348968926
0.1453867188372267
0.20511694250067813
0.05228965419223208
0.04672094525731352
0.2464852501520377
0.17155042222382977
0.2621088386815111
0.25227707860971904
0.25441160147273584
0.4450320237562033
0.5188645712501687
0.5228642938096053
0.523060930166546
0.48971446369747734
0.2987153618329365
0.05887325603882576
0.002635930243529483
0.8492753124813921
0.08259531135137632
0.0738105003734022
0.05964384997812866
0.02430154203728252
0.03761407530424132
0.007229465044651717
0.03303769230040021
0.09507824947753796
0.023229254348853368
1.0108186029377226
0.48892633341639513
0.0756015869046065
0.03632921358745467
0.036564279305349334
0.03402778749477808
0.0036414121991458215
0.03763201513563419
0.0743683231935926
0.0771609229350515
0.22540304299380848
0.19207470202479554
0.15862186156780467
0.12916638772548883
0.137401981195086
0.18479770935973344
0.21529186468514921
0.17546820239791527
0.18018077240039626
0.2892960714924948
0.5200603283695445
0.5208702295299217
0.5165222079491149
0.4189608384145417
0.02657111737340523
0.17003720290908175
0.1412692248599266
0.2512529799229868
0.17100463198819665
0.16469094655129846
0.17177207180413623
0.16006943167068666
0.38417863840192046
0.5188513482268823
0.5185430012489802
0.23675254441187404
0.07980681870134754
0.13043990408054656
0.12231181088577364
0.21732993555984476
0.15713237914261657
0.19181887443869727
0.23886606588314008
0.17546538878733187
0.36485027468818654
0.5006663587619675
0.44217710776464614
0.21673530822909115
0.06580502531444188
0.09772152152943958
0.00985559552621429
0.003443837450031406
0.013062753890420997
0.2027833588652087
0.1645929494892331
0.3601713772305567
0.36013101858324625
0.12398989823121892
0.27752176861219535
0.05451615751817174
0.32518441996352376
1.241689335632141
0.9018165186172886
0.06461436760843597
0.07326194863171742
0.059624215425332694
0.033592357212440804
0.02957565253373573
0.04355915582881564
0.1066481782998126
0.0929429186618202
0.016381666414182372
0.29274434165730634
0.045302550180122636
0.0625677382035531
0.04783932759791276
0.05906572284277156
0.0503154382179799
0.006268891440555535
0.009309771691332736
0.17406555443176547
0.14669427901836574
0.15327089233087676
0.44563895531974995
1.3684148687112674
1.3066873848610625
1.3679493366768811
0.27139867098555437
0.07459023294472955
0.06639221311474286
0.03336207948985925
0.04680548062368006
0.02687740944234862
0.009802713381280137
0.028882567298663897
0.0190869751765258
0.37055462816986307
0.0307203075421566
0.05206362884048499
0.02933675552495174
0.04328182787971546
0.0323246144262036
0.08592853520198712
0.17827839874280205
0.15707194089359022
0.09508361411409383
0.19774932588805083
0.04093597184898168
0.23951905034179477
0.0010262286063691395
0.044647781148282384
0.0486964483764043
0.057264722509771104
0.04462225305720313
0.004112060659248629
0.15663721764663757
0.056952561434364446
0.39587289458584457
0.11279749180261012
0.05275463236003286
0.2987948869531699
0.04299757101104673
0.05521915994296167
0.052997526011594465
0.06246376726089975
0.04624110403878723
0.015162928375822005
0.1684197078354852
0.08094988649550766
0.3974583734213868
0.0428700528823478
0.10765655231989013
0.3074094549465014
0.005822281750537894
0.01160651375216959
0.07125990005137467
0.09624433521329645
0.17457738586363358
0.15622413440242522
0.17901171614220845
0.17294156719269982
0.19418277528946665
