0.056214061213512356
0.7635360971301763
0.4949829787353013
1.0655071113339507
1.3672366849403497
0.6225783181850439
0.041835762666188714
0.001203427704659199
0.023510830451150655
0.016666662965510337
0.04209356150406662
0.02443107953367074
0.021173871104179898
0.12829626185117993
1.235389625039938
0.71217747164411
0.14576627685283594
0.163106149060939
0.007900883231005129
0.01848179710570408
0.03295597419941321
0.03158234797307102
0.06668336384233997
0.0660989877567364
0.07307802860176982
0.027472821572184447
0.32829942721915584
1.2846149110038494
0.5072365887098045
0.03371877407528323
0.0037961308598942756
0.010128522534617712
0.03857970348737594
0.028155138938560476
0.06029671982420459
0.05922805090559191
0.08513278963897863
0.05479164331210429
0.37561950777971354
0.8850381097053701
0.5873690741493727
0.007614279164725124
0.15094965146064832
0.013128872067616593
0.03819251423195913
0.030803055079000385
0.0624982710199421
0.06028388119637129
0.005060475731519132
0.10965287457400968
0.3577428647018438
0.02959641893588716
0.03558133785596396
0.024186096912984012
0.01860983373569991
0.015972260620273127
0.05840065516434989
0.06367129460476251
0.10470724456263503
0.12839646519701292
0.041101546370623354
0.11984936364455462
0.28244776710515196
0.04098969547695919
0.01127598137035224
0.014912138890101234
0.002577338028409426
0.030467102815178282
0.06035587677792498
0.0652708415486305
0.10632671032523155
0.12376427004469626
0.03450382656466533
0.16722218724317267
0.11840001159216157
0.11668953483960953
0.13461083841251137
0.21431671748476794
0.20380850515872817
0.37262303855144024
0.5196591463209157
0.5197208119816695
0.5236842453681538
0.5239058718577706
0.44057077701009384
0.3332624881897237
0.038898495637490704
0.06571463602757388
0.7450511401113968
0.08259538586752702
0.01712130584332594
0.005692474282111282
0.035107559572261526
0.024683070107506255
0.05349333539457923
0.05066830999384886
0.05213994183101778
0.04646781146808954
1.3269003501748091
0.48891759611153107
0.034871192896515524
0.008211576427127332
0.016639427201330603
0.020602654120766117
0.0402360523873283
0.04228685461384507
0.08983517809150732
0.09920130390072485
0.06672381579007325
0.04289609205019507
0.1542649812941972
0.08956913481784817
0.09324933577132638
0.13216701582349272
0.15290688544999342
0.1787610454590507
0.24090557365293624
0.45527398389079615
0.5211358692211336
0.5219785502552724
0.44015830095517305
0.25820003713720735
0.15741609968572878
0.1973646972768615
0.16858656097601943
0.18838933608492164
0.1849395298086436
0.21033990801932528
0.29294952581157646
0.5178022454472073
0.5213929490078172
0.5219564198951105
0.3041410022542314
0.26939196090571466
0.036750295541857825
0.1719065535207372
0.15545136721989194
0.16024727903368635
0.17360928033274875
0.23492760461870504
0.39447591150473577
0.5184064994398911
0.5222401371246926
0.523031668131771
0.27869416828605603
0.3327141206523108
0.0009804114340612458
0.1633740655620321
0.0924814724064773
0.05018606318280561
0.06760370334135851
0.07277146412356555
0.13015189301961716
0.12921807347620906
0.17823695301545678
0.20345957729451697
0.09144648913742298
0.2051803096051435
0.19575898697577143
0.006652057317651394
0.900980794753379
0.16993956604607874
0.002120831826103231
0.01313234820286302
0.036177366279698586
0.019279178368658556
0.05161576289768388
0.05504891409307133
0.03275610913656768
0.023211797877486284
0.29819187775167844
0.0001830904525776944
0.03775944589925362
0.017338067759712028
0.009521474416770537
0.01940403536730373
0.044317032915842214
0.04038744510424286
0.07359995497037247
0.08207662893863826
0.017454815644233013
0.6632777221704416
1.3684153839471687
1.3066866006240818
1.3679485263935895
0.2714073892734915
0.005635514938762243
0.0008883207937226967
0.021242243513618253
0.02205518909487081
0.04739046174175909
0.0357755610277003
0.08310569853038186
0.07801229533464743
0.3811504914442727
0.0032989889467428535
0.003795006814831803
0.023428485808696387
0.01268888598268103
0.002556222239709527
0.03692099829850981
0.03722894879071237
0.07537531156403454
0.08676892612714654
0.07478323918649676
0.09228814780691086
0.2737299041761412
0.007864440467196254
0.0002978808037135128
0.0074388434795469305
0.0033871801850490213
0.004520177765561462
0.03948246971579794
0.02355666273658641
0.06199980313671294
0.06681999805977423
0.04157595219633459
0.08262182816564229
0.3164663556659757
0.020849527600176998
0.1939724431162294
0.021394429600700815
0.0016559297210095858
0.007389838366973378
0.0394308080352167
0.032780429227067254
0.06509251310878073
0.07045985887484252
0.06318460309682172
0.07778478522044441
0.3173493688574156
0.033174788309945025
0.04097413995299659
0.07082822969488467
0.060382779315621415
0.09566211584765849
0.13750357661046947
0.16465195096704077
0.21889372805000296
0.250501317261926
