322.045903225806 1024.3303225820105 3644646452.0 4108454995.756501 159.0 56.18329032258064
643.509857142857 1025.9663315546966 4108454995.756501 5596104376.940867 40.0 59.67067857142857
785.285774193548 1029.4246064241645 5596104376.940867 5896268935.486826 670.3037634408602 159.0
810.8132 1030.5512094422734 5896268935.486826 5896480088.822339 794.0694444444445 37.333333333333336
709.144935483871 1030.5520243565184 5896480088.822339 5894655443.498318 692.239247311828 670.3037634408602
400.573266666667 1030.5449824148734 5894655443.498318 5889246354.072062 389.0388888888889 794.0694444444445
209.112838709677 1030.524106855338 5889246354.072062 5885786574.1831 192.83602150537635 692.239247311828
155.613161290323 1030.5107543600548 5885786574.1831 5784665953.627054 173.05107526881721 376.4892473118279
113.363733333333 1030.120331867286 5784665953.627054 5540096313.421283 183.0 199.26388888888889
89.1516451612903 1029.273233279517 5540096313.421283 5214435197.086085 185.0 173.05107526881721
132.6879 1028.675952665348 5214435197.086085 5071394522.137105 181.0 183.0
183.475935483871 1028.4695447649885 5071394522.137105 5104675833.122786 179.0 185.0
219.466193548387 1028.517569744766 5104675833.122786 5618012806.210443 40.0 175.16129032258064
529.413142857143 1029.4838183951633 5618012806.210443 5892011224.687434 429.0595238095238 198.17857142857142
573.648451612903 1030.534777453768 5892011224.687434 5892508831.988908 570.5322580645161 40.0
434.0214 1030.5366978936106 5892508831.988908 5889794399.121108 418.4194444444444 400.4555555555555
242.016225806452 1030.5262219520112 5889794399.121108 5886367803.54176 225.7258064516129 570.5322580645161
141.2042 1030.5129975265334 5886367803.54176 5699080538.487023 200.06666666666666 418.4194444444444
112.736064516129 1029.7898862489847 5699080538.487023 5423535986.835759 199.0 225.7258064516129
95.8503870967742 1028.9776854066895 5423535986.835759 5099622403.97123 198.0 193.61290322580646
70.4100666666667 1028.5102776392082 5099622403.97123 4717151011.8429165 195.0 205.63333333333333
51.7662903225806 1027.908124241538 4717151011.8429165 4286207400.937551 189.0 198.0
33.0551333333333 1026.5356923596737 4286207400.937551 3879353636.821829 184.0 195.0
89.5234193548387 1025.1582138864967 3879353636.821829 3657430830.6063027 179.0 189.0
197.699193548387 1024.3754173919094 3657430830.6063027 4077413240.538366 51.0 178.06451612903226
483.033035714286 1025.8568368272959 4077413240.538366 5176218000.500496 40.0 198.17857142857142
883.652032258065 1028.6208051955273 5176218000.500496 5898010645.591654 611.3091397849462 51.0
711.757666666667 1030.5579313080295 5898010645.591654 5894724283.997508 696.3666666666667 37.333333333333336
355.195741935484 1030.54524809433 5894724283.997508 5888376048.981608 339.991935483871 611.3091397849462
161.613233333333 1030.5207480449546 5888376048.981608 5775521771.781297 191.66666666666666 696.3666666666667
116.846161290323 1030.0850261458738 5775521771.781297 5555765654.954911 182.0 339.991935483871
91.6212580645161 1029.3155828512295 5555765654.954911 5228004019.829085 195.0 185.48387096774192
67.8172333333333 1028.695532496146 5228004019.829085 4843429286.6360445 193.0 188.06666666666666
48.4465161290323 1028.1405906012064 4843429286.6360445 4405136988.624225 188.0 195.0
51.3012333333333 1026.9144490083575 4405136988.624225 4047797031.122579 183.0 193.0
84.7457096774193 1025.7523704801501 4047797031.122579 3813592916.819358 179.0 188.0
209.807322580645 1024.9262536748479 3813592916.819358 4280247199.5873456 46.0 177.09677419354838
689.364428571429 1026.5167108267112 4280247199.5873456 5879580006.992155 40.0 198.17857142857142
568.289064516129 1030.4867953937921 5879580006.992155 5892420858.19489 560.5645161290323 46.0
576.527233333333 1030.536358372107 5892420858.19489 5892315183.871168 559.9138888888889 37.333333333333336
381.711483870968 1030.5359505380961 5892315183.871168 5888850576.613768 365.4301075268817 560.5645161290323
185.7957 1030.5225794123173 5888850576.613768 5865715002.863288 181.12777777777777 559.9138888888889
126.033225806452 1030.4332625593177 5865715002.863288 5683070365.991869 177.0 365.4301075268817
97.3777741935484 1029.7280709111656 5683070365.991869 5415318261.770056 178.0 175.28494623655914
66.5694 1028.9658272175614 5415318261.770056 5068071797.942236 177.0 182.9
46.5674838709677 1028.4647500691806 5068071797.942236 4652465111.312584 177.0 178.0
36.6345333333333 1027.7021181888936 4652465111.312584 4274648289.914735 176.0 177.0
71.4001612903226 1026.498879904187 4274648289.914735 4018771672.7487526 174.0 177.0
217.974064516129 1025.649988263664 4018771672.7487526 4524416040.451796 40.0 170.32258064516128
492.893857142857 1027.2943186001648 4524416040.451796 5648439288.216468 40.0 192.64285714285714
366.69335483871 1029.594360186164 5648439288.216468 5779290084.764224 315.0 40.0
391.213866666667 1030.0995756168504 5779290084.764224 5889033262.944719 332.2472222222222 37.333333333333336
225.662064516129 1030.5232844624795 5889033262.944719 5886085291.6379795 209.19354838709677 315.0
133.237333333333 1030.5119072147263 5886085291.6379795 5747901425.150817 173.09722222222223 332.2472222222222
85.2490967741936 1029.9783838808912 5747901425.150817 5465371751.523349 174.0 209.19354838709677
63.7061290322581 1029.071275004117 5465371751.523349 5119528169.022565 174.0 167.51344086021507
44.3738666666667 1028.5390016869012 5119528169.022565 4726527721.272027 173.0 179.8
29.2655161290322 1027.9379863734778 4726527721.272027 4280831393.570521 172.0 174.0
19.9402333333333 1026.5185713171036 4280831393.570521 3871105584.5503273 172.0 173.0
45.8698387096774 1025.1291202276907 3871105584.5503273 3553510671.7308416 171.0 172.0
275.221193548387 1024.0088559849412 3553510671.7308416 4210657136.343861 40.0 166.4516129032258
551.286071428571 1026.2950864214772 4210657136.343861 5475210011.840128 40.0 189.32142857142858
549.275483870968 1029.097864896865 5475210011.840128 5892078658.138713 390.7741935483871 40.0
453.0279 1030.5350377029367 5892078658.138713 5890128182.577357 437.13055555555553 37.333333333333336
251.113419354839 1030.5275101385919 5890128182.577357 5886529011.92282 234.88709677419354 390.7741935483871
131.736766666667 1030.5136196858084 5886529011.92282 5594831031.74207 231.00555555555556 437.13055555555553
91.9488709677419 1029.4211649506542 5594831031.74207 5205514703.4209795 221.0 234.88709677419354
70.1550967741935 1028.6630803801168 5205514703.4209795 4773591631.625191 213.0 223.55376344086022
52.898 1028.03981476425 4773591631.625191 4322240242.318515 205.0 228.36666666666667
38.8994516129032 1026.6504466315876 4322240242.318515 3850170951.1957717 193.0 213.0
44.6923333333333 1025.0552767237946 3850170951.1957717 3474615104.3967347 184.0 205.0
68.3542258064516 1023.4124238799749 3474615104.3967347 3196498043.607582 178.0 193.0
118.701903225806 1021.6037653820024 3196498043.607582 3406176905.3774834 49.0 178.06451612903226
163.442892857143 1022.8859761952115 3406176905.3774834 3727419273.640844 40.0 197.07142857142858
127.196838709677 1024.622290206846 3727419273.640844 3722082615.9148097 127.0 49.0
175.352066666667 1024.6034660173361 3722082615.9148097 3887271614.06758 99.0 37.333333333333336
101.320064516129 1025.1861432594976 3887271614.06758 3440962228.3606377 255.0 127.0
58.3389666666667 1023.1535556027742 3440962228.3606377 2965822854.8835373 233.0 99.0
41.7728709677419 1020.6365738150253 2965822854.8835373 2499519968.753896 206.0 255.0
32.6314516129032 1018.5270256147724 2499519968.753896 2061378097.7032042 186.0 225.48387096774192
21.9208 1016.281678615848 2061378097.7032042 1638615477.2740915 174.0 212.86666666666667
10.8536774193548 1013.7676721437439 1638615477.2740915 1191023864.325206 168.0 186.0
17.3578 1010.5583245296529 1191023864.325206 794983070.8892384 168.0 174.0
37.3014516129032 1006.9844417527102 794983070.8892384 686002407.4590449 80.01881720430107 168.0
201.538193548387 1005.8884326820519 686002407.4590449 970475358.0087156 98.68279569892474 162.58064516129033
659.617321428572 1008.6797809600774 970475358.0087156 2482237260.0892987 40.0 88.5922619047619
1080.25241935484 1018.4460761596688 2482237260.0892987 4526440775.370608 315.0 98.68279569892474
895.072966666667 1027.3007668005432 4526440775.370608 5897970699.619336 350.1388888888889 37.333333333333336
543.825258064516 1030.557777142613 5897970699.619336 5891727547.507242 528.5752688172043 315.0
224.001266666667 1030.5336826447535 5891727547.507242 5886123260.945499 212.54722222222222 350.1388888888889
134.021806451613 1030.512053751505 5886123260.945499 5689792337.188637 190.05645161290323 528.5752688172043
96.0624516129032 1029.7540244679099 5689792337.188637 5399793345.78275 185.0 205.69086021505373
65.9179666666667 1028.9434247413892 5399793345.78275 5040585273.156063 181.0 196.39166666666668
43.6194838709677 1028.4250869742511 5040585273.156063 4611943126.160001 179.0 185.0
40.2008 1027.5730672807642 4611943126.160001 4240872734.7337465 177.0 181.0
70.7292258064516 1026.3913144418273 4240872734.7337465 3980408434.315313 175.0 179.0
406.292612903226 1025.514668198643 3980408434.315313 4991358020.889589 40.0 171.29032258064515
701.2355 1028.3540519781957 4991358020.889589 5895063108.993743 340.2083333333333 193.75
673.144322580645 1030.546555737969 5895063108.993743 5894280809.700136 670.505376344086 40.0
359.758866666667 1030.5435365725991 5894280809.700136 5888480480.710523 345.35 317.5277777777777
152.153709677419 1030.5211510833597 5888480480.710523 5773311449.030756 177.75537634408602 670.505376344086
92.4419333333333 1030.0764920811998 5773311449.030756 5515133223.327484 179.0 345.35
72.9201935483871 1029.2057654684527 5515133223.327484 5184897082.828057 180.0 177.755376344086
58.5487096774193 1028.63332912385 5184897082.828057 4810245723.423122 180.0 173.2258064516129
40.2354333333333 1028.0927066716063 4810245723.423122 4395598333.21174 178.0 186.0
26.094 1026.8840711248781 4395598333.21174 3933988297.700266 176.0 180.0
21.0259 1025.3509287396835 3933988297.700266 3522811930.6815844 174.0 178.0
37.604064516129 1023.7831686975506 3522811930.6815844 3175835645.6063714 173.0 176.0
87.1814838709678 1021.5171305895445 3175835645.6063714 3324772181.1159587 40.0 168.38709677419354
229.777357142857 1022.2597860085843 3324772181.1159587 3806374670.882408 40.0 191.53571428571428
322.139225806452 1024.900792489885 3806374670.882408 3819539187.678257 315.0 40.0
279.0302 1024.9472281752319 3819539187.678257 4262460988.850863 95.0 37.333333333333336
121.557580645161 1026.4600668434741 4262460988.850863 3808969524.819253 277.0 315.0
60.7111 1024.9099454138245 3808969524.819253 3282833697.737039 254.0 95.0
41.6522903225807 1021.9657597389394 3282833697.737039 2768681614.2315187 223.0 277.0
34.2437741935484 1019.7877358980398 2768681614.2315187 2308663362.206669 195.0 245.80645161290323
21.3034 1017.586614048584 2308663362.206669 1868835426.3423285 179.0 230.43333333333334
9.73222580645161 1015.1691667244319 1868835426.3423285 1410069247.338982 170.0 195.0
7.27173333333333 1012.2234408603986 1410069247.338982 987179182.3382413 168.0 179.0
42.6832903225806 1008.8282593985621 987179182.3382413 687483042.9815059 156.80645161290323 170.0
163.609451612903 1005.9011419998412 687483042.9815059 799859765.1305476 124.79301075268818 162.58064516129033
305.377071428571 1007.0344591295441 799859765.1305476 1451503291.107421 40.0 173.60714285714286
515.583290322581 1012.5034006155906 1451503291.107421 1985544718.3924215 315.0 124.79301075268818
448.1112 1015.8659386172683 1985544718.3924215 3020556711.6158347 40.0 37.333333333333336
271.508322580645 1020.8660658767959 3020556711.6158347 3191111614.1833887 197.0 315.0
125.965266666667 1021.5811807722574 3191111614.1833887 2982743145.5110216 198.0 40.0
80.5058064516129 1020.7075184298157 2982743145.5110216 2662479437.641265 190.0 197.0
56.4302903225807 1019.29030181565 2662479437.641265 2307793458.936437 178.0 191.61290322580646
35.7994333333333 1017.5820235300075 2307793458.936437 1925974155.248439 171.0 196.33333333333334
17.4331290322581 1015.5102934641699 1925974155.248439 1495023980.4267886 167.0 178.0
11.4152333333333 1012.797459327208 1495023980.4267886 1085151549.0248265 167.0 171.0
42.3448387096774 1009.6991248802207 1085151549.0248265 754985413.170369 168.0 167.0
282.83335483871 1006.5742093658499 754985413.170369 1219855996.1622841 113.0 161.61290322580646
526.084607142857 1010.7818294276146 1219855996.1622841 2409049168.2993264 40.0 186.0
441.858967741935 1018.1032747929711 2409049168.2993264 2744581940.2155175 315.0 113.0
449.691966666667 1019.6748568628361 2744581940.2155175 3767992842.940131 44.0 37.333333333333336
165.603064516129 1024.7654068534043 3767992842.940131 3542023086.3930154 237.0 315.0
75.6662 1023.9309468184078 3542023086.3930154 3126358734.954363 227.0 44.0
51.8997096774194 1021.3096802304166 3126358734.954363 2672687553.8613367 211.0 237.0
37.5056129032258 1019.3381150063763 2672687553.8613367 2238100983.474156 189.0 219.67741935483872
24.2406666666667 1017.2142532109453 2238100983.474156 1816925460.9938707 175.0 218.03333333333333
13.5417096774194 1014.8592564835456 1816925460.9938707 1371583225.0145426 169.0 189.0
8.4959 1011.9580094962369 1371583225.0145426 954580223.9913428 167.0 175.0
67.8139677419355 1008.538490879923 954580223.9913428 692213919.7517227 168.0 169.0
315.535870967742 1005.9417503841349 692213919.7517227 1263352974.5385773 106.0 161.61290322580646
519.093035714286 1011.1190153065006 1263352974.5385773 2435814124.835582 40.0 186.0
637.365612903226 1018.2286375870518 2435814124.835582 3294677717.5175424 315.0 106.0
611.278466666667 1022.0282901347504 3294677717.5175424 4741676183.873298 40.0 37.333333333333336
372.049967741935 1027.9862298849469 4741676183.873298 5125572203.061413 213.0 315.0
150.201533333333 1028.547723236741 5125572203.061413 4876629542.868165 234.0 40.0
104.528032258065 1028.1884986188575 4876629542.868165 4462076334.398945 244.0 213.0
77.6274193548387 1027.0957845044552 4462076334.398945 4014501166.6784816 228.0 226.4516129032258
50.0950666666667 1025.6349247501887 4014501166.6784816 3552246784.9653378 209.0 252.13333333333333
29.337064516129 1024.0043978305655 3552246784.9653378 3062184711.9095616 194.0 228.0
19.3250666666667 1021.0406067585307 3062184711.9095616 2626622053.47339 183.0 209.0
87.2251290322581 1019.122351538517 2626622053.47339 2401403287.2317715 176.0 194.0
407.438 1018.0674627036617 2401403287.2317715 3333777679.22626 67.0 177.09677419354838
586.189178571429 1022.3290590709713 3333777679.22626 4679643718.9371395 40.0 194.85714285714286
795.484806451613 1027.788674264131 4679643718.9371395 5896446389.095611 338.4623655913978 67.0
813.061033333333 1030.5518942975389 5896446389.095611 5896514931.2492895 796.3722222222223 37.333333333333336
480.128290322581 1030.552158825576 5896514931.2492895 5890592929.226966 464.76075268817203 338.4623655913978
215.483233333333 1030.529303757737 5890592929.226966 5885964978.468409 203.65277777777777 796.3722222222223
136.859709677419 1030.511442884312 5885964978.468409 5726530824.195753 179.06182795698925 464.760752688172
104.647935483871 1029.8958719080917 5726530824.195753 5453811864.320057 187.0 197.08333333333331
75.7020333333333 1029.0400320657297 5453811864.320057 5104150944.028409 187.0 185.03055555555557
48.0892258064516 1028.5168123290453 5104150944.028409 4671038814.772733 185.0 187.0
36.4143333333333 1027.7612701107412 4671038814.772733 4277072437.7091503 182.0 187.0
69.0377096774194 1026.5066001200928 4277072437.7091503 4004135519.8341117 178.0 185.0
126.959258064516 1025.5983616219899 4004135519.8341117 4265377567.1473746 40.0 176.1290322580645
263.442714285714 1026.4693553093864 4265377567.1473746 4832790275.945259 40.0 197.07142857142858
781.20964516129 1028.1252384934276 4832790275.945259 5896197200.842353 381.4220430107527 40.0
445.711633333333 1030.5509325933024 5896197200.842353 5890007458.908931 431.45 37.333333333333336
237.183193548387 1030.5270442239196 5890007458.908931 5872274331.174682 226.252688172043 381.4220430107527
119.766933333333 1030.4585881512537 5872274331.174682 5526477862.031434 240.0 431.45
82.0065806451613 1029.236426654139 5526477862.031434 5057378911.252962 241.0 226.252688172043
62.4445161290323 1028.4493202182582 5057378911.252962 4552037415.038663 233.0 232.25806451612902
43.3131 1027.3822847612696 4552037415.038663 4044307065.984037 218.0 249.03333333333333
21.053935483871 1025.7400601974746 4044307065.984037 3498159206.607039 204.0 233.0
18.0287666666667 1023.5935323585157 3498159206.607039 3042275384.0256796 189.0 218.0
118.982064516129 1020.9571294927702 3042275384.0256796 2892846002.470588 180.0 204.0
505.424516129032 1020.3305912053274 2892846002.470588 4126579725.96754 54.0 182.90322580645162
1142.19889285714 1026.0273239680494 4126579725.96754 5902883196.290725 420.05059523809524 199.28571428571428
1384.0545483871 1030.5767361777944 5902883196.290725 5906888793.495914 1379.6236559139784 54.0
1029.1991 1030.592195172154 5906888793.495914 5900347450.137083 1015.0527777777778 392.0472222222222
628.869709677419 1030.5669498504433 5900347450.137083 5893235745.988129 613.9408602150538 1379.6236559139784
285.549833333333 1030.5395033078444 5893235745.988129 5887205603.771938 274.2583333333333 1015.0527777777778
175.252548387097 1030.5162308893428 5887205603.771938 5850290771.159613 171.5188172043011 613.9408602150538
131.746967741936 1030.3737095411568 5850290771.159613 5688700577.546064 172.0 265.41129032258067
92.7500666666667 1029.7498091797145 5688700577.546064 5404831732.394238 178.0 177.23611111111114
57.665 1028.95069514054 5404831732.394238 5017168278.532114 177.0 172.0
69.6110666666667 1028.391296217218 5017168278.532114 4723946911.568843 176.0 178.0
104.426483870968 1027.9297672342957 4723946911.568843 4558040979.337005 174.0 177.0
223.112225806452 1027.401404392793 4558040979.337005 5079720394.871282 40.0 170.32258064516128
463.748178571429 1028.4815590113583 5079720394.871282 5890844701.510967 140.85119047619048 192.64285714285714
440.777451612903 1030.5302754346478 5890844701.510967 5890149199.443821 438.10752688172045 40.0
328.4019 1030.5275912499976 5890149199.443821 5887912203.851979 312.61944444444447 131.4611111111111
189.986838709677 1030.518957905089 5887912203.851979 5847244228.097307 187.65860215053763 438.10752688172045
115.086433333333 1030.3619468266306 5847244228.097307 5629061074.213449 186.0 312.61944444444447
88.146 1029.519540827079 5629061074.213449 5325645729.641238 185.0 187.65860215053763
67.9768064516129 1028.836429624302 5325645729.641238 4964995767.294144 184.0 180.0
48.0371333333333 1028.3160112082167 4964995767.294144 4559053852.369564 182.0 191.16666666666666
31.1604516129032 1027.4046301030878 4559053852.369564 4098698151.4032702 180.0 184.0
37.0707333333333 1025.9319158779656 4098698151.4032702 3720851184.9113083 177.0 182.0
54.1066451612903 1024.5991223453661 3720851184.9113083 3414023604.5860705 175.0 180.0
213.558516129032 1022.9463354198929 3414023604.5860705 3904839273.2266603 40.0 171.29032258064515
303.007357142857 1025.2481103112052 3904839273.2266603 4566696378.203132 40.0 193.75
518.175774193549 1027.4289693573348 4566696378.203132 5103931400.843324 315.0 40.0
636.139866666666 1028.5164955279124 5103931400.843324 5893379983.728541 315.4166666666667 37.333333333333336
413.18735483871 1030.540059971508 5893379983.728541 5889401254.512958 397.0967741935484 315.0
183.440366666667 1030.5247046700756 5889401254.512958 5816449483.33826 198.05 315.4166666666667
115.014935483871 1030.2430481982174 5816449483.33826 5556797757.443696 195.0 397.0967741935484
85.7002580645161 1029.3183723174154 5556797757.443696 5215877587.127888 194.0 191.66129032258064
59.9293 1028.6780340362595 5215877587.127888 4821300913.140527 189.0 201.5
36.361064516129 1028.108659326321 4821300913.140527 4356316604.004576 186.0 194.0
32.9351666666667 1026.7589700764477 4356316604.004576 3956736366.023374 181.0 189.0
61.8636129032258 1025.4311688395885 3956736366.023374 3666223470.7823954 177.0 186.0
224.013225806452 1024.4064319957051 3666223470.7823954 4186426672.35716 40.0 175.16129032258064
331.442714285714 1026.2179193387171 4186426672.35716 4918330242.867339 40.0 195.96428571428572
585.414741935484 1028.2486727891303 4918330242.867339 5635398810.841784 315.0 40.0
530.715533333333 1029.5440108526711 5635398810.841784 5891508284.262818 415.3333333333333 37.333333333333336
342.166096774194 1030.532836431546 5891508284.262818 5888142040.273986 325.8494623655914 315.0
164.600666666667 1030.5198449238703 5888142040.273986 5762673376.406293 199.5361111111111 415.3333333333333
106.053258064516 1030.035418441723 5762673376.406293 5460828409.543836 202.0 325.8494623655914
79.5767096774194 1029.0589957014697 5460828409.543836 5082574212.195313 202.0 193.0994623655914
53.0012666666667 1028.485677073875 5082574212.195313 4644852994.233223 199.0 208.73333333333332
36.3235483870968 1027.6778757778127 4644852994.233223 4162781132.5128193 193.0 202.0
27.9102 1026.1426150716968 4162781132.5128193 3737755028.437719 186.0 199.0
66.388064516129 1024.6587478957238 3737755028.437719 3450566176.864704 180.0 193.0
216.662483870968 1023.2274321297285 3450566176.864704 3949944192.197848 40.0 180.0
338.498142857143 1025.4072105544897 3949944192.197848 4698022000.48545 40.0 199.28571428571428
316.20564516129 1027.847203823202 4698022000.48545 4694381945.396178 315.0 40.0
245.134933333333 1027.8356112910706 4694381945.396178 5187483963.673329 40.0 37.333333333333336
123.089064516129 1028.6370619966426 5187483963.673329 4925604898.285326 205.0 315.0
69.729 1028.259170127396 4925604898.285326 4518120583.404307 215.0 40.0
52.2432580645161 1027.274269373899 4518120583.404307 4038175966.433261 217.0 205.0
40.308935483871 1025.7184337440326 4038175966.433261 3555483858.2449503 205.0 208.06451612903226
26.5055666666667 1024.0158160784654 3555483858.2449503 3072189619.682718 196.0 224.23333333333332
20.3899032258065 1021.0825560573699 3072189619.682718 2591096246.4400034 184.0 205.0
16.3810333333333 1018.9559543158782 2591096246.4400034 2164699099.4122324 177.0 196.0
66.2608064516129 1016.8269081763178 2164699099.4122324 1889527448.9697948 173.0 184.0
