322.045903225806 1024.3303225820105 3644646452.0 3904412471.7413573 235.0 56.18329032258064
643.509857142857 1025.2466048385938 3904412471.7413573 4911686527.821112 238.0 59.67067857142857
785.285774193548 1028.2390858987317 4911686527.821112 5896269032.168295 414.9059139784946 235.0
810.8132 1030.5512098154009 5896269032.168295 5896480185.419589 794.0694444444445 222.13333333333333
709.144935483871 1030.552024729321 5896480185.419589 5894655540.096349 692.239247311828 414.9059139784946
400.573266666667 1030.544982787679 5894655540.096349 5889246450.600937 389.0388888888889 794.0694444444445
209.112838709677 1030.5241072278766 5889246450.600937 5739772858.428896 247.57258064516128 692.239247311828
155.613161290323 1029.9469994533936 5739772858.428896 5442839316.627834 247.0 376.4892473118279
113.363733333333 1029.0103765314266 5442839316.627834 5035454631.69704 247.0 255.825
89.1516451612903 1028.4176834512223 5035454631.69704 4546900549.408375 247.0 247.0
132.6879 1027.3659253165872 4546900549.408375 4234208242.763246 247.0 247.0
183.475935483871 1026.3700899451057 4234208242.763246 4085712395.0587 246.0 247.0
219.466193548387 1025.8861107409477 4085712395.0587 4061441711.221155 239.0 239.03225806451613
529.413142857143 1025.8004998632139 4061441711.221155 4785528288.490364 241.0 272.35714285714283
573.648451612903 1028.057039377331 4785528288.490364 5471173740.49301 315.0 239.0
434.0214 1029.0869560553865 5471173740.49301 5889792548.076975 256.4222222222222 224.93333333333334
242.016225806452 1030.5262148081872 5889792548.076975 5829895199.517783 246.89247311827958 315.0
141.2042 1030.2949621603004 5829895199.517783 5526833237.333616 245.0 256.4222222222222
112.736064516129 1029.2373871279287 5526833237.333616 5129209091.13659 245.0 246.89247311827958
95.8503870967742 1028.5529712714813 5129209091.13659 4680723378.6755295 245.0 237.09677419354838
70.4100666666667 1027.7921126709412 4680723378.6755295 4177293277.77847 243.0 253.16666666666666
51.7662903225806 1026.1888320948358 4177293277.77847 3607698149.8753343 243.0 245.0
33.0551333333333 1024.199993473987 3607698149.8753343 3053086415.521368 242.0 243.0
89.5234193548387 1021.0024587652888 3053086415.521368 2658308817.1897635 242.0 243.0
197.699193548387 1019.2707672936289 2658308817.1897635 2711911434.6194386 185.0 234.19354838709677
483.033035714286 1019.5218334174212 2711911434.6194386 3374558804.667683 217.0 267.92857142857144
883.652032258065 1022.6427600359053 3374558804.667683 4891367561.575896 315.0 185.0
711.757666666667 1028.2097656011197 4891367561.575896 5894726197.806995 308.9611111111111 202.53333333333333
355.195741935484 1030.5452554803871 5894726197.806995 5888377963.018162 339.991935483871 315.0
161.613233333333 1030.5207554318881 5888377963.018162 5634358973.500294 246.29722222222222 308.9611111111111
116.846161290323 1029.5399960366808 5634358973.500294 5247257972.376068 245.0 339.991935483871
91.6212580645161 1028.7233159774546 5247257972.376068 4787020646.548725 245.0 238.3521505376344
67.8172333333333 1028.0591928521626 4787020646.548725 4273408316.892947 244.0 253.16666666666666
48.4465161290323 1026.494930945519 4273408316.892947 3694011079.3552465 243.0 245.0
51.3012333333333 1024.504448251694 3694011079.3552465 3186214075.4204617 242.0 244.0
84.7457096774193 1021.5606460185344 3186214075.4204617 2773716601.0942492 244.0 243.0
209.807322580645 1019.8113189746803 2773716601.0942492 2854975358.499635 187.0 234.19354838709677
689.364428571429 1020.1718044381536 2854975358.499635 3999814762.849919 225.0 270.14285714285717
568.289064516129 1025.5831208566135 3999814762.849919 4671723537.310211 315.0 187.0
576.527233333333 1027.763450755765 4671723537.310211 5486853963.302088 247.0 210.0
381.711483870968 1029.1293350359515 5486853963.302088 5802558981.543594 247.0 315.0
185.7957 1030.1894169171567 5802558981.543594 5609741843.281757 247.0 247.0
126.033225806452 1029.461464441302 5609741843.281757 5241970212.836632 247.0 247.0
97.3777741935484 1028.7156857328089 5241970212.836632 4791795310.802719 247.0 239.03225806451613
66.5694 1028.066082699571 4791795310.802719 4267180376.191218 247.0 255.23333333333332
46.5674838709677 1026.4750967394625 4267180376.191218 3672176919.511752 247.0 247.0
36.6345333333333 1024.4274318148562 3672176919.511752 3113611240.3253717 247.0 247.0
71.4001612903226 1021.25623161562 3113611240.3253717 2659688861.579628 246.0 247.0
217.974064516129 1019.2772312017781 2659688861.579628 2606662628.3624625 245.0 239.03225806451613
492.893857142857 1019.0288647698476 2606662628.3624625 3219959396.8530445 247.0 272.35714285714283
366.69335483871 1021.7021358358618 3219959396.8530445 3353343420.0417023 315.0 245.0
391.213866666667 1022.4795647695516 3353343420.0417023 3696474584.781825 247.0 230.53333333333333
225.662064516129 1024.5131378651915 3696474584.781825 3604610566.676805 247.0 315.0
133.237333333333 1024.1891025279604 3604610566.676805 3285340607.411101 247.0 247.0
85.2490967741936 1021.9762708906126 3285340607.411101 2823470605.2364078 247.0 247.0
63.7061290322581 1020.0397090366306 2823470605.2364078 2302918511.843585 247.0 239.03225806451613
44.3738666666667 1017.5562982155334 2302918511.843585 1747295577.9936519 247.0 255.23333333333332
29.2655161290322 1014.4435556895144 1747295577.9936519 1137085669.2900505 247.0 247.0
19.9402333333333 1010.1401989867446 1137085669.2900505 673126601.4420128 196.975 247.0
45.8698387096774 1005.7779107419915 673126601.4420128 687454602.70043 42.516129032258064 247.0
275.221193548387 1005.9008978772569 687454602.70043 788935881.4262967 240.45967741935485 190.6209677419355
551.286071428571 1006.9224192966799 788935881.4262967 1549460294.824845 241.0 47.07142857142857
549.275483870968 1013.1652722623301 1549460294.824845 2173568312.7088284 315.0 240.45967741935485
453.0279 1016.8737114127115 2173568312.7088284 2692885110.685321 244.0 224.93333333333334
251.113419354839 1019.432717146067 2692885110.685321 2683122827.116708 245.0 315.0
131.736766666667 1019.3869921644811 2683122827.116708 2373240727.0954905 244.0 244.0
91.9488709677419 1017.9273916997123 2373240727.0954905 1943499947.92842 244.0 245.0
70.1550967741935 1015.6149250622593 1943499947.92842 1455613808.1614578 244.0 236.1290322580645
52.898 1012.5311743794693 1455613808.1614578 936355177.5234749 245.0 252.13333333333333
38.8994516129032 1008.3764904668753 936355177.5234749 675715303.0948753 129.59677419354838 244.0
44.6923333333333 1005.8001313570375 675715303.0948753 683431617.9079034 40.0 245.0
68.3542258064516 1005.8663658189519 683431617.9079034 687473900.7906952 68.84677419354838 129.59677419354838
118.701903225806 1005.9010635261003 687473900.7906952 687274030.9143367 121.77956989247312 38.70967741935484
163.442892857143 1005.899347904844 687274030.9143367 687979266.1443586 166.10714285714286 76.22321428571429
127.196838709677 1005.9054014261318 687979266.1443586 686079281.3503603 127.23924731182795 121.77956989247312
175.352066666667 1005.8890925437798 686079281.3503603 687686086.327388 170.9388888888889 155.03333333333333
101.320064516129 1005.9028848611792 687686086.327388 687575212.2064309 97.35752688172043 127.23924731182795
58.3389666666667 1005.9019331519864 687575212.2064309 687438344.3236732 55.28888888888889 170.9388888888889
41.7728709677419 1005.9007583203748 687438344.3236732 681483338.1845506 40.0 97.35752688172043
32.6314516129032 1005.8496423878502 681483338.1845506 649407255.7975948 40.0 53.505376344086024
21.9208 1005.574311208563 649407255.7975948 588001151.045457 40.0 41.333333333333336
10.8536774193548 1005.0472201806476 588001151.045457 494494156.4355111 40.0 40.0
17.3578 1004.2445850337812 494494156.4355111 431957867.5390262 40.0 40.0
37.3014516129032 1003.7077928544122 431957867.5390262 429238742.559565 40.0 40.0
201.538193548387 1003.6844527258331 429238742.559565 761706660.9186755 80.30645161290323 38.70967741935484
659.617321428572 1006.6431452401915 761706660.9186755 1840651977.3973591 218.0 44.285714285714285
1080.25241935484 1015.0009073277455 1840651977.3973591 3885675767.120122 315.0 80.30645161290323
895.072966666667 1025.180514169736 3885675767.120122 5533329191.055962 245.0 203.46666666666667
543.825258064516 1029.2549437596106 5533329191.055962 5891728349.01179 392.69354838709677 315.0
224.001266666667 1030.5336857380387 5891728349.01179 5793220130.574013 248.49722222222223 245.0
134.021806451613 1030.1533595775059 5793220130.574013 5448359761.589698 246.0 392.69354838709677
96.0624516129032 1029.0252966529451 5448359761.589698 4996592251.219381 246.0 240.48118279569894
65.9179666666667 1028.3616049801146 4996592251.219381 4471354836.132003 246.0 254.2
43.6194838709677 1027.1253338730319 4471354836.132003 3869148957.2946587 246.0 246.0
40.2008 1025.122218544249 3869148957.2946587 3324142906.9581633 245.0 246.0
70.7292258064516 1022.2549454381398 3324142906.9581633 2869175890.147021 246.0 246.0
406.292612903226 1020.2313454513502 2869175890.147021 3368569043.1698933 228.0 237.09677419354838
701.2355 1022.5966849474607 3368569043.1698933 4518349672.899746 236.0 272.35714285714283
673.144322580645 1027.2749989582794 4518349672.899746 5470568471.981628 315.0 228.0
359.758866666667 1029.085320194545 5470568471.981628 5721833800.743 247.0 220.26666666666668
152.153709677419 1029.8777366824054 5721833800.743 5423218695.237054 247.0 315.0
92.4419333333333 1028.9772275544547 5423218695.237054 4992974759.352764 246.0 247.0
72.9201935483871 1028.356384934131 4992974759.352764 4488090107.313607 246.0 247.0
58.5487096774193 1027.1786309150114 4488090107.313607 3944044064.674579 245.0 238.06451612903226
40.2354333333333 1025.3863988171943 3944044064.674579 3369566379.262793 243.0 254.2
26.094 1022.60435676356 3369566379.262793 2745842292.584373 242.0 245.0
21.0259 1019.68076015262 2745842292.584373 2165389871.3313336 241.0 243.0
37.604064516129 1016.8305534107194 2165389871.3313336 1630878969.728895 241.0 242.0
87.1814838709678 1013.7153984441142 1630878969.728895 1398211297.9322703 179.0 233.2258064516129
229.777357142857 1012.1433195806235 1398211297.9322703 1471924989.7759025 204.0 266.82142857142856
322.139225806452 1012.6413850660534 1471924989.7759025 1488147481.0166876 315.0 179.0
279.0302 1012.750996493356 1488147481.0166876 1603981860.178221 228.0 190.4
121.557580645161 1013.5336612174204 1603981860.178221 1280372864.1721215 236.0 315.0
60.7111 1011.2509524354429 1280372864.1721215 831148960.8268421 230.0 228.0
41.6522903225807 1007.3553739571984 831148960.8268421 682570701.076984 93.05913978494624 236.0
34.2437741935484 1005.8589759749096 682570701.076984 654788026.3455389 40.0 222.58064516129033
21.3034 1005.6204980802191 654788026.3455389 591738712.6631075 40.0 96.16111111111111
9.73222580645161 1005.0793022546189 591738712.6631075 495204618.72026205 40.0 40.0
7.27173333333333 1004.2506834224915 495204618.72026205 406559322.91403264 40.0 40.0
42.6832903225806 1003.4897795958286 406559322.91403264 418194324.91049206 40.0 40.0
163.609451612903 1003.5896508576008 418194324.91049206 721070201.37876 53.33870967741935 38.70967741935484
305.377071428571 1006.2263610397821 721070201.37876 1168496758.9117088 124.0 44.285714285714285
515.583290322581 1010.3836958055172 1168496758.9117088 1702902582.407318 315.0 53.33870967741935
448.1112 1014.1785228800437 1702902582.407318 2272155598.350546 221.0 115.73333333333333
271.508322580645 1017.3939609411638 2272155598.350546 2391567039.55115 218.0 315.0
125.965266666667 1018.0213912859539 2391567039.55115 2122583810.0433857 223.0 221.0
80.5058064516129 1016.6046639052421 2122583810.0433857 1725589505.6135511 221.0 218.0
56.4302903225807 1014.3139671976929 1725589505.6135511 1243051203.9810631 229.0 215.80645161290323
35.7994333333333 1010.9616372401633 1243051203.9810631 715723836.0760081 232.0 228.36666666666667
17.4331290322581 1006.1715265238564 715723836.0760081 613716095.2129874 49.314516129032256 229.0
11.4152333333333 1005.2679493151329 613716095.2129874 535468422.05043405 40.0 232.0
42.3448387096774 1004.5962954682441 535468422.05043405 546624222.3204468 40.0 49.314516129032256
282.83335483871 1004.6920534104759 546624222.3204468 1020853611.6795093 109.0752688172043 38.70967741935484
526.084607142857 1009.1275876593734 1020853611.6795093 1939803114.0624523 151.0 44.285714285714285
441.858967741935 1015.5928544123132 1939803114.0624523 2275904073.499975 315.0 109.0752688172043
449.691966666667 1017.4137418126647 2275904073.499975 2863522245.8648148 214.0 140.93333333333334
165.603064516129 1020.2076404438776 2863522245.8648148 2672458272.068018 227.0 315.0
75.6662 1019.3370410869696 2672458272.068018 2253852919.399365 230.0 214.0
51.8997096774194 1017.2973768833739 2253852919.399365 1744846945.7113895 234.0 227.0
37.5056129032258 1014.4289369893218 1744846945.7113895 1217014247.004135 227.0 222.58064516129033
24.2406666666667 1010.7598003643732 1217014247.004135 685111564.0490464 222.37777777777777 241.8
13.5417096774194 1005.8807859575024 685111564.0490464 597750662.9516875 40.0 227.0
8.4959 1005.1309069781261 597750662.9516875 511990632.38439226 40.0 222.37777777777777
67.8139677419355 1004.3947693766901 511990632.38439226 591397941.7977757 40.0 40.0
315.535870967742 1005.0763771828135 591397941.7977757 1023982447.3049141 157.38172043010752 38.70967741935484
519.093035714286 1009.1553995315992 1023982447.3049141 1736810104.7328615 229.0 44.285714285714285
637.365612903226 1014.3809558491514 1736810104.7328615 2596477519.537759 315.0 157.38172043010752
611.278466666667 1018.9811593420972 2596477519.537759 3519391363.344108 245.0 213.73333333333332
372.049967741935 1023.7568566411086 3519391363.344108 3824847835.574574 245.0 315.0
150.201533333333 1024.965953564637 3824847835.574574 3552912353.4415607 245.0 245.0
104.528032258065 1024.006745514785 3552912353.4415607 3153291375.6414576 242.0 245.0
77.6274193548387 1021.4226053486015 3153291375.6414576 2678097793.8892083 243.0 237.09677419354838
50.0950666666667 1019.3634557090829 2678097793.8892083 2143558986.2240562 243.0 250.06666666666666
29.337064516129 1016.7153508507865 2143558986.2240562 1542104264.3647637 242.0 243.0
19.3250666666667 1013.115569353816 1542104264.3647637 953294604.6511539 244.0 243.0
87.2251290322581 1008.5270631524546 953294604.6511539 687699115.9490062 188.53225806451613 242.0
407.438 1005.902996703425 687699115.9490062 1181355429.6959717 226.7311827956989 236.1290322580645
586.189178571429 1010.4833754239999 1181355429.6959717 2040758233.1970527 236.0 208.73214285714286
795.484806451613 1016.1728666659475 2040758233.1970527 3323334657.0685415 315.0 226.7311827956989
813.061033333333 1022.2487281312965 3323334657.0685415 4756650443.020292 247.0 220.26666666666668
480.128290322581 1028.015368604647 4756650443.020292 5338603087.321158 247.0 315.0
215.483233333333 1028.8551271101314 5338603087.321158 5224519348.383129 247.0 247.0
136.859709677419 1028.690504110221 5224519348.383129 4887032918.152906 247.0 247.0
104.647935483871 1028.2035107044053 4887032918.152906 4460590063.730184 246.0 239.03225806451613
75.7020333333333 1027.0910511583763 4460590063.730184 3964981628.8960905 246.0 255.23333333333332
48.0892258064516 1025.4602526592455 3964981628.8960905 3380028066.7841268 246.0 246.0
36.4143333333333 1022.6848312829549 3380028066.7841268 2824682400.686027 246.0 246.0
69.0377096774194 1020.0447899399834 2824682400.686027 2363499291.472494 246.0 246.0
126.959258064516 1017.8759857069788 2363499291.472494 2099471027.2649608 232.0 238.06451612903226
263.442714285714 1016.4826967137992 2099471027.2649608 2180744598.33352 236.0 272.35714285714283
781.20964516129 1016.9115809938444 2180744598.33352 3424936868.4023967 315.0 232.0
445.711633333333 1023.0302836030954 3424936868.4023967 3918543329.7384357 243.0 220.26666666666668
237.183193548387 1025.2964491348798 3918543329.7384357 3861374379.8043575 245.0 315.0
119.766933333333 1025.0947949904914 3861374379.8043575 3510579499.539222 245.0 243.0
82.0065806451613 1023.6890730733787 3510579499.539222 3046062681.01353 244.0 245.0
62.4445161290323 1020.9730091447108 3046062681.01353 2528520936.6125975 244.0 237.09677419354838
43.3131 1018.6628615298014 2528520936.6125975 1980615400.4058754 242.0 252.13333333333333
21.053935483871 1015.8365098531694 1980615400.4058754 1356346840.814119 243.0 244.0
18.0287666666667 1011.8398979908071 1356346840.814119 767409089.396397 243.0 242.0
118.982064516129 1006.7016316861168 767409089.396397 687473520.343057 150.84408602150538 243.0
505.424516129032 1005.9010602604553 687473520.343057 1485187313.2912488 211.5483870967742 235.16129032258064
1142.19889285714 1012.730995360076 1485187313.2912488 3696982250.952236 235.0 167.00595238095238
1384.0545483871 1024.5149285747873 3696982250.952236 5906890950.064979 556.3252688172043 211.5483870967742
1029.1991 1030.592203495105 5906890950.064979 5900349606.216201 1015.0527777777778 219.33333333333334
628.869709677419 1030.5669581715033 5900349606.216201 5893230701.167256 613.9435483870968 556.3252688172043
285.549833333333 1030.539483838124 5893230701.167256 5887207758.970738 274.25555555555553 1015.0527777777778
175.252548387097 1030.5162392070054 5887207758.970738 5648778084.544716 247.06720430107526 613.9435483870968
131.746967741936 1029.5956682800954 5648778084.544716 5288772181.0325775 247.0 265.4086021505376
92.7500666666667 1028.783221040451 5288772181.0325775 4828753249.905568 247.0 255.30277777777778
57.665 1028.1194130590268 4828753249.905568 4257886430.752379 247.0 247.0
69.6110666666667 1026.4454981871095 4257886430.752379 3782653418.591287 247.0 247.0
104.426483870968 1024.8171196422973 3782653418.591287 3417887150.0439425 247.0 247.0
223.112225806452 1022.9760550003381 3417887150.0439425 3388594871.5897865 243.0 239.03225806451613
463.748178571429 1022.75072978146 3388594871.5897865 3940859030.3581104 245.0 273.4642857142857
440.777451612903 1025.3751641282472 3940859030.3581104 4271475702.984428 315.0 243.0
328.4019 1026.4887761241541 4271475702.984428 4446579350.18916 247.0 228.66666666666666
189.986838709677 1027.0464310515579 4446579350.18916 4254771591.2264404 247.0 315.0
115.086433333333 1026.4355783160076 4254771591.2264404 3884823878.58645 247.0 247.0
88.146 1025.17750927191 3884823878.58645 3424745387.8450146 247.0 247.0
67.9768064516129 1023.0288106757309 3424745387.8450146 2910733369.430747 247.0 239.03225806451613
48.0371333333333 1020.4055906475083 2910733369.430747 2358423966.6004844 247.0 255.23333333333332
31.1604516129032 1017.8492029899761 2358423966.6004844 1745984195.4016292 247.0 247.0
37.0707333333333 1014.4357265397113 1745984195.4016292 1194636202.796198 247.0 247.0
54.1066451612903 1010.5863271534589 1194636202.796198 687432131.6595751 245.88709677419354 247.0
213.558516129032 1005.900704992786 687432131.6595751 687886700.302536 216.39247311827958 239.03225806451613
303.007357142857 1005.9046068695496 687886700.302536 841004705.8571736 242.85714285714286 272.23214285714283
518.175774193549 1007.456458521612 841004705.8571736 1382797637.5870588 315.0 216.39247311827958
636.139866666666 1012.0391732269396 1382797637.5870588 2375342127.6957936 246.0 226.66666666666666
413.18735483871 1017.9384808849381 2375342127.6957936 2794931529.671822 247.0 315.0
183.440366666667 1019.9106863216479 2794931529.671822 2610516660.14839 247.0 246.0
115.014935483871 1019.046916440976 2610516660.14839 2235184219.518472 246.0 247.0
85.7002580645161 1017.1988613167201 2235184219.518472 1780959847.9509277 246.0 239.03225806451613
59.9293 1014.6445364056772 1780959847.9509277 1273501643.6309118 246.0 254.2
36.361064516129 1011.1976871599296 1273501643.6309118 690991647.7695645 246.0 246.0
32.9351666666667 1005.9312587791378 690991647.7695645 664133282.5299246 41.58611111111111 246.0
61.8636129032258 1005.7007148715014 664133282.5299246 687511516.2846316 55.13172043010753 246.0
224.013225806452 1005.9013864058766 687511516.2846316 687974483.8763552 226.84408602150538 40.244623655913976
331.442714285714 1005.905360376621 687974483.8763552 914701327.5883422 240.95833333333334 61.038690476190474
585.414741935484 1008.1840118007852 914701327.5883422 1636363220.6543486 315.0 226.84408602150538
530.715533333333 1013.7524541936104 1636363220.6543486 2352266235.4035554 247.0 224.89444444444447
342.166096774194 1017.8167083662456 2352266235.4035554 2582332553.5958076 247.0 315.0
164.600666666667 1018.9149065742192 2582332553.5958076 2350136768.9336834 247.0 247.0
106.053258064516 1017.8054710761671 2350136768.9336834 1950206576.2480266 247.0 247.0
79.5767096774194 1015.6549646343166 1950206576.2480266 1482052564.1389458 246.0 239.03225806451613
53.0012666666667 1012.7098146225604 1482052564.1389458 960177462.9166285 246.0 255.23333333333332
36.3235483870968 1008.5882441148144 960177462.9166285 672921924.9687355 136.90860215053763 246.0
27.9102 1005.7761538623926 672921924.9687355 637206639.0183887 40.0 246.0
66.388064516129 1005.469584884278 637206639.0183887 687565919.787365 49.56720430107527 136.90860215053763
216.662483870968 1005.9018533887327 687565919.787365 687902977.9278059 219.54032258064515 38.70967741935484
338.498142857143 1005.9047465916549 687902977.9278059 924679644.7896171 243.8720238095238 54.8779761904762
316.20564516129 1008.2727079536854 924679644.7896171 925767215.3374625 315.0 219.54032258064515
245.134933333333 1008.2823752474441 925767215.3374625 909210616.0552024 247.0 227.61388888888888
123.089064516129 1008.1352054760462 909210616.0552024 687410074.7787431 201.65591397849462 315.0
69.729 1005.9005156633368 687410074.7787431 687398459.686541 66.63055555555556 247.0
52.2432580645161 1005.9004159629745 687398459.686541 687492930.4371127 48.204301075268816 201.65591397849462
40.308935483871 1005.9012268707048 687492930.4371127 675768844.297094 40.03225806451613 64.48118279569893
26.5055666666667 1005.8005909381724 675768844.297094 625943989.2886208 40.0 49.81111111111111
20.3899032258065 1005.3729097793014 625943989.2886208 557448411.3412647 40.0 40.03225806451613
16.3810333333333 1004.7849649042168 557448411.3412647 492209850.7075898 40.0 40.0
66.2608064516129 1004.2249772592926 492209850.7075898 567384476.5330071 40.0 40.0
