0.061566122470941176
0.02331298235966861
0.6694159022921391
1.3047944027108367
1.36723646084322
0.6225781803359558
0.21473933546423574
0.2018192925951101
0.15955738862063573
0.1723745757884091
0.12891725155326472
0.1301161630757074
0.10125446103805558
0.04015609985966684
0.36715469256858657
0.18876589644581032
0.21263155011408064
0.1774130530764284
0.18203968975916496
0.1689689748361488
0.12545477301723462
0.11817773890713945
0.05702884095535954
0.017522269263715473
0.14519749966760526
0.11626363659830613
0.23421201909473266
0.3232338333127769
0.5072371083956086
0.18555126312573889
0.18781880013804175
0.17222215354240988
0.13322153377232215
0.12397577838626761
0.06258674335691661
0.03297205848777618
0.13275483815597255
0.08933911310649906
0.30640988769967836
0.13632412007831518
0.1860763740744672
0.18152578677117914
0.19247103434732138
0.17811216878855451
0.14196289133252293
0.13497294295450368
0.07416595041879315
0.03205501011018874
0.008175597442469318
0.062481091400337085
0.21111585282728107
0.037872436376800045
0.0971983277949926
0.06972529450163378
0.04835470781279405
0.011069074700866377
0.0538600277261605
0.09667657778610278
0.2680417980041686
0.5150113443661256
0.26925932571048594
0.2801641620574443
0.001500981672881041
0.07265993806743726
0.005206185741686742
0.02640015540883356
0.03613124676278068
0.08011360359968112
0.1508896186280128
0.3816617587307752
0.51962577408835
0.4821531137713248
0.41635778793724315
0.38135922259863964
0.4095476050869369
0.3624148658321708
0.446614588934928
0.500978628147256
0.5177228446227387
0.5178822230273249
0.5203071635875695
0.5203841586249355
0.5243194780708191
0.524560464910879
0.4816385119251169
0.31185370868451395
0.04657332052535401
0.08289002902816567
0.6343028029099889
0.1925183475235499
0.20266251814258607
0.1810312675539134
0.14457538546817272
0.14459839656184537
0.08181263439633701
0.05120591782192807
0.030015082421783523
0.02568072829908663
0.3479524058897556
0.1609537718575208
0.20048574042270173
0.15599949610179054
0.1682045034644878
0.14272234300056075
0.08135635607991054
0.04774010946969409
0.027709924701259214
0.06326703387338217
0.2364011628218592
0.24926057455081307
0.011362588911454252
0.17600271590180355
0.13437405149887477
0.19859610527965083
0.44140673533144925
0.5178531210988041
0.5201677993653737
0.5202841273917598
0.5243010767985788
0.5252402256746084
0.5107990519491826
0.4256394066017938
0.06679808221384997
0.1642177844860364
0.10179589165211189
0.09592524092816224
0.10898694604474196
0.1332863101492977
0.2004532555822257
0.5051370699143485
0.521231579670698
0.5217901324123981
0.44238394860603
0.3639499025254791
0.06110803937064324
0.12475871475531658
0.03279104892081275
0.05830210750643805
0.0693920839163768
0.13504249558833836
0.21905413021453585
0.517785118030915
0.5216450910868219
0.5224184865354278
0.3823467558501036
0.2584591649289003
0.03135097941750398
0.03168377571824632
0.07737459331918328
0.07892461237459947
0.07419445252831391
0.02789719463371898
0.029048402140857355
0.06334876125509925
0.14183280493567607
0.29502752981716207
0.28623824311372964
0.22695318645616092
0.07534970936645802
0.033571386778925794
0.16462859869294721
0.15666471323739062
0.1776273339049962
0.1652730528337213
0.12099771299398643
0.11266951369395872
0.03923147271791361
0.00882492436877369
0.06318399335927494
0.1272695994947841
0.09348816353387734
0.03816711688511665
0.10677714791245851
0.08130580409204857
0.07345404283786594
0.021795397922632742
0.04405296555171134
0.0779130759517811
0.1669604753476558
0.3709196599388728
0.3050912280088793
0.19120755699235303
0.929447870986708
1.3066869253445517
1.3679488618796203
0.27139846525172706
0.21299140772892866
0.19505493069185253
0.15532492777516393
0.1666318207151931
0.11176744914305514
0.10305104713394397
0.057322206813624876
0.0023685241695530213
0.30130370057993294
0.11257382266820137
0.14597313977302562
0.11158261774914835
0.1099898162104137
0.0686198040104371
0.0007707600890765054
0.031105878098642292
0.11200388934572542
0.1727276744527254
0.29909307618731146
0.29535465077832856
0.13867371438472753
0.15832004743217654
0.029386964329007337
0.009992034787141169
0.010309869659874904
0.04574738172067372
0.10997231225277632
0.16082332224265689
0.5173239630402132
0.49982743093668774
0.2861267587490899
0.2974681153807047
0.1208093095528765
0.12473491970403117
0.03173151399869578
0.028545840260236655
0.03194787139217503
0.07535248201514266
0.14587495230669412
0.3689281949424107
0.5196981237576731
0.5075306590848285
0.2951718165441061
0.29421580896419214
0.11863145670306563
0.2266558323875063
0.2822342761139396
0.48738072110026087
0.5075552627540039
0.5176814000704002
0.5196243873486747
0.5193686652932091
0.5226889363685311
0.522947894793197
