322.045903225806 1024.3303225820105 3644646452.0 4344708364.8573675 71.0 56.18329032258064
643.509857142857 1026.722001161966 4344708364.8573675 5770122136.457657 66.0 59.67067857142857
785.285774193548 1030.0641781330412 5770122136.457657 5896265354.510292 735.260752688172 71.0
810.8132 1030.551195622038 5896265354.510292 5896476508.560307 794.0694444444445 61.6
709.144935483871 1030.5520105390406 5896476508.560307 5894651863.340886 692.239247311828 735.260752688172
400.573266666667 1030.5449685977992 5894651863.340886 5889249972.503756 389.0361111111111 794.0694444444445
209.112838709677 1030.524120820126 5889249972.503756 5763582067.63109 238.6478494623656 692.239247311828
155.613161290323 1030.0389269020507 5763582067.63109 5474450065.795798 244.0 376.4865591397849
113.363733333333 1029.0958109886371 5474450065.795798 5069504928.163135 246.0 246.6027777777778
89.1516451612903 1028.4668180781575 5069504928.163135 4580723400.762374 247.0 244.0
132.6879 1027.4736414037018 4580723400.762374 4182517599.296776 280.0 246.0
183.475935483871 1026.2054700614547 4182517599.296776 3990939160.863304 262.0 247.0
219.466193548387 1025.5518136185653 3990939160.863304 4411869957.379477 73.0 270.96774193548384
529.413142857143 1026.935891584011 4411869957.379477 5466581840.899757 105.0 290.07142857142856
573.648451612903 1029.0745455159451 5466581840.899757 5892509463.643031 411.76075268817203 73.0
434.0214 1030.5367003313838 5892509463.643031 5889795030.817862 418.4194444444444 98.0
242.016225806452 1030.5262243899488 5889795030.817862 5886368434.955889 225.7258064516129 411.760752688172
141.2042 1030.5129999633803 5886368434.955889 5632070622.995315 226.0 418.4194444444444
112.736064516129 1029.5311607065457 5632070622.995315 5260724870.766078 235.0 225.7258064516129
95.8503870967742 1028.742748731264 5260724870.766078 4819766094.672555 242.0 218.70967741935485
70.4100666666667 1028.106444581057 4819766094.672555 4315159798.418699 243.0 242.83333333333334
51.7662903225806 1026.6278974471932 4315159798.418699 3730871681.2404947 248.0 242.0
33.0551333333333 1024.6344680114303 3730871681.2404947 3160211235.4787292 248.0 243.0
89.5234193548387 1021.4516194359695 3160211235.4787292 2749707659.294949 248.0 248.0
197.699193548387 1019.6988649147304 2749707659.294949 3029284972.812459 101.0 240.0
483.033035714286 1020.9026623598006 3029284972.812459 4101542176.2539735 49.0 274.57142857142856
883.652032258065 1025.9419477116542 4101542176.2539735 5617704832.443722 315.0 101.0
711.757666666667 1029.4829860336317 5617704832.443722 5894719290.540823 588.3083333333333 45.733333333333334
355.195741935484 1030.5452288228419 5894719290.540823 5888378255.845849 339.98924731182797 315.0
161.613233333333 1030.5207565620121 5888378255.845849 5680612477.242987 228.3972222222222 588.3083333333333
116.846161290323 1029.7185809932162 5680612477.242987 5317323273.611482 236.0 339.989247311828
91.6212580645161 1028.8244203082415 5317323273.611482 4867525822.801425 241.0 221.0295698924731
67.8172333333333 1028.1753619376643 4867525822.801425 4355854178.035626 243.0 243.86666666666667
48.4465161290323 1026.757497382279 4355854178.035626 3767647250.571538 246.0 241.0
51.3012333333333 1024.7641878327038 3767647250.571538 3246599278.18963 247.0 243.0
84.7457096774193 1021.8138334515288 3246599278.18963 2823588035.216189 248.0 246.0
209.807322580645 1020.0402014055186 2823588035.216189 3219339248.541007 70.0 239.03225806451613
689.364428571429 1021.6995356332956 3219339248.541007 4814757393.14664 40.0 274.57142857142856
568.289064516129 1028.0992170175275 4814757393.14664 5486036310.342593 315.0 70.0
576.527233333333 1029.127125163088 5486036310.342593 5892314633.044717 403.3638888888889 37.333333333333336
381.711483870968 1030.5359484122653 5892314633.044717 5888850025.9432535 365.4301075268817 315.0
185.7957 1030.522577287088 5888850025.9432535 5781553470.579349 213.69722222222222 403.3638888888889
126.033225806452 1030.1083145582215 5781553470.579349 5476846812.575764 223.0 365.4301075268817
97.3777741935484 1029.1022886826372 5476846812.575764 5057895065.632062 235.0 206.80376344086022
66.5694 1028.450065029772 5057895065.632062 4546863965.56742 241.0 230.43333333333334
46.5674838709677 1027.3658088075395 4546863965.56742 3957108589.806793 244.0 235.0
36.6345333333333 1025.4324817982601 3957108589.806793 3392201900.851259 249.0 241.0
71.4001612903226 1022.7784761603943 3392201900.851259 2933952809.5343323 248.0 244.0
217.974064516129 1020.5029467905003 2933952809.5343323 3432919665.3555293 40.0 240.96774193548387
492.893857142857 1023.0916897335042 3432919665.3555293 4502185792.193284 61.0 274.57142857142856
366.69335483871 1027.2235216311888 4502185792.193284 4633902798.947252 315.0 40.0
391.213866666667 1027.6430025444179 4633902798.947252 5210230290.282969 154.0 56.93333333333333
225.662064516129 1028.6698849787633 5210230290.282969 5187820261.308318 218.0 315.0
133.237333333333 1028.6375472746151 5187820261.308318 4925880035.452614 222.0 154.0
85.2490967741936 1028.2595671507252 4925880035.452614 4480956223.886683 236.0 218.0
63.7061290322581 1027.1559115410403 4480956223.886683 3958731224.442834 242.0 214.83870967741936
44.3738666666667 1025.4382053772233 3958731224.442834 3392148564.634918 244.0 243.86666666666667
29.2655161290322 1022.7780658818072 3392148564.634918 2760601253.1236405 248.0 242.0
19.9402333333333 1019.7498887734129 2760601253.1236405 2154004920.833896 250.0 244.0
45.8698387096774 1016.7704745162738 2154004920.833896 1614798970.9105504 251.0 248.0
275.221193548387 1013.6067498034497 1614798970.9105504 2104643448.7970986 98.0 241.93548387096774
551.286071428571 1016.5099918142326 2104643448.7970986 3359201783.902494 40.0 277.89285714285717
549.275483870968 1022.5246291069423 3359201783.902494 3980919618.6481767 315.0 98.0
453.0279 1025.516471317983 3980919618.6481767 4872688328.038913 95.0 37.333333333333336
251.113419354839 1028.1828114401715 4872688328.038913 4970202397.3262825 199.0 315.0
131.736766666667 1028.3235243828663 4970202397.3262825 4717833713.3680525 217.0 95.0
91.9488709677419 1027.9102984502167 4717833713.3680525 4302640258.927832 232.0 199.0
70.1550967741935 1026.588026302318 4302640258.927832 3809589699.74562 238.0 210.0
52.898 1024.9121329797024 3809589699.74562 3272061009.502697 242.0 239.73333333333332
38.8994516129032 1021.9205912348122 3272061009.502697 2672932823.3191724 246.0 238.0
44.6923333333333 1019.3392638094574 2672932823.3191724 2140997718.83058 246.0 242.0
68.3542258064516 1016.7018349278658 2140997718.83058 1672805070.6320026 247.0 246.0
118.701903225806 1013.9986829096757 1672805070.6320026 1772187202.0060341 87.0 238.06451612903226
163.442892857143 1014.592162400036 1772187202.0060341 2053098969.9596062 53.0 273.4642857142857
127.196838709677 1016.2379892873857 2053098969.9596062 2050026408.1867025 127.0 87.0
175.352066666667 1016.2217752410908 2050026408.1867025 2131931262.0034986 136.0 49.46666666666667
101.320064516129 1016.6539908285145 2131931262.0034986 1998583188.0962152 143.0 127.0
58.3389666666667 1015.9437802274401 1998583188.0962152 1606152998.530118 204.0 136.0
41.7728709677419 1013.5483310711494 1606152998.530118 1131060542.019666 213.0 143.0
32.6314516129032 1010.0934925737959 1131060542.019666 681244777.1710212 195.20967741935485 197.41935483870967
21.9208 1005.8475946538284 681244777.1710212 619540503.1978564 40.0 220.1
10.8536774193548 1005.317944233458 619540503.1978564 525703563.63639253 40.0 195.20967741935485
17.3578 1004.5124769410849 525703563.63639253 463081023.17430896 40.0 40.0
37.3014516129032 1003.9749444049296 463081023.17430896 460465427.8743716 40.0 40.0
201.538193548387 1003.9524929431276 460465427.8743716 851894193.8048586 58.38709677419355 38.70967741935484
659.617321428572 1007.5681455774857 851894193.8048586 2363035128.0745916 40.0 44.285714285714285
1080.25241935484 1017.8735362959081 2363035128.0745916 4407386749.580815 315.0 58.38709677419355
895.072966666667 1026.921613852168 4407386749.580815 5897973230.057602 304.4527777777778 37.333333333333336
543.825258064516 1030.5577869084555 5897973230.057602 5891722877.759158 528.5779569892474 315.0
224.001266666667 1030.5336646225696 5891722877.759158 5839052996.735595 230.75833333333333 304.4527777777778
134.021806451613 1030.3303204507167 5839052996.735595 5528542295.933114 233.0 528.5779569892474
96.0624516129032 1029.2420062052247 5528542295.933114 5087142382.515261 242.0 223.31451612903226
65.9179666666667 1028.4922689502384 5087142382.515261 4566505406.854117 244.0 240.76666666666668
43.6194838709677 1027.4283611683252 4566505406.854117 3963371052.1158605 246.0 242.0
40.2008 1025.4545716124017 3963371052.1158605 3402493449.3325133 251.0 244.0
70.7292258064516 1022.8576419179425 3402493449.3325133 2931755748.3425827 252.0 246.0
406.292612903226 1020.4937347938892 2931755748.3425827 3894032237.957334 56.0 242.90322580645162
701.2355 1025.209990257345 3894032237.957334 5477233555.598222 58.0 279.0
673.144322580645 1029.1033339340493 5477233555.598222 5894281230.165488 514.5510752688172 56.0
359.758866666667 1030.5435381953214 5894281230.165488 5888480900.970757 345.35 54.13333333333333
152.153709677419 1030.5211527052902 5888480900.970757 5664774006.616507 218.44623655913978 514.5510752688172
92.4419333333333 1029.657428596975 5664774006.616507 5275221106.177802 230.0 345.35
72.9201935483871 1028.7636668198813 5275221106.177802 4787981120.524699 239.0 218.44623655913978
58.5487096774193 1028.060578817496 4787981120.524699 4257815077.6803718 239.0 222.58064516129033
40.2354333333333 1026.4452709480265 4257815077.6803718 3669889998.7948914 247.0 246.96666666666667
26.094 1024.4193650751142 3669889998.7948914 3025714857.8612804 248.0 239.0
21.0259 1020.887693324366 3025714857.8612804 2428979392.624193 247.0 247.0
37.604064516129 1018.1966247898089 2428979392.624193 1876683932.2066584 248.0 248.0
87.1814838709678 1015.2160234758607 1876683932.2066584 1895155094.6621308 86.0 239.03225806451613
229.777357142857 1015.3262990726098 1895155094.6621308 2310895534.724944 64.0 274.57142857142856
322.139225806452 1017.5983933230867 2310895534.724944 2326051283.349094 315.0 86.0
279.0302 1017.6783708883856 2326051283.349094 2666102989.8003716 139.0 59.733333333333334
121.557580645161 1019.3072739569104 2666102989.8003716 2505464057.145107 172.0 315.0
60.7111 1018.5548667781972 2505464057.145107 2095614906.9988465 212.0 139.0
41.6522903225807 1016.4623477941891 2095614906.9988465 1579098581.2198062 227.0 172.0
34.2437741935484 1013.3655309541879 1579098581.2198062 1036148787.532372 230.0 205.16129032258064
21.3034 1009.2635447780655 1036148787.532372 661743828.3662093 159.4 234.56666666666666
9.73222580645161 1005.6802045353322 661743828.3662093 564477384.741765 40.0 230.0
7.27173333333333 1004.8452994398434 564477384.741765 475640643.9495986 40.0 159.4
42.6832903225806 1004.0827523085802 475640643.9495986 487505441.63617784 40.0 40.0
163.609451612903 1004.1845960655465 487505441.63617784 821035218.76355 42.043010752688176 38.70967741935484
305.377071428571 1007.2516432693697 821035218.76355 1353929545.4335194 89.0 44.285714285714285
515.583290322581 1011.8211592669265 1353929545.4335194 1888092342.4614615 315.0 42.043010752688176
448.1112 1015.2841333878297 1888092342.4614615 2804858416.773087 86.0 83.06666666666666
271.508322580645 1019.9571822799676 2804858416.773087 3011673794.127822 184.0 315.0
125.965266666667 1020.8288209397393 3011673794.127822 2778432279.789237 208.0 86.0
80.5058064516129 1019.833406462713 2778432279.789237 2365965172.3160434 225.0 184.0
56.4302903225807 1017.8889982707971 2365965172.3160434 1853848904.2008018 238.0 201.29032258064515
35.7994333333333 1015.0796949504526 1853848904.2008018 1296287426.4939637 241.0 232.5
17.4331290322581 1011.3743211356121 1296287426.4939637 684837069.658131 237.8709677419355 238.0
11.4152333333333 1005.8784297824732 684837069.658131 606392843.7269427 40.0 241.0
42.3448387096774 1005.2050887873556 606392843.7269427 617784570.6726643 40.0 237.8709677419355
282.83335483871 1005.3028718512675 617784570.6726643 1198814062.804121 69.45161290322581 38.70967741935484
526.084607142857 1010.6187136651482 1198814062.804121 2387897524.945839 40.0 44.285714285714285
441.858967741935 1018.0042038639149 2387897524.945839 2723451091.556047 315.0 69.45161290322581
449.691966666667 1019.5758833328151 2723451091.556047 3556105659.577734 118.0 37.333333333333336
165.603064516129 1024.0180093812264 3556105659.577734 3465293696.640905 187.0 315.0
75.6662 1023.3407207433917 3465293696.640905 3109675081.8930326 204.0 118.0
51.8997096774194 1021.2397278066794 3109675081.8930326 2626749844.2414045 222.0 187.0
37.5056129032258 1019.1229500901236 2626749844.2414045 2077868740.0234268 232.0 197.41935483870967
24.2406666666667 1016.3687004750576 2077868740.0234268 1480414621.7700446 244.0 229.4
13.5417096774194 1012.6987474443922 1480414621.7700446 839780253.0884743 244.0 232.0
8.4959 1007.4439000316767 839780253.0884743 621648409.7369294 90.92777777777778 244.0
67.8139677419355 1005.3360378518191 621648409.7369294 687527737.6347772 45.185483870967744 244.0
315.535870967742 1005.9015256449337 687527737.6347772 1435962816.5456784 40.0 87.99462365591398
519.093035714286 1012.3983974090925 1435962816.5456784 2609293060.2559004 40.0 50.026785714285715
637.365612903226 1019.0411852939386 2609293060.2559004 3467938516.6108084 315.0 40.0
611.278466666667 1023.3610655123908 3467938516.6108084 4582964884.646231 168.0 37.333333333333336
372.049967741935 1027.4807798874083 4582964884.646231 5026278169.2663 191.0 315.0
150.201533333333 1028.404441802693 5026278169.2663 4793101241.524652 228.0 168.0
104.528032258065 1028.0679671594871 4793101241.524652 4419058210.531818 229.0 191.0
77.6274193548387 1026.958784109974 4419058210.531818 3907743890.4591208 252.0 220.6451612903226
50.0950666666667 1025.2583558746353 3907743890.4591208 3343657318.8790517 249.0 236.63333333333333
29.337064516129 1022.4050562990697 3343657318.8790517 2718237341.2935367 246.0 252.0
19.3250666666667 1019.5514629568784 2718237341.2935367 2120521986.1650178 246.0 249.0
87.2251290322581 1016.5937835681531 2120521986.1650178 1702886541.0759299 247.0 246.0
407.438 1014.1784271109011 1702886541.0759299 2677268704.860094 50.0 238.06451612903226
586.189178571429 1019.3595723881034 2677268704.860094 4019610871.9963903 40.0 273.4642857142857
795.484806451613 1025.6529484021037 4019610871.9963903 5299770640.237208 315.0 50.0
813.061033333333 1028.799091832954 5299770640.237208 5896514118.919996 566.45 37.333333333333336
480.128290322581 1030.5521556905146 5896514118.919996 5890592116.574146 464.76075268817203 315.0
215.483233333333 1030.5293006214267 5890592116.574146 5842631517.032837 220.41944444444445 566.45
136.859709677419 1030.3441371314009 5842631517.032837 5526323399.448395 238.0 464.760752688172
104.647935483871 1029.2360091876983 5526323399.448395 5081151798.456776 252.0 213.30913978494627
75.7020333333333 1028.4836245287977 5081151798.456776 4585824423.680361 244.0 245.93333333333334
48.0892258064516 1027.4898866996189 4585824423.680361 3994415519.138546 246.0 252.0
36.4143333333333 1025.5640759052505 3994415519.138546 3433984072.702938 247.0 244.0
69.0377096774194 1023.0998774823304 3433984072.702938 2969586947.0607405 248.0 246.0
126.959258064516 1020.6523561721624 2969586947.0607405 3003974890.188216 122.0 239.03225806451613
263.442714285714 1020.7965404200763 3003974890.188216 3368336665.7199106 121.0 274.57142857142856
781.20964516129 1022.5948974286148 3368336665.7199106 4610911993.445698 315.0 122.0
445.711633333333 1027.569783418617 4610911993.445698 5318014568.098885 158.0 112.93333333333334
237.183193548387 1028.8254178471846 5318014568.098885 5390261183.1993265 194.0 315.0
119.766933333333 1028.9296698170265 5390261183.1993265 5118863469.831773 212.0 158.0
82.0065806451613 1028.5380425250098 5118863469.831773 4675145658.289383 232.0 194.0
62.4445161290323 1027.7743492302209 4675145658.289383 4153504349.953648 240.0 205.16129032258064
43.3131 1026.1130711781964 4153504349.953648 3582191046.84378 244.0 239.73333333333332
21.053935483871 1024.110021329255 3582191046.84378 2933968115.1041765 245.0 240.0
18.0287666666667 1020.5030109647973 2933968115.1041765 2329716415.014635 247.0 244.0
118.982064516129 1017.6977119525837 2329716415.014635 1995413458.3192494 248.0 245.0
505.424516129032 1015.9248564675777 1995413458.3192494 3127044037.289534 90.0 239.03225806451613
1142.19889285714 1021.3125536154697 3127044037.289534 5819490356.661117 40.0 274.57142857142856
1384.0545483871 1030.2547890218577 5819490356.661117 5906895280.159382 1348.486559139785 90.0
1029.1991 1030.5922202064469 5906895280.159382 5900346735.95517 1015.0555555555555 37.333333333333336
628.869709677419 1030.5669470941666 5900346735.95517 5893235030.293274 613.9408602150538 1348.486559139785
285.549833333333 1030.5395005457287 5893235030.293274 5887204888.225047 274.2583333333333 1015.0555555555555
175.252548387097 1030.516228127798 5887204888.225047 5640794779.757589 250.05913978494624 613.9408602150538
131.746967741936 1029.5648447094889 5640794779.757589 5283508626.730777 246.0 265.41129032258067
92.7500666666667 1028.7756257239982 5283508626.730777 4836444394.38858 242.0 258.39444444444445
57.665 1028.1305113916142 4836444394.38858 4270840323.8019514 245.0 246.0
69.6110666666667 1026.486752623573 4270840323.8019514 3795573477.541432 247.0 242.0
104.426483870968 1024.8626930424741 3795573477.541432 3428180528.0817275 248.0 245.0
223.112225806452 1023.0552348313979 3428180528.0817275 3780928800.648737 101.0 239.03225806451613
463.748178571429 1024.8110363338578 3780928800.648737 4708300733.689664 91.0 274.57142857142856
440.777451612903 1027.8799386423236 4708300733.689664 5038198280.504825 315.0 101.0
328.4019 1028.421642540411 5038198280.504825 5375704111.601478 183.0 84.93333333333334
189.986838709677 1028.9086639417048 5375704111.601478 5310859783.2239 198.0 315.0
115.086433333333 1028.8150934822856 5310859783.2239 5004228910.784467 221.0 183.0
88.146 1028.3726246908866 5004228910.784467 4590727527.339046 227.0 198.0
67.9768064516129 1027.5055016794236 4590727527.339046 4087120543.604725 239.0 213.8709677419355
48.0371333333333 1025.8910777552194 4087120543.604725 3533754835.133661 242.0 234.56666666666666
31.1604516129032 1023.8673448856435 3533754835.133661 2915849878.138882 244.0 239.0
37.0707333333333 1020.4270435142091 2915849878.138882 2360938482.761094 247.0 242.0
54.1066451612903 1017.862472204544 2360938482.761094 1855344860.8375018 247.0 244.0
213.558516129032 1015.0886260348508 1855344860.8375018 2315206071.8986907 48.0 239.03225806451613
303.007357142857 1017.6211402211012 2315206071.8986907 2968722371.5650463 40.0 273.4642857142857
518.175774193549 1020.6487311176732 2968722371.5650463 3507862580.2113767 315.0 48.0
636.139866666666 1023.6681736939337 3507862580.2113767 4940238880.208687 70.0 37.333333333333336
413.18735483871 1028.2802869844281 4940238880.208687 5436202417.582643 212.0 315.0
183.440366666667 1028.9959630845349 5436202417.582643 5324368790.246407 214.0 70.0
115.014935483871 1028.8345869989125 5324368790.246407 4946873114.624846 240.0 212.0
85.7002580645161 1028.2898601942638 4946873114.624846 4488189825.455071 239.0 207.09677419354838
59.9293 1027.1789484887104 4488189825.455071 3943895375.9873896 249.0 248.0
36.361064516129 1025.3858743421072 3943895375.9873896 3312160934.179245 252.0 239.0
32.9351666666667 1022.1627764167634 3312160934.179245 2745446364.9164433 247.0 249.0
61.8636129032258 1019.6789056904751 2745446364.9164433 2262085324.291619 247.0 252.0
224.013225806452 1017.3408196532539 2262085324.291619 2655646784.610435 84.0 239.03225806451613
331.442714285714 1019.2582987569575 2655646784.610435 3379649836.7869573 40.0 273.4642857142857
585.414741935484 1022.6819218214382 3379649836.7869573 4098078219.8273244 315.0 84.0
530.715533333333 1025.9297291704668 4098078219.8273244 5011726384.03455 164.0 37.333333333333336
342.166096774194 1028.3834435556055 5011726384.03455 5451251008.797864 162.0 315.0
164.600666666667 1029.0331108345888 5451251008.797864 5342384459.610055 194.0 164.0
106.053258064516 1028.8605836358008 5342384459.610055 4983654891.995556 224.0 162.0
79.5767096774194 1028.3429363520859 4983654891.995556 4503080759.5775385 241.0 187.74193548387098
53.0012666666667 1027.2263718457882 4503080759.5775385 3956261470.378385 243.0 231.46666666666667
36.3235483870968 1025.429493722675 3956261470.378385 3342834603.506218 245.0 241.0
27.9102 1022.3987277192787 3342834603.506218 2760429149.311836 248.0 243.0
66.388064516129 1019.749082666566 2760429149.311836 2286572542.730664 248.0 245.0
216.662483870968 1017.470039803328 2286572542.730664 2778637868.8592954 40.0 240.0
338.498142857143 1019.834369409177 2778637868.8592954 3520474199.1657376 40.0 274.57142857142856
316.20564516129 1023.7651861474288 3520474199.1657376 3518099016.9208436 315.0 40.0
245.134933333333 1023.7469155147758 3518099016.9208436 3898434110.52526 86.0 37.333333333333336
123.089064516129 1025.2255171447098 3898434110.52526 3624876152.4986725 212.0 315.0
69.729 1024.260586075833 3624876152.4986725 3291210464.5368176 189.0 86.0
52.2432580645161 1022.0016189579756 3291210464.5368176 2813270130.9247646 220.0 212.0
40.308935483871 1019.9965814094836 2813270130.9247646 2275725426.1874866 230.0 182.90322580645162
26.5055666666667 1017.4127990827835 2275725426.1874866 1694940580.8174944 239.0 227.33333333333334
20.3899032258065 1014.130988542194 1694940580.8174944 1075085833.2427218 242.0 230.0
16.3810333333333 1009.6096518510464 1075085833.2427218 663362815.2356373 173.32777777777778 239.0
66.2608064516129 1005.6941014183316 663362815.2356373 687547120.4674199 59.22849462365591 242.0
