0.46025985012837173
0.4385681860724418
1.3667456789883243
1.304794154122107
1.367236204057122
0.6225780223311077
0.041835611187108546
0.13944577251063706
0.29847295918614675
0.3730886062908769
0.18634452201586338
0.03834143731222439
0.16650484599649185
0.9733242719581019
1.2353900349015279
0.7121862566643671
0.14575745819496688
0.17534803450216457
0.26612944913032155
0.3289519400742713
0.43008290546580874
0.4409783527937414
0.4455920543980473
0.35423880309812705
0.09614650413464709
0.8414844851298504
1.3662628136716557
1.3051042983808174
0.5072366771432166
0.11095558565627578
0.2527928117670787
0.3421398116127542
0.43804462337865757
0.44100428287581395
0.44569516606540804
0.32323413864193035
0.13401996527157412
1.1783366255159302
1.2223934408046082
1.1448364212922564
0.5873686885299267
0.036959930280747955
0.22346103413606766
0.3238796806977983
0.4417098570096992
0.4410131178274958
0.4457536648327579
0.416112436120283
0.1593298545148668
0.8699053162976353
0.5849702971554622
0.5774510839680584
0.09349283345059867
0.1998748000117666
0.3525039592985589
0.4303562924656868
0.44506911330984605
0.4416831607806391
0.44692174899372483
0.44376296767143947
0.10229922215549114
1.0365854175994436
1.1594091291090112
0.7693391167299313
0.17473033948956918
0.20389159387519046
0.3315229940026466
0.40997738597670536
0.44500845558620544
0.44141805727088335
0.4463699174199293
0.44242369519567193
0.17389554850035904
0.06513565086593798
0.1653633767404663
0.09182066557330892
0.3012633546763341
0.42982636754530135
0.4409783105541249
0.44152820693688427
0.44644574714384877
0.44375923020999214
0.44906791348743363
0.4457402214987145
0.41708772424310875
1.1783122425459156
1.3668385323796166
1.3057267355758564
1.1037673740708065
0.08259559680757267
0.19757283571071893
0.3278401669551241
0.4437215362812542
0.4410216449348131
0.4458450067607891
0.4165212619450154
0.7499535012504861
1.1789177114587248
1.3669747915837973
0.4889171885200789
0.1378247112767722
0.32526104632459407
0.3920431277479347
0.44077235832608097
0.4451548327734506
0.4418728190608671
0.4472011963505421
0.4440169098858672
0.4438231000714416
0.03160273923324697
0.43917894662218715
0.23589370034462243
0.2355573118086578
0.4222084528395629
0.4409607598983838
0.44153167805316973
0.4463990063748421
0.4437306509217823
0.44907313229998536
0.44586059441764625
0.44573014417063705
0.2265700323941483
1.0478397403480344
0.7536265133684246
0.23861880451025907
0.22096859816399284
0.36752953085939677
0.4406604523607736
0.4452201868093699
0.4420771664867668
0.44766483868814705
0.444597975242093
0.010106237525739692
0.965399475858846
0.8216701033934832
0.756705905895181
0.09367643792518354
0.37588667186021985
0.44069445649703537
0.4412021106384972
0.44598186857641486
0.4432135550116183
0.44864404077590014
0.4455319079717148
0.05886829890036538
0.9463618587221487
1.3663798649867258
1.252013563016625
0.5578510346089012
0.1452293094320553
0.291673530964208
0.38629488063099626
0.4449134419429469
0.4415042547178315
0.44674866733934165
0.4436038994015785
0.668210658440008
1.1385666759781723
1.36659932115957
1.3048257230459752
0.9018165068111523
0.05533197926457334
0.18886897634569133
0.30085673193601686
0.41383642150106614
0.4409347858565045
0.44570537192303233
0.4192353927438385
0.12618647598781668
0.2181743223304834
1.3655442361694066
0.7524952443437711
0.13085966735904786
0.24052212558598524
0.36295685742353057
0.4343713249980332
0.44507795477327416
0.441716343444734
0.44720799324803473
0.44411726928095263
1.029773454443794
1.179209675639873
1.3684151205100141
1.3066876285383502
1.3679482628178654
0.27140727501765316
0.0669102028478773
0.2150408442780457
0.361546203643339
0.44065944701969895
0.4101769876602662
0.21095578574026402
0.1761845306737504
0.7874860201233778
0.816818107273366
0.3884384743719954
0.019822605668254
0.2557252917535623
0.3438110348943727
0.41689528371812345
0.44502583481744934
0.44156908824545227
0.44675406268446255
0.44305668013535565
0.010811095698780915
0.33212032290020277
1.05590708029371
1.3039497824033535
0.6875550559589836
0.04342809521637425
0.2580780714927102
0.3607446722480437
0.4447165934755879
0.44119947598433623
0.44623985023308393
0.44265599281572243
0.11012154156266452
0.41287000478765434
1.2675613599288105
1.0060970128028177
0.46222517635046767
0.10215218027483164
0.28659112579569473
0.3801496644051031
0.4448705919882204
0.4414141061037388
0.44644599506556104
0.4430247972444841
0.06421227827151976
0.43267120708904505
0.428351830714752
0.12725769111320462
0.23148458877398964
0.3948105740726696
0.4407975887076139
0.4411913254749378
0.4458844809184876
0.44304384414717785
0.4483817298400543
0.44508958416724675
