322.045903225806 1024.3303225820105 3644646452.0 3958107872.7979717 215.0 56.18329032258064
643.509857142857 1025.4360066059892 3958107872.7979717 5445280154.2585535 40.0 59.67067857142857
785.285774193548 1029.0169733898879 5445280154.2585535 5896271222.920536 614.013440860215 215.0
810.8132 1030.5512182702764 5896271222.920536 5896482377.33363 794.0694444444445 37.333333333333336
709.144935483871 1030.5520331886803 5896482377.33363 5894657732.412201 692.239247311828 614.013440860215
400.573266666667 1030.544991248589 5894657732.412201 5889248642.118413 389.0388888888889 794.0694444444445
209.112838709677 1030.5241156857057 5889248642.118413 5734476145.788662 249.55913978494624 692.239247311828
155.613161290323 1029.9265488254389 5734476145.788662 5432250748.53124 249.0 376.4892473118279
113.363733333333 1028.9902608203913 5432250748.53124 5019740225.152005 249.0 257.8777777777778
89.1516451612903 1028.3950075399018 5019740225.152005 4525959940.456701 249.0 249.0
132.6879 1027.2992354791613 4525959940.456701 4208143497.8828564 249.0 249.0
183.475935483871 1026.2870812034485 4208143497.8828564 4051519140.6965933 249.0 249.0
219.466193548387 1025.76549961445 4051519140.6965933 4561320667.317349 40.0 240.96774193548387
529.413142857143 1027.4118492589723 4561320667.317349 5773945894.747173 40.0 275.67857142857144
573.648451612903 1030.0789416785606 5773945894.747173 5892508452.291826 526.4569892473119 40.0
434.0214 1030.5366964282275 5892508452.291826 5889794019.625694 418.4194444444444 37.333333333333336
242.016225806452 1030.5262204874061 5889794019.625694 5853559753.515977 238.0215053763441 526.4569892473119
141.2042 1030.3863310946563 5853559753.515977 5537435730.724654 250.0 418.4194444444444
112.736064516129 1029.266042515472 5537435730.724654 5129074319.275774 249.0 238.0215053763441
95.8503870967742 1028.5527767954918 5129074319.275774 4669900298.568909 249.0 241.93548387096774
70.4100666666667 1027.7576442629584 4669900298.568909 4151078527.367879 249.0 257.3
51.7662903225806 1026.1053456285601 4151078527.367879 3563089689.1599183 250.0 249.0
33.0551333333333 1024.0426444062077 3563089689.1599183 2990562682.560595 249.0 249.0
89.5234193548387 1020.7403047486818 2990562682.560595 2574117051.2380867 250.0 250.0
197.699193548387 1018.8764264694992 2574117051.2380867 3016620806.4710608 40.0 240.96774193548387
483.033035714286 1020.8495631298576 3016620806.4710608 4110635557.5508304 40.0 276.7857142857143
883.652032258065 1025.9740231306907 4110635557.5508304 5626790955.989668 315.0 40.0
711.757666666667 1029.510775891852 5626790955.989668 5894722904.130622 591.7916666666666 37.333333333333336
355.195741935484 1030.5452427689431 5894722904.130622 5888374668.504507 339.991935483871 315.0
161.613233333333 1030.520742717213 5888374668.504507 5624084363.562529 250.2722222222222 591.7916666666666
116.846161290323 1029.5003257280407 5624084363.562529 5226339619.959517 249.0 339.991935483871
91.6212580645161 1028.6931307647324 5226339619.959517 4755484026.61203 249.0 242.19892473118279
67.8172333333333 1028.0136854640866 4755484026.61203 4229232822.3962307 249.0 257.3
48.4465161290323 1026.3542446573128 4229232822.3962307 3634283498.6848454 249.0 249.0
51.3012333333333 1024.2937689547966 3634283498.6848454 3108645912.524773 249.0 249.0
84.7457096774193 1021.2354126311311 3108645912.524773 2682461260.438901 249.0 249.0
209.807322580645 1019.383893491517 2682461260.438901 3158029136.7638116 40.0 240.96774193548387
689.364428571429 1021.4424701751103 3158029136.7638116 4753138041.441768 40.0 275.67857142857144
568.289064516129 1028.0103002041008 4753138041.441768 5424449850.695703 315.0 40.0
576.527233333333 1028.979004113558 5424449850.695703 5892315937.32769 379.59722222222223 37.333333333333336
381.711483870968 1030.5359534459474 5892315937.32769 5888851329.970732 365.4301075268817 315.0
185.7957 1030.522582319784 5888851329.970732 5689241509.611329 249.42222222222222 379.59722222222223
126.033225806452 1029.751897720507 5689241509.611329 5315714635.283382 249.0 365.4301075268817
97.3777741935484 1028.8220990408129 5315714635.283382 4859924959.137878 249.0 241.37634408602148
66.5694 1028.1643938804298 4859924959.137878 4329604125.187894 249.0 257.3
46.5674838709677 1026.6738984878596 4329604125.187894 3728653067.1239657 249.0 249.0
36.6345333333333 1024.6266422120775 3728653067.1239657 3164672996.0549426 249.0 249.0
71.4001612903226 1021.470327027484 3164672996.0549426 2702878469.0235353 249.0 249.0
217.974064516129 1019.4795244450751 2702878469.0235353 3200485844.668284 40.0 240.96774193548387
492.893857142857 1021.6204857218796 3200485844.668284 4319442248.003785 40.0 275.67857142857144
366.69335483871 1026.641535821668 4319442248.003785 4451345395.60681 315.0 40.0
391.213866666667 1027.061609540149 4451345395.60681 5323368285.800974 40.0 37.333333333333336
225.662064516129 1028.833143269554 5323368285.800974 5260492545.599021 233.0 315.0
133.237333333333 1028.7424134857129 5260492545.599021 4928480143.427928 249.0 40.0
85.2490967741936 1028.2633191102857 4928480143.427928 4448822317.691835 249.0 233.0
63.7061290322581 1027.053574260165 4448822317.691835 3908147962.7988153 249.0 240.96774193548387
44.3738666666667 1025.2597811738935 3908147962.7988153 3329343583.960104 249.0 257.3
29.2655161290322 1022.2949506458469 3329343583.960104 2695912031.603051 249.0 249.0
19.9402333333333 1019.4468947616068 2695912031.603051 2092089809.071039 249.0 249.0
45.8698387096774 1016.4437456943062 2092089809.071039 1558023272.701303 249.0 249.0
275.221193548387 1013.2231302209548 1558023272.701303 2203334990.131465 40.0 240.96774193548387
551.286071428571 1017.0307915046515 2203334990.131465 3458397464.24999 40.0 275.67857142857144
549.275483870968 1023.287672801923 3458397464.24999 4079980164.0987797 315.0 40.0
453.0279 1025.865891231389 4079980164.0987797 5113509404.909847 40.0 37.333333333333336
251.113419354839 1028.5303166016015 5113509404.909847 5124698304.021057 231.0 315.0
131.736766666667 1028.5464621991646 5124698304.021057 4789118034.40964 249.0 40.0
91.9488709677419 1028.0622193858724 4789118034.40964 4328101947.5934105 249.0 231.0
70.1550967741935 1026.6691144827814 4328101947.5934105 3805511726.6584673 249.0 240.96774193548387
52.898 1024.8977485949151 3805511726.6584673 3250048320.0022106 249.0 257.3
38.8994516129032 1021.8282948427766 3250048320.0022106 2643167493.314707 249.0 249.0
44.6923333333333 1019.1998477438627 2643167493.314707 2100968170.636818 250.0 249.0
68.3542258064516 1016.4905972065267 2100968170.636818 1627264741.08807 249.0 249.0
118.701903225806 1013.6909779803248 1627264741.08807 1852614962.9326136 40.0 241.93548387096774
163.442892857143 1015.0723281369112 1852614962.9326136 2165447368.3093786 40.0 275.67857142857144
127.196838709677 1016.8308568248516 2165447368.3093786 2162220766.390807 127.0 40.0
175.352066666667 1016.8138299017984 2162220766.390807 2491215259.838045 40.0 37.333333333333336
101.320064516129 1018.4881276807403 2491215259.838045 2093545239.8675795 241.0 127.0
58.3389666666667 1016.4514260679027 2093545239.8675795 1576527225.8362157 252.0 40.0
41.7728709677419 1013.3481569313258 1576527225.8362157 1002983833.1027532 250.0 241.0
32.6314516129032 1008.9687451831355 1002983833.1027532 671322773.7073345 151.48387096774192 243.8709677419355
21.9208 1005.762427242123 671322773.7073345 609711422.6727711 40.0 258.3333333333333
10.8536774193548 1005.233574443543 609711422.6727711 515977308.79655564 40.0 151.48387096774192
17.3578 1004.4289897750776 515977308.79655564 453381648.2012358 40.0 40.0
37.3014516129032 1003.8916879673925 453381648.2012358 450733788.3971997 40.0 40.0
201.538193548387 1003.8689595570575 450733788.3971997 797716356.727737 74.93548387096774 38.70967741935484
659.617321428572 1007.0124754536178 797716356.727737 2308570167.265441 40.0 44.285714285714285
1080.25241935484 1017.5861222546988 2308570167.265441 4352989904.041633 315.0 74.93548387096774
895.072966666667 1026.7483754905784 4352989904.041633 5897974409.728029 283.43055555555554 37.333333333333336
543.825258064516 1030.5577914612145 5897974409.728029 5891724057.327885 528.5779569892474 315.0
224.001266666667 1030.533669174936 5891724057.327885 5788126702.868965 250.46666666666667 283.43055555555554
134.021806451613 1030.133693833471 5788126702.868965 5435296118.262665 249.0 528.5779569892474
96.0624516129032 1028.9946552933084 5435296118.262665 4975555808.375556 249.0 242.38709677419354
65.9179666666667 1028.3312493627352 4975555808.375556 4442713669.948183 249.0 257.3
43.6194838709677 1027.0341199679879 4442713669.948183 3832792870.6552944 249.0 249.0
40.2008 1024.9939783797365 3832792870.6552944 3277594634.5979586 249.0 249.0
70.7292258064516 1021.9437930171822 3277594634.5979586 2811719987.1144767 250.0 249.0
406.292612903226 1019.9893207827375 2811719987.1144767 3816193424.8741503 40.0 240.96774193548387
701.2355 1024.935426542766 3816193424.8741503 5442747324.14715 40.0 276.7857142857143
673.144322580645 1029.0101279031003 5442747324.14715 5894281291.432557 501.68279569892474 40.0
359.758866666667 1030.5435384317723 5894281291.432557 5888480962.3330555 345.35 37.333333333333336
152.153709677419 1030.5211529421088 5888480962.3330555 5630284913.6196575 231.3763440860215 501.68279569892474
92.4419333333333 1029.5242660757517 5630284913.6196575 5191684736.13773 249.0 345.35
72.9201935483871 1028.6431237173704 5191684736.13773 4677975554.654034 249.0 231.3763440860215
58.5487096774193 1027.7833616390255 4677975554.654034 4121896581.350393 249.0 240.96774193548387
40.2354333333333 1026.0124094947464 4121896581.350393 3530026131.6280537 249.0 257.3
26.094 1023.8386625509851 3530026131.6280537 2885393646.003815 249.0 249.0
21.0259 1020.299344427689 2885393646.003815 2273499389.3721876 253.0 249.0
37.604064516129 1017.4010521866605 2273499389.3721876 1707190719.734286 253.0 249.0
87.1814838709678 1014.2041236999062 1707190719.734286 1848315040.2112453 40.0 244.83870967741936
229.777357142857 1015.0466569564851 1848315040.2112453 2322028816.3666687 40.0 280.10714285714283
322.139225806452 1017.6571441496922 2322028816.3666687 2337169300.2220206 315.0 40.0
279.0302 1017.7370411621214 2337169300.2220206 2933055870.0605464 40.0 37.333333333333336
121.557580645161 1020.4991860379897 2933055870.0605464 2581210166.2030373 243.0 315.0
60.7111 1018.9096494904123 2581210166.2030373 2067567506.0369818 252.0 40.0
41.6522903225807 1016.3143404012505 2067567506.0369818 1479206122.0651531 254.0 243.0
34.2437741935484 1012.6905819058456 1479206122.0651531 870564888.2036213 255.0 243.8709677419355
21.3034 1007.7596398790115 870564888.2036213 642637713.9065429 103.3 262.46666666666664
9.73222580645161 1005.5162035528458 642637713.9065429 545571146.4868672 40.0 255.0
7.27173333333333 1004.6830141329344 545571146.4868672 456786655.7306768 40.0 103.3
42.6832903225806 1003.9209154998341 456786655.7306768 468588736.5327302 40.0 40.0
163.609451612903 1004.022220914444 468588736.5327302 689454890.5001738 84.01881720430107 38.70967741935484
305.377071428571 1005.9180677296151 689454890.5001738 1340476180.510854 40.0 44.285714285714285
515.583290322581 1011.7168696163633 1340476180.510854 1874656045.3620107 315.0 84.01881720430107
448.1112 1015.2039166887284 1874656045.3620107 2739824954.339395 106.0 37.333333333333336
271.508322580645 1019.6525758985451 2739824954.339395 2781581194.799691 246.0 315.0
125.965266666667 1019.8481554791555 2781581194.799691 2433060402.037507 253.0 106.0
80.5058064516129 1018.2157395879976 2433060402.037507 1950973377.5070953 252.0 246.0
56.4302903225807 1015.6595425522812 1950973377.5070953 1405096418.700215 252.0 244.83870967741936
35.7994333333333 1012.1898406668934 1405096418.700215 811437114.3066151 257.0 260.4
17.4331290322581 1007.1532011723755 811437114.3066151 624732648.2236032 80.83870967741936 252.0
11.4152333333333 1005.3625120019193 624732648.2236032 546454529.2746704 40.0 257.0
42.3448387096774 1004.6905968178083 546454529.2746704 557646874.3016942 40.0 80.83870967741936
282.83335483871 1004.7866684489416 557646874.3016942 911959273.458314 153.752688172043 38.70967741935484
526.084607142857 1008.159637986296 911959273.458314 2099544558.6711636 40.0 44.285714285714285
441.858967741935 1016.483084742328 2099544558.6711636 2435429492.770655 315.0 153.752688172043
449.691966666667 1018.2268360317127 2435429492.770655 3342504605.8969374 90.0 37.333333333333336
165.603064516129 1022.3961892761304 3342504605.8969374 3086615580.7878246 250.0 315.0
75.6662 1021.1430422674542 3086615580.7878246 2603992980.7440233 254.0 90.0
51.8997096774194 1019.0163605655457 2603992980.7440233 2044296920.7919686 252.0 250.0
37.5056129032258 1016.1915404791132 2044296920.7919686 1449823941.6836584 251.0 245.80645161290323
24.2406666666667 1012.4920536600247 1449823941.6836584 843894646.1883512 250.0 260.4
13.5417096774194 1007.4860989352651 843894646.1883512 619976720.8874476 90.80645161290323 251.0
8.4959 1005.3216885913085 619976720.8874476 534155265.49776894 40.0 250.0
67.8139677419355 1004.5850237381783 534155265.49776894 613636304.4966058 40.0 90.80645161290323
315.535870967742 1005.2672644162799 613636304.4966058 1117311399.4737976 130.95430107526883 38.70967741935484
519.093035714286 1009.9849902175448 1117311399.4737976 2289011075.2789674 40.0 44.285714285714285
637.365612903226 1017.4829080489654 2289011075.2789674 3148037333.9049315 315.0 130.95430107526883
611.278466666667 1021.4005758235007 3148037333.9049315 4596071539.891382 40.0 37.333333333333336
372.049967741935 1027.5225208276795 4596071539.891382 4921690915.493683 235.0 315.0
150.201533333333 1028.2535222445797 4921690915.493683 4631850838.323424 250.0 40.0
104.528032258065 1027.6364676379726 4631850838.323424 4202706545.697545 250.0 235.0
77.6274193548387 1026.2697660691003 4202706545.697545 3700972318.6338577 249.0 241.93548387096774
50.0950666666667 1024.5290028875972 3700972318.6338577 3137230320.5023108 250.0 258.3333333333333
29.337064516129 1021.3552633983326 3137230320.5023108 2506067881.072351 249.0 249.0
19.3250666666667 1018.5576949933131 2506067881.072351 1901233049.2968612 249.0 250.0
87.2251290322581 1015.3625853689365 1901233049.2968612 1474760480.7164407 250.0 249.0
407.438 1012.6605437886246 1474760480.7164407 2474747064.7437353 40.0 240.96774193548387
586.189178571429 1018.4109932774882 2474747064.7437353 3815986323.3572946 40.0 276.7857142857143
795.484806451613 1024.9346960259516 3815986323.3572946 5096318993.569885 315.0 40.0
813.061033333333 1028.5055108132321 5096318993.569885 5896519474.96361 488.075 37.333333333333336
480.128290322581 1030.5521763613517 5896519474.96361 5890590272.861095 464.76344086021504 315.0
215.483233333333 1030.529293505896 5890590272.861095 5766098981.4942 250.0361111111111 488.075
136.859709677419 1030.0486447161938 5766098981.4942 5421002328.60381 249.0 464.76344086021504
104.647935483871 1028.9740293342047 5421002328.60381 4984267614.868375 249.0 241.97043010752688
75.7020333333333 1028.3438205120756 4984267614.868375 4476628736.912621 249.0 257.3
48.0892258064516 1027.1421297353904 4476628736.912621 3878288398.1490755 249.0 249.0
36.4143333333333 1025.1544564308608 3878288398.1490755 3313111692.2377253 249.0 249.0
69.0377096774194 1022.1700899402903 3313111692.2377253 2842829968.5915356 250.0 249.0
126.959258064516 1020.1208803714529 2842829968.5915356 3096751584.5263085 40.0 240.96774193548387
263.442714285714 1021.1855412349112 3096751584.5263085 3658464164.1752896 40.0 276.7857142857143
781.20964516129 1024.3790623074965 3658464164.1752896 4900725048.905931 315.0 40.0
445.711633333333 1028.2232684688397 4900725048.905931 5889960932.884621 48.49444444444445 37.333333333333336
237.183193548387 1030.5268646637915 5889960932.884621 5846054401.598019 236.06451612903226 315.0
119.766933333333 1030.357352901923 5846054401.598019 5477144590.838552 249.0 48.49444444444445
82.0065806451613 1029.1030934887528 5477144590.838552 4984153624.94305 250.0 236.06451612903226
62.4445161290323 1028.3436560244488 4984153624.94305 4436476476.889003 249.0 240.96774193548387
43.3131 1027.014256295825 4436476476.889003 3849755453.031662 249.0 258.3333333333333
21.053935483871 1025.0538111218048 3849755453.031662 3184109586.1950707 250.0 249.0
18.0287666666667 1021.5518221643399 3184109586.1950707 2574004998.7237287 249.0 249.0
118.982064516129 1018.8759016333664 2574004998.7237287 2237964367.944288 249.0 250.0
505.424516129032 1017.2135322846664 2237964367.944288 3505235753.68903 40.0 240.96774193548387
1142.19889285714 1023.6479673360695 3505235753.68903 5902881666.383567 162.48511904761904 275.67857142857144
1384.0545483871 1030.57673027335 5902881666.383567 5906894463.643311 1379.6209677419354 40.0
1029.1991 1030.5922170552271 5906894463.643311 5900345919.319732 1015.0555555555555 151.65277777777777
628.869709677419 1030.566943942486 5900345919.319732 5893234212.712326 613.9408602150538 1379.6209677419354
285.549833333333 1030.5394973903992 5893234212.712326 5887204071.049536 274.2583333333333 1015.0555555555555
175.252548387097 1030.5162249740333 5887204071.049536 5643461262.587788 249.05913978494624 613.9408602150538
131.746967741936 1029.5751400099914 5643461262.587788 5278143600.485158 249.0 265.41129032258067
92.7500666666667 1028.767883983384 5278143600.485158 4812998894.292161 249.0 257.3611111111111
57.665 1028.0966795011432 4812998894.292161 4236942894.728028 249.0 249.0
69.6110666666667 1026.3787990277963 4236942894.728028 3756587473.913024 249.0 249.0
104.426483870968 1024.7251762748253 3756587473.913024 3386324196.336304 249.0 249.0
223.112225806452 1022.7332630487408 3386324196.336304 3902613969.821511 40.0 240.96774193548387
463.748178571429 1025.2402609164778 3902613969.821511 4954078928.741076 40.0 275.67857142857144
440.777451612903 1028.3002581944315 4954078928.741076 5283847730.79419 315.0 40.0
328.4019 1028.776115051651 5283847730.79419 5887912674.053576 79.39166666666667 37.333333333333336
189.986838709677 1030.5189597197607 5887912674.053576 5728237435.539739 232.2741935483871 315.0
115.086433333333 1029.90246114108 5728237435.539739 5347842474.6426525 249.0 79.39166666666667
88.146 1028.8684595593688 5347842474.6426525 4874351556.023646 249.0 232.2741935483871
67.9768064516129 1028.1852114805536 4874351556.023646 4342093489.040509 249.0 240.96774193548387
48.0371333333333 1026.7136735319762 4342093489.040509 3768393466.9958777 249.0 257.3
31.1604516129032 1024.7668199894033 3768393466.9958777 3133493967.1378846 249.0 249.0
37.0707333333333 1021.3395973464901 3133493967.1378846 2572822342.7725797 249.0 249.0
54.1066451612903 1018.8703622612298 2572822342.7725797 2059994945.1757007 250.0 249.0
213.558516129032 1016.2743796579192 2059994945.1757007 2542545975.530515 40.0 240.96774193548387
303.007357142857 1018.7285525785973 2542545975.530515 3197051601.2475805 40.0 276.7857142857143
518.175774193549 1021.6060863783965 3197051601.2475805 3735792824.670346 315.0 40.0
636.139866666666 1024.651826542047 3735792824.670346 5244604795.211591 40.0 37.333333333333336
413.18735483871 1028.7194874389777 5244604795.211591 5685896506.122363 232.0 315.0
183.440366666667 1029.7389826491212 5685896506.122363 5482485473.034224 249.0 40.0
115.014935483871 1029.117528305498 5482485473.034224 5080421474.808714 249.0 232.0
85.7002580645161 1028.4825706707197 5080421474.808714 4594347609.520954 249.0 240.96774193548387
59.9293 1027.5170306035698 4594347609.520954 4049129759.888127 249.0 257.3
36.361064516129 1025.75707146345 4049129759.888127 3423931541.1394415 249.0 249.0
32.9351666666667 1023.0225503164572 3423931541.1394415 2851659716.875673 249.0 249.0
61.8636129032258 1020.1579023768372 2851659716.875673 2363266873.9647536 249.0 249.0
224.013225806452 1017.8747592293654 2363266873.9647536 2875425159.1398683 40.0 240.96774193548387
331.442714285714 1020.2575478370644 2875425159.1398683 3600756453.087432 40.0 275.67857142857144
585.414741935484 1024.1755077710316 3600756453.087432 4318924705.957073 315.0 40.0
530.715533333333 1026.6398875985894 4318924705.957073 5552450030.453476 40.0 37.333333333333336
342.166096774194 1029.3066217039282 5552450030.453476 5799509088.14127 233.0 315.0
164.600666666667 1030.1776412669547 5799509088.14127 5546760979.957407 249.0 40.0
106.053258064516 1029.2912458917767 5546760979.957407 5120493175.297442 249.0 233.0
79.5767096774194 1028.5403941923485 5120493175.297442 4617876696.381138 249.0 240.96774193548387
53.0012666666667 1027.5919640012137 4617876696.381138 4054575525.3339443 249.0 257.3
36.3235483870968 1025.7762805126417 4054575525.3339443 3429209602.4170146 249.0 249.0
27.9102 1023.0631507878232 3429209602.4170146 2843914188.724958 249.0 249.0
66.388064516129 1020.1254263678195 2843914188.724958 2364951959.618678 250.0 249.0
216.662483870968 1017.8836515019455 2364951959.618678 2857384252.421339 40.0 240.96774193548387
338.498142857143 1020.1819046223117 2857384252.421339 3599729021.8331046 40.0 276.7857142857143
316.20564516129 1024.1718836748962 3599729021.8331046 3597227976.7110476 315.0 40.0
245.134933333333 1024.1630616462471 3597227976.7110476 4095979901.4780655 40.0 37.333333333333336
123.089064516129 1025.922327694808 4095979901.4780655 3781122579.848182 227.0 315.0
69.729 1024.811719858371 3781122579.848182 3291370488.916809 249.0 40.0
52.2432580645161 1022.0028499147447 3291370488.916809 2736029776.4368734 249.0 227.0
40.308935483871 1019.634799889634 2736029776.4368734 2145733031.6514559 250.0 240.96774193548387
26.5055666666667 1016.7268233860235 2145733031.6514559 1540518578.9048896 249.0 257.3
20.3899032258065 1013.1048552628708 1540518578.9048896 904025659.761772 249.0 250.0
16.3810333333333 1008.0891169756601 904025659.761772 644197302.8751465 114.86111111111111 249.0
66.2608064516129 1005.5295905826192 644197302.8751465 687634709.1628064 52.02956989247312 249.0
