0.026777724297653682
0.4676914980158563
1.277073073243755
1.3047944281999806
1.3672364872537976
0.6225781965781978
0.1302490566323521
0.11933403529334874
0.08365251565201037
0.09387059503693529
0.06264931584582067
0.07326910312592749
0.36676156575347496
0.15021641730999769
1.235389729714277
0.7121775459375459
0.1457663182577873
0.10202669027701283
0.10872264910894802
0.09556968548051858
0.0651354776749895
0.06792264444668572
0.01993491224619115
0.00546108668201839
0.4692189136715371
0.47098558457904716
0.7178676677038867
1.305104478527077
0.507236780645671
0.10347065013933487
0.11225678100071312
0.09715324349328658
0.06639285092572678
0.07040746313024737
0.02205679588000775
0.014633148785296868
0.4682878361327255
0.46994877099051346
0.4851140092338784
1.1448365252934136
0.5873687586592122
0.10412080674622748
0.11637192635336369
0.09999998564362012
0.06881483560766744
0.07572350621789392
0.027407886413066795
0.017861880675712927
0.4357951200576822
0.4698966348375059
0.3690392853244334
0.4516638455003428
0.033346243641110274
0.10196608064357071
0.10734951333222698
0.09324930226660955
0.06084941120560239
0.05456924926594575
0.002268153530885386
0.030633259562180548
0.47532408736631787
0.4757210609363079
0.3558843477207324
0.023397624004900752
0.17473029483640956
0.10211327534922332
0.10711647010485181
0.09360379973526411
0.061602247138114685
0.05746783993528504
0.006840427602407884
0.01998503770732185
0.4725069430407286
0.47893974714669574
0.23755172038199873
0.4669077658321756
0.005908853236914147
0.017409604558759173
0.04049428666581678
0.07886274872284754
0.1394071585117646
0.17942276769581655
0.432212061732414
0.5188402577564781
0.38737186044679894
0.5195088175097049
0.10951451528063283
0.2140699673007741
1.103766949212919
0.10825427003064148
0.12284788922789514
0.10548177503598433
0.07155038336180908
0.0815964715770281
0.0328589096896057
0.02463779614388062
0.4658188976071849
0.35276688842837123
1.3669747931426455
0.48891718937056905
0.028604703632208905
0.09291720006207038
0.0970803138004458
0.08638721156959117
0.04599494830086237
0.03733812008510584
0.027107651371866437
0.05212757917750244
0.43424947010974113
0.48732327206656983
0.18319728024128945
0.4748908787026964
0.023777709438307926
0.0376327725283927
0.051371844772841735
0.09117268387939215
0.14999936157276883
0.2016030586816825
0.5049701310451061
0.5199823255175242
0.4813175851657855
0.5173407107701806
0.0032731545676224494
0.4881060315482225
0.08161482724686142
0.041405565520917786
0.03790798069682644
0.07346695378350188
0.12584751177058495
0.16238175075681582
0.33528880154669993
0.5184462780366768
0.43298090863421945
0.51037981203917
0.11349250433450608
0.478803824616197
0.02069467651017265
0.0044894531495617285
0.02687665383753768
0.062233905865523464
0.11876197906972558
0.16136770910034753
0.3273530521985902
0.4951693363559475
0.4225471236272171
0.5085644647484322
0.12191095889557546
0.47112812085680783
0.02912853756482159
0.06941603045962963
0.08546450875629275
0.07146030844719309
0.028532879648295872
0.01906128191378742
0.052459757608920965
0.07525540915092505
0.3854341891187876
0.47940743232565763
0.34238381683849617
1.2746183310918802
0.9018170745225667
0.10659341584351378
0.1214112865917375
0.10483356036478098
0.07176421356859775
0.08243979258272827
0.03526998278440574
0.02679985298281984
0.31937232979761887
0.4726888867574924
0.3118482240383764
0.029076210004583047
0.13085990268088832
0.10198732963059187
0.10564777533723091
0.09218691092109532
0.05887069839445558
0.051922691424274636
0.0018156438662325636
0.035981279206194094
0.3845373424027587
0.3503132927754473
1.3684157994693378
1.3066870027244233
1.367948941806812
0.2713984997903197
0.12484994238109226
0.11354054058264629
0.076952176190902
0.08886318716534125
0.050222353895283955
0.04886938615884662
0.45789857871660267
0.4635842021275054
0.39002641651572656
0.2256681693567124
0.056625100158933295
0.09780713546322273
0.10209022972925008
0.09069964885151804
0.05648486851587009
0.050141426338337625
0.0021363708606955134
0.03284801727974318
0.2733930693996393
0.48123799456862904
0.27214736443342424
0.45844035810944517
0.37775160355430515
0.10465755181938041
0.11597957431504369
0.09841467823209593
0.06723179363410225
0.07120135670472438
0.02102241067261279
0.007863690520772737
0.43587605356472414
0.4712160454029497
0.33197006379638105
0.03718537756448703
0.4622247402930981
0.1032860333840796
0.11275982262204998
0.09662989887551687
0.06512057838054874
0.06544536350584529
0.01490710533349282
0.007578744274401528
0.4713356542002719
0.47275142803638553
0.32631625747980864
0.4575168616633018
0.0363352253360858
0.04347376408873904
0.04393795508257259
0.014887698334794086
0.054268880403229525
0.07576266635069989
0.14277677084344959
0.18455988856062305
