322.045903225806 1024.3303225820105 3644646452.0 4350077648.487681 69.0 56.18329032258064
643.509857142857 1026.739100791362 4350077648.487681 5838518169.6562395 40.0 59.67067857142857
785.285774193548 1030.3282554812984 5838518169.6562395 5896269014.222527 760.7930107526881 69.0
810.8132 1030.5512097461417 5896269014.222527 5896480167.565025 794.0694444444445 37.333333333333336
709.144935483871 1030.552024660414 5896480167.565025 5894655522.233314 692.239247311828 760.7930107526881
400.573266666667 1030.5449827187392 5894655522.233314 5889246432.729112 389.0388888888889 794.0694444444445
209.112838709677 1030.524107158903 5889246432.729112 5885786652.726024 192.83602150537635 692.239247311828
155.613161290323 1030.5107546631793 5885786652.726024 5832415963.129801 155.13709677419354 376.4892473118279
113.363733333333 1030.304694838339 5832415963.129801 5659473198.582151 155.0 199.26388888888889
89.1516451612903 1029.6369621566878 5659473198.582151 5402265446.471539 159.0 155.13709677419354
132.6879 1028.9469919862504 5402265446.471539 5313377761.921548 160.0 155.0
183.475935483871 1028.8187269291798 5313377761.921548 5403326616.002177 158.0 159.0
219.466193548387 1028.9485232554143 5403326616.002177 5886513161.8169 51.73924731182796 154.83870967741936
529.413142857143 1030.5135585147307 5886513161.8169 5892013872.106022 540.1160714285714 174.92857142857142
573.648451612903 1030.534787671078 5892013872.106022 5892511479.483036 570.5322580645161 51.73924731182796
434.0214 1030.5367081112124 5892511479.483036 5889789847.084036 418.4222222222222 504.10833333333335
242.016225806452 1030.526204384115 5889789847.084036 5886370451.417871 225.7231182795699 570.5322580645161
141.2042 1030.5130077456092 5886370451.417871 5814773466.69317 155.29444444444445 418.4222222222222
112.736064516129 1030.2365770914794 5814773466.69317 5653097629.6776 156.0 225.7231182795699
95.8503870967742 1029.6123460605313 5653097629.6776 5426870157.165479 161.0 150.28494623655916
70.4100666666667 1028.9824966192864 5426870157.165479 5136059349.177818 159.0 161.2
51.7662903225806 1028.5628562037198 5136059349.177818 4784723328.594832 158.0 161.0
33.0551333333333 1028.0558778190402 4784723328.594832 4436137337.299725 161.0 159.0
89.5234193548387 1027.0131762334386 4436137337.299725 4256197725.5484843 164.0 158.0
197.699193548387 1026.440120145059 4256197725.5484843 4708506579.154851 40.0 155.80645161290323
483.033035714286 1027.88059420113 4708506579.154851 5809189748.473414 40.0 181.57142857142858
883.652032258065 1030.2150183338742 5809189748.473414 5898010470.451517 847.5591397849462 40.0
711.757666666667 1030.5579306321026 5898010470.451517 5894724108.832407 696.3666666666667 37.333333333333336
355.195741935484 1030.5452474183069 5894724108.832407 5888375873.822042 339.991935483871 847.5591397849462
161.613233333333 1030.520747368953 5888375873.822042 5869889500.427492 155.1472222222222 696.3666666666667
116.846161290323 1030.4493803105308 5869889500.427492 5721386035.699049 155.0 339.991935483871
91.6212580645161 1029.876007859842 5721386035.699049 5499328268.470744 155.0 150.14247311827955
67.8172333333333 1029.1630493742452 5499328268.470744 5206635090.113572 157.0 160.16666666666666
48.4465161290323 1028.664697099731 5206635090.113572 4840738152.9682455 160.0 155.0
51.3012333333333 1028.1367072914404 4840738152.9682455 4544437192.031954 159.0 157.0
84.7457096774193 1027.3580802294011 4544437192.031954 4352013046.907173 164.0 160.0
209.807322580645 1026.745264480596 4352013046.907173 4837248017.573665 40.0 153.8709677419355
689.364428571429 1028.13167102103 4837248017.573665 5894848185.860851 264.58035714285717 181.57142857142858
568.289064516129 1030.5457262747632 5894848185.860851 5892417677.510567 566.266129032258 40.0
576.527233333333 1030.536346096739 5892417677.510567 5892319203.596234 559.9111111111112 246.9416666666667
381.711483870968 1030.5359660516149 5892319203.596234 5888854596.372017 365.4301075268817 566.266129032258
185.7957 1030.522594925964 5888854596.372017 5885449159.992474 173.49444444444444 559.9111111111112
126.033225806452 1030.509452161206 5885449159.992474 5761192597.118727 155.0483870967742 365.4301075268817
97.3777741935484 1030.0297011471766 5761192597.118727 5548808933.285774 157.0 167.89784946236557
66.5694 1029.2967809007723 5548808933.285774 5252603088.282108 157.0 160.21666666666667
46.5674838709677 1028.7310289874201 5252603088.282108 4884131237.909043 159.0 157.0
36.6345333333333 1028.1993235756263 4884131237.909043 4549768780.067102 159.0 157.0
71.4001612903226 1027.3750598091308 4549768780.067102 4329609155.9319315 161.0 159.0
217.974064516129 1026.6739145093372 4329609155.9319315 4836666108.473283 40.0 153.8709677419355
492.893857142857 1028.1308313253583 4836666108.473283 5891359087.611333 69.05952380952381 178.25
366.69335483871 1030.5322606297177 5891359087.611333 5888841146.082201 364.7043010752688 40.0
391.213866666667 1030.5225430166122 5888841146.082201 5889034366.653373 374.4916666666667 64.45555555555556
225.662064516129 1030.5232887220757 5889034366.653373 5886086395.022555 209.19354838709677 364.7043010752688
133.237333333333 1030.5119114730717 5886086395.022555 5773598753.166686 163.15277777777777 374.4916666666667
85.2490967741936 1030.077601363578 5773598753.166686 5528245489.114101 160.0 209.19354838709677
63.7061290322581 1029.2412040246327 5528245489.114101 5222229639.225247 159.0 157.88978494623655
44.3738666666667 1028.687200056602 5222229639.225247 4859810382.08621 161.0 165.33333333333334
29.2655161290322 1028.164228545579 4859810382.08621 4444889933.899894 160.0 159.0
19.9402333333333 1027.0410507449042 4444889933.899894 4052860924.2186794 165.0 161.0
45.8698387096774 1025.7702325369264 4052860924.2186794 3746574504.716995 167.0 160.0
275.221193548387 1024.6898571594954 3746574504.716995 4404632729.354956 40.0 159.67741935483872
551.286071428571 1026.9128430871176 4404632729.354956 5669770822.395476 40.0 184.89285714285714
549.275483870968 1029.6767213219903 5669770822.395476 5892085017.811739 463.36290322580646 40.0
453.0279 1030.5350622471294 5892085017.811739 5890127342.35352 437.1333333333333 37.333333333333336
251.113419354839 1030.5275068958754 5890127342.35352 5886528171.850148 234.88709677419354 463.36290322580646
131.736766666667 1030.5136164436756 5886528171.850148 5782722326.014261 158.29166666666666 437.1333333333333
91.9488709677419 1030.1128275135686 5782722326.014261 5560515889.15256 158.0 234.88709677419354
70.1550967741935 1029.3284213220338 5560515889.15256 5274247938.059459 158.0 153.18548387096774
52.898 1028.7622625368824 5274247938.059459 4938818078.017736 159.0 163.26666666666668
38.8994516129032 1028.2782367648163 4938818078.017736 4540966002.612817 163.0 158.0
44.6923333333333 1027.347025486028 4540966002.612817 4220534143.13467 162.0 159.0
68.3542258064516 1026.3265418571168 4220534143.13467 3969730706.978991 169.0 163.0
118.701903225806 1025.4770042574214 3969730706.978991 4208643707.326588 40.0 156.7741935483871
163.442892857143 1026.2886742271546 4208643707.326588 4533425813.092927 40.0 187.10714285714286
127.196838709677 1027.323012143608 4533425813.092927 4527252799.570229 127.0 40.0
175.352066666667 1027.3033528648732 4527252799.570229 4840414331.491924 40.0 37.333333333333336
101.320064516129 1028.1362400165829 4840414331.491924 4673878144.48776 148.0 127.0
58.3389666666667 1027.7703125620628 4673878144.48776 4310411245.220949 187.0 40.0
41.7728709677419 1026.6127746663087 4310411245.220949 3899915273.97136 181.0 148.0
32.6314516129032 1025.23074170713 3899915273.97136 3477870011.0492973 175.0 180.96774193548387
21.9208 1023.4374616234562 3477870011.0492973 3061211218.4075117 166.0 187.03333333333333
10.8536774193548 1021.0365250247694 3061211218.4075117 2616115205.4456778 161.0 175.0
17.3578 1019.0731391355769 2616115205.4456778 2233580168.8809056 161.0 166.0
37.3014516129032 1017.1903966695562 2233580168.8809056 1923900938.4435177 157.0 161.0
201.538193548387 1015.4979160504091 1923900938.4435177 2373366553.200857 40.0 155.80645161290323
659.617321428572 1017.9280556897143 2373366553.200857 3892211533.0507054 40.0 173.82142857142858
1080.25241935484 1025.2035680178155 3892211533.0507054 5901334402.620937 327.53494623655916 40.0
895.072966666667 1030.5707588437342 5901334402.620937 5897970345.61242 879.7055555555555 37.333333333333336
543.825258064516 1030.5577757763772 5897970345.61242 5891727193.424563 528.5752688172043 327.53494623655916
224.001266666667 1030.5336812782252 5891727193.424563 5886122907.004503 212.54722222222222 879.7055555555555
134.021806451613 1030.5120523855232 5886122907.004503 5782775939.84835 155.19623655913978 528.5752688172043
96.0624516129032 1030.113034516789 5782775939.84835 5572023138.007442 155.0 205.69086021505373
65.9179666666667 1029.3595219946146 5572023138.007442 5273985774.725109 157.0 160.36944444444444
43.6194838709677 1028.7618842348124 5273985774.725109 4902875773.783203 157.0 155.0
40.2008 1028.226371967941 4902875773.783203 4575120201.454138 160.0 157.0
70.7292258064516 1027.4557968199176 4575120201.454138 4361285889.596869 158.0 157.0
406.292612903226 1026.7747958267416 4361285889.596869 5373618421.754609 40.0 154.83870967741936
701.2355 1028.905654288246 5373618421.754609 5895061408.140529 498.4940476190476 174.92857142857142
673.144322580645 1030.5465491737841 5895061408.140529 5894279108.826816 670.505376344086 40.0
359.758866666667 1030.5435300083368 5894279108.826816 5888478780.146046 345.35 465.26111111111106
152.153709677419 1030.5211445202892 5888478780.146046 5884774077.366506 135.97043010752688 670.505376344086
92.4419333333333 1030.5068467822891 5884774077.366506 5690530918.704474 154.0 345.35
72.9201935483871 1029.7568761339942 5690530918.704474 5423546029.614693 156.0 135.97043010752688
58.5487096774193 1028.977699898434 5423546029.614693 5104172959.1427355 159.0 149.03225806451613
40.2354333333333 1028.516844096887 5104172959.1427355 4741915889.131585 157.0 161.2
26.094 1027.986993277489 4741915889.131585 4324934737.611136 158.0 159.0
21.0259 1026.659027826787 4324934737.611136 3943790913.473477 162.0 157.0
37.604064516129 1025.3855058676313 3943790913.473477 3631079424.6580777 161.0 158.0
87.1814838709678 1024.2824671063777 3631079424.6580777 3783753886.5998054 40.0 156.7741935483871
229.777357142857 1024.8210013636676 3783753886.5998054 4267585113.025344 40.0 178.25
322.139225806452 1026.4763857102716 4267585113.025344 4280267925.6932063 315.0 40.0
279.0302 1026.516776833418 4280267925.6932063 4862787020.704558 40.0 37.333333333333336
121.557580645161 1028.1685238394005 4862787020.704558 4662057007.942135 181.0 315.0
60.7111 1027.732665630389 4662057007.942135 4260815332.778001 204.0 40.0
41.6522903225807 1026.454825900567 4260815332.778001 3812926972.628569 195.0 181.0
34.2437741935484 1024.9239046653565 3812926972.628569 3372087337.3238993 184.0 197.41935483870967
21.3034 1022.6237487486454 3372087337.3238993 2960415186.097319 164.0 201.5
9.73222580645161 1020.6139001513515 2960415186.097319 2516030450.8805704 160.0 184.0
7.27173333333333 1018.6043580837497 2516030450.8805704 2110280586.9079342 160.0 164.0
42.6832903225806 1016.5397392448967 2110280586.9079342 1811890949.2738125 158.0 160.0
163.609451612903 1014.8291996971572 1811890949.2738125 2158812476.9110684 40.0 154.83870967741936
305.377071428571 1016.7958442053355 2158812476.9110684 2817383596.3931255 40.0 174.92857142857142
515.583290322581 1020.0141869869733 2817383596.3931255 3349815162.146602 315.0 40.0
448.1112 1022.4524243242047 3349815162.146602 4374745218.107437 40.0 37.333333333333336
271.508322580645 1026.8176599302785 4374745218.107437 4336972094.200038 271.0 315.0
125.965266666667 1026.697363357325 4336972094.200038 3979257164.3578196 253.0 40.0
80.5058064516129 1025.5106072816855 3979257164.3578196 3527419170.209096 236.0 271.0
56.4302903225807 1023.8186090016085 3527419170.209096 3077393199.5797524 211.0 244.83870967741936
35.7994333333333 1021.1043740024309 3077393199.5797524 2641677021.7072244 189.0 243.86666666666667
17.4331290322581 1019.1928666122118 2641677021.7072244 2181020110.542389 175.0 211.0
11.4152333333333 1016.9130348841287 2181020110.542389 1774141372.035824 165.0 189.0
42.3448387096774 1014.603829086781 1774141372.035824 1465591170.480633 161.0 175.0
282.83335483871 1012.598588989734 1465591170.480633 2130829066.4668071 40.0 159.67741935483872
526.084607142857 1016.6481744932285 2130829066.4668071 3324395422.236602 40.0 178.25
441.858967741935 1022.2568878633585 3324395422.236602 3658660055.903687 315.0 40.0
449.691966666667 1024.3797532836109 3658660055.903687 4685765206.996521 40.0 37.333333333333336
165.603064516129 1027.8081694490334 4685765206.996521 4392675344.970972 260.0 315.0
75.6662 1026.8747622451303 4392675344.970972 3873600410.920783 265.0 40.0
51.8997096774194 1025.1379203207082 3873600410.920783 3322396471.8255434 245.0 260.0
37.5056129032258 1022.241511321735 3322396471.8255434 2786791901.8647733 225.0 256.4516129032258
24.2406666666667 1019.8725616012401 2786791901.8647733 2341891845.128634 182.0 253.16666666666666
13.5417096774194 1017.7619622434229 2341891845.128634 1869136442.347387 177.0 225.0
8.4959 1015.1709638349098 1869136442.347387 1450461865.2488039 167.0 182.0
67.8139677419355 1012.4963639543838 1450461865.2488039 1214322613.4248257 159.0 177.0
315.535870967742 1010.7389349877894 1214322613.4248257 1965966899.5555975 40.0 161.61290322580646
519.093035714286 1015.7490561167499 1965966899.5555975 3141801123.746848 40.0 176.03571428571428
637.365612903226 1021.3744281918107 3141801123.746848 3999640134.2160807 315.0 40.0
611.278466666667 1025.5825048825964 3999640134.2160807 5442942179.382784 40.0 37.333333333333336
372.049967741935 1029.0106545388724 5442942179.382784 5888673740.402247 188.64247311827958 315.0
150.201533333333 1030.521896939803 5888673740.402247 5712868182.294227 204.61666666666667 40.0
104.528032258065 1029.8431203949585 5712868182.294227 5455359353.63172 184.0 188.64247311827958
77.6274193548387 1029.044214469275 5455359353.63172 5162814857.994548 168.0 198.01612903225808
50.0950666666667 1028.6014644415507 5162814857.994548 4789591107.60715 171.0 190.13333333333333
29.337064516129 1028.0629020311792 4789591107.60715 4367478294.523312 163.0 168.0
19.3250666666667 1026.7945168615393 4367478294.523312 3984410353.094093 161.0 171.0
87.2251290322581 1025.5287843142648 3984410353.094093 3812991626.756896 158.0 163.0
407.438 1024.9241327222464 3812991626.756896 4826299227.011315 40.0 155.80645161290323
586.189178571429 1028.1158719004493 4826299227.011315 5893022156.111204 157.51190476190476 174.92857142857142
795.484806451613 1030.5386789901374 5893022156.111204 5896447427.657692 791.2741935483871 40.0
813.061033333333 1030.5518983057113 5896447427.657692 5896515970.428441 796.3722222222223 147.0111111111111
480.128290322581 1030.5521628361303 5896515970.428441 5890593968.546743 464.76075268817203 791.2741935483871
215.483233333333 1030.5293077688339 5890593968.546743 5885966017.708164 203.65277777777777 796.3722222222223
136.859709677419 1030.5114468951 5885966017.708164 5790282697.088571 155.16129032258064 464.760752688172
104.647935483871 1030.1420181354772 5790282697.088571 5602352465.362887 155.0 197.08333333333331
75.7020333333333 1029.4414931496294 5602352465.362887 5329394692.913527 157.0 160.33333333333334
48.0892258064516 1028.8418393837135 5329394692.913527 4967282441.345543 158.0 155.0
36.4143333333333 1028.3193108821724 4967282441.345543 4634783437.632442 158.0 157.0
69.0377096774194 1027.645807126218 4634783437.632442 4413911855.658682 159.0 158.0
126.959258064516 1026.9423944447728 4413911855.658682 4677041852.786412 40.0 152.90322580645162
263.442714285714 1027.7803880661986 4677041852.786412 5245711460.942095 40.0 176.03571428571428
781.20964516129 1028.7210843592238 5245711460.942095 5896197936.043138 535.491935483871 40.0
445.711633333333 1030.5509354306982 5896197936.043138 5890000994.03237 431.4527777777778 37.333333333333336
237.183193548387 1030.5270192737098 5890000994.03237 5886280479.554529 221.002688172043 535.491935483871
119.766933333333 1030.5126605128605 5886280479.554529 5749177634.480629 159.20833333333334 431.4527777777778
82.0065806451613 1029.983311330041 5749177634.480629 5500691033.511514 158.0 221.002688172043
62.4445161290323 1029.1667325230042 5500691033.511514 5183409150.811215 162.0 154.07258064516128
43.3131 1028.6311820358026 5183409150.811215 4818417469.397656 161.0 163.26666666666668
21.053935483871 1028.1044985128392 4818417469.397656 4379296787.326557 161.0 162.0
18.0287666666667 1026.8321553736514 4379296787.326557 3998020018.6117826 159.0 161.0
118.982064516129 1025.5767901891068 3998020018.6117826 3906471844.3352914 160.0 161.0
505.424516129032 1025.2538689394542 3906471844.3352914 5183102465.200335 40.0 153.8709677419355
1142.19889285714 1028.6307394880234 5183102465.200335 5902880168.460133 857.4761904761905 177.14285714285714
1384.0545483871 1030.5767244923418 5902880168.460133 5906892965.798569 1379.6209677419354 40.0
1029.1991 1030.5922112745227 5906892965.798569 5900351622.073814 1015.0527777777778 800.311111111111
628.869709677419 1030.5669659513997 5900351622.073814 5893232717.651256 613.9435483870968 1379.6209677419354
285.549833333333 1030.539491620438 5893232717.651256 5887209774.556098 274.25555555555553 1015.0527777777778
175.252548387097 1030.516246985851 5887209774.556098 5885185992.14112 158.44086021505376 613.9435483870968
131.746967741936 1030.5084365048328 5885185992.14112 5768549197.439867 155.00806451612902 265.4086021505376
92.7500666666667 1030.0581050094204 5768549197.439867 5540622843.818239 156.0 163.72222222222223
57.665 1029.2746563346439 5540622843.818239 5205644913.292198 157.0 155.00806451612902
69.6110666666667 1028.6632682731488 5205644913.292198 4958803732.580956 158.0 156.0
104.426483870968 1028.3070760931903 4958803732.580956 4836308900.02225 158.0 157.0
223.112225806452 1028.130315873048 4836308900.02225 5358716524.339835 40.0 152.90322580645162
463.748178571429 1028.8841508287733 5358716524.339835 5890843355.118683 256.4761904761905 174.92857142857142
440.777451612903 1030.530270238451 5890843355.118683 5890155053.079527 438.10483870967744 40.0
328.4019 1030.527613841216 5890155053.079527 5887918057.419157 312.61944444444447 239.3777777777778
189.986838709677 1030.518980496043 5887918057.419157 5885447514.102535 173.34139784946237 438.10483870967744
115.086433333333 1030.5094458091435 5885447514.102535 5728969033.491107 162.02777777777777 312.61944444444447
88.146 1029.905285843595 5728969033.491107 5489010392.690792 161.0 173.34139784946237
67.9768064516129 1029.1351632234887 5489010392.690792 5194589310.415295 159.0 156.8010752688172
48.0371333333333 1028.6473150222444 5194589310.415295 4839179844.119767 162.0 166.36666666666667
31.1604516129032 1028.1344586495234 4839179844.119767 4429485484.071431 160.0 159.0
37.0707333333333 1026.9919919874885 4429485484.071431 4081841227.429724 165.0 162.0
54.1066451612903 1025.8724558286763 4081841227.429724 3805791311.3295326 164.0 160.0
213.558516129032 1024.898734784231 3805791311.3295326 4298587213.671938 40.0 159.67741935483872
303.007357142857 1026.5751185148788 4298587213.671938 4961988549.2737055 40.0 181.57142857142858
518.175774193549 1028.3116717882738 4961988549.2737055 5499001381.6152 315.0 40.0
636.139866666666 1029.1621658962572 5499001381.6152 5893377035.09845 467.48055555555555 37.333333333333336
413.18735483871 1030.5400485917178 5893377035.09845 5889405505.919127 397.0940860215054 315.0
183.440366666667 1030.5247210777325 5889405505.919127 5885396029.85402 171.37222222222223 467.48055555555555
115.014935483871 1030.5092471135017 5885396029.85402 5713151251.289826 162.0215053763441 397.0940860215054
85.7002580645161 1029.8442133254434 5713151251.289826 5459358783.55933 161.0 165.84408602150538
59.9293 1029.0550237393495 5459358783.55933 5138708908.811377 160.0 167.42222222222225
36.361064516129 1028.5666795220943 5138708908.811377 4740856349.312636 160.0 161.0
32.9351666666667 1027.9836189468556 4740856349.312636 4392068676.12086 161.0 160.0
61.8636129032258 1026.872830178729 4392068676.12086 4132432066.3288302 166.0 160.0
224.013225806452 1026.0459619946778 4132432066.3288302 4654812956.203141 40.0 155.80645161290323
331.442714285714 1027.7095954019208 4654812956.203141 5388109399.571369 40.0 183.78571428571428
585.414741935484 1028.9265647901464 5388109399.571369 5892723566.381316 394.1693548387097 40.0
530.715533333333 1030.5375266284013 5892723566.381316 5891511625.778014 514.5305555555556 37.333333333333336
342.166096774194 1030.5328493276168 5891511625.778014 5888145381.61385 325.8494623655914 394.1693548387097
164.600666666667 1030.5198578192644 5888145381.61385 5854668044.906769 163.9361111111111 514.5305555555556
106.053258064516 1030.3906102119952 5854668044.906769 5666834002.632814 159.0 325.8494623655914
79.5767096774194 1029.6653822495475 5666834002.632814 5402404228.804299 159.0 158.64784946236557
53.0012666666667 1028.947192249357 5402404228.804299 5069263108.298674 158.0 164.3
36.3235483870968 1028.4664691317441 5069263108.298674 4679693947.883488 157.0 159.0
27.9102 1027.7888342289282 4679693947.883488 4328408563.176905 157.0 158.0
66.388064516129 1026.6700909655315 4328408563.176905 4088761069.820345 163.0 157.0
216.662483870968 1025.8968644438107 4088761069.820345 4591207749.333219 40.0 151.93548387096774
338.498142857143 1027.5070310488318 4591207749.333219 5341437238.719067 40.0 180.46428571428572
316.20564516129 1028.8592167946883 5341437238.719067 5337438156.693255 315.0 40.0
245.134933333333 1028.8534461135544 5337438156.693255 5828150785.876489 40.0 37.333333333333336
123.089064516129 1030.2882269724962 5828150785.876489 5859350435.984118 94.0 315.0
69.729 1030.4086889420237 5859350435.984118 5591070731.976794 160.0 40.0
52.2432580645161 1029.4110019783157 5591070731.976794 5250680391.870865 163.0 94.0
40.308935483871 1028.728254533724 5250680391.870865 4885843402.078523 158.0 154.83870967741936
26.5055666666667 1028.2017942309935 4885843402.078523 4476482771.002627 162.0 168.43333333333334
20.3899032258065 1027.1416648758045 4476482771.002627 4028199452.3435283 165.0 158.0
16.3810333333333 1025.683243218143 4028199452.3435283 3638399062.404025 161.0 162.0
66.2608064516129 1024.3082859344056 3638399062.404025 3393343720.650708 164.0 165.0
