322.045903225806 1024.3303225820105 3644646452.0 4427931930.46875 40.0 56.18329032258064
643.509857142857 1026.9870443645502 4427931930.46875 5893814493.739119 49.43452380952381 59.67067857142857
785.285774193548 1030.5417368969347 5893814493.739119 5896267636.946366 781.4381720430108 40.0
810.8132 1030.5512044307536 5896267636.946366 5896478790.680648 794.0694444444445 46.13888888888889
709.144935483871 1030.5520193465377 5896478790.680648 5894654145.04347 692.239247311828 781.4381720430108
400.573266666667 1030.544977403684 5894654145.04347 5889245055.943108 389.0388888888889 794.0694444444445
209.112838709677 1030.5241018454064 5889245055.943108 5705375135.992363 260.46774193548384 692.239247311828
155.613161290323 1029.8141897142564 5705375135.992363 5360664409.677656 265.0 376.4892473118279
113.363733333333 1028.8869616301265 5360664409.677656 4899329555.698317 268.0 269.15
89.1516451612903 1028.2212547701274 4899329555.698317 4278496315.9249244 297.0 265.0
132.6879 1026.511134764092 4278496315.9249244 3485020299.413585 433.0 268.0
183.475935483871 1023.492463841643 3485020299.413585 2327065682.5340734 621.0 297.0
219.466193548387 1017.6837239183856 2327065682.5340734 2826848644.8002887 40.0 419.03225806451616
529.413142857143 1020.0538727245295 2826848644.8002887 4032292723.4142385 40.0 687.5357142857143
573.648451612903 1025.6976815640714 4032292723.4142385 4718515507.689812 315.0 40.0
434.0214 1027.9124697697127 4718515507.689812 5700327819.025 40.0 37.333333333333336
242.016225806452 1029.7947020039576 5700327819.025 5886371506.197554 155.09408602150538 315.0
141.2042 1030.5130118163713 5886371506.197554 5750576854.841171 180.13888888888889 40.0
112.736064516129 1029.9887137252556 5750576854.841171 5298409894.00647 265.0 155.09408602150538
95.8503870967742 1028.7971282741796 5298409894.00647 4795822699.82981 265.0 174.32795698924733
70.4100666666667 1028.0718942277485 4795822699.82981 4226888380.7625284 268.0 273.8333333333333
51.7662903225806 1026.346778282683 4226888380.7625284 3499585142.9930925 302.0 265.0
33.0551333333333 1023.6045010999469 3499585142.9930925 2438194563.4560366 438.0 268.0
89.5234193548387 1018.2397871824638 2438194563.4560366 1370507797.097281 492.0 302.0
197.699193548387 1011.9496728457154 1370507797.097281 1806571075.7869925 40.0 423.8709677419355
483.033035714286 1014.7974392584299 1806571075.7869925 2894222876.4905663 40.0 544.7142857142857
883.652032258065 1020.336364262015 2894222876.4905663 4411644070.596523 315.0 40.0
711.757666666667 1026.9351721993519 4411644070.596523 5894720787.018549 124.20555555555555 37.333333333333336
355.195741935484 1030.5452345982706 5894720787.018549 5888372551.861354 339.991935483871 315.0
161.613233333333 1030.52073454835 5888372551.861354 5798537580.3854885 182.75833333333333 124.20555555555555
116.846161290323 1030.1738902717586 5798537580.3854885 5359721159.913432 264.0 339.991935483871
91.6212580645161 1028.8856005193556 5359721159.913432 4842931086.129127 266.0 176.86290322580646
67.8172333333333 1028.139871697156 4842931086.129127 4266924133.499981 268.0 272.8
48.4465161290323 1026.474280679936 4266924133.499981 3533021095.164512 301.0 266.0
51.3012333333333 1023.8617007320347 3533021095.164512 2637795520.8778296 392.0 268.0
84.7457096774193 1019.1746862804582 2637795520.8778296 1544614290.117816 497.0 301.0
209.807322580645 1013.1325289872825 1544614290.117816 2014167702.662404 40.0 379.35483870967744
689.364428571429 1016.032547243601 2014167702.662404 3603245881.812489 40.0 550.25
568.289064516129 1024.1842888247354 3603245881.812489 4275565908.3669 315.0 40.0
576.527233333333 1026.5018022559454 4275565908.3669 5627787331.792062 40.0 37.333333333333336
381.711483870968 1029.514622902672 5627787331.792062 5888849754.257539 266.7930107526882 315.0
185.7957 1030.5225762385583 5888849754.257539 5786663827.378267 211.71944444444443 40.0
126.033225806452 1030.1280456655531 5786663827.378267 5340411174.552074 276.0 266.7930107526882
97.3777741935484 1028.8577361826149 5340411174.552074 4833734422.124944 268.0 204.88978494623655
66.5694 1028.1266008977273 4833734422.124944 4246837060.3392596 271.0 285.2
46.5674838709677 1026.4103091093607 4246837060.3392596 3407006109.7428446 339.0 268.0
36.6345333333333 1022.8923546903296 3407006109.7428446 1977300731.0401626 584.0 271.0
71.4001612903226 1015.8167207823294 1977300731.0401626 687666134.5648359 555.6505376344086 339.0
217.974064516129 1005.9027136014148 687666134.5648359 838455418.5437533 164.86559139784947 565.1612903225806
492.893857142857 1007.4303119850641 838455418.5437533 1945160571.903435 40.0 615.1845238095237
366.69335483871 1015.6248392352444 1945160571.903435 2080066455.3959658 315.0 164.86559139784947
391.213866666667 1016.3802979176568 2080066455.3959658 2967444507.906019 40.0 37.333333333333336
225.662064516129 1020.6433731987673 2967444507.906019 3434864805.260456 40.0 315.0
133.237333333333 1023.1066523481574 3434864805.260456 3130048426.9079223 242.0 40.0
85.2490967741936 1021.3251506369305 3130048426.9079223 2543792929.6421065 294.0 40.0
63.7061290322581 1018.7343931130778 2543792929.6421065 1849507117.1638446 313.0 234.19354838709677
44.3738666666667 1015.053773833814 1849507117.1638446 1061529521.4810976 339.0 303.8
29.2655161290322 1009.4891513020541 1061529521.4810976 659844045.0970166 172.51612903225808 313.0
19.9402333333333 1005.6638973828069 659844045.0970166 603535227.8204983 40.0 339.0
45.8698387096774 1005.1805598954548 603535227.8204983 624374461.2551669 40.0 172.51612903225808
275.221193548387 1005.3594374356667 624374461.2551669 1264095428.8372557 40.0 38.70967741935484
551.286071428571 1011.1247707661803 1264095428.8372557 2514636852.1556892 40.0 44.285714285714285
549.275483870968 1018.5978306892538 2514636852.1556892 3137609717.132212 315.0 40.0
453.0279 1021.3568541598835 3137609717.132212 4176852686.3931007 40.0 37.333333333333336
251.113419354839 1026.1874289375576 4176852686.3931007 4702654142.4759245 40.0 315.0
131.736766666667 1027.8619558677576 4702654142.4759245 4508179656.130541 195.0 40.0
91.9488709677419 1027.2426103698424 4508179656.130541 4008819039.612142 264.0 40.0
70.1550967741935 1025.6148819739406 4008819039.612142 3435310326.743715 269.0 188.70967741935485
52.898 1023.1100794364902 3435310326.743715 2810404487.054521 278.0 272.8
38.8994516129032 1019.9831591899509 2810404487.054521 2042950505.9807537 311.0 269.0
44.6923333333333 1016.1844353877611 2042950505.9807537 1083399760.6707559 412.0 278.0
68.3542258064516 1009.6835534281845 1083399760.6707559 687363985.1255879 218.33870967741936 311.0
118.701903225806 1005.9001200439964 687363985.1255879 687416118.8260186 121.68548387096774 398.7096774193548
163.442892857143 1005.9005675435709 687416118.8260186 994104950.7869729 40.0 241.73214285714286
127.196838709677 1008.8898217847731 994104950.7869729 992399824.2670964 127.0 121.68548387096774
175.352066666667 1008.8746651045964 992399824.2670964 1329703481.353538 40.0 37.333333333333336
101.320064516129 1011.6333603205701 1329703481.353538 869005476.4848776 268.0 127.0
58.3389666666667 1007.7436459126653 869005476.4848776 687542566.88814 125.19722222222222 40.0
41.7728709677419 1005.9016529346621 687542566.88814 681372296.8781362 40.08064516129032 268.0
32.6314516129032 1005.8486892435891 681372296.8781362 649297071.6200951 40.0 121.15860215053763
21.9208 1005.5733654216317 649297071.6200951 587891998.7802734 40.0 41.416666666666664
10.8536774193548 1005.0462832513327 587891998.7802734 494386146.05297273 40.0 40.0
17.3578 1004.2436579060341 494386146.05297273 431850155.6582986 40.0 40.0
37.3014516129032 1003.7068682889125 431850155.6582986 429130672.3804495 40.0 40.0
201.538193548387 1003.6835250848106 429130672.3804495 687406214.3620477 107.97043010752688 38.70967741935484
659.617321428572 1005.9004825267128 687406214.3620477 2197671497.871413 40.0 44.285714285714285
1080.25241935484 1017.00090500196 2197671497.871413 4242231512.444614 315.0 107.97043010752688
895.072966666667 1026.3956417593777 4242231512.444614 5897974194.988874 240.85 37.333333333333336
543.825258064516 1030.5577906324613 5897974194.988874 5891723842.706215 528.5779569892474 315.0
224.001266666667 1030.5336683466362 5891723842.706215 5841594969.454799 229.775 240.85
134.021806451613 1030.3401350172 5841594969.454799 5448331742.063311 264.0 528.5779569892474
96.0624516129032 1029.0252209244954 5448331742.063311 4945766941.258864 265.0 222.36290322580646
65.9179666666667 1028.2882639845004 4945766941.258864 4364081874.675334 268.0 272.8
43.6194838709677 1026.7837002378194 4364081874.675334 3621679884.173846 299.0 265.0
40.2008 1024.2493117607542 3621679884.173846 2650812982.9596353 410.0 268.0
70.7292258064516 1019.2356579998109 2650812982.9596353 1563001378.8587048 481.0 299.0
406.292612903226 1013.2567660733696 1563001378.8587048 2560404995.8786626 40.0 396.7741935483871
701.2355 1018.8122013858485 2560404995.8786626 4181188022.049576 40.0 532.5357142857143
673.144322580645 1026.2012357390113 4181188022.049576 5133652450.053271 315.0 40.0
359.758866666667 1028.55938304481 5133652450.053271 5888475702.576399 52.791666666666664 37.333333333333336
152.153709677419 1030.5211326428762 5888475702.576399 5884771000.546619 135.97043010752688 315.0
92.4419333333333 1030.5068349077699 5884771000.546619 5613009577.566938 184.0 52.791666666666664
72.9201935483871 1029.4702961555863 5613009577.566938 5073812823.7550335 258.0 135.97043010752688
58.5487096774193 1028.4730343777128 5073812823.7550335 4469859253.859416 266.0 178.06451612903226
40.2354333333333 1027.1205708721636 4469859253.859416 3825873079.301754 268.0 266.6
26.094 1024.969569944627 3825873079.301754 3057061494.5872784 294.0 266.0
21.0259 1021.0191257634687 3057061494.5872784 2108212032.466196 383.0 268.0
37.604064516129 1016.5288233903229 2108212032.466196 1063612514.1393197 431.0 294.0
87.1814838709678 1009.5076667923495 1063612514.1393197 1200868081.6930304 40.0 370.64516129032256
229.777357142857 1010.634636292194 1200868081.6930304 1671326105.6741626 40.0 477.17857142857144
322.139225806452 1013.9886899032037 1671326105.6741626 1687280700.0841265 315.0 40.0
279.0302 1014.0852579109501 1687280700.0841265 2287424124.187754 40.0 37.333333333333336
121.557580645161 1017.4745336368746 2287424124.187754 2374832368.598092 80.0 315.0
60.7111 1017.9357908633144 2374832368.598092 1766735560.6010323 289.0 40.0
41.6522903225807 1014.5596152871703 1766735560.6010323 983263023.8933796 328.0 80.0
34.2437741935484 1008.7934491012744 983263023.8933796 665494295.3941429 148.11559139784947 279.6774193548387
21.3034 1005.7123973853573 665494295.3941429 602344713.8590457 40.0 338.93333333333334
9.73222580645161 1005.1703408914939 602344713.8590457 505699666.5734208 40.0 148.11559139784947
7.27173333333333 1004.3407696701581 505699666.5734208 417025366.23331696 40.0 40.0
42.6832903225806 1003.5796168775391 417025366.23331696 428695183.0192351 40.0 40.0
163.609451612903 1003.6797869787058 428695183.0192351 687405980.9152176 69.83602150537635 38.70967741935484
305.377071428571 1005.9004805228774 687405980.9152176 1338415667.9746883 40.0 44.285714285714285
515.583290322581 1011.7008966509666 1338415667.9746883 1872598154.6188726 315.0 69.83602150537635
448.1112 1015.191630773844 1872598154.6188726 2908335103.4151525 40.0 37.333333333333336
271.508322580645 1020.3955350248015 2908335103.4151525 3498433933.433745 40.0 315.0
125.965266666667 1023.5956456417981 3498433933.433745 3233678593.519084 219.0 40.0
80.5058064516129 1021.759658673036 3233678593.519084 2660756320.4850454 284.0 40.0
56.4302903225807 1019.2822310092976 2660756320.4850454 1962076116.346136 307.0 211.93548387096774
35.7994333333333 1015.7258275602754 1962076116.346136 1173957716.0644166 330.0 293.46666666666664
17.4331290322581 1010.426028806701 1173957716.0644166 652322832.7747426 205.17741935483872 307.0
11.4152333333333 1005.5993376203841 652322832.7747426 573968464.4886354 40.0 330.0
42.3448387096774 1004.9267679355247 573968464.4886354 585252333.2971337 40.0 205.17741935483872
282.83335483871 1005.0236251785161 585252333.2971337 688700023.9575548 247.19892473118279 38.70967741935484
526.084607142857 1005.9115881884768 688700023.9575548 1875104185.3703003 40.0 44.285714285714285
441.858967741935 1015.2065921514645 1875104185.3703003 2211289240.577977 315.0 247.19892473118279
449.691966666667 1017.0727664410447 2211289240.577977 3248945822.2636385 40.0 37.333333333333336
165.603064516129 1021.823672210749 3248945822.2636385 3553404917.845306 40.0 315.0
75.6662 1024.0084829553625 3553404917.845306 3158298664.767049 219.0 40.0
51.8997096774194 1021.44360027156 3158298664.767049 2498832957.295891 288.0 40.0
37.5056129032258 1018.52380776251 2498832957.295891 1785731482.7789252 294.0 211.93548387096774
24.2406666666667 1014.6730237777847 1785731482.7789252 925964717.3710413 347.0 297.6
13.5417096774194 1008.2841308210759 925964717.3710413 622713903.3513396 120.34946236559139 294.0
8.4959 1005.3451837197539 622713903.3513396 536884883.3747623 40.0 347.0
67.8139677419355 1004.6084539345472 536884883.3747623 616375002.3161145 40.0 120.34946236559139
315.535870967742 1005.2907725520696 616375002.3161145 1119335877.4718208 131.2258064516129 38.70967741935484
519.093035714286 1010.002603701332 1119335877.4718208 2291046139.88075 40.0 44.285714285714285
637.365612903226 1017.4936471761516 2291046139.88075 3150070123.96705 315.0 131.2258064516129
611.278466666667 1021.4090990522727 3150070123.96705 4598089875.418027 40.0 37.333333333333336
372.049967741935 1027.528948647828 4598089875.418027 5445115493.226747 40.0 315.0
150.201533333333 1029.0165283600722 5445115493.226747 5138468958.117984 256.0 40.0
104.528032258065 1028.5663332728975 5138468958.117984 4666670970.122177 265.0 40.0
77.6274193548387 1027.7473597774592 4666670970.122177 4108213548.064755 269.0 247.74193548387098
50.0950666666667 1025.9654798873537 4108213548.064755 3487750548.10689 270.0 273.8333333333333
29.337064516129 1023.5134657546685 3487750548.10689 2716622643.2184496 300.0 269.0
19.3250666666667 1019.5438999682362 2716622643.2184496 1697073360.9026468 409.0 270.0
87.2251290322581 1014.1437215576278 1697073360.9026468 687280884.0768608 467.03225806451616 300.0
407.438 1005.8994067302734 687280884.0768608 1253911312.7481234 199.56989247311827 395.80645161290323
586.189178571429 1011.0458241298304 1253911312.7481234 2589045197.033252 40.0 517.0714285714286
795.484806451613 1018.9463475270878 2589045197.033252 3870887104.3760934 315.0 199.56989247311827
813.061033333333 1025.1283495745188 3870887104.3760934 5836698321.09832 40.0 37.333333333333336
480.128290322581 1030.3212290389897 5836698321.09832 5890590165.220534 442.43279569892474 315.0
215.483233333333 1030.5292930904736 5890590165.220534 5868011270.0947485 210.59722222222223 40.0
136.859709677419 1030.4421284559644 5868011270.0947485 5484791233.869489 263.0 442.43279569892474
104.647935483871 1029.1237600915392 5484791233.869489 5002365906.195716 266.0 203.80376344086022
75.7020333333333 1028.3699363725768 5002365906.195716 4442966176.455192 269.0 271.76666666666665
48.0892258064516 1027.0349241288382 4442966176.455192 3647736086.2155313 323.0 266.0
36.4143333333333 1024.341220762665 3647736086.2155313 2351230389.0785646 532.0 269.0
69.0377096774194 1017.8112421587259 2351230389.0785646 1045741121.525528 560.0 323.0
126.959258064516 1009.3488099691158 1045741121.525528 953938853.9953845 165.0 514.8387096774194
263.442714285714 1008.5327898132923 953938853.9953845 1504704877.831958 40.0 620.0
781.20964516129 1012.8628707961618 1504704877.831958 2749697892.535288 315.0 165.0
445.711633333333 1019.6988191687835 2749697892.535288 3773118529.427341 40.0 37.333333333333336
237.183193548387 1024.7834868762868 3773118529.427341 4264212316.8715596 40.0 315.0
119.766933333333 1026.465644321247 4264212316.8715596 4012345931.0028834 206.0 40.0
82.0065806451613 1025.6273225079467 4012345931.0028834 3446898960.584604 280.0 40.0
62.4445161290323 1023.1992227737278 3446898960.584604 2808581086.8503323 288.0 199.3548387096774
43.3131 1019.974618673772 2808581086.8503323 2121212989.9421391 295.0 289.3333333333333
21.053935483871 1016.5974300260799 2121212989.9421391 1271671704.2174993 327.0 288.0
18.0287666666667 1011.1835015830815 1271671704.2174993 657292936.2287005 253.13333333333333 295.0
118.982064516129 1005.6419994526068 657292936.2287005 688008794.8257319 109.51344086021506 327.0
505.424516129032 1005.905654891208 688008794.8257319 1946583463.3520582 40.0 244.96774193548387
1142.19889285714 1015.6333341095645 1946583463.3520582 4633710859.2666645 40.0 121.24702380952381
1384.0545483871 1027.6423912715497 4633710859.2666645 5906890940.754767 905.8709677419355 40.0
1029.1991 1030.5922034591736 5906890940.754767 5900349596.85173 1015.0527777777778 37.333333333333336
628.869709677419 1030.5669581353625 5900349596.85173 5893230691.854684 613.9435483870968 905.8709677419355
285.549833333333 1030.5394838021837 5893230691.854684 5887207749.696894 274.25555555555553 1015.0527777777778
175.252548387097 1030.5162391712145 5887207749.696894 5614195790.377701 260.03225806451616 613.9435483870968
131.746967741936 1029.473502136156 5614195790.377701 5200940376.815087 267.0 265.4086021505376
92.7500666666667 1028.6564796202238 5200940376.815087 4679254961.96365 271.0 268.70000000000005
57.665 1027.7874361845975 4679254961.96365 3840600288.4657946 348.0 267.0
69.6110666666667 1025.021517772366 3840600288.4657946 2375728403.1875086 630.0 271.0
104.426483870968 1017.9405192780343 2375728403.1875086 686703960.636571 738.3225806451613 348.0
223.112225806452 1005.8944545977388 686703960.636571 688043347.1788999 225.61559139784947 609.6774193548387
463.748178571429 1005.9059514779304 688043347.1788999 1723241684.136291 40.0 817.4285714285714
440.777451612903 1014.2999503530525 1723241684.136291 2056717525.8262548 315.0 225.61559139784947
328.4019 1016.257084569004 2056717525.8262548 2781915088.9403076 40.0 37.333333333333336
189.986838709677 1019.8497193861373 2781915088.9403076 3155630716.8853984 40.0 315.0
115.086433333333 1021.4324139072763 3155630716.8853984 2834031656.778818 231.0 40.0
88.146 1020.0839901751732 2834031656.778818 2153314498.440207 333.0 40.0
67.9768064516129 1016.7668311263335 2153314498.440207 1361826317.3046377 355.0 223.5483870967742
48.0371333333333 1011.8823745527492 1361826317.3046377 687471295.9769775 301.03055555555557 344.1
31.1604516129032 1005.9010411671843 687471295.9769775 647000642.3096354 40.01075268817204 355.0
37.0707333333333 1005.5536535820569 647000642.3096354 635068361.7828419 40.0 301.0305555555556
54.1066451612903 1005.4512305732433 635068361.7828419 678110525.3199917 40.0 40.01075268817204
213.558516129032 1005.8206912044634 678110525.3199917 1152497687.8628907 40.0 38.70967741935484
303.007357142857 1010.2596719989372 1152497687.8628907 1800318057.2291846 40.0 44.285714285714285
518.175774193549 1014.7601078043534 1800318057.2291846 2340869541.654071 315.0 40.0
636.139866666666 1017.7565675021323 2340869541.654071 3858972015.213103 40.0 37.333333333333336
413.18735483871 1025.086321041316 3858972015.213103 4819505547.572534 40.0 315.0
183.440366666667 1028.1060686112157 4819505547.572534 4784192323.447241 185.0 40.0
115.014935483871 1028.055111577846 4784192323.447241 4294008333.3669033 283.0 40.0
85.7002580645161 1026.5605360935251 4294008333.3669033 3762446816.8081484 268.0 179.03225806451613
59.9293 1024.7458441509987 3762446816.8081484 3143373043.9102783 281.0 292.43333333333334
36.361064516129 1021.3810190520347 3143373043.9102783 2301662422.4849167 335.0 268.0
32.9351666666667 1017.549669775646 2301662422.4849167 1132298077.0146713 481.0 281.0
61.8636129032258 1010.1030858683308 1132298077.0146713 687528856.4323219 230.04301075268816 335.0
224.013225806452 1005.901535248346 687528856.4323219 687559040.342908 227.00537634408602 465.48387096774195
331.442714285714 1005.9017943377073 687559040.342908 1401802531.8730433 40.0 254.69047619047618
585.414741935484 1012.1675846748178 1401802531.8730433 2122830083.351638 315.0 227.005376344086
530.715533333333 1016.6059635005363 2122830083.351638 3370382078.2842145 40.0 37.333333333333336
342.166096774194 1022.6106313714171 3370382078.2842145 4144485725.3605 40.0 315.0
164.600666666667 1026.0843494438232 4144485725.3605 3900508534.604475 248.0 40.0
106.053258064516 1025.2328343372292 3900508534.604475 3368106704.813159 292.0 40.0
79.5767096774194 1022.5931284985628 3368106704.813159 2808265837.7527046 276.0 240.0
53.0012666666667 1019.9731420972023 2808265837.7527046 2163934202.535212 288.0 301.73333333333335
36.3235483870968 1016.8228717811884 2163934202.535212 1210782102.887733 381.0 276.0
27.9102 1010.7114891696724 1210782102.887733 664635270.7097942 236.74444444444444 288.0
66.388064516129 1005.7050237829167 664635270.7097942 687512992.1046863 59.844086021505376 381.0
216.662483870968 1005.9013990738599 687512992.1046863 687461890.5733125 219.68548387096774 229.10752688172042
338.498142857143 1005.9009604341056 687461890.5733125 1418820588.6946275 40.0 66.25595238095238
316.20564516129 1012.282571545234 1418820588.6946275 1419232996.4180245 315.0 219.68548387096774
245.134933333333 1012.2853580839055 1419232996.4180245 1933618964.939226 40.0 37.333333333333336
123.089064516129 1015.5559341190402 1933618964.939226 1632916875.7219958 228.0 315.0
69.729 1013.7291680792026 1632916875.7219958 729368855.2602144 414.0 40.0
52.2432580645161 1006.3114754385663 729368855.2602144 687511633.6867052 63.865591397849464 228.0
40.308935483871 1005.9013874136198 687511633.6867052 675744535.7443973 40.04838709677419 400.64516129032256
26.5055666666667 1005.8003822810678 675744535.7443973 625919908.3937924 40.0 65.99444444444445
20.3899032258065 1005.3727030763415 625919908.3937924 557424582.3656787 40.0 40.04838709677419
16.3810333333333 1004.7847603636538 557424582.3656787 492186087.58671373 40.0 40.0
66.2608064516129 1004.2247732840061 492186087.58671373 567360634.3652532 40.0 40.0
