0.008045509896652647
0.4675048077835597
1.294006715699136
1.3047947930403583
1.3672368643976256
0.6225784286394616
0.2210147083458076
0.20765005306809559
0.16506504263882105
0.17792372604386342
0.13330199108708318
0.1370100998738506
0.4557849982684617
0.46194036244087744
1.0774202991076058
0.712177351353861
0.18460829343791996
0.19433440393641377
0.19483000913127224
0.18098593568217103
0.14191242493245892
0.13629711063827066
0.07213243459899599
0.031746580385004
0.4772649837189948
0.480421329249327
0.3160081352421025
1.196530691620027
0.5072367715144668
0.19770133488052477
0.19937731024477912
0.18371012472506076
0.1467217259361271
0.1383137035132065
0.07684938459865398
0.03896014626382949
0.4756827121970908
0.4787515612434493
0.36600705495084507
0.548859096032094
0.5873690084026442
0.1951377682298182
0.2042601765369335
0.18621332407510438
0.1495525286928181
0.14451799874906612
0.08310184585598623
0.04351969828807545
0.4753845368913818
0.4782502268995177
0.3323982983866719
0.4554714102296483
0.13799531593021053
0.16040964956078096
0.1753677300932196
0.1518872850212113
0.09499429063091125
0.05952516388201501
0.014190951172481037
0.05404332657778432
0.49489184274796133
0.4911759032294783
0.25004726176790315
0.4590793695066111
0.1264884731099133
0.15672903599189425
0.17146450121597956
0.14442514398845274
0.08819412082320388
0.0504676457198715
0.016628621836463853
0.05313396593109687
0.49343310325530587
0.4966914043494599
0.3016867717766817
0.486393050672539
0.03212813616017318
0.06446967724624852
0.11230693035592709
0.34331645829170954
0.5197395424484971
0.5198031099451763
0.5237630553814596
0.5239870838089328
0.48628996332417185
0.5193898766486302
0.11005090677844731
0.21840040225702173
1.1037762313010213
0.19853992137584864
0.2116706173900288
0.18956254073690526
0.15268662677930978
0.15150968850667645
0.09000163460881705
0.05519940011974567
0.473795002612195
0.46891456093229167
0.9582255006190779
0.48891765777180374
0.1635248481977265
0.17509542837069547
0.182739516973617
0.16605203427546067
0.10913114096170484
0.08948771556552737
0.010963395611819804
0.026918972893814397
0.491833125673606
0.4967637005316218
0.1117947844028162
0.48360735390192316
0.010406042325348475
0.017739798976576737
0.04629906305099274
0.11627774263341123
0.4289102710462229
0.5189218783153204
0.5229965625279259
0.5238959529763242
0.47546642764747954
0.5224719904766861
0.03406321955851055
0.36576784912180443
0.0013039962095127144
0.0023524324532848695
0.013051747774350142
0.06326381056970687
0.13711132005216103
0.4592130084497535
0.520946246310369
0.5214961027840307
0.3900837211012567
0.516159192665458
0.08296683028565233
0.3756649124022126
0.06401541286160894
0.02941468481019993
0.002675064454213727
0.05485524968531463
0.14312919326828016
0.4435289545554253
0.5210694268303554
0.5218252774301272
0.41145560281866334
0.5110185643332416
0.10751657642986556
0.47255300793167043
0.12004121429724268
0.15411230783188523
0.16613464991348836
0.13667402317062294
0.08387255075550848
0.04128638006084173
0.030893065204410486
0.07305102047099915
0.4966459754341523
0.48728892502540544
0.29048840949380306
0.8503919690175432
0.9018258588433699
0.19714089890071207
0.21001986340959344
0.18916220284768637
0.15292275456215698
0.1536060953733671
0.09301594343465414
0.0596093317186579
0.47338480257627924
0.4794751345717874
0.2768453321153491
0.4274735840365718
0.17843802262297903
0.19074355567049273
0.1947153287592568
0.1769270229474721
0.12794913902106797
0.11580546989920237
0.025346550706140336
0.0068365920932625945
0.48244985287982867
0.18237089790732336
1.3684150407684774
1.3066875513639356
1.367948183083227
0.2714072403385953
0.21928210106335255
0.20082941201464388
0.16088806978953485
0.17213335204325153
0.11601314878413949
0.10669443216873287
0.4652394482276328
0.468056074448801
0.37312670800138936
0.335074471425932
0.16632108813017876
0.18219918315410932
0.187113154819872
0.17385170635528246
0.12230320008040896
0.10750271248721865
0.02136026636990529
0.004693678502760812
0.4853781110553344
0.48639460210378305
0.2087574463144427
0.46274268713472944
0.13291290912751363
0.17912851612086955
0.19194743455419327
0.1796232755673004
0.1373929042127673
0.12672291858399376
0.052971692077656396
0.0180462979114675
0.48038816114673316
0.4820885858670573
0.27184723678836253
0.45674391361125705
0.1465947390765796
0.18736797649567538
0.19531919203037096
0.1807455965454292
0.1388004013769314
0.12709575507458548
0.05373430327784434
0.019764218609994333
0.48036043522749516
0.48230161524639625
0.2717582504249375
0.4642174858621019
0.06832766105545662
0.08657821647974939
0.05385565830697181
0.010203199486548353
0.06528289238739904
0.11884925104107641
0.41056710433681926
0.5043180615578369
