0.46025985012837173
0.4385681860724418
1.3667456789883243
1.304794154122107
1.367236204057122
0.6225780223311077
0.25547288580548466
0.25512515106402467
0.2188600453544972
0.3175589697156792
0.6252747015517186
1.0304595522450144
0.480983805236155
0.4826621836834898
0.30922282101251786
0.45290402538978847
0.08620292145634184
0.01677896388108402
0.25873022565682957
0.2341161086064878
0.2023821752514442
0.28832903701151436
0.5430090982003644
0.5157270073143605
0.49886245611154034
0.49746555715829366
0.17758058193858361
0.221239080877775
0.5072365549737257
0.00866721631507783
0.25942381186750774
0.23897475750633623
0.2037564467626859
0.28848738694990494
0.4340067048828178
0.5629522126121715
0.49517433549265033
0.4939871977527921
0.2720628475246565
0.4571605721915891
0.25445984751356976
0.07988706500640352
0.296015912442146
0.24445488301887952
0.21211639434077423
0.39483668579721853
0.8817395729257769
0.5508899757360546
0.3629323396643471
0.5182131490696913
0.06189339742162736
0.4877011896652972
0.47175568090888237
0.037069609851360985
0.15058196621969722
0.13376598495313696
0.07338547536867268
0.3052199000240013
0.5200368463514087
0.5199684081932339
0.5194106717778507
0.5078086697821957
0.13489248136007415
0.4726849336374963
0.45446943149615243
0.010358507498464564
0.19910199514257654
0.17948633034209627
0.12704786196967677
0.1595592685921129
0.24649049380336796
0.23229904550779623
0.4164833548667962
0.5225212751849512
0.3802997100443861
0.5103486789100181
0.11537024081829622
0.3997256570613873
0.5176200935002133
0.5178851949111225
0.5203100174041481
0.5203870799508713
0.5243222755851932
0.5245633476866988
0.4521372665034091
0.5225215146127513
0.09568143279381869
0.09395365046086168
1.103776197154423
0.1352719008075004
0.26284490620225365
0.23882772973959798
0.206756430356709
0.2900126934292404
0.4919732891055444
0.5288518440629946
0.49478696686621576
0.4861590270617991
0.32158713286898655
0.4137445747566331
0.13782473550263152
0.0050647653618894894
0.22648465352271618
0.23042037992212727
0.1831496766463051
0.2341016545181409
0.32889096859870715
0.32396721279213836
0.5064765797233444
0.5091890056540542
0.02171924816048687
0.49462624117829557
0.3959710370082187
0.04171894587112779
0.060625116984666105
0.35032069566594487
0.5198905024902729
0.5200002708330668
0.5240292506413525
0.5249601149160992
0.4928326757198167
0.522521520256031
0.03445542110358002
0.49128787276391717
0.472528435132689
0.01229228300706231
0.13578316293382875
0.13343702846004402
0.07310589563759162
0.24061795218493714
0.5202316489165659
0.5207597261966952
0.2778104442951696
0.5224902384138158
0.051623723105987285
0.4856117358075963
0.4680755333663603
0.005472103354962954
0.13859042091825347
0.08638318338629458
0.07853843263709359
0.3957743998545358
0.5209985326523398
0.5217522225696954
0.41089202667493474
0.5109689605514425
0.10778026586827028
0.4725272899493561
0.4502866012007111
0.18616091011706581
0.229348666060876
0.22420099674461735
0.1652238049984237
0.21640604503592475
0.34421406920862463
0.3116491624694644
0.3199640470937664
0.5080310023866136
0.14344999331144526
0.4613048269940114
0.8232734498830312
0.07656334073221371
0.26179135195987835
0.24391289154137696
0.21130200142811684
0.3651524113955159
0.8108604399935739
0.6467070940454196
0.3184431941088265
0.5151083078985421
0.00592420953718964
0.4776878868279277
0.4588468933716429
0.0006393644122001385
0.21029563056021727
0.17800317849392278
0.09973364360126957
0.1106535426129911
0.16279984750633802
0.4337729085281583
0.5177075772176698
0.49511147739169603
1.2284321673959537
1.3066869236857344
1.3679488601555199
0.2713984645081783
0.25393789369723563
0.25424157786684065
0.22294864068238585
0.457736689993568
1.049509504539957
0.7656035992204666
0.28777139069457036
0.5225061127384745
0.029361963606098107
0.4880729735052374
0.47423027683628205
0.019576192483216293
0.21359432966659464
0.17339238059102724
0.070391021169314
0.5177086349938929
0.5203694958899577
0.5191244627018085
0.5179724922093816
0.510244994759328
0.04066070863515514
0.4835484351423196
0.4579026628021765
0.03551295661578746
0.27218332597931383
0.19646531793066346
0.16921451413917266
0.25215380344939975
0.4323172990015983
0.2068179278850117
0.2859242048720595
0.5225178202393316
0.02299632384306105
0.48702026655215547
0.46562181122324403
0.10776038922211395
0.2346421610705529
0.13390928892165233
0.08387362209020033
0.229304689407951
0.19741849462629235
0.49404004320110395
0.29499966300994496
0.5225201687112636
0.020172926488855047
0.500057257188516
0.11310873843285807
0.1737627436886623
0.48609783109890503
0.5176609070843112
0.5196250169504218
0.5193693097886989
0.5226895535490296
0.5229485307838584
