0.1418122053113552
0.4660112859251831
1.313452881729916
1.3047943854849569
1.3672364430586443
0.6225781693951806
0.04183568649372771
0.020841766877746415
0.013455917588649946
0.0009554094210273423
0.03923003472008235
0.030537207492084883
0.4472041013735925
0.6254401363408766
1.235389520729366
0.7121773976064227
0.1457662355828394
0.044122063743211926
0.04991747424688542
0.034280368871555944
0.0008218107308822775
0.008821499482979389
0.06018436523860082
0.0767400617424519
0.4306442422574538
0.4663196492581708
1.2730276657745485
1.3051047085195357
0.5072369126488963
0.01856290884208145
0.0013773534867953519
0.030301589557965247
0.0039347382022291155
0.008369739294714962
0.05771185005219248
0.06844982089797064
0.4420668506227514
0.4644612862973044
1.2017981889255356
1.1448367727872024
0.5873689255722543
0.013626096852992764
0.009441042586245008
0.01607382975134286
0.04702971062403971
0.0366007218352018
0.06674680026875923
0.07225915037500602
0.456145160235398
0.4622713568781299
0.40490219790129933
0.43771704388162624
0.09349296958241882
0.038313411248880436
0.025065911819376674
0.03736921881489896
0.06435743583139286
0.058654741268285626
0.09347933652902934
0.09905237617330948
0.4612621762298069
0.4650854336137252
0.6236450414821109
0.7693390758003147
0.17473031677116657
0.1386851508236845
0.11180079017147582
0.07463125850034646
0.020953090049107947
0.015922640686822143
0.08073258694371294
0.10370347390143853
0.44658972590926904
0.47468630314278104
0.22455482759253959
0.30888022405202664
0.13209798207746448
0.01541740211496645
0.07535147601064884
0.15369907359889462
0.22233601883798843
0.2560512434614257
0.3067638667378603
0.46136189695215096
0.44508292727208937
0.514694345683024
0.13116628778885664
0.417913584774083
1.103767142799131
0.08259550681766337
0.03287692544362142
0.005977913429934811
0.03557804303581391
0.031157525092804117
0.06562582841991083
0.07088139932569093
0.4565670853574947
0.3513820368939785
1.3669755621796924
0.48891760933761197
0.005842506020939164
0.026153785199548363
0.017208683522518253
0.02524048379901178
0.05581408566546553
0.06128453349037355
0.10329589105325121
0.11172628846883331
0.4690313237063542
0.4764498044329014
0.2896559391979997
0.3168579600037603
0.21994485683203813
0.10159037191415454
0.011648809564575036
0.1145230910505095
0.19480286848390932
0.23377410792051823
0.2856617209827624
0.33716362570568037
0.4126219262376194
0.5193279653608369
0.014750670793744924
0.48925321692450446
0.09332032886972941
0.09560060378278251
0.11251043548024164
0.16089794469059376
0.2115100478809473
0.2352192393260334
0.2801068671430605
0.3093309522964548
0.421310621099658
0.5087744745902424
0.12274911399979915
0.4688061022058837
0.0749559417060035
0.013723620794230507
0.05234014217974259
0.13507873900524087
0.20804243115747134
0.23981862182542585
0.29068195474443004
0.3245300485818319
0.43558006119840076
0.5078248785328071
0.12582728266238163
0.4706589433715115
0.06339334849134004
0.11313502379210871
0.15903164067092224
0.09198302573309447
0.0054840593788599845
0.05307983199233646
0.13879789634544748
0.16776839992990134
0.42071552808456647
0.47625471492575344
0.4296761488557598
1.3048260026537524
0.9018167261918819
0.055332072305881
0.0018514496036490247
0.014243170687017859
0.016589089358366227
0.011863493403144854
0.04887034345189212
0.060771758192795344
0.4563061310203915
0.46459465075698475
0.5662250986672093
0.7524866243220882
0.14744515555945592
0.16517715500714114
0.1697875115286871
0.13102423426777587
0.0474440470496067
0.001026387668999873
0.08835101421239544
0.13294451569817123
0.4396313772610543
0.49817362651450603
1.368415322440462
1.3066865411054926
1.367948464922796
0.2714073627626701
0.025607099089593133
0.025998246331958796
0.03356346481415995
0.02989610993314007
0.05759688973611565
0.052851726912306884
0.4506842815105012
0.18568846842012093
0.8168180364044773
0.3884384254250133
0.02540576581807774
0.0009864121034394158
0.002596506231971496
0.010281682631432698
0.04125421104177385
0.04248024369150161
0.0875384667727101
0.09532897516661903
0.46457509304719585
0.468033968676427
0.35173300810760777
0.3491391843998849
0.687555069112316
0.038133838319720725
0.04439919978542428
0.02727914336803483
0.015860203688241148
0.0147787761953595
0.06540399866116853
0.07845521530892119
0.4600225425741606
0.4653027545697357
0.3718600755909577
0.6716388850498087
0.462224644056044
0.04260370154033155
0.06308837582588422
0.0477138245103127
0.010428983878941422
0.00046574107540942045
0.06018745738196085
0.0810074575560098
0.4636986394067104
0.4675859043498334
0.3620023726019531
0.45313593808945923
0.05010535943422323
0.05320603449615735
0.0631945374695233
0.00346672361228062
0.06436855045505652
0.12149319168838135
0.1806814410360082
0.2055332647271652
