0.3826549618956534
0.46383498298251763
1.3565615312282746
1.3047943995134044
1.3672364575560079
0.6225781783127728
0.04183569105675489
0.07741038194876165
0.09604160366524828
0.07604189189381322
0.09722661035615016
0.0892089713312047
0.4102198435834885
0.9733242208556785
1.2353899751206319
0.7121862142359727
0.1457574345463427
0.09270607038621687
0.07801954464942368
0.07017145979261702
0.09973872747049256
0.09236027955665149
0.10511125425689327
0.0941352185643583
0.4536815456156571
0.4606202646049709
1.3511595441847832
1.3051046773145556
0.5072368947328014
0.09306541500014454
0.07858484033442942
0.08551242298635547
0.10348167600456692
0.08507821964638934
0.10988326099638418
0.0897260645456931
0.45273011198304236
0.14301716813745402
1.2223932662942547
1.144827760260545
0.5873693674761562
0.03695961833213035
0.07770625062551761
0.07741488637381333
0.10189785458900685
0.0872699972964121
0.10913223119111565
0.09824910134880116
0.4529525796956486
0.38190122189362774
0.5849706556371974
0.5774514401865092
0.09349303904163997
0.06870372772704514
0.06745659630643563
0.08094690494708573
0.09744382602485618
0.09132002143043111
0.10625959757410502
0.10165984265304051
0.45913882886312346
0.46334568313519203
0.865778261397089
0.7693483789252225
0.174730257399213
0.08353899794765651
0.0732708064285632
0.08293156648241856
0.10238025055305627
0.0809468150909487
0.1109030159409422
0.08875478163971667
0.45668452073558213
0.46510349188611894
0.19781880567331073
0.45474197415369905
0.12734149075865547
0.0345001850318194
0.05073674595226252
0.08671295555588088
0.14859029217593628
0.17779686040524567
0.21420689525410758
0.23454316259008645
0.48779910828402684
0.4886489927448857
0.3314874567598014
1.305696907166525
1.1037670865072546
0.08259548490743907
0.07720793165419099
0.08264862694115516
0.10115479354241824
0.0929305154598638
0.10592420296195543
0.10599484183790442
0.45263803386568224
0.7981691462462552
1.3669752490347398
0.48891743832893586
0.13782460961602488
0.0967335909888693
0.08385276496009347
0.08421276627477209
0.11113487329997479
0.09945261719276866
0.11931066802083323
0.12321773573393946
0.46040906249681257
0.46923680959615066
0.3283431885652144
0.45711538791589923
0.028786906435317117
0.013356920876912204
0.013182338522920056
0.0663978678066639
0.16370171583995663
0.18548708317726126
0.22205802479005793
0.2404371933955906
0.4898841518357728
0.4918375710011912
0.16966981384266122
0.46937916127542084
0.21044650480017402
0.13306989992619334
0.08595476031025173
0.0110749394827101
0.12383946877332191
0.16907656467598436
0.23232069208266587
0.2585263292757112
0.4968391491965381
0.4922534442189034
0.22473728109127622
0.4635636407235445
0.1989519360975055
0.16983532803933643
0.10374962463461301
0.0018290756605267022
0.15717572920139977
0.18426769670767462
0.2502063094621395
0.28848189277671477
0.5026375113367445
0.49478557654986727
0.20306929158234588
0.45993445920340714
0.006334284681227986
0.058164669773862254
0.004156984544659292
0.055997102660942266
0.06936608230198676
0.08368280749608131
0.1204305223594776
0.12972796077398085
0.4584083625763784
0.14460445517548337
1.3665998013035285
1.3048261876958662
0.9018168714856662
0.05533213392652814
0.07732561138771893
0.0822984419719025
0.10018398528095451
0.08892431794636979
0.1105837003931005
0.10072020075086019
0.4521154648928912
0.46090246904062526
1.0489679174540159
0.7524952137770589
0.13085965114063136
0.08074901351521846
0.0748659299572324
0.07271082351130348
0.0981241666316427
0.08909474372151432
0.12553026697124203
0.1235903353503277
0.45738025197294746
1.097237931910962
1.3684147649850242
1.3066872844907473
1.3679492330201886
0.2713986262558291
0.06690995168489988
0.07784584882689494
0.09590305363833612
0.08665517583545135
0.10648416642283531
0.09551047176706617
0.448411550816376
0.1348478032466216
0.8168093661753757
0.3884389581810711
0.0198138380546361
0.07217188140951086
0.06649510491345878
0.08226117109012077
0.09501287172782302
0.09169130907431716
0.10687022069516461
0.10871786189614724
0.45848755281395703
0.46429679628191267
0.373406958351186
0.8137286003028357
0.6875462220415001
0.0434193859952976
0.05568989067168806
0.06726155680244761
0.095922710723787
0.08630068664433443
0.10598884050942814
0.09018092685622225
0.4549105224543776
0.4611018381100409
0.6287290859190735
1.0061062727100825
0.4622249716135922
0.06621158063363253
0.0667012031007359
0.07568965421336843
0.1031001542865237
0.09654582546316526
0.11975690618598217
0.10137953683014
0.4553754054881253
0.4616723077622865
0.38685142480918044
0.4500647242732181
0.27209913724795964
0.07958451839166525
0.06655416710246231
0.09032323089904987
0.10045734345949525
0.08959748323161504
0.1339269753591419
0.1287137623668015
