0.3773029006382246
0.39666148145533586
1.343963700514456
1.304793747457133
1.3672357838947775
0.6225692680459878
0.1865478539069354
0.19422617958203825
0.1582000493756326
0.17332059032919567
0.22420943190088916
0.17211464107589358
0.36500017465674583
0.2942477819494587
0.6868564260733685
0.7121774745509823
0.14576627847885903
0.12337688738623476
0.156835734036745
0.163533342123667
0.13121669670047242
0.14077001987770665
0.08063619000037381
0.04070495757058923
0.3334849709289171
0.46069019973660896
0.3152205526866755
1.1849153492053492
0.5072279060000806
0.13083667097503904
0.16336496513298648
0.1620476330242191
0.13248000003189364
0.1375449218541025
0.08044053640346827
0.0477070868914764
0.4033878198645754
0.47802760344782036
0.36819032591791256
0.6232491226302685
0.5873688650177813
0.0859327917172995
0.1298910465493366
0.14897960197671156
0.13171454030840168
0.1433843503440333
0.09823817982702676
0.06635504833354688
0.4721935275020277
0.4251800565434309
0.34668842724086
0.13000283027700915
0.08981572307334562
0.07974510892485132
0.13652483538670301
0.13359960558186568
0.0849792867188458
0.06634711704540863
0.006255538870681643
0.043528220987921196
0.3869679669580012
0.49264259968298685
0.23131142226070123
0.3127785799366595
0.024988617294013582
0.06003163354940533
0.11827931030083705
0.11147907755398856
0.07002913577375469
0.04479448509057371
0.02285223659122293
0.05319675245941946
0.40455150304481113
0.4755350078181062
0.3075559133795713
0.2982877731824344
0.27019503789617977
0.16805911376047966
0.1763225248757435
0.26154860810825115
0.5194825583821777
0.519540046711312
0.5235111412868971
0.5237274919844112
0.5037998817352137
0.5178249767168689
0.11710809548682155
0.2806550334769101
1.1037760437165394
0.13827853134235013
0.16518738883407003
0.17295122178021427
0.141192790528066
0.15040911794713507
0.10400212914967322
0.0781303825639621
0.4341907203289368
0.4235194357263674
1.001094009017374
0.4889176516119105
0.12268377283061738
0.12075707484299214
0.15486311374259065
0.1417646372901109
0.11176321512468712
0.09807584291499727
0.008211988663921144
0.022218873292274344
0.39826155677156594
0.45318121318433646
0.11035221163085662
0.2770805784048075
0.17436937586573598
0.11064550897649078
0.09906224532940844
0.14839497387783962
0.3356697562184267
0.5184105266946365
0.5225068829986527
0.523391349203932
0.5208148826618697
0.4592000012237564
0.03150248264649835
0.4032725876818598
0.13763409403321353
0.08358223079586169
0.04406394040767592
0.049905073860112115
0.11135650428834337
0.1709801846945509
0.5193895164946067
0.5198919276231977
0.4844556611902793
0.5092338475789792
0.1203165180176341
0.304036461448963
0.07143579727589211
0.05422955558045628
0.026704349158374163
0.04063354249113371
0.08195523713008185
0.13557834523594647
0.44765101466627405
0.5132847165623701
0.5177204521208717
0.5042218326265302
0.14577864787032002
0.1445137576649948
0.009274114915701959
0.09322362193798894
0.11222850092399539
0.15869021672449912
0.09496751879449206
0.05408437927842902
0.01891445614336451
0.055277121515129646
0.473066290054139
0.4846174994408533
0.30812443916519927
1.090589634237835
0.9018166126153258
0.10659320380071902
0.18116235211896015
0.20342235865416347
0.14103368014743045
0.1515889051345679
0.09534440217961537
0.07256820829817512
0.2758021958507968
0.3049415505451687
0.23303679658193222
0.11951711301659546
0.019824588171148738
0.05527057089013854
0.12963160881692426
0.1393766923671892
0.09740095718075381
0.08411919883372865
0.0010444180371855794
0.031863591762670396
0.38542646921147816
0.47911743733896633
1.3530568079898564
1.3066876968437935
1.3679483334344003
0.2714073056181693
0.22244038101027852
0.19137740956569282
0.14055821652475076
0.16090099598361796
0.1125361199169117
0.10664602414949964
0.3070606162972057
0.3442687162407001
0.3628061461229092
0.03690564530323115
0.03321509185088434
0.07979038232859959
0.11168451689421732
0.13142359207573606
0.08790003128019552
0.07684471422486105
0.00037104085735439885
0.03085039900560671
0.47343010409747627
0.4895133400892163
0.18525046416613877
0.38951802405734837
0.06529172028266295
0.06221406615010905
0.15921148700480525
0.1460361320452439
0.13104260337387597
0.12779312900707207
0.031969896694754696
0.004122340124509072
0.38828006162219375
0.4849027102010904
0.23517360089324046
0.12280232102060029
0.08260205166936907
0.003924509851485292
0.11123123520736111
0.15300256039462656
0.11508434814429991
0.10931798308268359
0.0388102422107629
0.0077924193450295
0.48165006782124775
0.48328035750364295
0.2617721648931034
0.3483710677508709
0.014810766639742123
0.07884068897380853
0.018509006545544326
0.029510986184384302
0.07307683730122805
0.11209958519000929
0.31090533311557755
0.49484407588322243
