467.56451609000004 477.2554680664917 123874000000.0 122265487033.73761 1132.1612903225807
660.65 476.9006511127058 122265487033.73761 121718579822.04985 962.8214285714286
953.15483866 476.7773071317207 121718579822.04985 121707702194.49634 918.7096774193549
1661.9866663 476.7748539004277 121707702194.49634 122936402991.39456 1021.3333333333334
2699.1419352 477.0503943550732 122936402991.39456 126626646525.0467 1120.8387096774193
1576.67 477.8575342355745 126626646525.0467 127354275245.16093 1106.0
723.32258067 478.0164634675504 127354275245.16093 125814871175.8879 1106.0
445.62580648 477.67998057215397 125814871175.8879 123449218912.55382 1108.0
335.39333337 477.16255881726903 123449218912.55382 121027863383.46992 988.6
301.58064514 476.6215298564434 121027863383.46992 119266970853.1721 658.483870967742
425.20333337 476.22439577202795 119266970853.1721 118638165611.59595 468.26666666666665
648.4677419 476.0825813287316 118638165611.59595 119221903828.1515 468.48387096774195
825.24193553 476.2142318060784 119221903828.1515 120039143777.19148 583.0645161290323
989.3142857299999 476.3985439280991 120039143777.19148 120880174622.31067 717.1785714285714
1363.1709675999998 476.58822161080525 120880174622.31067 122062293713.71559 883.3548387096774
2148.7633336999997 476.85482492415775 122062293713.71559 124360536498.4561 1094.7666666666667
1842.0354837999998 477.36188462345933 124360536498.4561 125577309164.2103 1187.0
1192.78 477.6280203771239 125577309164.2103 125093439940.2275 1191.0
607.82903229 477.52218721352307 125093439940.2275 122895812844.48419 1238.6774193548388
441.22580648 477.0415163701847 122895812844.48419 120957773701.59048 946.9677419354839
336.41999999999996 476.6057225308052 120957773701.59048 119388706010.74014 663.7666666666667
275.25161285 476.25185070156516 119388706010.74014 118156454753.65907 436.9032258064516
260.38666663000004 475.9739528299502 118156454753.65907 117563118157.12418 290.9
387.09354837999996 475.84019796147976 117563118157.12418 117956708280.72308 277.8709677419355
506.59677418999996 475.9289243193695 117956708280.72308 118525971174.77016 356.5483870967742
773.675 476.0572781179003 118525971174.77016 119426610920.86992 476.32142857142856
1222.7258067 476.2603993957758 119426610920.86992 120818373845.82721 664.9032258064516
1836.29 476.5742836819637 120818373845.82721 122725988944.09505 934.1666666666666
2337.2064514000003 477.00437203501644 122725988944.09505 125309280049.89444 1172.9032258064517
1563.3966663 477.5693963363724 125309280049.89444 125821831928.02592 1177.0
748.0903225699999 477.68150304637487 125821831928.02592 124301644611.88705 1125.0
453.57419352 477.34900363339614 124301644611.88705 121954508779.38702 1110.7096774193549
342.36 476.83051618840483 121954508779.38702 120050873975.72737 797.6
271.34838715 476.401189439722 120050873975.72737 118573267602.77939 523.7741935483871
288.91333337000003 476.0679448810959 118573267602.77939 117895361383.90395 351.6666666666667
434.71290324 475.91509499186293 117895361383.90395 118275230340.42216 330.6774193548387
636.39677419 476.00072853866084 118275230340.42216 119015212748.83478 422.741935483871
1031.23214281 476.16761676789235 119015212748.83478 120274754499.87598 585.7857142857143
2826.0580648 476.45168121332335 120274754499.87598 125224524931.41727 939.3225806451613
3412.81 477.55085847143863 125224524931.41727 130762705533.76602 1105.0
3811.2419351999997 478.7521488309446 130762705533.76602 137434067400.66301 1111.0
2567.3199999999997 480.15349923362555 137434067400.66301 140687170036.9254 1112.0
1284.1032257000002 480.76166947783236 140687170036.9254 140582967934.50513 1119.0
611.22258067 480.74218880809593 140582967934.50513 138516016534.87018 1147.0
410.55 480.3557705243728 138516016534.87018 135859840776.53743 1134.0
317.3 479.8398215177664 135859840776.53743 132719462477.53748 1168.0
289.24333336999996 479.17194012708154 132719462477.53748 129832656122.5899 1191.0
292.20967743 478.55140430014893 129832656122.5899 127411485674.79784 1236.0
512.4516128500001 478.0288119306708 127411485674.79784 125720379636.0172 1209.0
812.6857142700001 477.65931313123735 125720379636.0172 125282791870.67068 1071.0
940.59354838 477.5636027713628 125282791870.67068 124820619417.05646 1074.0
1085.84333337 477.4625151830832 124820619417.05646 124344664831.98875 1101.0
1110.3645162 477.35841313035627 124344664831.98875 123820918095.19817 1106.0
1090.40666663 477.24385785109325 123820918095.19817 123288448382.85497 1109.0
582.67096771 477.1273946594171 123288448382.85497 121597440756.22243 1025.8387096774193
393.67741933 476.74998663875107 121597440756.22243 120018433282.65472 766.6129032258065
286.07666663000003 476.39387309035965 120018433282.65472 118669365626.12157 529.7333333333333
243.67096770999999 476.0896178678668 118669365626.12157 117625460597.93735 335.96774193548384
229.76999999999998 475.8542517127902 117625460597.93735 117151365181.29861 214.76666666666668
313.14516134 475.7473771824388 117151365181.29861 117529233043.25789 209.70967741935485
526.89354838 475.83255929739806 117529233043.25789 118294097331.03146 303.7096774193548
871.45714281 476.0049836109678 118294097331.03146 119467320510.14473 461.39285714285717
1979.5193553 476.2695806292613 119467320510.14473 122496806999.76195 810.0645161290323
2227.3033337 476.95282070359985 122496806999.76195 124796633847.99197 1172.3333333333333
1879.1870972000002 477.4572689956238 124796633847.99197 126103627555.11021 1190.0
1153.0333337 477.74313813541346 126103627555.11021 125525966093.12062 1187.0
510.3548386599999 477.61679048405966 125525966093.12062 123187404252.87442 1193.4516129032259
358.8677419 477.105294018564 123187404252.87442 120965797196.77982 970.3225806451613
273.83000000000004 476.6075320696391 120965797196.77982 119260908212.64929 653.6666666666666
214.46774190000002 476.2230284647382 119260908212.64929 117941655263.48485 408.8709677419355
266.43666663 475.92553094307596 117941655263.48485 117435563597.08868 263.46666666666664
445.07419352 475.8114435520939 117435563597.08868 118001276958.99051 271.5806451612903
619.75483866 475.93897136135945 118001276958.99051 118801881677.80818 383.38709677419354
766.28928573 476.11950421240596 118801881677.80818 119597599134.30373 512.3928571428571
945.56129028 476.29896236678024 119597599134.30373 120323302346.99004 636.4516129032259
1030.55 476.46263020906406 120323302346.99004 120690308630.2279 723.9
980.8838709500001 476.5454011344672 120690308630.2279 120759618816.64659 758.4516129032259
675.42333337 476.56103266049763 120759618816.64659 120180145150.39214 715.0666666666667
421.71612905 476.43034396716104 120180145150.39214 119233184881.58539 589.7096774193549
315.08064514 476.2167760220084 119233184881.58539 118326733913.75385 439.16129032258067
238.99666663 476.012344139322 118326733913.75385 117466743126.20032 296.03333333333336
178.38709676 475.81847230076653 117466743126.20032 116710284592.86327 165.0
206.45 475.6479451291396 116710284592.86327 116504682423.44547 88.66666666666667
283.94193553 475.6015965787749 116504682423.44547 117048115960.48201 118.58064516129032
441.87419352 475.7241018846894 117048115960.48201 117797726718.94664 224.2258064516129
697.30357146 475.8930853739735 117797726718.94664 118782357754.38887 364.9642857142857
1153.1419352 476.1151009820453 118782357754.38887 120250982251.33946 566.741935483871
2361.3566663 476.44631985821815 120250982251.33946 123500748042.07547 941.3333333333334
3241.9032257 477.17382940552835 123500748042.07547 128683797306.26355 1105.0
1783.5066662999998 478.3034313201519 128683797306.26355 129944729219.40683 1105.0
755.89677419 478.5755944786115 129944729219.40683 128483454328.56982 1107.0
398.64516134 478.2601887175847 128483454328.56982 125979153040.64706 1110.0
273.90333337 477.71591273854926 125979153040.64706 123072581383.32571 1111.0
211.84838715 477.0801796551456 123072581383.32571 120387460904.55316 911.3870967741935
204.87333337 476.4770998882619 120387460904.55316 118901054166.94186 578.1
338.94193553 476.14187058343293 118901054166.94186 118715128872.09917 446.2903225806452
512.38064514 476.0999388525257 118715128872.09917 119028269700.191 458.16129032258067
869.33571427 476.1705615020728 119028269700.191 119957779535.61162 560.25
1425.8 476.3801938510626 119957779535.61162 121604183728.54614 772.7741935483871
1925.4266662999999 476.7515073812688 121604183728.54614 123472414650.56271 1037.8666666666666
1217.6612905 477.16763225077926 123472414650.56271 123229935192.24771 1109.0
518.56333337 477.1145964987419 123229935192.24771 121465167948.09167 1013.7333333333333
345.29032257 476.72015515293 121465167948.09167 119893550672.33395 745.5806451612904
278.14838714999996 476.3657083158173 119893550672.33395 118670956571.83095 519.7096774193549
211.21333337 476.08997667384546 118670956571.83095 117632002160.38509 336.93333333333334
159.72258067 475.8557263661824 117632002160.38509 116775918946.03424 183.3548387096774
161.42333337000002 475.66274097070203 116775918946.03424 116451695638.00528 89.4
226.35161284999998 475.5896518570796 116451695638.00528 116888082569.60414 100.93548387096774
350.11290324 475.68802582723265 116888082569.60414 117493839497.95023 186.09677419354838
487.26071427 475.8245805901601 117493839497.95023 118154700841.28122 288.57142857142856
729.53548391 475.9735574484403 118154700841.28122 118921176758.2033 405.48387096774195
1311.1966663 476.1464088313494 118921176758.2033 120371455787.68024 587.3333333333334
1173.8387095 476.47349025432567 120371455787.68024 120975225881.85277 751.9032258064516
486.84666663 476.6096585209411 120975225881.85277 119920343446.1832 709.9333333333333
303.6322581 476.37175088998265 119920343446.1832 118808592716.56825 533.483870967742
234.85806447 476.12101775294724 118808592716.56825 117878573151.27672 368.2258064516129
171.28333337 475.91131044889016 117878573151.27672 117030561978.74379 224.33333333333334
123.03225809999999 475.7201447201857 117030561978.74379 116309279183.28952 97.16129032258064
130.14666663 475.55754715583623 116309279183.28952 116080673460.96637 21.666666666666668
235.11612905 475.50601295332876 116080673460.96637 116667647668.88223 53.41935483870968
373.49677419 475.6383335592611 116667647668.88223 117402516366.17249 161.2258064516129
512.6 475.80399377055284 117402516366.17249 118144157982.21469 280.5
660.51935486 475.97118078949836 118144157982.21469 118763583948.92264 391.38709677419354
858.1066666300001 476.11086692578317 118763583948.92264 119305571678.67422 485.2
952.85161285 476.23310141602934 119305571678.67422 119807523805.73907 570.0645161290323
521.09333337 476.3463066769822 119807523805.73907 119230916967.69342 560.5333333333333
319.63548391 476.2162645393986 119230916967.69342 118399733456.45119 445.258064516129
243.72903229000002 476.02880772585723 118399733456.45119 117634753312.62904 315.83870967741933
177.18666663000002 475.85634655379374 117634753312.62904 116884065860.66652 192.96666666666667
125.80000000000001 475.6871203473099 116884065860.66652 116221223583.15802 78.29032258064517
128.45999999999998 475.5376969303783 116221223583.15802 116018172406.30006 10.2
218.72258067 475.49305391577843 116018172406.30006 116590922061.58894 42.32258064516129
403.33870972 475.621037434984 116590922061.58894 117418049535.04361 156.61290322580646
732.26785719 475.8074953866194 117418049535.04361 118596816957.31941 319.57142857142856
955.14193553 476.0732559669191 118596816957.31941 119698958852.07999 505.64516129032256
1353.0700000000002 476.32182202347315 119698958852.07999 120968032801.77753 698.5333333333333
1594.1806447000001 476.60803626562415 120968032801.77753 122276078651.45982 908.3225806451613
1186.9866663 476.9030398402029 122276078651.45982 122257117532.95132 1008.6666666666666
503.36451609000005 476.8987635392312 122257117532.95132 120748115435.89867 879.483870967742
310.75161285 476.5584383030894 120748115435.89867 119291665441.5094 638.8064516129032
222.82666662999998 476.2299651424243 119291665441.5094 118061413604.57217 421.6
180.30322581000001 475.95252786397026 118061413604.57217 117096728913.21361 243.90322580645162
173.52333337000002 475.7350606206523 117096728913.21361 116686830970.49004 134.26666666666668
262.50967743 475.64265801859557 116686830970.49004 117118926062.006 138.74193548387098
570.4677419 475.74006448647566 117118926062.006 118124320640.43062 257.38709677419354
938.83214281 475.96670889098976 118124320640.43062 119488377144.72644 449.85714285714283
2323.1806447 476.27432953196353 119488377144.72644 123279998732.75157 869.0967741935484
3496.29 477.12554652947324 123279998732.75157 129043613880.01442 1103.0
3116.6806447 478.38109516080607 129043613880.01442 133869373508.0196 1108.0
1864.0633337 479.4164979812887 133869373508.0196 135319053986.05621 1108.0
796.02903229 479.7248094398248 135319053986.05621 133949393589.54953 1108.0
475.89354837999997 479.43351628871744 133949393589.54953 131708460684.20425 1083.0
327.58333337 478.95628333352136 131708460684.20425 128871299814.27533 1130.0
229.19354838 478.3439023989371 128871299814.27533 125517539423.9042 1170.0
197.61333337 477.6149473805565 125517539423.9042 122322156400.04938 1225.7666666666667
323.29354837999995 476.9134317546345 122322156400.04938 120889727890.04047 896.5806451612904
591.3677418999999 476.5903761592333 120889727890.04047 120605020114.34865 760.9677419354839
935.29642854 476.5261660158657 120605020114.34865 121152725427.87695 784.5714285714286
2038.2096771 476.64968999275527 121152725427.87695 123896264993.8422 975.2258064516129
2898.7066663 477.26033792516233 123896264993.8422 128106041645.08514 1105.0
3324.7580648000003 478.1787268821682 128106041645.08514 133488154417.08014 1109.0
2013.1133336999999 479.3354220368099 133488154417.08014 135319445064.36607 1110.0
810.15161285 479.7248926125832 135319445064.36607 133992915710.76723 1106.0
457.01612905 479.442772375748 133992915710.76723 131639848753.4877 1106.0
304.19 478.9414739377267 131639848753.4877 128581967662.377 1192.0
218.8322581 478.2814521179316 128581967662.377 125142845802.38737 1192.0
214.99333337000002 477.5329933950979 125142845802.38737 122175858183.17589 1155.2666666666667
302.85483866 476.8804371184429 122175858183.17589 120750559995.96481 873.4516129032259
505.17741933 476.55898962471014 120750559995.96481 120326658343.87424 726.6774193548387
693.76785719 476.4633870870262 120326658343.87424 120478732638.61156 706.3928571428571
1067.16451609 476.49768440203235 120478732638.61156 121156955175.39275 775.6129032258065
2911.7966663 476.6506439276934 121156955175.39275 125483130205.54596 1075.3333333333333
2674.9419352 477.6074213048001 125483130205.54596 129074841167.30537 1131.0
1666.1733337 478.3878353480046 129074841167.30537 129919746157.70111 1148.0
700.25806447 478.57020206296164 129919746157.70111 128084965400.8048 1191.0
399.78064514 478.1741777251899 128084965400.8048 125221080411.20659 1246.0
281.01666663 477.55010507681686 125221080411.20659 122118459845.83476 1195.0333333333333
185.44838715 476.8674920716812 122118459845.83476 119714360981.51303 781.3225806451613
157.60999999999999 476.3252956656547 119714360981.51303 118361520787.50525 479.93333333333334
303.74193553 476.02018962280226 118361520787.50525 118290063512.35474 368.258064516129
622.62903229 476.00407386385984 118290063512.35474 118994636044.48506 422.19354838709677
1007.62142854 476.16297610385317 118994636044.48506 120213521899.93886 578.9642857142857
2537.077419 476.43787142533574 120213521899.93886 124325658799.61597 963.1612903225806
3356.38 477.35425608040595 124325658799.61597 129704076075.69814 1111.0
3613.3838715 478.5236512142668 129704076075.69814 135864889971.82564 1105.0
2317.73 479.84089535768305 135864889971.82564 138492630765.59088 1105.0
1104.9806447 480.3513985353507 138492630765.59088 137950699140.96814 1105.0
550.9 480.25008396727765 137950699140.96814 135840557783.47476 1105.0
379.34666663 479.83572049839955 135840557783.47476 133148691944.28323 1120.0
258.96451609 479.26322670018783 133148691944.28323 129849634543.66177 1173.0
267.39 478.5550689712199 129849634543.66177 127004171892.55832 1156.0
465.54838715 477.94010758804865 127004171892.55832 125230812818.06033 1167.0
614.82258067 477.5522337747289 125230812818.06033 123664803440.27869 1264.0
783.49642854 477.2097120385562 123664803440.27869 123000329469.42886 1134.7857142857142
1166.5548391 477.06437652437205 123000329469.42886 123307724623.696 1013.0
1870.6466663 477.13161081008224 123307724623.696 124836029566.15575 1113.0
2125.4806447 477.4658857318801 124836029566.15575 127015763914.05273 1110.0
1797.99 477.9426430258208 127015763914.05273 128294780082.63695 1114.0
891.0903225699999 478.21946472752796 128294780082.63695 127180477329.17279 1114.0
468.69032257000003 477.9786695820588 127180477329.17279 124837828098.35402 1121.0
320.21333337000004 477.466279111626 124837828098.35402 122054848161.73659 1111.1666666666667
244.66451609 476.8531457288535 122054848161.73659 119802722905.35843 783.7741935483871
220.75 476.34522392994097 119802722905.35843 118553197844.53644 503.06666666666666
310.16451609 476.0634185486099 118553197844.53644 118427922197.3368 394.80645161290323
548.04193553 476.03516513246205 118427922197.3368 118920821808.0704 426.64516129032256
909.83928573 476.1463287794475 118920821808.0704 119966762711.74588 552.6071428571429
1422.4290324 476.38221982673565 119966762711.74588 121602581051.23811 773.3548387096774
2429.3 476.7511459294628 121602581051.23811 124602933120.67508 1104.5
3763.0193553 477.4149022573655 124602933120.67508 131080840834.24525 1141.0
2436.1266663 478.82081606610086 131080840834.24525 133821342913.46674 1184.0
1201.3548391 479.4062830526301 133821342913.46674 133379151201.45059 1168.0
566.33548391 479.3122397280839 133379151201.45059 131191827922.33817 1154.0
365.71666662999996 478.84477183732747 131191827922.33817 128266268187.55641 1203.0
249.13548391 478.2133106383675 128266268187.55641 124730301508.37518 1259.0
227.42333337000002 477.44276060988085 124730301508.37518 121850911487.67155 1134.3
326.73548390999997 476.8071518916715 121850911487.67155 120593042967.0269 834.7741935483871
610.35161285 476.5234648098843 120593042967.0269 120454979336.11485 725.1290322580645
985.7 476.4923273198274 120454979336.11485 121153150964.14166 772.75
2291.8129028000003 476.6497859639471 121153150964.14166 124283086682.85146 1084.516129032258
4449.55 477.34494459379954 124283086682.85146 132419715541.13765 1139.0
3880.1516134000003 479.10819131032275 132419715541.13765 139212567268.53244 1133.0
2453.6166663 480.48599126351326 139212567268.53244 142082546144.41708 1145.0
1187.2322580999999 481.02711339280637 142082546144.41708 141649587998.48468 1144.0
568.03870972 480.9415943164114 141649587998.48468 139413928898.99655 1166.0
372.46333337000004 480.52363598784757 139413928898.99655 136571220109.95618 1167.0
261.80322581 479.991114442781 136571220109.95618 133111274430.13873 1231.0
235.89333337 479.2552689132579 133111274430.13873 129932618964.80835 1250.0
367.29354837999995 478.57298056654616 129932618964.80835 127409919448.35204 1349.0
549.31935486 478.02847387186534 127409919448.35204 125429072994.24802 1354.0
849.14285719 477.5955977677708 125429072994.24802 124972965617.6409 1115.0
1251.4677419000002 477.4958367492653 124972965617.6409 125471922908.74307 1026.0
1512.1299999999999 477.6049700150357 125471922908.74307 126072498251.76543 1111.0
1516.1870972000002 477.7363294513923 126072498251.76543 126517487471.11157 1148.0
1242.4633337 477.833658676971 126517487471.11157 126128962142.86842 1203.0
610.77419352 477.74867938382954 126128962142.86842 124050729378.25282 1196.0
402.15806447 477.29412278614456 124050729378.25282 121618416508.7547 1091.4516129032259
296.93 476.7547173001251 121618416508.7547 119735270552.04509 744.7333333333333
192.04838715 476.3300114010025 119735270552.04509 118197738391.68353 467.38709677419354
179.53666663 475.98325933085744 118197738391.68353 117418401374.46332 281.8666666666667
338.30322581 475.8075747011865 117418401374.46332 117756646953.21739 249.70967741935485
