461.56451609000004 477.2554680664917 123874000000.0 124283624047.14702 373.0
657.65 477.34506212754746 124283624047.14702 123081281481.67105 1231.392857142857
947.15483866 477.0820825637951 123081281481.67105 122574490645.94806 1097.6451612903227
1655.9866663 476.97034069597385 122574490645.94806 125938485993.29762 190.0
2696.1419352 477.70701793379214 125938485993.29762 132292897470.21002 119.0
1568.67 479.0812202191004 132292897470.21002 135542046046.72826 119.0
699.32258067 479.77223437829184 135542046046.72826 136564306554.06473 117.0
402.62580648 479.98964409912054 136564306554.06473 136703861333.90178 117.0
285.39333337 480.0169866019633 136703861333.90178 136361228550.61656 117.0
262.58064514 479.94645439187934 136361228550.61656 135876913271.06955 119.0
411.20333337 479.8434524183474 135876913271.06955 136073044843.69774 119.0
645.4677419 479.8851647902377 136073044843.69774 137593853133.4304 119.0
821.24193553 480.1833713092971 137593853133.4304 139573086518.3844 151.0
987.3142857299999 480.5533906372003 139573086518.3844 135073509862.12279 2929.0
1359.1709675999998 479.67258823099166 135073509862.12279 128144809618.58832 3905.6774193548385
2145.7633336999997 478.1870946726934 128144809618.58832 132669484160.18129 227.0
1836.0354837999998 479.16131096558513 132669484160.18129 136708462002.58136 118.0
1180.78 480.0178467008004 136708462002.58136 138946291019.8447 118.0
578.82903229 480.43621069729755 138946291019.8447 139639392695.02414 117.0
397.22580648 480.5657866320853 139639392695.02414 139760450018.28262 116.0
286.41999999999996 480.5884183993798 139760450018.28262 139412084684.77686 117.0
234.25161285000001 480.52329121046495 139412084684.77686 138844973720.40656 118.0
240.38666663000004 480.4172693438786 138844973720.40656 138592567356.73303 119.0
382.09354837999996 480.3700817642051 138592567356.73303 139408809018.97195 119.0
500.59677418999996 480.52267882201755 139408809018.97195 140506008387.57516 160.0
770.675 480.72780115677233 140506008387.57516 134500265938.79285 3335.0
1217.7258067 479.5506733174804 134500265938.79285 128372970255.70193 3465.032258064516
1832.29 478.2363415186061 128372970255.70193 132064750700.9747 235.0
2333.2064514000003 479.03269900063265 132064750700.9747 137432602903.06833 119.0
1555.3966663 480.15322544458184 137432602903.06833 140636701549.63187 119.0
724.0903225699999 480.75223435214656 140636701549.63187 141709981972.5831 119.0
410.57419352 480.9528850201128 141709981972.5831 141854202839.42444 119.0
293.36 480.9798472311506 141854202839.42444 141512925610.99658 119.0
230.34838715 480.91604516937684 141512925610.99658 140926312638.0351 119.0
270.91333337000003 480.80637738606003 140926312638.0351 140746273207.37964 120.0
430.71290324 480.77271886471857 140746273207.37964 141690916050.29776 120.0
631.39677419 480.94932063007997 141690916050.29776 143115963315.76987 169.0
1029.23214281 481.2595509032321 143115963315.76987 136757713850.7551 3740.0
2825.0580648 480.0270543747906 136757713850.7551 134376436675.56032 3673.0
3411.81 479.5243378723012 134376436675.56032 142200973508.325 214.0
3810.2419351999997 481.05375022679374 142200973508.325 151482261455.1824 125.0
2564.3199999999997 483.0107491645949 151482261455.1824 157253390443.39145 126.0
1270.1032257000002 484.1315528682133 157253390443.39145 159751009908.1011 120.0
577.22258067 484.61094240078717 159751009908.1011 160295664780.52298 120.0
367.55 484.7154826834017 160295664780.52298 160089459688.6153 120.0
280.3 484.6759039709434 160089459688.6153 159572628072.98102 120.0
271.24333336999996 484.57670404471804 159572628072.98102 159353784955.48367 120.0
287.20967743 484.53469960757843 159353784955.48367 159921788373.84665 120.0
506.45161285000006 484.64372137693795 159921788373.84665 161046102573.4698 161.0
809.6857142700001 484.859520647499 161046102573.4698 155145190296.74304 3337.0
934.59354838 483.72324261753414 155145190296.74304 145888860000.55255 4347.0
1077.84333337 481.8832343680955 145888860000.55255 147523942971.4079 262.0
1099.3645162 482.22234368826616 147523942971.4079 149553694681.14853 120.0
1077.40666663 482.6267572586469 149553694681.14853 151493420641.735 120.0
552.67096771 483.01291979026166 151493420641.735 152082525240.6002 120.0
346.67741933 483.12750928624786 152082525240.6002 152027696583.06848 120.0
231.07666663000003 483.116844307152 152027696583.06848 151491517037.3952 120.0
199.67096770999999 483.01254951126145 151491517037.3952 150786146059.37296 120.0
208.76999999999998 482.8723144170897 150786146059.37296 150423473328.50772 120.0
308.14516134 482.80005445875827 150423473328.50772 151043974262.37912 120.0
520.89354838 482.9236848500457 151043974262.37912 152168956460.60278 173.0
869.45714281 483.14432142785506 152168956460.60278 145409230733.09253 3749.0
1977.5193553 481.77535554050667 145409230733.09253 137961754658.82886 4716.0
2224.3033337 480.25215080553915 137961754658.82886 142564853921.72958 268.0
1873.1870972000002 481.1355946742532 142564853921.72958 146676079720.61267 120.0
1141.0333337 482.05341297481823 146676079720.61267 148786089335.7743 120.0
478.3548386599999 482.4738173611824 148786089335.7743 149184430018.96512 119.0
308.8677419 482.5531839049542 149184430018.96512 149037834948.6026 119.0
216.83000000000004 482.5239758813713 149037834948.6026 148476017962.23752 119.0
166.46774190000002 482.41203784862273 148476017962.23752 147691626627.35986 120.0
247.43666663 482.25575346231517 147691626627.35986 147435562138.46277 120.0
441.07419352 482.2047344368326 147435562138.46277 148410938695.1372 120.0
614.75483866 482.3990712682083 148410938695.1372 149777573025.5172 176.0
763.28928573 482.6713634240919 149777573025.5172 142033035401.60245 4049.0
939.56129028 481.0159773732799 142033035401.60245 129244586294.21284 5673.129032258064
1021.55 478.42447362275266 129244586294.21284 130804158081.92702 247.0
968.8838709500001 478.76109606775896 130804158081.92702 132528205074.15039 118.0
656.42333337 479.13126437136333 132528205074.15039 133420093738.99632 117.0
384.71612905 479.3209472009775 133420093738.99632 133605851647.14305 117.0
261.08064514 479.3604533490308 133605851647.14305 133375122630.45056 117.0
176.99666663 479.3113829499044 133375122630.45056 132761082310.29652 118.0
123.38709675999999 479.18079164404435 132761082310.29652 131918767311.65002 119.0
183.45 479.0016519165568 131918767311.65002 131532733014.5794 120.0
278.94193553 478.9183537696049 131532733014.5794 132066689915.14748 120.0
435.87419352 479.03311142389356 132066689915.14748 132955553785.25963 171.0
694.30357146 479.22215095390465 132955553785.25963 127044087933.87727 3216.8214285714284
1148.1419352 477.94883813076933 127044087933.87727 125605139336.34409 1646.0
2358.3566663 477.634107466392 125605139336.34409 130703742009.9865 220.0
3239.9032257 478.7394219749593 130703742009.9865 138495301291.0304 121.0
1776.5066662999998 480.3518977923033 138495301291.0304 142267514481.3701 120.0
731.89677419 481.0687167074607 142267514481.3701 143355619981.08127 120.0
351.64516134 481.313454786568 143355619981.08127 143335286863.00125 120.0
216.90333336999998 481.3088814356728 143335286863.00125 142788861396.3677 120.0
162.84838715 481.1859787216302 142788861396.3677 142014888954.25418 120.0
181.87333337 481.0118958511593 142014888954.25418 141602134663.98935 120.0
333.94193553 480.93272287604964 141602134663.98935 142287874555.02127 120.0
506.38064513999996 481.0732961212374 142287874555.02127 143375730003.08936 170.0
867.33571427 481.31797795840964 143375730003.08936 137847983432.2973 3235.0
1421.8 480.2308811800892 137847983432.2973 130998992705.61899 3938.0
1921.4266662999999 478.80314973140923 130998992705.61899 134872083298.19635 252.0
1208.6612905 479.62974974440584 134872083298.19635 137221840129.99417 120.0
495.56333337 480.11382316881554 137221840129.99417 137679029220.75037 120.0
302.29032257 480.19929504968223 137679029220.75037 137626482656.08936 120.0
218.14838714999996 480.18947142570374 137626482656.08936 137262102279.6557 120.0
143.21333337 480.1213502111901 137262102279.6557 136542070839.94604 120.0
101.72258067000001 479.984915108453 136542070839.94604 135624348834.89066 120.0
135.42333337000002 479.7897381613974 135624348834.89066 135104586268.53708 120.0
220.35161284999998 479.6791974199356 135104586268.53708 135483359861.57172 120.0
343.11290324 479.7597532670293 135483359861.57172 136134528759.77917 168.0
482.26071427 479.898240910204 136134528759.77917 129013268470.72731 3506.0
722.53548391 478.37454532068364 129013268470.72731 125501709739.29163 1994.0967741935483
1304.1966663 477.61148506983636 125501709739.29163 127712968120.07721 281.0
1163.8387095 478.09388476582717 127712968120.07721 129963798314.22945 119.0
461.84666663 478.57971040669753 129963798314.22945 130355286391.03502 118.0
256.6322581 478.664210315354 130355286391.03502 130203169274.71039 118.0
167.85806447 478.63137692093903 130203169274.71039 129727353539.15317 119.0
94.28333337000001 478.5286754887013 129727353539.15317 128912126149.83339 118.0
55.03225809999999 478.35271447222823 128912126149.83339 127902228452.4607 119.0
100.14666663 478.13473525846337 127902228452.4607 127310769914.62733 120.0
229.11612905 478.00707315230466 127310769914.62733 127709123623.59474 120.0
366.49677419 478.09305495868654 127709123623.59474 128440637307.47008 159.0
507.6 478.2509469690201 128440637307.47008 125364157748.54924 1857.1785714285713
652.51935486 477.5813993325786 125364157748.54924 123418829561.65952 1339.8064516129032
848.1066666300001 477.15591197761586 123418829561.65952 124671030317.05562 197.0
939.85161285 477.42979665727376 124671030317.05562 126359982089.20238 108.0
498.09333337 477.7992086809279 126359982089.20238 126887391165.52417 105.0
274.63548391 477.9145649968338 126887391165.52417 126837386776.57541 101.0
178.72903229000002 477.9036279038879 126837386776.57541 126432294374.57114 107.0
102.18666663000002 477.8150250163104 126432294374.57114 125677654898.04796 107.0
58.80000000000001 477.64996826291514 125677654898.04796 124712062806.024 111.0
98.45999999999998 477.43877139239373 124712062806.024 124132227843.09326 117.0
212.72258067 477.3119483471333 124132227843.09326 124490406510.1726 118.0
396.33870972 477.39029013783306 124490406510.1726 125406366443.08612 119.0
729.26785719 477.5906313305088 125406366443.08612 123991819251.48238 1391.107142857143
949.14193553 477.28123780653596 123991819251.48238 123173572971.42253 1215.774193548387
1346.0700000000002 477.1022688038982 123173572971.42253 125741585582.56746 187.0
1587.1806447000001 477.66395135226765 125741585582.56746 129154037802.2894 110.0
1174.9866663 478.4049293767083 129154037802.2894 131432625189.6581 103.0
470.36451609000005 478.8967462097255 131432625189.6581 131881768264.04926 106.0
255.75161285000001 478.99369053832277 131881768264.04926 131695137478.43759 97.0
157.82666662999998 478.9534076145991 131695137478.43759 131060684181.82887 109.0
126.30322581000001 478.8164653964664 131060684181.82887 130251566011.26772 112.0
148.52333337000002 478.64182301128164 130251566011.26772 129789715686.8006 116.0
256.50967743 478.54213591340397 129789715686.8006 130268059431.59909 118.0
565.4677419 478.64538299840257 130268059431.59909 131620574477.79257 127.0
936.83214281 478.93731372281303 131620574477.79257 127818880407.81358 2587.3214285714284
2321.1806447 478.1167451775985 127818880407.81358 127719192490.28607 2318.7419354838707
3496.29 478.09522825173457 127719192490.28607 135835009635.39537 191.0
3114.6806447 479.83454054346987 135835009635.39537 143285319090.33 119.0
1857.0633337 481.2976426204071 143285319090.33 147258963604.81747 119.0
773.02903229 482.16954843690326 147258963604.81747 148459560384.2882 115.0
433.89354837999997 482.4087587934426 148459560384.2882 148662521759.8643 114.0
276.58333337 482.4491974018458 148662521759.8643 148261633616.29138 117.0
183.19354838 482.36932329473825 148261633616.29138 147533361917.37827 116.0
174.61333337 482.2242203461602 147533361917.37827 147094241087.1238 118.0
318.29354837999995 482.1367286485602 147094241087.1238 147743234462.08484 119.0
586.3677418999999 482.266035955785 147743234462.08484 149105697236.47174 149.0
933.29642854 482.53749695885074 149105697236.47174 144218837866.9187 3038.0
2036.2096771 481.50761085625703 144218837866.9187 140005911228.10626 3567.0
2896.7066663 480.6343075767632 140005911228.10626 146489185219.1563 213.0
3322.7580648000003 482.01617557664 146489185219.1563 154470195035.74503 120.0
2007.1133336999999 483.591946126385 154470195035.74503 158810899630.11026 119.0
788.15161285 484.430498969311 158810899630.11026 160018532960.0461 119.0
414.01612905 484.6622903954023 160018532960.0461 160131281200.63593 118.0
251.19 484.6839311325597 160131281200.63593 159626926479.26633 119.0
171.8322581 484.5871260036979 159626926479.26633 158824132324.96762 119.0
192.99333337000002 484.4330388339669 158824132324.96762 158406764003.24075 119.0
297.85483866 484.35292975110184 158406764003.24075 159002908567.55295 120.0
499.17741933 484.4673528920447 159002908567.55295 160136601765.72418 150.0
690.76785719 484.68495235426565 160136601765.72418 153410009816.63748 3559.0
1062.16451609 483.38572453153813 153410009816.63748 143269567624.91492 4805.0
2909.7966663 481.29409978068264 143269567624.91492 149741844898.13422 228.0
2671.9419352 482.6642448491999 149741844898.13422 155977345558.2096 119.0
1658.1733337 483.88510903680407 155977345558.2096 159414199705.6963 118.0
675.25806447 484.5462955289244 159414199705.6963 160323927507.87515 117.0
352.78064514 484.72090739114685 160323927507.87515 160280182124.31735 115.0
225.01666662999997 484.7125109643603 160280182124.31735 159715427165.1097 116.0
132.44838715 484.60411269963714 159715427165.1097 158812379094.26987 117.0
130.60999999999999 484.43078293556044 158812379094.26987 158233494762.3515 119.0
298.74193553 484.31967269910774 158233494762.3515 158834625843.4058 119.0
617.62903229 484.4350529449915 158834625843.4058 160285570132.16647 150.0
1005.62142854 484.71354513093405 160285570132.16647 155158371647.245 3213.0
2536.077419 483.72580658378627 155158371647.245 152488218644.392 3489.0
3355.38 483.2064226112414 152488218644.392 160178948733.44745 197.0
3612.3838715 484.6930803711031 160178948733.44745 168906972191.6798 120.0
2313.73 486.3356656563351 168906972191.6798 174013052605.3984 120.0
1088.9806447 487.2724736350377 174013052605.3984 175994528181.9427 120.0
513.9 487.63096035133447 175994528181.9427 176334504833.9003 120.0
334.34666663 487.69246861064414 176334504833.9003 175998999912.90182 120.0
216.96451609000002 487.63176937273585 175998999912.90182 175264688907.87723 120.0
248.39 487.4989185094459 175264688907.87723 174955952932.56125 120.0
461.54838715 487.4430622842651 174955952932.56125 175996998289.8932 120.0
609.82258067 487.6314072409649 175996998289.8932 177397748034.08148 165.0
780.49642854 487.8848295804031 177397748034.08148 172110218625.79755 3059.0
1161.5548391 486.9267795950909 172110218625.79755 165217016040.3743 3689.0
1866.6466663 485.64764897182187 165217016040.3743 168818810469.19775 279.0
2120.4806447 486.31939665421623 168818810469.19775 173537730446.60632 120.0
1790.99 487.18647879265586 173537730446.60632 177281833584.5408 120.0
870.0903225699999 487.8638584461237 177281833584.5408 178671513965.95853 120.0
426.69032257000003 488.1152781267565 178671513965.95853 178772406349.7393 120.0
268.21333337000004 488.13353148288616 178772406349.7393 178259187898.8218 120.0
200.66451609 488.0406804786193 178259187898.8218 177474532023.45532 120.0
198.75 487.89872126826475 177474532023.45532 177032981023.3794 120.0
305.16451609 487.8188362724725 177032981023.3794 177655880306.21042 120.0
543.04193553 487.93153063072197 177655880306.21042 178876073146.50754 166.0
907.83928573 488.1522867832302 178876073146.50754 173309656458.49905 3302.0
1418.4290324 487.14521585909404 173309656458.49905 164586650199.52277 4629.0
2426.3 485.52893600744306 164586650199.52277 169667445108.30252 268.0
3762.0193553 486.4760002045216 169667445108.30252 178769225968.2635 123.0
2432.1266663 488.1329560912309 178769225968.2635 182638905389.20523 709.0333333333333
1186.3548391 488.65269620016636 182638905389.20523 181852094202.47546 1246.483870967742
530.33548391 488.58743316211644 181852094202.47546 181123358754.84482 531.516129032258
318.71666662999996 488.52698728888896 181123358754.84482 180658610370.56204 149.43333333333334
206.13548391 488.47478175803195 180658610370.56204 179881420851.75113 120.0
206.42333337000002 488.3341733539533 179881420851.75113 179455091662.34677 120.0
321.73548390999997 488.2570422739742 179455091662.34677 180123303482.3533 120.0
605.35161285 488.37793453425763 180123303482.3533 181325042034.1486 235.7741935483871
983.7 488.5437161607622 181325042034.1486 176512551183.46613 3067.0
2289.8129028000003 487.72468059042325 176512551183.46613 171782108199.8574 4009.0
4449.55 486.86623144488976 171782108199.8574 182068530960.10834 276.93333333333334
3879.1516134000003 488.60538577970374 182068530960.10834 184419415591.7218 2754.7419354838707
2449.6166663 488.8003828460287 184419415591.7218 183214025257.0955 2683.5333333333333
1172.2322580999999 488.7004002369854 183214025257.0955 181877812379.8093 1437.4193548387098
532.03870972 488.5895663885044 181877812379.8093 181127016925.3531 541.4516129032259
325.46333337000004 488.5272907204175 181127016925.3531 180675850012.26822 150.93333333333334
219.80322581000001 488.4779007379571 180675850012.26822 179935163758.57922 120.0
214.89333337 488.343896470615 179935163758.57922 179530664502.63742 120.0
362.29354837999995 488.27071484187144 179530664502.63742 180307555748.37628 120.0
544.31935486 488.4112692826637 180307555748.37628 181312872269.92813 248.09677419354838
847.14285719 488.5427067244466 181312872269.92813 176172327254.13745 3066.0
1246.4677419000002 487.6631275939219 176172327254.13745 169014906490.9256 3872.0
1506.1299999999999 486.35558340854874 169014906490.9256 171762373370.77512 246.0
1508.1870972000002 486.862589660597 171762373370.77512 174837124712.65256 120.0
1231.4633337 487.42156399336375 174837124712.65256 177129877970.0761 120.0
581.77419352 487.83636677784517 177129877970.0761 177748304523.6772 120.0
356.15806447 487.94825193408707 177748304523.6772 177662460632.16602 120.0
242.93 487.9327211371667 177662460632.16602 177086759849.47934 120.0
140.04838715 487.82856588761535 177086759849.47934 176143485937.93695 120.0
154.53666663 487.6579096498499 176143485937.93695 175590011909.65552 120.0
333.30322581 487.55777564400955 175590011909.65552 176287743271.62173 120.0
