464.56451609000004 477.2554680664917 123874000000.0 122528558953.38257 1031.0
659.65 476.9599817215567 122528558953.38257 123131122112.57 487.0
950.15483866 477.09298383914484 123131122112.57 123844396456.20715 645.0
1659.9866663 477.24899310065774 123844396456.20715 125188601315.51459 973.0
2699.1419352 477.5430011626235 125188601315.51459 129241719068.50685 983.0
1573.67 478.42385475253764 129241719068.50685 130268756731.90749 985.0
710.32258067 478.6455335056999 130268756731.90749 129000447899.91339 989.0
421.62580648 478.37177809193037 129000447899.91339 126882456793.06009 988.0
306.39333337 477.9134857377647 126882456793.06009 124372404234.80862 989.0
279.58064514 477.3644803663186 124372404234.80862 121672861298.91988 982.3870967741935
417.20333337 476.76699623340545 121672861298.91988 120190928631.9618 787.3666666666667
646.4677419 476.4327759657108 120190928631.9618 120219697253.53297 673.9354838709677
823.24193553 476.43926415280396 120219697253.53297 120679000341.87968 714.9677419354839
988.3142857299999 476.54285077624706 120679000341.87968 121309284407.93842 803.5
1361.1709675999998 476.68499873882234 121309284407.93842 122346844797.1921 935.258064516129
2147.7633336999997 476.9189997287307 122346844797.1921 124952068349.22173 975.0
1840.0354837999998 477.4912660431369 124952068349.22173 126702305873.31007 985.0
1187.78 477.87408264945543 126702305873.31007 126982136593.12204 890.0
591.82903229 477.9352879687494 126982136593.12204 125412904562.84492 986.0
416.22580648 477.5920613654517 125412904562.84492 123293405896.01537 987.0
307.41999999999996 477.1284789798809 123293405896.01537 120940700327.41797 934.2666666666667
251.25161285000001 476.6018719728051 120940700327.41797 119101095429.81453 637.741935483871
249.38666663000004 476.1869858885463 119101095429.81453 118156219596.30669 414.73333333333335
384.09354837999996 475.97389981882475 118156219596.30669 118333199821.96715 355.83870967741933
503.59677418999996 476.01380239557216 118333199821.96715 118762414494.25871 405.93548387096774
772.675 476.11060317867805 118762414494.25871 119583837179.35832 508.14285714285717
1220.7258067 476.2958586331435 119583837179.35832 120915658273.4323 685.258064516129
1835.29 476.59622423848265 120915658273.4323 122848830343.41325 923.2333333333333
2337.2064514000003 477.0312402325926 122848830343.41325 125942513094.79466 982.0
1560.3966663 477.70789875214234 125942513094.79466 126989501349.9957 967.0
736.0903225699999 477.9368988079606 126989501349.9957 125806178335.07104 986.0
429.57419352 477.67807925089045 125806178335.07104 123726603867.39624 985.0
314.36 477.2232291923439 123726603867.39624 121312746838.05988 964.2
247.34838715 476.685779620672 121312746838.05988 119331499647.61914 686.258064516129
277.91333337000003 476.2389489507485 119331499647.61914 118367178437.90302 450.53333333333336
432.71290324 476.02146559267095 118367178437.90302 118575486561.60445 392.80645161290323
633.39677419 476.0684453228697 118575486561.60445 119202409646.89532 462.03225806451616
1030.23214281 476.20983528346756 119202409646.89532 120398766047.003 610.9642857142857
2826.0580648 476.47964953698755 120398766047.003 125374738522.72891 929.516129032258
3411.81 477.5837135876485 125374738522.72891 131223328613.39806 984.0
3811.2419351999997 478.8515710367792 131223328613.39806 138244020498.28647 980.0
2567.3199999999997 480.3049206390515 138244020498.28647 141821974185.51642 986.0
1278.1032257000002 480.97382205749045 141821974185.51642 142261493979.5881 909.0
593.22258067 481.0673625685084 142261493979.5881 140570791530.1816 987.0
386.55 480.7399124191777 140570791530.1816 138227344013.86887 987.0
296.3 480.30180295641594 138227344013.86887 135503187906.72278 988.0
278.24333336999996 479.7639702055982 135503187906.72278 133106369948.07527 988.0
289.20967743 479.25422585029247 133106369948.07527 131348565627.95726 986.0
509.45161285000006 478.8786025529802 131348565627.95726 130343995888.97163 951.0
811.6857142700001 478.66177334102565 130343995888.97163 130130805713.94589 979.0
937.59354838 478.6157577625612 130130805713.94589 129917896727.87444 977.0
1081.84333337 478.56980287672667 129917896727.87444 129754882791.54738 972.0
1105.3645162 478.53461748144775 129754882791.54738 129548835324.90286 977.0
1084.40666663 478.49014360563416 129548835324.90286 129321360987.29298 980.0
566.67096771 478.44104489257353 129321360987.29298 127687111763.58185 983.0
366.67741933 478.08830385572674 127687111763.58185 125449963998.76442 979.0
254.07666663000003 477.6001671038418 125449963998.76442 122825183729.45135 983.0
218.67096770999999 477.0260681822947 122825183729.45135 120269784316.39255 870.0322580645161
217.76999999999998 476.4505602878648 120269784316.39255 118851673530.73795 564.7333333333333
310.14516134 476.13073376877264 118851673530.73795 118620721244.26122 434.2903225806452
523.89354838 476.07864710064524 118620721244.26122 118992376764.79076 447.80645161290323
870.45714281 476.1624665685139 118992376764.79076 119935631563.95444 555.6785714285714
1979.5193553 476.37519881911464 119935631563.95444 122870563242.10083 845.2903225806451
2226.3033337 477.0359937099958 122870563242.10083 125688399089.6938 971.0
1877.1870972000002 477.6523182610879 125688399089.6938 127552151781.04567 979.0
1147.0333337 478.05917370624775 127552151781.04567 127501831447.20018 976.0
492.3548386599999 478.0483124211527 127501831447.20018 125689279507.58582 977.0
330.8677419 477.6525108284309 125689279507.58582 123351381335.8283 983.0
240.83000000000004 477.1411595222722 123351381335.8283 120840500789.9188 928.7333333333333
186.46774190000002 476.5792739715649 120840500789.9188 118895588816.92421 612.516129032258
255.43666663 476.14063798306813 118895588816.92421 118034567997.66763 388.6
443.07419352 475.946476104073 118034567997.66763 118383674581.69833 350.5483870967742
616.75483866 476.0251859679067 118383674581.69833 119042421156.89156 433.4516129032258
765.28928573 476.17375308003864 119042421156.89156 119757542356.65933 544.7857142857143
942.56129028 476.33503436099664 119757542356.65933 120420020002.14958 657.0322580645161
1026.55 476.4844429413959 120420020002.14958 120744784266.87256 736.1333333333333
974.8838709500001 476.557687024554 120744784266.87256 120781678792.2445 764.516129032258
664.42333337 476.56600784669473 120781678792.2445 120171172667.56212 716.0333333333333
400.71612905 476.42832040314886 120171172667.56212 119181783476.2197 584.5806451612904
284.08064514 476.2051834632881 119181783476.2197 118226055592.75629 426.64516129032256
202.99666663 475.9896428297467 118226055592.75629 117324529444.07562 276.23333333333335
146.38709676 475.7864133102064 117324529444.07562 116549263434.49518 140.25806451612902
193.45 475.6116464009232 116549263434.49518 116371789500.0108 64.96666666666667
280.94193553 475.57163875112957 116371789500.0108 116955771874.26585 100.41935483870968
438.87419352 475.7032849130446 116955771874.26585 117731320138.52791 211.51612903225808
696.30357146 475.8781154505248 117731320138.52791 118735683723.86273 355.7857142857143
1151.1419352 476.10457458815125 118735683723.86273 120216511921.2858 560.1935483870968
2360.3566663 476.43854576483665 120216511921.2858 123584240051.80574 894.8333333333334
3241.9032257 477.19209099995754 123584240051.80574 129082728225.0247 987.0
1781.5066662999998 478.38953771315016 129082728225.0247 130643063893.98192 987.0
743.89677419 478.72632503647355 130643063893.98192 129479712616.40317 983.0
372.64516134 478.4752239620987 129479712616.40317 127232028674.34972 987.0
240.90333336999998 477.98994502938535 127232028674.34972 124556445507.98413 987.0
182.84838715 477.40473436307616 124556445507.98413 121605174681.94398 979.5483870967741
191.87333337 476.7517308709842 121605174681.94398 119668135409.48112 737.9333333333333
335.94193553 476.31487041260283 119668135409.48112 119203985786.47226 547.2903225806451
509.38064513999996 476.2101907502192 119203985786.47226 119337414695.89674 522.3870967741935
868.33571427 476.2402829715599 119337414695.89674 120163745235.15436 602.0
1423.8 476.42664529435143 120163745235.15436 121732647368.03046 799.6774193548387
1924.4266662999999 476.7804797853023 121732647368.03046 123748535631.67102 979.7666666666667
1213.6612905 477.2280261661573 123748535631.67102 123845065406.35216 978.0
505.56333337 477.24913941521265 123845065406.35216 122155650904.84393 971.0
320.29032257 476.8758797710518 122155650904.84393 120283626868.5522 832.2258064516129
243.14838714999996 476.4536821985909 120283626868.5522 118845411593.5392 564.9032258064516
171.21333337 476.12932151410445 118845411593.5392 117660591216.34798 353.06666666666666
125.72258067000001 475.86217114886114 117660591216.34798 116720072295.96057 180.90322580645162
146.42333337000002 475.6501515545448 116720072295.96057 116383316124.79579 79.3
222.35161284999998 475.57423717871865 116383316124.79579 116835136747.75003 91.16129032258064
346.11290324 475.6760903398895 116835136747.75003 117450787910.8323 178.38709677419354
484.26071427 475.81487554346984 117450787910.8323 118119474875.72813 282.32142857142856
725.53548391 475.9656165184238 118119474875.72813 118889856356.8837 400.03225806451616
1308.1966663 476.13934514138106 118889856356.8837 120344174113.57352 582.8
1169.8387095 476.46733741848743 120344174113.57352 120948967046.87355 747.5483870967741
472.84666663 476.6037363660066 120948967046.87355 119873180856.99223 704.0333333333333
276.6322581 476.36111431145514 119873180856.99223 118719272270.0694 522.2903225806451
195.85806447 476.10087331305124 118719272270.0694 117736034827.04094 349.2258064516129
126.28333337000001 475.87917827480635 117736034827.04094 116842073983.31989 197.3
83.03225809999999 475.67765418920646 116842073983.31989 116101055178.93173 64.83870967741936
113.14666663 475.51060756964193 116101055178.93173 115883109395.07872 0.8
231.11612905 475.46686853869124 115883109395.07872 116524156911.53192 29.193548387096776
369.49677419 475.60598667978627 116524156911.53192 117300909696.57008 141.5483870967742
509.6 475.78108875035394 117300909696.57008 118069511815.59421 266.32142857142856
656.51935486 475.9543534300258 118069511815.59421 118706684378.21997 380.7741935483871
853.1066666300001 476.09803436585923 118706684378.21997 119257686610.58228 476.76666666666665
946.85161285 476.22230189683853 119257686610.58228 119763564836.13818 562.6451612903226
508.09333337 476.3363926107664 119763564836.13818 119174381350.78212 552.4333333333333
293.63548391 476.2035140619716 119174381350.78212 118306845030.48322 432.9032258064516
205.72903229000002 476.00785859956767 118306845030.48322 117492280438.42612 296.48387096774195
133.18666663000002 475.82422913400046 117492280438.42612 116697626639.16614 166.16666666666666
86.80000000000001 475.64509166798155 116697626639.16614 116015989165.59512 46.61290322580645
110.45999999999998 475.4926306394083 116015989165.59512 115793522672.74394 0.0
214.72258067 475.4494998891614 115793522672.74394 116420837744.28473 17.903225806451612
399.33870972 475.5826956141309 116420837744.28473 117299420792.8028 133.3548387096774
731.26785719 475.7807531092883 117299420792.8028 118514900454.45139 303.35714285714283
952.14193553 476.05478133839677 118514900454.45139 119639629893.08858 494.2258064516129
1350.0700000000002 476.3084415636194 119639629893.08858 120923074409.54585 690.0333333333333
1592.1806447000001 476.59789679962694 120923074409.54585 122254725014.12271 897.5483870967741
1181.9866663 476.8982239544706 122254725014.12271 122385109054.15817 946.0
485.36451609000005 476.92762946643165 122385109054.15817 120817670406.34154 883.1935483870968
279.75161285 476.57412503525967 120817670406.34154 119268708469.48088 642.3225806451613
185.82666662999998 476.22478765662623 119268708469.48088 117967571981.33333 412.03333333333336
148.30322581000001 475.93137330507966 117967571981.33333 116966722346.58183 225.58064516129033
158.52333337000002 475.70575345955405 116966722346.58183 116569943088.52922 114.33333333333333
259.50967743 475.61630818046194 116569943088.52922 117036891538.7908 122.70967741935483
567.4677419 475.72157158223416 117036891538.7908 118064861558.72472 245.93548387096774
937.83214281 475.95330513046093 118064861558.72472 119446323209.22229 441.64285714285717
2323.1806447 476.264845108079 119446323209.22229 123337058288.80849 832.0967741935484
3496.29 477.13802674733347 123337058288.80849 129442349062.29102 971.0
3116.6806447 478.4671593054805 129442349062.29102 134601471553.74995 983.0
1862.0633337 479.5721972679179 134601471553.74995 136396393254.2254 972.0
784.02903229 479.95393306129847 136396393254.2254 135331772590.26523 981.0
452.89354837999997 479.72751437479053 135331772590.26523 133311625365.43933 976.0
298.58333337 479.2978786400339 133311625365.43933 130776741558.04791 982.0
203.19354838 478.75517840665833 130776741558.04791 127861893949.14459 977.0
183.61333337 478.1260293436531 127861893949.14459 125262857397.65738 979.0
320.29354837999995 477.55924265040625 125262857397.65738 123597772030.6552 981.0
588.3677418999999 477.19505075036204 123597772030.6552 123060777505.49388 853.0
934.29642854 477.07759787959185 123060777505.49388 123178916940.65938 962.0
2038.2096771 477.1034376510629 123178916940.65938 125919364252.64285 976.0
2897.7066663 477.70283557581865 125919364252.64285 130487391227.27007 964.0
3324.7580648000003 478.6927242018714 130487391227.27007 136189761034.80568 987.0
2012.1133336999999 479.90998745955034 136189761034.80568 138569255973.5431 895.0
799.15161285 480.36572368172426 138569255973.5431 137527233222.27798 986.0
433.01612905 480.170916661484 137527233222.27798 135415773306.21089 988.0
273.19 479.74537926546384 135415773306.21089 132794857600.08644 987.0
191.8322581 479.18797481924423 132794857600.08644 129820306470.96413 985.0
201.99333337000002 478.54873871594305 129820306470.96413 127245716088.07373 986.0
299.85483866 477.99293877691906 127245716088.07373 125510807592.45126 987.0
502.17741933 477.61347497647665 125510807592.45126 124455088949.82167 961.0
692.76785719 477.3825653871001 124455088949.82167 124077059896.93636 926.0
1064.16451609 477.2998818672215 124077059896.93636 124299852932.50322 942.0
2910.7966663 477.34861175251604 124299852932.50322 128887057210.89888 971.0
2674.9419352 478.3473035205912 128887057210.89888 132881968296.45184 977.0
1664.1733337 479.20650112642534 132881968296.45184 134129684471.32376 987.0
687.25806447 479.4718597344372 134129684471.32376 132798301393.83989 986.0
373.78064514 479.18870722965545 132798301393.83989 130544265141.66573 987.0
249.01666662999997 478.70500003057754 130544265141.66573 127877935191.71838 987.0
154.44838715 478.12949173143073 127877935191.71838 124820184163.96347 986.0
141.60999999999999 477.4624199833691 124820184163.96347 122109911164.63333 983.0
300.74193553 476.86556408764847 122109911164.63333 120703116012.91106 864.4193548387096
619.62903229 476.548289583426 120703116012.91106 120546183795.69403 741.483870967742
1006.62142854 476.5128966611849 120546183795.69403 121256612537.6985 788.6428571428571
2537.077419 476.6731196521647 121256612537.6985 125400471859.05228 951.1290322580645
3355.38 477.5893420514113 125400471859.05228 131097710657.63953 986.0
3613.3838715 478.8244572971378 131097710657.63953 137570649349.71265 987.0
2317.73 480.1790333426272 137570649349.71265 140500849876.98123 987.0
1097.9806447 480.7268367689253 140500849876.98123 140249492792.2673 988.0
530.9 480.6798453528262 140249492792.2673 138393776758.95062 988.0
354.34666663 480.33291769656955 138393776758.95062 135983305387.34575 983.0
234.96451609000002 479.86607941032446 135983305387.34575 133103531503.98495 988.0
256.39 479.2536221828977 133103531503.98495 130656225944.48224 988.0
463.54838715 478.72916597118115 130656225944.48224 129361576923.84734 987.0
611.82258067 478.44972521559407 129361576923.84734 128632340302.94823 950.0
782.49642854 478.29232469306027 128632340302.94823 128356655393.59224 975.0
1164.5548391 478.2328200720035 128356655393.59224 128741670415.38539 981.0
1869.6466663 478.3159228179118 128741670415.38539 130618448292.89084 973.0
2124.4806447 478.7210119345761 130618448292.89084 133112315721.30965 986.0
1795.99 479.2554903703338 133112315721.30965 134716318154.86978 981.0
881.0903225699999 479.5966223213249 134716318154.86978 133902061913.47278 986.0
444.69032257000003 479.4234500028653 133902061913.47278 131845276281.5213 983.0
290.21333337000004 478.9858140042136 131845276281.5213 129291309498.5406 983.0
219.66451609 478.4345584931018 129291309498.5406 126410310093.74043 983.0
207.75 477.8102165559362 126410310093.74043 123864558448.95274 984.0
307.16451609 477.25340298533524 123864558448.95274 122144833850.52252 988.0
545.04193553 476.8734402008395 122144833850.52252 121322097234.29674 915.8387096774194
908.83928573 476.68788841549315 121322097234.29674 121582644743.9647 877.0357142857143
1420.4290324 476.74664969417336 121582644743.9647 122773394947.98456 937.258064516129
2428.3 477.0147408022714 122773394947.98456 126145547828.2072 959.0
3763.0193553 477.75230704903925 126145547828.2072 133058187907.13504 977.0
2436.1266663 479.2439787127042 133058187907.13504 136314511763.45187 983.0
1194.3548391 479.9365188778077 136314511763.45187 136334439136.1254 986.0
547.33548391 479.9407569409029 136334439136.1254 134540003849.61563 985.0
338.71666662999996 479.5591245958349 134540003849.61563 132091717537.76564 987.0
224.13548391 479.0384341849778 132091717537.76564 129206288906.64828 985.0
215.42333337000002 478.4162074048453 129206288906.64828 126670621344.69992 985.0
323.73548390999997 477.8671525250875 126670621344.69992 124999398223.6171 987.0
607.35161285 477.50161815914635 124999398223.6171 124235781065.76385 957.0
984.7 477.33459778341296 124235781065.76385 124491496326.40887 956.0
2291.8129028000003 477.3905285053388 124491496326.40887 128004082185.01418 941.0
4449.55 478.15671966005056 128004082185.01418 136554995854.35948 976.0
3880.1516134000003 479.98766394180336 136554995854.35948 143734811060.29248 985.0
2453.6166663 481.39874292854086 143734811060.29248 147020157578.4261 981.0
1180.2322580999999 482.1219680371441 147020157578.4261 146980206658.06924 986.0
549.03870972 482.1140081008307 146980206658.06924 145164535009.786 985.0
345.46333337000004 481.7203182658088 145164535009.786 142701114506.26398 987.0
237.80322581000001 481.16624257900673 142701114506.26398 139806657374.76343 988.0
223.89333337 480.59705690311523 139806657374.76343 137261932976.88959 987.0
364.29354837999995 480.1213185598971 137261932976.88959 135701981524.89474 988.0
546.31935486 479.80624872924176 135701981524.89474 134740843790.97359 973.0
848.14285719 479.6018383221977 134740843790.97359 134668212938.01921 959.0
1249.4677419000002 479.586391522335 134668212938.01921 135314935717.58495 967.0
1509.1299999999999 479.7239335851946 135314935717.58495 136254853505.96204 969.0
1513.1870972000002 479.9238310306172 136254853505.96204 137123201317.75859 977.0
1237.4633337 480.09538256080737 137123201317.75859 137277308604.66415 979.0
594.77419352 480.124193046301 137277308604.66415 135725730740.36542 973.0
376.15806447 479.81129960450136 135725730740.36542 133509924919.38867 972.0
265.93 479.340052088343 133509924919.38867 130913138965.32246 973.0
161.04838715 478.7846188140131 130913138965.32246 127887761131.73885 976.0
165.53666663 478.13161259048974 127887761131.73885 125241861739.78336 979.0
335.30322581 477.5546504242746 125241861739.78336 123619656566.29929 980.0
