467.56451609000004 477.2554680664917 123874000000.0 124948137126.16507 131.0
660.65 477.49040619557417 124948137126.16507 123540755482.69017 1319.357142857143
953.15483866 477.18257993934606 123540755482.69017 124103868215.24474 704.0
1660.9866663 477.30574545390306 124103868215.24474 126861305680.3037 428.0
2699.1419352 477.9088595101277 126861305680.3037 133218692849.31218 120.0
1576.67 479.27811417467296 133218692849.31218 136608095113.88527 72.0
723.32258067 479.9989568511028 136608095113.88527 137820703982.35242 69.0
445.62580648 480.2257812642274 137820703982.35242 138200984268.0069 69.0
335.39333337 480.29687497999754 138200984268.0069 138107888057.3773 69.0
301.58064514 480.2794705659707 138107888057.3773 137855860063.5131 69.0
425.20333337 480.23235372284785 137855860063.5131 138213465047.31558 69.0
648.4677419 480.29920827207246 138213465047.31558 139877095306.30475 69.0
825.24193553 480.6102253330164 139877095306.30475 140427080809.2763 689.0
989.3142857299999 480.71304558034706 140427080809.2763 137522923843.77417 2272.0
1363.1709675999998 480.17011101958764 137522923843.77417 137511479576.6922 1326.0
2148.7633336999997 480.1679715043358 137511479576.6922 140508130707.4795 813.0
1842.0354837999998 480.7281979262441 140508130707.4795 144548833525.6856 117.0
1192.78 481.5818339014138 144548833525.6856 146926590983.37903 70.0
607.82903229 482.10332555954955 146926590983.37903 147808899426.09323 69.0
441.22580648 482.2791192321365 147808899426.09323 148153384605.75067 69.0
336.41999999999996 482.34775545043846 148153384605.75067 148033093951.6295 69.0
275.25161285 482.3237883944271 148033093951.6295 147677431632.35742 69.0
260.38666663000004 482.2529252106709 147677431632.35742 147586987317.68604 69.0
387.09354837999996 482.23490482520145 147586987317.68604 148554441386.1884 69.0
506.59677418999996 482.42766315724015 148554441386.1884 148155102341.60858 727.0
773.675 482.34809769707283 148155102341.60858 146646903432.01624 1482.0
1222.7258067 482.0475998071361 146646903432.01624 144421187960.26178 2011.0
1836.29 481.5531236977647 144421187960.26178 146593648580.52594 814.0
2337.2064514000003 482.0369891573074 146593648580.52594 151819681740.55 164.0
1563.3966663 483.0763823654056 151819681740.55 155140563745.13724 71.0
748.0903225699999 483.72234268530195 155140563745.13724 156381907953.44888 69.0
453.57419352 483.96380236402433 156381907953.44888 156739751933.39493 69.0
342.36 484.0329658221487 156739751933.39493 156610293600.30313 69.0
271.34838715 484.00811777357063 156610293600.30313 156216782298.9817 69.0
288.91333337000003 483.9316829992184 156216782298.9817 156182543944.42365 69.0
434.71290324 483.92502313643723 156182543944.42365 157281060016.8605 69.0
636.39677419 484.1368637268446 157281060016.8605 156407451252.1213 1036.0
1031.23214281 483.9687709107414 156407451252.1213 155422063653.25415 1526.0
2826.0580648 483.77709855149857 155422063653.25415 158252117096.81464 1725.0
3411.81 484.3232470435345 158252117096.81464 164831109434.07776 679.0
3811.2419351999997 485.5749735280749 164831109434.07776 174092789556.7642 116.0
2567.3199999999997 487.2868995700333 174092789556.7642 179975930176.61618 70.0
1284.1032257000002 488.3512718930074 179975930176.61618 181720676658.2779 399.4516129032258
611.22258067 488.57653256953205 181720676658.2779 181192944573.0102 537.3548387096774
411.55 488.53275917161665 181192944573.0102 180888891367.5644 180.2
317.3 488.50753909817223 180888891367.5644 180542766526.3037 69.74193548387096
289.24333336999996 488.4538233975945 180542766526.3037 180461697468.0663 69.0
292.20967743 488.439156459064 180461697468.0663 181065713033.08606 114.58064516129032
512.4516128500001 488.5222057923927 181065713033.08606 180879819703.1242 661.0
812.6857142700001 488.5067866376182 180879819703.1242 177211660730.5021 2423.0
940.59354838 487.85116283871105 177211660730.5021 169944386983.74207 3607.0
1085.84333337 486.52710592060197 169944386983.74207 168957435483.9583 1267.0
1110.3645162 486.3449779450006 168957435483.9583 170820627921.27267 177.0
1090.40666663 486.68880382381855 170820627921.27267 172879486130.72858 72.0
582.67096771 487.0673898439384 172879486130.72858 173644647683.98828 69.0
393.67741933 487.2058221596891 173644647683.98828 173804453723.55096 69.0
286.07666663000003 487.23473411956655 173804453723.55096 173482779699.0777 69.0
244.67096770999999 487.17653715457925 173482779699.0777 172966485977.5603 69.0
229.76999999999998 487.083129775219 172966485977.5603 172746039552.8807 69.0
313.14516134 487.04324681333026 172746039552.8807 173525312095.4808 69.0
526.89354838 487.1842320761333 173525312095.4808 172374087829.8318 1034.0
871.45714281 486.9754729340897 172374087829.8318 168372906574.93698 2617.0
1979.5193553 486.2371113812395 168372906574.93698 163419843308.83444 3783.0
2227.3033337 485.3091983632456 163419843308.83444 167210111241.45255 568.0
1879.1870972000002 486.02253390689293 167210111241.45255 171150042848.70218 171.0
1153.0333337 486.749592701366 171150042848.70218 173370506271.50708 72.0
510.3548386599999 487.15622475060434 173370506271.50708 173941241745.0943 69.0
358.8677419 487.25948168105674 173941241745.0943 174007273932.67487 69.0
273.83000000000004 487.2714281629493 174007273932.67487 173653355361.25375 69.0
215.46774190000002 487.207397544552 173653355361.25375 173058447383.65622 69.0
266.43666663 487.0997673471818 173058447383.65622 172932774581.08896 69.0
445.07419352 487.0770307407591 172932774581.08896 174065541814.07526 69.0
619.75483866 487.28196993379726 174065541814.07526 173803784277.09424 795.0
766.28928573 487.23461300393694 173803784277.09424 172165083354.58517 1536.0
945.56129028 486.93690410676976 172165083354.58517 169599370783.84927 1857.0
1030.55 486.4634380483206 169599370783.84927 168021688409.5323 1440.0
980.8838709500001 486.17229902371884 168021688409.5323 169706144085.74957 115.0
675.42333337 486.4831415548532 169706144085.74957 170692267450.0776 72.0
421.71612905 486.6651167097394 170692267450.0776 171030773181.07877 69.0
316.08064514 486.727583166835 171030773181.07877 170988585348.4456 69.0
239.99666663 486.71979799749874 170988585348.4456 170555177928.31842 69.0
178.38709676 486.63981877252604 170555177928.31842 169873058776.5438 68.0
206.45 486.51394330624544 169873058776.5438 169600815129.0878 68.0
283.94193553 486.4637045818579 169600815129.0878 170300654823.03656 69.0
441.87419352 486.5928501241994 170300654823.03656 170947779005.8593 277.0
697.30357146 486.7122677626609 170947779005.8593 166483035438.59653 2634.0
1153.1419352 485.8860707040671 166483035438.59653 161904595292.43918 2817.0
2361.3566663 485.0238409213633 161904595292.43918 166497742982.55283 393.0
3241.9032257 485.88884048635646 166497742982.55283 174195221727.13174 130.0
1783.5066662999998 487.30543150291857 174195221727.13174 178048272447.9858 70.0
755.89677419 488.0025218516438 178048272447.9858 179267429545.91837 69.0
398.64516134 488.22309061860784 179267429545.91837 179428461543.4353 69.0
273.90333337 488.25222437765683 179428461543.4353 179060239705.76645 69.0
211.84838715 488.18560602564827 179060239705.76645 178439503954.54163 69.0
204.87333337 488.07330309152246 178439503954.54163 178144014523.60138 69.0
338.94193553 488.01984341881587 178144014523.60138 178994445735.02972 69.0
512.38064514 488.1737026417253 178994445735.02972 177598794794.53897 1112.0
869.33571427 487.92120277310437 177598794794.53897 172935370255.3609 2890.0
1425.8 487.0775003477314 172935370255.3609 169625545216.5128 2615.0
1925.4266662999999 486.4682681706058 169625545216.5128 172712098107.82397 534.0
1217.6612905 487.0371061586945 172712098107.82397 174849711165.846 179.0
518.56333337 487.4238411227559 174849711165.846 175425672922.34024 70.0
345.29032257 487.5280435874455 175425672922.34024 175550895217.2947 69.0
278.14838714999996 487.5506986884504 175550895217.2947 175397499128.58002 69.0
211.21333337 487.52294641091186 175397499128.58002 174877771320.2372 69.0
159.72258067 487.42891773976066 174877771320.2372 174130114646.8347 69.0
161.42333337000002 487.2936523905744 174130114646.8347 173730431557.26874 69.0
226.35161284999998 487.22134209816704 173730431557.26874 174277567692.37677 69.0
350.11290324 487.32032945827586 174277567692.37677 173730226770.0302 632.0
487.26071427 487.22130504825054 173730226770.0302 167009419726.2467 3357.0
729.53548391 485.985201455037 167009419726.2467 162913852663.1466 2213.0
1311.1966663 485.2139082228148 162913852663.1466 163607035550.919 848.0
1173.8387095 485.34445113953274 163607035550.919 165803119380.83618 120.0
486.84666663 485.758026248745 165803119380.83618 166307818641.16898 72.0
303.6322581 485.85307319042727 166307818641.16898 166338494375.05084 69.0
234.85806447 485.85885016479295 166338494375.05084 166089124730.03836 69.0
171.28333337 485.811887896429 166089124730.03836 165496217809.2908 67.0
123.03225809999999 485.70022934261596 165496217809.2908 164678617616.43823 69.0
131.14666663 485.5462556716456 164678617616.43823 164218912483.14816 69.0
235.11612905 485.4596822002162 164218912483.14816 164791245443.87775 67.0
373.49677419 485.5674661852877 164791245443.87775 164338065527.4742 618.0
512.6 485.4821215682625 164338065527.4742 160905265257.54208 2021.0
660.51935486 484.83248853311744 160905265257.54208 157840349311.0574 1760.0
858.1066666300001 484.24421291958873 157840349311.0574 157065377136.46655 965.0
952.85161285 484.095465861126 157065377136.46655 158608377428.29193 148.0
521.09333337 484.39162714554544 158608377428.29193 159217406712.33246 71.0
319.63548391 484.5085233612922 159217406712.33246 159307025351.2001 68.0
243.72903229000002 484.525724635547 159307025351.2001 159096867063.48508 69.0
177.18666663000002 484.4853871523004 159096867063.48508 158533270641.6746 69.0
125.80000000000001 484.3772112555997 158533270641.6746 157744501967.8309 69.0
129.45999999999998 484.2258161166662 157744501967.8309 157294269416.5234 69.0
218.72258067 484.139399120254 157294269416.5234 157822644705.00137 66.0
403.33870972 484.240814722649 157822644705.00137 157742294372.88272 507.0
732.26785719 484.2253923940274 157742294372.88272 153135154046.59882 2724.0
955.14193553 483.3322610477726 153135154046.59882 149327895375.20255 2333.0
1353.0700000000002 482.5817683552904 149327895375.20255 149787020213.92444 989.0
1594.1806447000001 482.67324570909034 149787020213.92444 153082454108.41187 140.0
1186.9866663 483.3220101358514 153082454108.41187 155426200950.4741 71.0
503.36451609000005 483.77790331656763 155426200950.4741 156012133525.78333 69.0
311.75161285 483.8918758073883 156012133525.78333 155994052817.0412 68.0
223.82666662999998 483.88835884400726 155994052817.0412 155562473139.64133 68.0
180.30322581000001 483.8044102586348 155562473139.64133 154928794951.0795 69.0
173.52333337000002 483.6811505448511 154928794951.0795 154608754861.79068 65.0
262.50967743 483.6188980474209 154608754861.79068 155245319313.03198 69.0
570.4677419 483.74271918168296 155245319313.03198 155653915320.631 491.0
938.83214281 483.82219710574424 155653915320.631 153086734252.89462 2087.0
2323.1806447 483.3228426868109 153086734252.89462 149614332525.05386 3576.0
3496.29 482.6388389171257 149614332525.05386 156126067176.26736 795.0
3116.6806447 483.91403757562097 156126067176.26736 163487635849.33072 138.0
1864.0633337 485.32196532002456 163487635849.33072 167565727231.9851 71.0
796.02903229 486.0881578209975 167565727231.9851 168911701317.53348 69.0
475.89354837999997 486.33653834979395 168911701317.53348 169301679932.43066 69.0
327.58333337 486.40850340144505 169301679932.43066 169099534949.02142 69.0
230.19354838 486.3712003965716 169099534949.02142 168557667480.6767 69.0
197.61333337 486.2712063998296 168557667480.6767 168262504745.6462 69.0
323.29354837999995 486.2167382811674 168262504745.6462 169067251968.3646 69.0
591.3677418999999 486.3652430279322 169067251968.3646 169393413650.93158 546.0
935.29642854 486.4254315650363 169393413650.93158 168932684969.68033 1217.0
2038.2096771 486.3404105867652 168932684969.68033 168964833176.45334 1980.0
2898.7066663 486.34634308478564 168964833176.45334 173205715809.9562 1062.0
3324.7580648000003 487.1264110137419 173205715809.9562 181135897425.4848 121.0
2013.1133336999999 488.5280273246089 181135897425.4848 182546135647.03195 1238.4
810.15161285 488.6450012978627 182546135647.03195 181479869650.91446 974.7096774193549
457.01612905 488.5565585310978 181479869650.91446 181026599578.4339 355.4193548387097
304.19 488.5189614779723 181026599578.4339 180672078490.17276 92.4
219.8322581 488.4772183976914 180672078490.17276 180067882049.93924 69.0
214.99333337000002 488.3679077403099 180067882049.93924 179795453957.36584 69.0
302.85483866 488.31862030346747 179795453957.36584 180549839457.9627 69.0
505.17741933 488.45510302580436 180549839457.9627 180770186975.82672 502.0
693.76785719 488.4949680935641 180770186975.82672 176017997845.73663 2752.0
1067.16451609 487.63520646105474 176017997845.73663 172600858966.07312 2296.0
2911.7966663 487.016980876747 172600858966.07312 178431647286.52295 459.0
2674.9419352 488.0718816704601 178431647286.52295 182836905232.9107 784.6129032258065
1666.1733337 488.66911954486653 182836905232.9107 182338642812.54388 1627.6333333333334
700.25806447 488.6277905451679 182338642812.54388 181358586750.30408 832.6774193548387
399.78064514 488.5464985692024 181358586750.30408 180962657107.06934 276.80645161290323
281.01666663 488.51365768970385 180962657107.06934 180584832862.40366 78.26666666666667
185.44838715 488.4614339999524 180584832862.40366 179888936373.88947 69.0
157.60999999999999 488.33553305522065 179888936373.88947 179468255215.18182 69.0
303.74193553 488.25942381169614 179468255215.18182 180224892778.05533 69.0
622.62903229 488.3963139750432 180224892778.05533 180574848433.11087 571.0
1007.62142854 488.4596276263016 180574848433.11087 172230906841.26004 4550.0
2537.077419 486.94905090261307 172230906841.26004 177499427833.05106 523.0
3355.38 487.9032253949556 177499427833.05106 183341207295.9495 895.2666666666667
3613.3838715 488.7109495102812 183341207295.9495 184248448335.09897 3027.8709677419356
2317.73 488.78620175307725 184248448335.09897 183073803420.84314 2539.8333333333335
1104.9806447 488.68876936138383 183073803420.84314 181802836949.63968 1345.8387096774193
550.9 488.5833474576675 181802836949.63968 181140072046.84622 527.4516129032259
380.34666663 488.5283735937995 181140072046.84622 180851181125.39197 143.16666666666666
258.96451609 488.50441117496615 180851181125.39197 180351115978.03702 69.0
267.39 488.41915015885365 180351115978.03702 180213826149.73825 69.0
465.54838715 488.39431181095256 180213826149.73825 181195000511.31134 147.09677419354838
614.82258067 488.53292970399065 181195000511.31134 179951928577.98727 1158.0
783.49642854 488.34692954613206 179951928577.98727 172676898080.79907 3884.0
1166.5548391 487.030737802581 172676898080.79907 167277749282.5384 3136.0
1870.6466663 486.0350155531534 167277749282.5384 167742348778.35513 1493.0
2124.4806447 486.12075083564406 167742348778.35513 172393803011.8493 150.0
1797.99 486.97911109279374 172393803011.8493 176284955017.31827 71.0
891.0903225699999 487.68350410396545 176284955017.31827 177869150861.10623 69.0
468.69032257000003 487.97011534093105 177869150861.10623 178220597486.3899 69.0
320.21333337000004 488.03369873713484 178220597486.3899 177975485118.59885 69.0
245.66451609 487.9893532357856 177975485118.59885 177448431163.46603 69.0
220.75 487.8939991249788 177448431163.46603 177195969874.49033 69.0
310.16451609 487.8483240636516 177195969874.49033 177968949098.55948 69.0
548.04193553 487.98817074512596 177968949098.55948 178597232298.92493 392.0
909.83928573 488.10183915672263 178597232298.92493 176934071123.03784 1691.0
1422.4290324 487.80094158540066 176934071123.03784 172810324919.99655 2915.0
2429.3 487.0548772620908 172810324919.99655 175303557245.5322 1265.0
3763.0193553 487.50595053290294 175303557245.5322 183208251517.55334 567.1290322580645
2436.1266663 488.6999213269371 183208251517.55334 183110227890.68433 2242.9666666666667
1201.3548391 488.6917906345956 183110227890.68433 181899034501.11877 1419.8709677419354
566.33548391 488.5913266839017 181899034501.11877 181161790168.98444 570.6774193548387
365.71666662999996 488.5301750306059 181161790168.98444 180832216124.49313 144.23333333333332
249.13548391 488.5028380992446 180832216124.49313 180305916338.96545 69.0
227.42333337000002 488.41097268223956 180305916338.96545 180065216956.32724 69.0
326.73548390999997 488.3674255740551 180065216956.32724 180883678044.92545 69.0
610.35161285 488.507106672605 180883678044.92545 180973377648.7868 656.0
985.7 488.5145469184462 180973377648.7868 178629048919.4273 2049.0
2291.8129028000003 488.10759539007853 178629048919.4273 176058872984.21045 3204.0
4449.55 487.64260155304737 176058872984.21045 183782688267.89902 1263.7666666666667
3880.1516134000003 488.74756870171694 183782688267.89902 184538314838.8132 3351.1290322580644
2453.6166663 488.8102450928014 184538314838.8132 183226872510.09662 2728.4333333333334
1187.2322580999999 488.7014658684553 183226872510.09662 181893325241.94513 1451.4193548387098
568.03870972 488.59085312225824 181893325241.94513 181162976666.8387 569.8064516129032
372.46333337000004 488.5302734461545 181162976666.8387 180842675358.46765 147.4
261.80322581 488.50370565348936 180842675358.46765 180350226321.45956 69.0
235.89333337 488.41898920301406 180350226321.45956 180131375091.93683 69.0
367.29354837999995 488.3793948423478 180131375091.93683 181021785820.61813 82.70967741935483
549.31935486 488.5185621948091 181021785820.61813 180334543221.71954 885.0
849.14285719 488.41615183121206 180334543221.71954 174026912536.44803 3550.0
1251.4677419000002 487.2749811608578 174026912536.44803 164877949001.97955 4621.0
1512.1299999999999 485.5837945389792 164877949001.97955 165495281787.17462 1077.0
1516.1870972000002 485.7000530672645 165495281787.17462 168593006409.60153 124.0
1242.4633337 486.27772770060926 168593006409.60153 171047022398.5922 73.0
610.77419352 486.7305817306869 171047022398.5922 171890786454.25247 69.0
402.15806447 486.8862864835306 171890786454.25247 172077052795.44217 69.0
296.93 486.9206593089947 172077052795.44217 171788100078.01483 69.0
192.04838715 486.86733716147165 171788100078.01483 171136142756.99603 69.0
179.53666663 486.7470276355409 171136142756.99603 170789163586.20953 69.0
338.30322581 486.68299752467425 170789163586.20953 171635085495.553 69.0
