464.56451609000004 477.2554680664917 123874000000.0 123190392852.63338 784.0
658.65 477.1059476930519 123190392852.63338 122338868045.1994 1087.0357142857142
949.15483866 476.9172007318898 122338868045.1994 122098851664.44507 1000.1612903225806
1657.9866663 476.86306983862085 122098851664.44507 123433820817.43079 976.0
2697.1419352 477.15919090494987 123433820817.43079 128117449658.84772 747.0
1571.67 478.18118922055857 128117449658.84772 129791787729.54742 734.0
708.32258067 478.54258314904973 129791787729.54742 129201477330.27272 734.0
420.62580648 478.4151688604085 129201477330.27272 127759622900.06322 734.0
307.39333337 478.1039548672703 127759622900.06322 125908845454.7409 734.0
280.58064514 477.70053487636505 125908845454.7409 123869781355.69363 734.0
417.20333337 477.25454535338883 123869781355.69363 122520005435.56685 734.0
646.4677419 476.9580526467223 122520005435.56685 122389088113.50592 734.0
822.24193553 476.9285268636684 122389088113.50592 122077607389.50414 1002.3225806451613
988.3142857299999 476.85827861738926 122077607389.50414 122251673767.2083 992.5357142857143
1360.1709675999998 476.89753580676773 122251673767.2083 122940551275.50223 1064.2903225806451
2146.7633336999997 477.0513016788063 122940551275.50223 125078424749.54301 1154.0
1838.0354837999998 477.51890305108117 125078424749.54301 127451614129.76437 750.0
1184.78 478.03747337141476 127451614129.76437 128125814495.92906 734.0
590.82903229 478.1829947109711 128125814495.92906 127225243769.77399 734.0
416.22580648 477.98846101701093 127225243769.77399 125777242006.10277 734.0
308.41999999999996 477.6717502200575 125777242006.10277 123936199927.26883 734.0
253.25161285000001 477.2690726000151 123936199927.26883 121831979229.5228 734.0
250.38666663000004 476.8028820995766 121831979229.5228 120083440822.88536 723.3333333333334
384.09354837999996 476.40853424061464 120083440822.88536 119577396720.7694 611.1612903225806
503.59677418999996 476.29440611654695 119577396720.7694 119565994617.19641 570.7741935483871
771.675 476.2918346001796 119565994617.19641 120123403733.3128 616.5357142857143
1219.7258067 476.4175470756231 120123403733.3128 121260765659.83516 756.7741935483871
1833.29 476.67405630578145 121260765659.83516 123021744690.82285 987.4333333333333
2335.2064514000003 477.0690605185527 123021744690.82285 126724882834.44434 752.0
1558.3966663 477.8790207424419 126724882834.44434 128368103023.13776 734.0
733.0903225699999 478.23529096117807 128368103023.13776 127847524215.64836 734.0
428.57419352 478.12292773918597 127847524215.64836 126430770518.77057 734.0
315.36 477.81469171451675 126430770518.77057 124605351071.70055 734.0
249.34838715 477.41543111804475 124605351071.70055 122487999353.61841 734.0
278.91333337000003 476.9508343152049 122487999353.61841 120783900312.23492 734.0
431.71290324 476.56650886608816 120783900312.23492 120143512512.26547 709.0645161290323
633.39677419 476.4220822084496 120143512512.26547 120215051345.9129 669.8064516129032
1030.23214281 476.4382163612794 120215051345.9129 121081117645.61353 747.8214285714286
2825.0580648 476.6335402899444 121081117645.61353 125394764378.85216 1175.7096774193549
3411.81 477.58809369616193 125394764378.85216 130709901017.00542 1190.0
3810.2419351999997 478.74075135268845 130709901017.00542 138331126768.56424 755.0
2565.3199999999997 480.32120522874635 138331126768.56424 142556348397.6041 734.0
1274.1032257000002 481.1336816009006 142556348397.6041 143451718730.6885 734.0
591.22258067 481.3350694401009 143451718730.6885 142429555533.64832 734.0
386.55 481.1051631879551 142429555533.64832 140735920951.2387 734.0
297.3 480.7707835018207 140735920951.2387 138685939033.32104 734.0
279.24333336999996 480.38753767682203 138685939033.32104 136941901971.60164 734.0
289.20967743 480.0614884972147 136941901971.60164 135861125559.0909 734.0
509.45161285000006 479.8400947594834 135861125559.0909 133249920784.28886 1552.0
811.6857142700001 479.28475559002317 133249920784.28886 127122500560.11319 3423.5
936.59354838 477.9659887489312 127122500560.11319 125191680268.52 1618.1290322580646
1080.84333337 477.54367459941386 125191680268.52 124131389172.60472 1321.3666666666666
1102.3645162 477.31176491089343 124131389172.60472 124523056038.13277 756.0
1082.40666663 477.3974313294254 124523056038.13277 124939106557.96124 734.0
564.67096771 477.4884310056783 124939106557.96124 123976419555.29709 734.0
366.67741933 477.27786954402825 123976419555.29709 122405211603.64185 734.0
256.07666663000003 476.93216319432605 122405211603.64185 120441998361.33618 733.6
220.67096770999999 476.48939972064414 120441998361.33618 118713955812.30154 566.1935483870968
218.76999999999998 476.09967429235485 118713955812.30154 117838496931.23479 357.7
310.14516134 475.9022761341828 117838496931.23479 117966531491.96375 300.0967741935484
523.89354838 475.93113874931555 117966531491.96375 118569963747.66 361.0967741935484
870.45714281 476.0671997626657 118569963747.66 119650954280.91432 498.60714285714283
1978.5193553 476.31099555275466 119650954280.91432 122613142907.04956 834.1612903225806
2225.3033337 476.9790579402457 122613142907.04956 124820260572.97562 1206.0333333333333
1875.1870972000002 477.4624366957515 124820260572.97562 127272103218.15451 758.0
1145.0333337 477.9987102401913 127272103218.15451 127843814556.64868 734.0
491.3548386599999 478.1221270357541 127843814556.64868 126677819097.1268 734.0
330.8677419 477.86872683664194 126677819097.1268 125003081629.42444 734.0
243.83000000000004 477.50242380346117 125003081629.42444 122997677266.11066 734.0
190.46774190000002 477.0637964274083 122997677266.11066 120729475909.51886 734.0
256.43666663 476.5542345307891 120729475909.51886 119236614511.02266 631.8
443.07419352 476.2175495063199 119236614511.02266 119159423782.18306 509.9032258064516
616.75483866 476.2001406815929 119159423782.18306 119543453102.39157 536.2258064516129
764.28928573 476.28675081244734 119543453102.39157 120093251381.31133 612.2857142857143
941.56129028 476.41074681581216 120093251381.31133 120634192836.76018 701.3548387096774
1024.55 476.5327453398196 120634192836.76018 120880641087.54536 764.2
972.8838709500001 476.5883268127075 120880641087.54536 120958674804.135 747.0
663.42333337 476.605925756458 120958674804.135 120321292041.4124 725.2333333333333
400.71612905 476.46217682485616 120321292041.4124 119278192953.86105 604.516129032258
286.08064514 476.2269266923457 119278192953.86105 118292329220.0453 439.80645161290323
206.99666663 476.0045848489051 118292329220.0453 117376069744.92982 285.8333333333333
151.38709676 475.7980319533205 117376069744.92982 116593261394.66214 148.0
195.45 475.62156478689406 116593261394.66214 116404884335.56384 71.13333333333334
280.94193553 475.57909926410366 116404884335.56384 116977217054.45938 104.7741935483871
437.87419352 475.7081192638547 116977217054.45938 117743362201.68964 214.03225806451613
695.30357146 475.88083007251794 117743362201.68964 118741513410.22133 357.35714285714283
1150.1419352 476.1058893572894 118741513410.22133 120218019688.75032 560.8064516129032
2359.3566663 476.4388858116261 120218019688.75032 123475452438.80884 936.4
3240.9032257 477.168296683904 123475452438.80884 129602859264.03273 751.0
1778.5066662999998 478.5018042875098 129602859264.03273 131809252990.24127 734.0
740.89677419 478.97803863376674 131809252990.24127 131301166256.43352 734.0
372.64516134 478.8683717367653 131301166256.43352 129725034137.08722 734.0
243.90333336999998 478.5281748623111 129725034137.08722 127703019158.23097 734.0
186.84838715 478.09173735338464 127703019158.23097 125406230042.10973 734.0
193.87333337 477.59060149652447 125406230042.10973 123474338065.83257 734.0
335.94193553 477.16805294528274 123474338065.83257 122509314745.00685 735.0
509.38064513999996 476.9556415753285 122509314745.00685 121471961449.29616 960.3870967741935
868.33571427 476.721687291226 121471961449.29616 121602027849.899 890.5
1422.8 476.75102116596724 121602027849.899 122657871825.27853 990.0
1922.4266662999999 476.9891456529721 122657871825.27853 124184508703.57655 1165.9333333333334
1211.6612905 477.3233833559879 124184508703.57655 124863058765.75847 758.0
504.56333337 477.4717976303059 124863058765.75847 123782246509.61272 734.0
321.29032257 477.2353994990404 123782246509.61272 122171335682.82895 734.0
246.14838714999996 476.87941715896005 122171335682.82895 120290871869.95644 731.0967741935484
176.21333337 476.45531616372494 120290871869.95644 118613630124.80249 546.3333333333334
131.72258067 476.0770478405057 118613630124.80249 117345509210.6998 308.0
148.42333337000002 475.79114274362036 117345509210.6998 116795687786.98383 162.96666666666667
223.35161284999998 475.667197427183 116795687786.98383 117103485252.65965 146.0
346.11290324 475.73658369086104 117103485252.65965 117624287788.12477 213.8709677419355
484.26071427 475.8539873282518 117624287788.12477 118236518865.14441 305.7142857142857
725.53548391 475.9920015475979 118236518865.14441 118965205089.74803 415.5806451612903
1306.1966663 476.15633854076407 118965205089.74803 120389496386.12448 592.3333333333334
1167.8387095 476.47755895041144 120389496386.12448 121016378650.9251 737.258064516129
472.84666663 476.61893970476433 121016378650.9251 119945138112.08691 702.2
278.6322581 476.37734283087207 119945138112.08691 118769732174.74248 532.258064516129
199.85806447 476.1122535351246 118769732174.74248 117777113886.1559 356.6774193548387
133.28333337 475.88843865783497 117777113886.1559 116883690020.51808 204.03333333333333
91.03225809999999 475.68703562229894 116883690020.51808 116145257117.5458 71.80645161290323
116.14666663 475.5205719381303 116145257117.5458 115929390821.62354 2.933333333333333
232.11612905 475.47584136252544 115929390821.62354 116559491321.54916 34.29032258064516
369.49677419 475.61395205625547 116559491321.54916 117324087085.77403 146.09677419354838
509.6 475.7863135901204 117324087085.77403 118085104236.36258 269.4642857142857
655.51935486 475.9578684031476 118085104236.36258 118715099330.85927 382.4516129032258
852.1066666300001 476.09993219009004 118715099330.85927 119260818465.82614 477.8
944.85161285 476.2230082241376 119260818465.82614 119761166469.9874 562.7096774193549
507.09333337 476.33585170725917 119761166469.9874 119170953582.58041 551.8333333333334
294.63548391 476.2027409974245 119170953582.58041 118306704870.22073 432.6774193548387
209.72903229000002 476.0078269892243 118306704870.22073 117500853396.7439 297.2258064516129
139.18666663000002 475.8261617215383 117500853396.7439 116716084198.56784 168.33333333333334
94.80000000000001 475.64925252447426 116716084198.56784 116045748589.90306 50.354838709677416
114.45999999999998 475.49840025568113 116045748589.90306 115833497778.47752 0.0
215.72258067 475.45725007337745 115833497778.47752 116453407648.54002 21.677419354838708
399.33870972 475.5900377927277 116453407648.54002 117320522732.54478 137.6451612903226
730.26785719 475.78551008398216 117320522732.54478 118526945991.4468 306.10714285714283
951.14193553 476.057497968301 118526945991.4468 119645277186.48161 495.61290322580646
1348.0700000000002 476.30971519767286 119645277186.48161 120922323106.29794 690.5
1589.1806447000001 476.5977273582088 120922323106.29794 122667491024.0039 740.0
1178.9866663 476.9913150708173 122667491024.0039 123343150428.88443 732.0
484.36451609000005 477.13935923641395 123343150428.88443 122172258681.332 733.0
280.75161285 476.8796253228083 122172258681.332 120380106346.07846 732.6774193548387
189.82666662999998 476.4754412147222 120380106346.07846 118700842591.70734 560.6
153.30322581000001 476.0967168677734 118700842591.70734 117448740052.44914 323.4516129032258
161.52333337000002 475.81441389820765 117448740052.44914 116891048649.98529 179.0
259.50967743 475.6886944657316 116891048649.98529 117244087565.43636 165.29032258064515
567.4677419 475.7682794331462 117244087565.43636 118198592424.40187 273.4193548387097
937.83214281 475.983451854013 118198592424.40187 119536527135.97166 459.67857142857144
2322.1806447 476.2851887992719 119536527135.97166 123290199528.04266 882.258064516129
3496.29 477.12777767455003 123290199528.04266 129131474038.62653 1073.0
3115.6806447 478.4000591492827 129131474038.62653 134903986873.35698 753.0
1859.0633337 479.63653485184113 134903986873.35698 137306690634.03629 734.0
782.02903229 480.129686041136 137306690634.03629 136895567358.03336 734.0
451.89354837999997 480.0528262026609 136895567358.03336 135515651704.0883 734.0
299.58333337 479.766620949402 135515651704.0883 133617344388.34273 734.0
206.19354838 479.3628975730206 133617344388.34273 131348952536.82195 734.0
185.61333337 478.8786860644986 131348952536.82195 129380442703.40724 734.0
320.29354837999995 478.45379725953103 129380442703.40724 128379166611.43459 734.0
588.3677418999999 478.2376789577886 128379166611.43459 126734195607.49849 1268.0
934.29642854 477.8810576569332 126734195607.49849 125312363143.29797 1599.642857142857
2037.2096771 477.5700706787616 125312363143.29797 126426403980.24887 1581.967741935484
2896.7066663 477.81373665359774 126426403980.24887 130457365914.66435 1170.0
3323.7580648000003 478.6862434523342 130457365914.66435 136775081950.81252 756.0
2009.1133336999999 480.0303013555454 136775081950.81252 139562680493.46277 734.0
796.15161285 480.5514452221841 139562680493.46277 139185101208.09784 734.0
432.01612905 480.48085646066517 139185101208.09784 137746734503.23 734.0
275.19 480.21195260856797 137746734503.23 135777751119.19702 734.0
194.8322581 479.8223630623558 135777751119.19702 133470519192.60992 734.0
203.99333337000002 479.33167145738196 133470519192.60992 131544195229.33 734.0
299.85483866 478.9208278068919 131544195229.33 130486568939.01767 735.0
502.17741933 478.692546716818 130486568939.01767 127854109485.71744 1551.0
691.76785719 478.12434912275364 127854109485.71744 125494864401.13957 1744.8214285714287
1063.16451609 477.60998783926937 125494864401.13957 124406072644.8322 1430.5483870967741
2910.7966663 477.37184441050573 124406072644.8322 128576165264.67235 1132.0
2672.9419352 478.28019971177906 128576165264.67235 133163065921.89388 754.0
1661.1733337 479.2662836924487 133163065921.89388 135057403904.97746 734.0
685.25806447 479.6691628891913 135057403904.97746 134392582888.30412 734.0
373.78064514 479.5277717754794 134392582888.30412 132810762639.63382 734.0
251.01666662999997 479.1913574308026 132810762639.63382 130796278681.04788 734.0
158.44838715 478.7593953552877 130796278681.04788 128411347302.54807 734.0
144.60999999999999 478.2446249304011 128411347302.54807 126344177880.4016 734.0
300.74193553 477.7957519423451 126344177880.4016 125288989615.53079 734.0
619.62903229 477.56495835860255 125288989615.53079 123595775456.82133 1316.2903225806451
1006.62142854 477.1946140544229 123595775456.82133 123318688355.92654 1197.8214285714287
2536.077419 477.13400882675563 123318688355.92654 126787314660.71902 1201.9032258064517
3355.38 477.8926759975326 126787314660.71902 132554148227.36775 958.0
3612.3838715 479.1367818433364 132554148227.36775 139646970304.83612 753.0
2314.73 480.5672032725437 139646970304.83612 143220798840.24338 734.0
1093.9806447 481.2831306433296 143220798840.24338 143632752937.61407 734.0
528.9 481.37578788520335 143632752937.61407 142443401519.3153 734.0
354.34666663 481.1082774447403 142443401519.3153 140666367631.65875 734.0
236.96451609000002 480.7577804508616 140666367631.65875 138455232572.18195 734.0
257.39 480.3444069119802 138455232572.18195 136655059268.29375 734.0
463.54838715 480.0078630151979 136655059268.29375 136041207228.08755 734.0
611.82258067 479.87839371078 136041207228.08755 133441862830.30028 1650.0
782.49642854 479.32557695242457 133441862830.30028 126987920760.66397 3529.214285714286
1163.5548391 477.9365530972581 126987920760.66397 125602191750.79384 1641.5483870967741
1867.6466663 477.6334627626408 125602191750.79384 126509371636.03355 1348.0
2121.4806447 477.83188355993735 126509371636.03355 129621037057.77849 756.0
1792.99 478.50572783461655 129621037057.77849 131864886937.0068 734.0
878.0903225699999 478.9900468243054 131864886937.0068 131723689931.24321 734.0
444.69032257000003 478.95957045785525 131723689931.24321 130339063393.169 734.0
292.21333337000004 478.66070869699314 130339063393.169 128439889604.38095 734.0
221.66451609 478.25078558264215 128439889604.38095 126233245751.478 734.0
209.75 477.7714885720643 126233245751.478 124340319852.6716 734.0
307.16451609 477.3574627849238 124340319852.6716 123298640602.77895 735.0
545.04193553 477.1296239288668 123298640602.77895 122060699643.51071 1071.1612903225807
908.83928573 476.85446541351166 122060699643.51071 122080252294.2837 976.8928571428571
1419.4290324 476.8588751227523 122080252294.2837 122959420799.05875 1052.516129032258
2427.3 477.0554288711852 122959420799.05875 125566044956.3758 1253.4666666666667
3762.0193553 477.6255566396273 125566044956.3758 133066017728.26463 757.0
2433.1266663 479.2456439234931 133066017728.26463 136959245868.0084 734.0
1191.3548391 480.06473095307695 136959245868.0084 137644115888.33557 734.0
545.33548391 480.1927679731418 137644115888.33557 136512311675.26277 734.0
338.71666662999996 479.97858606449654 136512311675.26277 134711769288.26334 734.0
226.13548391 479.5956548890394 134711769288.26334 132492398370.02777 734.0
216.42333337000002 479.12364916419136 132492398370.02777 130600738027.24028 734.0
323.73548390999997 478.71718930007347 130600738027.24028 129609295060.5528 734.0
607.35161285 478.5031934082782 129609295060.5528 127474957468.43204 1470.0
984.7 478.04251186454394 127474957468.43204 125899428337.20706 1713.8214285714287
2290.8129028000003 477.6984751393716 125899428337.20706 127362194062.66965 1705.225806451613
4449.55 478.0181726878199 127362194062.66965 135303350772.89818 1212.0
3879.1516134000003 479.72146975178606 135303350772.89818 143095862782.62662 756.0
2450.6166663 481.255029865638 143095862782.62662 147014375683.64792 734.0
1177.2322580999999 482.12081603579355 147014375683.64792 147640710261.43918 734.0
547.03870972 482.24560873907933 147640710261.43918 146489548518.04 734.0
346.46333337000004 482.01624796135485 146489548518.04 144679116523.03613 734.0
239.80322581000001 481.61113731962126 144679116523.03613 142462356000.75195 734.0
224.89333337 481.11254071092037 142462356000.75195 140570120804.0098 734.0
364.29354837999995 480.7397870263619 140570120804.0098 139689240067.1155 735.0
546.31935486 480.57510563976734 139689240067.1155 136879559943.5763 1664.0
848.14285719 480.04983360321114 136879559943.5763 128102185691.8765 4556.321428571428
1248.4677419000002 478.17789460217494 128102185691.8765 126329085288.92874 1870.9354838709678
1508.1299999999999 477.7924508505969 126329085288.92874 126257204351.92548 1366.0
1511.1870972000002 477.7767288608761 126257204351.92548 127718224015.59581 763.0
1234.4633337 478.09501921338136 127718224015.59581 128520437301.20514 734.0
593.77419352 478.26817122840606 128520437301.20514 127626783178.25668 734.0
376.15806447 478.0752823609447 127626783178.25668 126067788419.69981 735.0
267.93 477.73529930439634 126067788419.69981 124120939600.05702 734.0
166.04838715 477.3094793525934 124120939600.05702 121782867870.03064 734.0
167.53666663 476.79180601489185 121782867870.03064 119843753275.80894 714.1666666666666
335.30322581 476.3544775092036 119843753275.80894 119315933188.47682 570.4516129032259
