460.56451609000004 477.2554680664917 123874000000.0 124857034526.62224 158.0
656.65 477.47047999269955 124857034526.62224 123470316027.95737 1306.7857142857142
946.15483866 477.1671732344614 123470316027.95737 122826332921.87004 1147.8064516129032
1655.9866663 477.026319536717 122826332921.87004 125392276058.19093 498.0
2696.1419352 477.58754944404876 125392276058.19093 131592942082.77103 177.0
1567.67 478.93134946746625 131592942082.77103 134797110078.87161 136.0
696.32258067 479.6138047807043 134797110078.87161 135786400062.77673 127.0
396.62580648 479.82420248038636 135786400062.77673 135885331834.79875 127.0
278.39333337 479.8452428402379 135885331834.79875 135439468343.71463 151.0
257.58064514 479.7504186183995 135439468343.71463 134835792799.73967 160.0
409.20333337 479.6220316460527 134835792799.73967 134943954770.27806 152.0
644.4677419 479.6450350425942 134943954770.27806 136397257049.88795 143.0
820.24193553 479.954116769436 136397257049.88795 137555876736.23276 456.0
987.3142857299999 480.17627159024727 137555876736.23276 131936541224.44266 3391.0
1358.1709675999998 479.0054319915871 131936541224.44266 127245950415.46367 3069.516129032258
2144.7633336999997 477.99299002962897 127245950415.46367 130773003088.52028 612.0
1835.0354837999998 478.75437148467955 130773003088.52028 134656326687.4988 177.0
1179.78 479.58386360857054 134656326687.4988 136766258778.21422 168.0
575.82903229 480.0286518560879 136766258778.21422 137310935230.09303 171.0
391.22580648 480.13047957189997 137310935230.09303 137252466125.16887 179.0
279.41999999999996 480.11954872409217 137252466125.16887 136729726747.15488 180.0
228.25161285000001 480.02182216248923 136729726747.15488 136007845705.08276 173.0
237.38666663000004 479.87129853362035 136007845705.08276 135634578967.18793 165.0
382.09354837999996 479.7919138594615 135634578967.18793 136355843670.54375 154.0
499.59677418999996 479.9453091600476 136355843670.54375 136722322750.92775 431.0
770.675 480.02043797923494 136722322750.92775 130410948453.45973 3460.0
1217.7258067 478.67622457445714 130410948453.45973 126728455630.19693 2552.9032258064517
1831.29 477.8798021938314 126728455630.19693 129558823130.16418 568.0
2333.2064514000003 478.4922994021507 129558823130.16418 134788605832.76103 173.0
1554.3966663 479.6119961362741 134788605832.76103 137904523194.78687 154.0
721.0903225699999 480.24145133572387 137904523194.78687 138918724598.4809 140.0
404.57419352 480.43105713189027 138918724598.4809 138921888200.3994 168.0
285.36 480.4316485699008 138921888200.3994 138430689314.3414 172.0
223.34838715 480.3398185295086 138430689314.3414 137703679669.5383 168.0
267.91333337000003 480.20390347159065 137703679669.5383 137416038705.29486 161.0
429.71290324 480.15012875402783 137416038705.29486 138279025497.41315 149.0
630.39677419 480.31146485275997 138279025497.41315 138965044439.91754 443.0
1029.23214281 480.43971666478177 138965044439.91754 132676281008.56377 3710.0
2825.0580648 479.16275648842276 132676281008.56377 131132498489.80486 3361.0
3411.81 478.83196600254803 131132498489.80486 138033360903.5358 573.0
3810.2419351999997 480.2655376525586 138033360903.5358 147436254631.52075 83.0
2563.3199999999997 482.2048724111418 147436254631.52075 153220199831.27686 123.0
1268.1032257000002 483.34880370186283 153220199831.27686 155672153343.8456 138.0
573.22258067 483.8257446691005 155672153343.8456 156159090663.9483 141.0
361.55 483.9204611289532 156159090663.9483 155897165149.1451 140.0
274.3 483.86951276972286 155897165149.1451 155326602578.10367 139.0
268.24333336999996 483.75852997045394 155326602578.10367 155061991030.81964 138.0
286.20967743 483.7070591384594 155061991030.81964 155588098536.8581 134.0
505.45161285000006 483.8093947747244 155588098536.8581 155297591966.26184 687.0
809.6857142700001 483.752886980405 155297591966.26184 143051985790.06842 5957.0
933.59354838 481.24516099641664 143051985790.06842 130638330916.79276 5527.0
1076.84333337 478.7253034571105 130638330916.79276 130774178831.33922 851.0
1097.3645162 478.7546252603797 130774178831.33922 132759071130.85678 149.0
1076.40666663 479.1803639155374 132759071130.85678 134696375418.84697 133.0
549.67096771 479.5923809908224 134696375418.84697 135280203334.53574 132.0
339.67741933 479.7165468597481 135280203334.53574 135204165331.35062 136.0
222.07666663000003 479.7003754426522 135204165331.35062 134646017665.1043 139.0
192.67096770999999 479.581671132519 134646017665.1043 133922720477.2317 141.0
204.76999999999998 479.42784357235894 133922720477.2317 133532432420.68564 141.0
307.14516134 479.3448388814729 133532432420.68564 134097401596.5199 137.0
520.89354838 479.46499395927685 134097401596.5199 134058216365.51445 603.0
868.45714281 479.45666022235525 134058216365.51445 127122143946.68982 3814.5714285714284
1977.5193553 477.96591074949475 127122143946.68982 127384142062.75073 1840.1290322580646
2224.3033337 478.022910007069 127384142062.75073 131285174749.9471 547.0
1872.1870972000002 478.86492008416735 131285174749.9471 135215744467.10655 196.0
1140.0333337 479.70283804064366 135215744467.10655 137143830762.58615 198.0
473.3548386599999 480.09923925268015 137143830762.58615 137349356563.8709 195.0
301.8677419 480.13766247221366 137349356563.8709 137003559795.97954 197.0
207.83000000000004 480.0730154787773 137003559795.97954 136239299275.36955 202.0
158.46774190000002 479.9205230275137 136239299275.36955 135279309474.65051 193.0
244.43666663 479.71635675768835 135279309474.65051 134895074872.43552 177.0
440.07419352 479.6346394879701 134895074872.43552 135757908144.74295 159.0
613.75483866 479.81814294869054 135757908144.74295 136443177120.73373 426.0
763.28928573 479.96388284150015 136443177120.73373 130304878684.15501 3381.0
938.56129028 478.65333017141273 130304878684.15501 126299678958.42842 2394.2580645161293
1020.55 477.7860190197788 126299678958.42842 127106735764.97989 539.0
966.8838709500001 477.9625406310105 127106735764.97989 128465771789.98642 256.0
653.42333337 478.25637206777174 128465771789.98642 128989108194.92706 260.0
379.71612905 478.36933049750206 128989108194.92706 128770991006.0362 267.0
252.08064514 478.32225145824225 128770991006.0362 128053748677.21552 295.0
166.99666663 478.167439818091 128053748677.21552 126896946859.54672 325.0
114.38709675999999 477.9166550436454 126896946859.54672 125553806907.06071 306.0
179.45 477.62287990093193 125553806907.06071 124860456285.92575 241.0
277.94193553 477.47122840899516 124860456285.92575 125160653427.05685 205.0
434.87419352 477.53688832612795 125160653427.05685 125743675027.22087 282.0
694.30357146 477.6644083611594 125743675027.22087 124151193647.95891 1429.7857142857142
1147.1419352 477.3160965984162 124151193647.95891 123712580620.0642 1271.967741935484
2358.3566663 477.22016199039024 123712580620.0642 127867462915.30399 586.0
3239.9032257 478.12723136527177 127867462915.30399 135577894531.15869 154.0
1775.5066662999998 479.7798584711099 135577894531.15869 139275160708.25723 150.0
729.89677419 480.49769315914324 139275160708.25723 140315699171.48285 138.0
345.64516134 480.6922226904997 140315699171.48285 140233057665.4128 140.0
207.90333336999998 480.6767727921879 140233057665.4128 139605089458.59564 146.0
154.84838715 480.55937361349703 139605089458.59564 138742122911.82007 149.0
177.87333337 480.3980412996485 138742122911.82007 138255531359.1794 147.0
332.94193553 480.30707260407166 138255531359.1794 138883713300.31635 140.0
505.38064513999996 480.4245117405714 138883713300.31635 138999400036.8827 531.0
866.33571427 480.44613947221586 138999400036.8827 130745703493.69453 4359.0
1420.8 478.74847906188097 130745703493.69453 127054977164.87756 2759.0
1921.4266662999999 477.95121985233544 127054977164.87756 129856531323.92628 669.0
1206.6612905 478.5565575920411 129856531323.92628 132109404912.88728 159.0
491.56333337 479.0421958555694 132109404912.88728 132515877350.06723 140.0
295.29032257 479.1286425670071 132515877350.06723 132370958976.78906 152.0
209.14838714999996 479.0978219857059 132370958976.78906 131879088813.38368 164.0
132.21333337 478.99311219801075 131879088813.38368 131019868010.86592 170.0
90.72258067000001 478.80765551713057 131019868010.86592 129963415442.35811 169.0
130.42333337000002 478.57962776653534 129963415442.35811 129341534251.38795 160.0
219.35161284999998 478.4453991477203 129341534251.38795 129634375314.77946 150.0
341.11290324 478.50860680224037 129634375314.77946 129498306413.49097 458.0
481.26071427 478.47923730055925 129498306413.49097 125658544960.39706 2146.535714285714
721.53548391 477.64578848652604 125658544960.39706 123763036488.65869 1390.1612903225807
1303.1966663 477.2311978321651 123763036488.65869 125263318170.29927 556.0
1162.8387095 477.559343431824 125263318170.29927 127137945141.999 261.0
458.84666663 477.9693668289587 127137945141.999 127150248692.39551 264.0
249.6322581 477.97205789422475 127150248692.39551 126543145340.47762 284.0
157.85806447 477.8392706344002 126543145340.47762 125564185386.39302 301.0
81.28333337000001 477.6251499095348 125564185386.39302 124225530015.75848 313.0
42.03225809999999 477.33235564649135 124225530015.75848 122694283828.28479 308.0
94.14666663 476.9973576518459 122694283828.28479 121756469071.55399 253.0
228.11612905 476.7858522939905 121756469071.55399 121892114244.83917 216.0
365.49677419 476.8164443493097 121892114244.83917 122433847649.90826 227.0
507.6 476.9386214817114 122433847649.90826 121524181265.52493 959.7142857142857
651.51935486 476.7334644261445 121524181265.52493 120923741868.39276 837.2903225806451
847.1066666300001 476.59804733161764 120923741868.39276 121313937620.01094 531.0
938.85161285 476.68604817772007 121313937620.01094 122645231489.31664 244.0
494.09333337 476.98629487805965 122645231489.31664 122774933296.79913 258.0
267.63548391 477.0150772740156 122774933296.79913 122216124884.52731 288.0
168.72903229000002 476.889518467417 122216124884.52731 121249342592.08215 312.0
89.18666663000002 476.6714800613627 121249342592.08215 119902875732.28485 330.0
45.80000000000001 476.36781139654596 119902875732.28485 118351420490.49693 326.0
92.45999999999998 476.0179117028635 118351420490.49693 117408418231.96092 257.8333333333333
211.72258067 475.8053242182058 117408418231.96092 117480558656.96231 222.4516129032258
395.33870972 475.8215867125704 117480558656.96231 118038325865.78525 249.41935483870967
729.26785719 475.9473232339462 118038325865.78525 119008661730.33067 402.92857142857144
948.14193553 476.16613931671867 119008661730.33067 119949407736.27335 558.8387096774194
1345.0700000000002 476.3783057591956 119949407736.27335 121628507872.65498 532.0
1586.1806447000001 476.75699320538 121628507872.65498 124658445475.95952 256.0
1173.9866663 477.42704406735777 124658445475.95952 126520362794.83372 267.0
466.36451609000005 477.834287575423 126520362794.83372 126454489350.21402 299.0
247.75161285000001 477.8198795604143 126454489350.21402 125670750668.47716 318.0
147.82666662999998 477.6484581514605 125670750668.47716 124470259115.56552 326.0
117.30322581000001 477.38588344609923 124470259115.56552 123125886345.52788 313.0
143.52333337000002 477.09183865825196 123125886345.52788 122275911753.75563 268.0
255.50967743 476.90300219976444 122275911753.75563 122474505154.79343 220.0
564.4677419 476.9477909686047 122474505154.79343 123442706545.95395 267.0
935.83214281 477.16113441512556 123442706545.95395 123071079337.34628 1166.0357142857142
2321.1806447 477.07985112365407 123071079337.34628 125585578171.58192 1343.3548387096773
3496.29 477.629828996409 125585578171.58192 132677869882.86209 588.0
3114.6806447 479.1630944029907 132677869882.86209 139896952348.41327 208.0
1857.0633337 480.6139376235583 139896952348.41327 143655010657.8399 205.0
771.02903229 481.380794120072 143655010657.8399 144566422572.0549 224.0
428.89354837999997 481.5857900521941 144566422572.0549 144484721788.78317 219.0
269.58333337 481.56741380764356 144484721788.78317 143845716304.24942 207.0
176.19354838 481.4236878776989 143845716304.24942 142903034551.0132 195.0
170.61333337 481.21165869343525 142903034551.0132 142308922923.95496 178.0
317.29354837999995 481.07803034726834 142308922923.95496 142848580853.3425 158.0
585.3677418999999 481.1994108981877 142848580853.3425 143593870364.85193 377.0
932.29642854 481.36704236726314 143593870364.85193 137768525912.63916 3423.0
2036.2096771 480.21602653068595 137768525912.63916 132720124181.75023 3880.0
2896.7066663 479.1720808553276 132720124181.75023 138333129225.86572 554.0
3322.7580648000003 480.3215795898048 138333129225.86572 146281309336.03888 139.0
2006.1133336999999 481.97150457400784 146281309336.03888 150590852335.49802 136.0
785.15161285 482.8334035336717 150590852335.49802 151766363440.44962 134.0
409.01612905 483.066011173011 151766363440.44962 151796098752.30402 151.0
243.19 483.0717951278553 151796098752.30402 151206513623.56998 153.0
163.8322581 482.956069660006 151206513623.56998 150323325975.326 151.0
188.99333337000002 482.7801008119797 150323325975.326 149837911644.4969 148.0
296.85483866 482.68338546413565 149837911644.4969 150368988428.6874 142.0
498.17741933 482.78919873056134 150368988428.6874 150513657182.12045 516.0
690.76785719 482.8180229492171 150513657182.12045 142899121200.99164 3923.0
1061.16451609 481.2107784977489 142899121200.99164 134177082102.65912 4276.0
2909.7966663 479.4819400473541 134177082102.65912 139712468296.32172 596.0
2671.9419352 480.57944817654175 139712468296.32172 145782633807.2169 189.0
1658.1733337 481.8593418369809 145782633807.2169 149039338276.5523 195.0
672.25806447 482.5242754087572 149039338276.5523 149723222358.22733 206.0
346.78064514 482.66053444077056 149723222358.22733 149446721395.5823 205.0
216.01666662999997 482.6054435934613 149446721395.5823 148682309049.1642 196.0
123.44838715 482.4531398782953 148682309049.1642 147600361490.63733 188.0
125.60999999999999 482.23756953389864 147600361490.63733 146891796780.72537 173.0
297.74193553 482.09639306250756 146891796780.72537 147391887507.63095 154.0
616.62903229 482.1960325777308 147391887507.63095 148079631471.93036 431.0
1005.62142854 482.3330606638634 148079631471.93036 141820522449.0952 3677.0
2536.077419 480.97355065415877 141820522449.0952 140275406904.0946 3071.0
3354.38 480.6846900175911 140275406904.0946 147337416928.01855 447.0
3612.3838715 482.1851797027333 147337416928.01855 156038091597.9378 140.0
2313.73 483.896925033639 156038091597.9378 161154390884.18283 125.0
1086.9806447 484.8803053520504 161154390884.18283 163141099534.65082 125.0
509.9 485.25670424381366 163141099534.65082 163482077595.13916 126.0
327.34666663 485.3209185678228 163482077595.13916 163119023835.85803 137.0
209.96451609000002 485.2525468617435 163119023835.85803 162361933050.3062 136.0
245.39 485.1099685593797 162361933050.3062 162034284486.03836 134.0
460.54838715 485.0482644983123 162034284486.03836 163038235940.0632 131.0
608.82258067 485.2373325687501 163038235940.0632 163276052281.7948 595.0
780.49642854 485.2821190737843 163276052281.7948 153847858529.7852 4766.0
1161.5548391 483.47089253642974 153847858529.7852 143949280988.50818 4814.0
1866.6466663 481.4469817787918 143949280988.50818 146146886386.5515 835.0
2119.4806447 481.94126999247675 146146886386.5515 150898332946.3659 124.0
1789.99 482.89466685522336 150898332946.3659 154613515746.98868 146.0
868.0903225699999 483.6198241095096 154613515746.98868 155962926781.7513 149.0
420.69032257000003 483.8823043730308 155962926781.7513 156017031177.24704 150.0
261.21333337000004 483.89282847252423 156017031177.24704 155472495482.37714 149.0
193.66451609 483.78690828289774 155472495482.37714 154660890230.04333 149.0
195.75 483.6290391421987 154660890230.04333 154194387440.38806 144.0
304.16451609 483.53829749861666 154194387440.38806 154757529464.57578 138.0
542.04193553 483.6478368925454 154757529464.57578 154800280346.39676 599.0
906.83928573 483.65615256689296 154800280346.39676 144529473232.04416 5238.0
1417.4290324 481.57747935943416 144529473232.04416 133303670335.69423 5567.0
2426.3 479.2961868004454 133303670335.69423 137132808606.33824 772.0
3762.0193553 480.09717865139993 137132808606.33824 146213339591.1504 156.0
2432.1266663 481.9562167321526 146213339591.1504 151626216723.52365 136.0
1184.3548391 483.03875057839406 151626216723.52365 153795648819.7829 161.0
525.33548391 483.46073698108984 153795648819.7829 154099872413.76184 163.0
311.71666662999996 483.5199129379035 154099872413.76184 153670784140.9246 157.0
199.13548391 483.4364489673069 153670784140.9246 152863464336.95532 155.0
202.42333337000002 483.2794134092502 152863464336.95532 152404972452.90903 149.0
320.73548390999997 483.19023000445617 152404972452.90903 153003749399.80756 141.0
604.35161285 483.3067009141816 153003749399.80756 153314089160.7583 561.0
983.7 483.3670665552924 153314089160.7583 144460008483.788 4729.0
2289.8129028000003 481.5618552595115 144460008483.788 138692749534.75272 4401.0
4449.55 480.38881090573057 138692749534.75272 148176820788.38892 608.0
3879.1516134000003 482.3524249428948 148176820788.38892 157568134769.88394 148.0
2449.6166663 484.1919644471946 157568134769.88394 162945467977.23828 159.0
1170.2322580999999 485.2198621426061 162945467977.23828 165055255072.2285 161.0
528.03870972 485.6171855126607 165055255072.2285 165344277482.4566 162.0
319.46333337000004 485.67161534509535 165344277482.4566 164893640772.47235 161.0
212.80322581000001 485.5867496746652 164893640772.47235 164087951290.35898 155.0
211.89333337 485.4350190753971 164087951290.35898 163631336893.4696 149.0
362.29354837999995 485.34902766355356 163631336893.4696 164345900273.03305 141.0
543.31935486 485.4835970382359 164345900273.03305 164575163805.6496 533.0
846.14285719 485.5267728447551 164575163805.6496 155693956507.2923 4606.0
1246.4677419000002 483.82998570458903 155693956507.2923 144259967462.2193 5472.0
1505.1299999999999 481.51686177737724 144259967462.2193 145365424065.33142 895.0
1508.1870972000002 481.7655024888285 145365424065.33142 148343825801.0691 176.0
1230.4633337 482.3856995021058 148343825801.0691 150532029517.6792 178.0
578.77419352 482.82168350621225 150532029517.6792 150992208395.61542 195.0
349.15806447 482.91337086981775 150992208395.61542 150753893037.12546 192.0
234.93 482.86588823214294 150753893037.12546 150026878233.1354 199.0
131.04838715 482.72103571092555 150026878233.1354 148963571599.87628 187.0
150.53666663 482.50917943811044 148963571599.87628 148314104807.87946 174.0
332.30322581 482.3797778059134 148314104807.87946 148896653955.67413 158.0
