465.56451609000004 477.2554680664917 123874000000.0 122260819464.11499 1131.9032258064517
660.65 476.89959843574985 122260819464.11499 121715550239.97894 962.1428571428571
952.15483866 476.77662387008996 121715550239.97894 121703464945.21082 918.1612903225806
1659.9866663 476.77389827361543 121703464945.21082 122929499617.26749 1020.3666666666667
2699.1419352 477.04888443072343 122929499617.26749 126617258463.72226 1121.774193548387
1575.67 477.85548085383255 126617258463.72226 127308662698.31377 1119.0
718.32258067 478.0066183246954 127308662698.31377 125705166570.40427 1125.0
433.62580648 477.65598568906483 125705166570.40427 123254239116.36649 1128.0
320.39333337 477.11991231766547 123254239116.36649 120855877772.19087 965.0
289.58064514 476.58274194230734 120855877772.19087 119130443924.69206 633.483870967742
421.20333337 476.1936048544637 119130443924.69206 118540400086.28317 449.43333333333334
647.4677419 476.06053227024876 118540400086.28317 119156409066.3973 455.4193548387097
824.24193553 476.19946077275534 119156409066.3973 119994596506.51697 574.2258064516129
989.3142857299999 476.3884971823448 119994596506.51697 120850107550.53706 711.1785714285714
1362.1709675999998 476.5814405842438 120850107550.53706 122040534719.83588 879.258064516129
2147.7633336999997 476.8499176183662 122040534719.83588 124265677921.84938 1122.0
1841.0354837999998 477.34113690329167 124265677921.84938 125554923206.46823 1159.0
1190.78 477.62312406090734 125554923206.46823 125081463000.11926 1185.0
600.82903229 477.51956758532793 125081463000.11926 122989418589.24811 1192.1935483870968
429.22580648 477.0619900676396 122989418589.24811 120991663942.1058 957.1935483870968
321.41999999999996 476.61336579659576 120991663942.1058 119378836189.47345 665.6333333333333
262.25161285 476.2496247608194 119378836189.47345 118121537786.67165 433.2903225806452
254.38666663000004 475.96608155695935 118121537786.67165 117527431994.91106 285.23333333333335
386.09354837999996 475.8321532901062 117527431994.91106 117931719818.80815 272.8709677419355
505.59677418999996 475.9232912125357 117931719818.80815 118507443845.20935 353.1290322580645
773.675 476.05309964934804 118507443845.20935 119414030544.51878 473.85714285714283
1221.7258067 476.257562143554 119414030544.51878 120808045943.05861 663.0645161290323
1835.29 476.5719544300989 120808045943.05861 122717150896.26015 932.6
2337.2064514000003 477.0024389536877 122717150896.26015 125376766672.99858 1144.3870967741937
1562.3966663 477.58415719006973 125376766672.99858 125922816744.24643 1163.0
744.0903225699999 477.7035907139647 125922816744.24643 124207090569.04623 1194.0
441.57419352 477.32832252166367 124207090569.04623 121849038072.79906 1102.9032258064517
327.36 476.80672938042375 121849038072.79906 119950452167.44383 780.8
258.34838715 476.37854130975273 119950452167.44383 118480591229.12285 508.03225806451616
282.91333337000003 476.04704357896316 118480591229.12285 117822519583.0422 338.1
433.71290324 475.89867438752077 117822519583.0422 118226116561.35188 320.80645161290323
635.39677419 475.9896565737944 118226116561.35188 118981269374.67934 416.06451612903226
1031.23214281 476.1599615188722 118981269374.67934 120251843592.39925 581.2142857142857
2826.0580648 476.4465141164635 120251843592.39925 124968545141.38165 1026.3548387096773
3411.81 477.4948698909409 124968545141.38165 130491727617.76154 1110.0
3811.2419351999997 478.69366018082485 130491727617.76154 137171795235.20853 1108.0
2567.3199999999997 480.10446723410143 137171795235.20853 140433138876.3882 1109.0
1281.1032257000002 480.7141781410335 140433138876.3882 140340118887.06577 1112.0
603.22258067 480.69678797664346 140340118887.06577 138324533891.3743 1120.0
398.55 480.3199726848709 138324533891.3743 135635280569.45753 1135.0
306.3 479.792063073045 135635280569.45753 132570635206.33305 1129.0
283.24333336999996 479.14028821912655 132570635206.33305 129831769535.92586 1128.0
290.20967743 478.55121293674205 129831769535.92586 127662429335.95677 1140.0
511.45161285000006 478.0829763297986 127662429335.95677 126027802805.78111 1187.0
812.6857142700001 477.7265535445716 126027802805.78111 125464640254.11694 1123.0
939.59354838 477.60337713344643 125464640254.11694 124895265762.72649 1113.0
1083.84333337 477.47884203034266 124895265762.72649 124401027620.43898 1106.0
1108.3645162 477.37074094935235 124401027620.43898 123874459121.45476 1105.0
1088.40666663 477.2555684867574 123874459121.45476 123347041078.53001 1105.0
575.67096771 477.14021020965225 123347041078.53001 121626969235.1876 1029.6451612903227
380.67741933 476.7566461964789 121626969235.1876 120009485212.0248 767.9677419354839
269.07666663000003 476.39185503203083 120009485212.0248 118627423168.15129 525.5
229.67096770999999 476.08015858550993 118627423168.15129 117567915277.99103 327.8709677419355
222.76999999999998 475.84127936834784 117567915277.99103 117099151234.17484 205.76666666666668
311.14516134 475.7356066803821 117099151234.17484 117491337866.18935 202.3548387096774
525.89354838 475.82401665153054 117491337866.18935 118267406146.54988 298.51612903225805
871.45714281 475.99896441536293 118267406146.54988 119449248343.85545 457.82142857142856
1979.5193553 476.2655048136796 119449248343.85545 122485395327.795 807.5806451612904
2226.3033337 476.95024702927265 122485395327.795 124761066541.47629 1180.6666666666667
1878.1870972000002 477.44948961974546 124761066541.47629 126108278212.55457 1174.0
1151.0333337 477.74415533957887 126108278212.55457 125460701666.20428 1212.0
502.3548386599999 477.6025156750228 125460701666.20428 123051299538.42026 1212.0
344.8677419 477.0755248334253 123051299538.42026 120847608548.72858 949.7741935483871
255.83000000000004 476.5808769843772 120847608548.72858 119145659889.65788 634.7
199.46774190000002 476.19703651097376 119145659889.65788 117835076527.8945 390.80645161290323
260.43666663 475.90150507842526 117835076527.8945 117353429260.57945 248.13333333333333
444.07419352 475.7929281471099 117353429260.57945 117945976988.0833 260.5483870967742
618.75483866 475.9265051821649 117945976988.0833 118763994165.67258 375.8709677419355
766.28928573 476.1109594419649 118763994165.67258 119572209927.01903 507.2142857142857
944.56129028 476.2932363389759 119572209927.01903 120304836670.52258 632.8709677419355
1028.55 476.45846564513363 120304836670.52258 120673954957.12175 721.1
978.8838709500001 476.5417128906454 120673954957.12175 120744603541.98799 755.9677419354839
671.42333337 476.5576462656716 120744603541.98799 120161887699.21585 712.3333333333334
411.71612905 476.4262263642796 120161887699.21585 119199529439.0915 585.483870967742
299.08064514 476.20918571021457 119199529439.0915 118270145962.13062 431.7741935483871
219.99666663 475.9995820473694 118270145962.13062 117389324737.9837 285.1666666666667
160.38709676 475.80102000405407 117389324737.9837 116621462498.04457 151.38709677419354
199.45 475.6279221140768 116621462498.04457 116431370337.51562 75.76666666666667
281.94193553 475.58506995886285 116431370337.51562 116996457444.61154 108.48387096774194
439.87419352 475.71245659256346 116996457444.61154 117760026211.95424 217.0
697.30357146 475.884586612253 117760026211.95424 118756723662.78891 359.9642857142857
1152.1419352 476.10931972548235 118756723662.78891 120232012637.79027 563.258064516129
2360.3566663 476.44204164136 120232012637.79027 123458317426.2735 949.4
3241.9032257 477.1645488683888 123458317426.2735 128625426513.6456 1111.0
1782.5066662999998 478.2908324009596 128625426513.6456 129826945594.03075 1127.0
751.89677419 478.5501717232961 129826945594.03075 128245572232.50653 1148.0
385.64516134 478.20884356410676 128245572232.50653 125576118436.90274 1159.0
255.90333336999998 477.62775993808026 125576118436.90274 122529922469.59453 1147.5333333333333
195.84838715 476.96028923536187 122529922469.59453 120001467080.73232 837.6129032258065
197.87333337 476.3900467029166 120001467080.73232 118634128006.54155 525.5
336.94193553 476.08167072768185 118634128006.54155 118538633589.95537 410.48387096774195
511.38064513999996 476.0601338723399 118538633589.95537 118912041199.93797 434.61290322580646
869.33571427 476.144348488935 118912041199.93797 119879302993.61884 544.6071428571429
1424.8 476.36249503690095 119879302993.61884 121551488795.24294 762.1612903225806
1924.4266662999999 476.73962309319865 121551488795.24294 123409196509.29515 1040.9666666666667
1216.6612905 477.153805010782 123409196509.29515 123097331001.57999 1134.0
512.56333337 477.08559295747597 123097331001.57999 121360248532.69093 997.1666666666666
332.29032257 476.6964926776479 121360248532.69093 119797529552.52722 729.3548387096774
259.14838714999996 476.3440526731004 119797529552.52722 118567717273.0366 503.51612903225805
189.21333337 476.06669311525405 118567717273.0366 117517763974.92552 319.3333333333333
139.72258067 475.82997384466313 117517763974.92552 116658879078.95998 164.58064516129033
152.42333337000002 475.6363568708206 116658879078.95998 116356022567.72383 72.26666666666667
224.35161284999998 475.5680844381704 116356022567.72383 116822002225.43541 87.87096774193549
348.11290324 475.6731294466716 116822002225.43541 117446804465.39203 176.96774193548387
485.26071427 475.81397756208116 117446804465.39203 118118945288.2155 281.89285714285717
728.53548391 475.96549713440385 118118945288.2155 118895978018.3262 400.5483870967742
1309.1966663 476.14072575965855 118895978018.3262 120350368505.20978 583.7666666666667
1172.8387095 476.46873443960527 120350368505.20978 120959544870.42065 748.9032258064516
480.84666663 476.6061219825035 120959544870.42065 119897279816.34628 706.8
289.6322581 476.3665493496496 119897279816.34628 118763240869.05746 527.8387096774194
213.85806447 476.1107895509827 118763240869.05746 117803422410.25928 358.4193548387097
145.28333337 475.89436934406206 117803422410.25928 116926371148.3326 209.66666666666666
100.03225809999999 475.69665715697306 116926371148.3326 116192330393.00758 79.09677419354838
120.14666663 475.5311835872425 116192330393.00758 115977084062.27232 6.633333333333334
233.11612905 475.4850879021932 115977084062.27232 116594854392.56772 39.903225806451616
371.49677419 475.6219238937258 116594854392.56772 117351355790.43175 151.1290322580645
510.6 475.79246072823076 117351355790.43175 118105828948.54794 273.17857142857144
658.51935486 475.96254034006944 118105828948.54794 118734517443.01784 385.93548387096774
856.1066666300001 476.10431155683756 118734517443.01784 119282178684.70796 481.03333333333336
950.85161285 476.2278255942056 119282178684.70796 119788076868.90828 566.6129032258065
515.09333337 476.3419208094064 119788076868.90828 119205391296.76497 556.9
305.63548391 476.2105077349492 119205391296.76497 118352875040.45938 439.258064516129
222.72903229000002 476.01823974751 118352875040.45938 117558876881.51926 305.741935483871
152.18666663000002 475.8392418578718 117558876881.51926 116781394623.66165 178.43333333333334
102.80000000000001 475.66397534347647 116781394623.66165 116105270485.63676 60.41935483870968
118.45999999999998 475.5115578191246 116105270485.63676 115900534981.89928 1.0
216.72258067 475.4702469289532 115900534981.89928 116505191411.23991 28.387096774193548
401.33870972 475.60171131903513 116505191411.23991 117358435010.45506 144.83870967741936
732.26785719 475.79405658486365 117358435010.45506 118556682037.89128 311.5
954.14193553 476.0642043387215 118556682037.89128 119670765061.1965 500.19354838709677
1351.0700000000002 476.31546347794233 119670765061.1965 120945510972.42847 694.3666666666667
1593.1806447000001 476.6029569175526 120945510972.42847 122259484913.32155 905.1290322580645
1184.9866663 476.8992974545154 122259484913.32155 122242117771.90392 1006.0666666666667
495.36451609000005 476.89538064318987 122242117771.90392 120720901967.89226 876.0645161290323
294.75161285 476.5523008497727 120720901967.89226 119239171215.90373 632.2903225806451
202.82666662999998 476.21812611996023 119239171215.90373 117984538266.6185 411.1
162.30322581000001 475.93519798616285 117984538266.6185 117007844110.62508 230.51612903225808
165.52333337000002 475.7150234694827 117007844110.62508 116611471846.93864 121.13333333333334
260.50967743 475.6256699384442 116611471846.93864 117065910811.39977 128.38709677419354
569.4677419 475.728113347926 117065910811.39977 118087855447.75618 250.19354838709677
938.83214281 475.9584886040929 118087855447.75618 119463979463.9687 444.85714285714283
2323.1806447 476.26882712313227 119463979463.9687 123245503218.47145 872.8709677419355
3496.29 477.1180015788433 123245503218.47145 128836135067.69028 1169.8333333333333
3116.6806447 478.33631233923813 128836135067.69028 133464471013.00906 1182.0
1863.0633337 479.3303851580198 133464471013.00906 134666537232.00284 1203.0
792.02903229 479.58603514079175 134666537232.00284 132790162143.51387 1294.0
464.89354837999997 479.1869762108707 132790162143.51387 130065697909.12947 1254.0
312.58333337 478.60170470734505 130065697909.12947 126846192725.98917 1265.0
215.19354838 477.9055539645646 126846192725.98917 123200283212.0025 1268.3225806451612
190.61333337 477.1081109387582 123200283212.0025 120706875963.36752 949.9666666666667
321.29354837999995 476.5491375650355 120706875963.36752 119842520374.32474 682.2258064516129
590.3677418999999 476.35419945293745 119842520374.32474 119926770536.49123 621.9354838709677
935.29642854 476.3732003916308 119926770536.49123 120695559528.27312 692.9642857142857
2038.2096771 476.5465853694797 120695559528.27312 123418402314.73572 983.0322580645161
2897.7066663 477.15581852903233 123418402314.73572 127577402724.65332 1124.0
3324.7580648000003 478.06462394229516 127577402724.65332 132944821714.56297 1115.0
2012.1133336999999 479.21986850586194 132944821714.56297 134764426628.36768 1114.0
806.15161285 479.60685381292376 134764426628.36768 133380388586.35649 1124.0
445.01612905 479.31250288948456 133380388586.35649 130871239104.80708 1153.0
288.19 478.77557502801795 130871239104.80708 127896282817.05417 1145.0
203.8322581 478.1334519354747 127896282817.05417 124497311907.82895 1163.0
207.99333337000002 477.3918005047745 124497311907.82895 121675381166.23195 1092.9
300.85483866 476.767564539069 121675381166.23195 120423011339.18173 806.8064516129032
504.17741933 476.48511757762327 120423011339.18173 120113355256.52467 682.9354838709677
693.76785719 476.4152808426984 120113355256.52467 120335332830.98346 677.4285714285714
1066.16451609 476.4653434440648 120335332830.98346 121062261080.0183 756.4516129032259
2910.7966663 476.62928756879074 121062261080.0183 125279288081.23102 1116.5333333333333
2674.9419352 477.56283641321767 125279288081.23102 128756499217.27382 1174.0
1665.1733337 478.3191235090166 128756499217.27382 129483048268.16191 1193.0
695.25806447 478.4759439387356 129483048268.16191 127547673453.56372 1224.0
386.78064514 478.0582070912074 127547673453.56372 124741493510.60796 1212.0
264.01666663 477.4452085543762 124741493510.60796 121732337591.18584 1142.6
167.44838715 476.7804099213319 121732337591.18584 119426918634.47379 727.0
148.60999999999999 476.26046879442345 119426918634.47379 118154832000.40404 440.03333333333336
301.74193553 475.9735870154202 118154832000.40404 118152836379.11058 340.2903225806452
621.62903229 475.97313714587705 118152836379.11058 118903879718.6698 403.80645161290323
1007.62142854 476.1425078301014 118903879718.6698 120152156683.36043 566.7857142857143
2537.077419 476.42403172831763 120152156683.36043 124180087000.10431 994.6129032258065
3355.38 477.3224162292442 124180087000.10431 129548453496.3525 1114.0
3613.3838715 478.49006119066536 129548453496.3525 135690940436.46835 1112.0
2317.73 479.8039005607121 135690940436.46835 138295717379.0596 1114.0
1101.9806447 480.31458541392027 138295717379.0596 137703313268.33325 1121.0
541.9 480.2038349725805 137703313268.33325 135513527339.65486 1126.0
366.34666663 479.76616914922477 135513527339.65486 132783994784.625 1122.0
245.96451609000002 479.18566456499894 132783994784.625 129577263311.88913 1126.0
261.39 478.49627958383104 129577263311.88913 126776505198.96617 1133.0
464.54838715 477.89031172330846 126776505198.96617 125102155588.15442 1129.0
613.82258067 477.5240935232184 125102155588.15442 123575625661.79773 1248.225806451613
783.49642854 477.1902068376636 123575625661.79773 122858758438.25523 1156.392857142857
1165.5548391 477.0334117319019 122858758438.25523 122908470370.4765 1108.258064516129
1869.6466663 477.0442848579345 122908470370.4765 124398261041.7139 1127.2
2124.4806447 477.37013583589544 124398261041.7139 126568435001.02876 1113.0
1796.99 477.84480205621804 126568435001.02876 127838142673.81538 1117.0
887.0903225699999 478.12090280030554 127838142673.81538 126708906395.58348 1116.0
457.69032257000003 477.87552633324225 126708906395.58348 124332838696.6844 1123.0
304.21333337000004 477.3558264865889 124332838696.6844 121624972755.89548 1066.8666666666666
230.66451609 476.7561959305132 121624972755.89548 119495848776.41742 724.4193548387096
213.75 476.2760146090251 119495848776.41742 118338087017.53226 460.93333333333334
308.16451609 476.01490460476595 118338087017.53226 118284861373.55348 365.8709677419355
547.04193553 476.0029006255195 118284861373.55348 118826387575.65688 407.4516129032258
909.83928573 476.1250310274373 118826387575.65688 119903099187.70103 539.8571428571429
1421.4290324 476.36786179244496 119903099187.70103 121559422318.77977 764.7096774193549
2428.3 476.74141234072613 121559422318.77977 124595267289.51195 1089.8333333333333
3763.0193553 477.41322556638494 124595267289.51195 131105295544.83891 1129.0
2436.1266663 478.82609444093225 131105295544.83891 134006264603.32008 1122.0
1198.3548391 479.4456113575755 134006264603.32008 133635855980.19328 1138.0
558.33548391 479.36683453428185 133635855980.19328 131450483596.40454 1145.0
351.71666662999996 478.90060081942687 131450483596.40454 128601639358.63799 1159.0
235.13548391 478.2856981132394 128601639358.63799 125315624414.96902 1151.0
220.42333337000002 477.5707839927754 125315624414.96902 122424043325.10924 1131.3666666666666
324.73548390999997 476.93641031238366 122424043325.10924 120958369645.14383 910.4516129032259
609.35161285 476.6058569339521 120958369645.14383 120688805537.82492 773.3225806451613
985.7 476.5450621420444 120688805537.82492 121310955940.4425 804.25
2291.8129028000003 476.68537571954045 121310955940.4425 124373864957.73181 1109.516129032258
4449.55 477.36479985952144 124373864957.73181 132551733174.2553 1123.0
3880.1516134000003 479.1362682208114 132551733174.2553 139403138363.18234 1111.0
2453.6166663 480.5216186882001 139403138363.18234 142342691125.96582 1118.0
1184.2322580999999 481.08562553440527 142342691125.96582 141943966022.74902 1128.0
560.03870972 480.9966285329499 141943966022.74902 139763850614.3098 1137.0
358.46333337000004 480.5890541436362 139763850614.3098 136959018105.31085 1138.0
248.80322581000001 480.0646883726511 136959018105.31085 133695399433.28978 1144.0
228.89333337 479.3794979653955 133695399433.28978 130779318370.20058 1141.0
365.29354837999995 478.7557345931795 130779318370.20058 128838397326.97536 1130.0
548.31935486 478.3368006317668 128838397326.97536 126778359114.43184 1383.0
849.14285719 477.8907172166299 126778359114.43184 126079028430.51556 1216.0
1250.4677419000002 477.7377577494566 126079028430.51556 126261450366.57341 1143.0
1510.1299999999999 477.7776575604929 126261450366.57341 126855174356.50682 1111.0
1515.1870972000002 477.90751845067956 126855174356.50682 127362326698.00447 1123.0
1240.4633337 478.01820131621076 127362326698.00447 127165985345.50902 1126.0
603.77419352 477.975499856848 127165985345.50902 125267103179.72617 1121.0
389.15806447 477.5601712991527 125267103179.72617 122679958889.43095 1134.9354838709678
279.93 476.9941269484508 122679958889.43095 120391362569.53596 882.9333333333333
175.04838715 476.4779798307478 120391362569.53596 118582119662.05424 551.0322580645161
171.53666663 476.0699412859842 118582119662.05424 117651968611.09238 331.73333333333335
336.30322581 475.8602273694978 117651968611.09238 117903136166.40836 280.258064516129
