468.56451609000004 477.2554680664917 123874000000.0 122409099797.80492 1079.5806451612902
661.65 476.9330400987381 122409099797.80492 124195060225.2665 0.0
955.15483866 477.3256912128755 124195060225.2665 126648326173.03894 0.0
1663.9866663 477.86227606584407 126648326173.03894 128939485709.64606 609.0
2701.1419352 478.3586198380415 128939485709.64606 132579012297.85252 1136.0
1580.67 479.14206982089587 132579012297.85252 132922533842.33131 1253.0
729.32258067 479.2151284224439 132922533842.33131 131032451841.9162 1238.0
452.62580648 478.8103716472947 131032451841.9162 128320268049.2155 1239.0
341.39333337 478.2249661232928 128320268049.2155 125259120935.52066 1235.0
306.58064514 477.55842540147 125259120935.52066 122178265257.07726 1150.741935483871
427.20333337 476.880979985809 122178265257.07726 120543981699.56804 855.7
648.4677419 476.51240002245555 120543981699.56804 120580801015.28824 673.0
826.24193553 476.52070388256385 120580801015.28824 120918972652.30135 763.2903225806451
990.3142857299999 476.5969717303341 120918972652.30135 123499011522.69002 0.0
1364.1709675999998 477.1734495893898 123499011522.69002 124193397988.1581 1066.0
2150.7633336999997 477.3253276439541 124193397988.1581 128824759696.73279 194.0
1844.0354837999998 478.3338570465644 128824759696.73279 130559646629.14346 991.0
1195.78 478.70832001492414 130559646629.14346 130038217685.56697 1204.0
612.82903229 478.5957732971222 130038217685.56697 127824791676.4848 1245.0
448.22580648 478.1180210827725 127824791676.4848 125107273915.50287 1240.0
342.41999999999996 477.5252130173891 125107273915.50287 122212421429.19238 1176.2666666666667
280.25161285 476.88868322715206 122212421429.19238 119981298050.91185 811.258064516129
262.38666663000004 476.38549798171215 119981298050.91185 118757961949.24146 534.4
387.09354837999996 476.1095989962204 118757961949.24146 118728189224.48232 436.1290322580645
507.59677418999996 476.1028843537398 118728189224.48232 119026447997.52087 458.93548387096774
774.675 476.17015065347783 119026447997.52087 120313137742.82782 318.0
1223.7258067 476.4603377859332 120313137742.82782 123487558988.88109 0.0
1838.29 477.1709446607352 123487558988.88109 127251753398.57315 217.0
2339.2064514000003 477.9942592735287 127251753398.57315 130371474615.29587 970.0
1567.3966663 478.6677044280803 130371474615.29587 130810040241.8903 1205.0
754.0903225699999 478.762365690026 130810040241.8903 128975314784.7796 1244.0
459.57419352 478.3663532883185 128975314784.7796 126279520237.9885 1242.0
348.36 477.78160985082866 126279520237.9885 123247667585.91379 1233.4666666666667
276.34838715 477.11847497504675 123247667585.91379 120638516757.86606 947.1935483870968
290.91333337000003 476.5337205137271 120638516757.86606 119247740408.57695 626.9333333333333
434.71290324 476.22005872994515 119247740408.57695 119148240912.64525 509.8709677419355
637.39677419 476.19761860907647 119148240912.64525 119580917157.47105 538.7096774193549
1032.23214281 476.2952000806204 119580917157.47105 120657822067.85428 662.4642857142857
2827.0580648 476.5380744402017 120657822067.85428 127490740377.0819 237.0
3412.81 478.04591849278694 127490740377.0819 135077555924.18587 312.0
3811.2419351999997 479.673448729091 135077555924.18587 141222522373.86255 1304.0
2569.3199999999997 480.8617540425991 141222522373.86255 144118914070.81494 1249.0
1289.1032257000002 481.4851358683794 144118914070.81494 143638232711.13464 1262.0
618.22258067 481.3770204028643 143638232711.13464 141320848081.43463 1245.0
417.55 480.88013611542993 141320848081.43463 138421400945.04144 1232.0
322.3 480.33808206114065 138421400945.04144 135383761601.65848 1131.0
291.24333336999996 479.7385711615607 135383761601.65848 133655162670.33932 743.0
292.20967743 479.37094059343667 133655162670.33932 133030869192.41502 566.0
513.4516128500001 479.23816869255955 133030869192.41502 129391090554.50775 1939.0
813.6857142700001 478.4560955222335 129391090554.50775 129377928454.80292 898.0
942.59354838 478.45325457690547 129377928454.80292 130820246547.15721 364.0
1088.84333337 478.76456864821006 130820246547.15721 130062378089.61113 1208.0
1113.3645162 478.6009881479843 130062378089.61113 129280400804.31557 1200.0
1094.40666663 478.4322039292717 129280400804.31557 128219868213.00436 1312.0
587.67096771 478.2032955348596 128219868213.00436 125780397530.60457 1306.0
400.67741933 477.6724404047692 125780397530.60457 122848617934.06496 1274.8064516129032
292.07666663000003 477.031193773855 122848617934.06496 120527178306.87831 907.5333333333333
248.67096770999999 476.508610353378 120527178306.87831 118830077590.55887 582.483870967742
231.76999999999998 476.12586323648145 118830077590.55887 117941882346.79521 375.5
313.14516134 475.9255821340837 117941882346.79521 118039636865.09584 314.4193548387097
527.89354838 475.94761877031016 118039636865.09584 118626018075.0334 371.48387096774195
872.45714281 476.0798416948654 118626018075.0334 119774029737.06395 472.92857142857144
1981.5193553 476.33875275982496 119774029737.06395 124977898748.57196 0.0
2229.3033337 477.496915736783 124977898748.57196 129184348823.88326 436.0
1881.1870972000002 478.4114717944924 129184348823.88326 130413129463.01215 1217.0
1157.0333337 478.67669532981057 130413129463.01215 129732174854.63849 1227.0
516.3548386599999 478.52971613525546 129732174854.63849 127253378051.70892 1248.0
365.8677419 477.9946146219836 127253378051.70892 124298492243.35863 1247.0
279.83000000000004 477.34831413896734 124298492243.35863 121461153845.3783 1092.6333333333334
219.46774190000002 476.71924985236313 121461153845.3783 119366497780.89084 700.5806451612904
268.43666663 476.24684207958745 119366497780.89084 118369960737.60666 453.46666666666664
445.07419352 476.02209308471055 118369960737.60666 118604214771.28868 395.48387096774195
620.75483866 476.0749243958702 118604214771.28868 119193397610.79695 463.48387096774195
767.28928573 476.20780279900697 119193397610.79695 119863625007.99644 565.3928571428571
947.56129028 476.35895918087425 119863625007.99644 120499356213.3628 672.0
1033.55 476.50233563675295 120499356213.3628 120811518210.65143 747.9333333333333
983.8838709500001 476.57273753059343 120811518210.65143 120844176921.72368 775.0322580645161
679.42333337 476.5801030495543 120844176921.72368 120243958468.887 727.0
427.71612905 476.4447357845933 120243958468.887 119287515169.42422 599.1935483870968
322.08064514 476.22902913157964 119287515169.42422 118376761238.55797 447.7096774193548
244.99666663 476.0236268016594 118376761238.55797 117511927560.76729 303.8333333333333
182.38709676 475.8286581516608 117511927560.76729 116748125456.82814 171.67741935483872
208.45 475.65647553129577 116748125456.82814 116533707456.79588 94.03333333333333
283.94193553 475.60813964310097 116533707456.79588 117066871902.544 122.41935483870968
442.87419352 475.72833000508206 117066871902.544 117811917797.76741 226.93548387096774
698.30357146 475.89628444494303 117811917797.76741 118793882549.09709 367.07142857142856
1154.1419352 476.1177001689438 118793882549.09709 121782779917.74147 0.0
2363.3566663 476.7917861790125 121782779917.74147 126703026081.71693 297.0
3242.9032257 477.8742401753537 126703026081.71693 132252309828.43329 966.0
1786.5066662999998 479.07258822382676 132252309828.43329 133119162981.88354 1257.0
761.89677419 479.2569466146073 133119162981.88354 131294344861.15143 1246.0
405.64516134 478.8668993872548 131294344861.15143 128453084587.96765 1240.0
279.90333337 478.25363362572153 128453084587.96765 125229770580.22583 1236.0
215.84838715 477.5520058136977 125229770580.22583 121938275928.76668 1138.8709677419354
206.87333337 476.8268551936776 121938275928.76668 119917340604.56503 785.0
338.94193553 476.37107365912607 119917340604.56503 119371393170.21724 580.8709677419355
513.38064514 476.24794613672015 119371393170.21724 119454401485.52124 545.258064516129
870.33571427 476.26666700169625 119454401485.52124 121742678250.65208 0.0
1426.8 476.7827420502147 121742678250.65208 125460136753.01125 0.0
1927.4266662999999 477.6023921157068 125460136753.01125 128865775359.84497 443.0
1221.6612905 478.34270998485755 128865775359.84497 128989164490.18948 971.0
522.56333337 478.3693426484329 128989164490.18948 126728384865.25041 1204.0
350.29032257 477.8797867159341 126728384865.25041 123842142366.7377 1237.0
284.14838714999996 477.2485000802139 123842142366.7377 121226924764.47456 1042.0645161290322
217.21333337 476.6664241688034 121226924764.47456 119310956956.42067 678.2666666666667
163.72258067 476.23431595769523 119310956956.42067 117863375142.41342 406.06451612903226
163.42333337000002 475.90788438737906 117863375142.41342 117165745833.10233 234.53333333333333
226.35161284999998 475.75061898852624 117165745833.10233 117349115974.30319 195.51612903225808
351.11290324 475.7919558102577 117349115974.30319 117793893659.53488 247.32258064516128
487.26071427 475.89222129385365 117793893659.53488 118356839960.68747 329.14285714285717
731.53548391 476.01913395595113 118356839960.68747 119236983363.93703 365.0
1313.1966663 476.21763269371604 119236983363.93703 120581795929.88837 629.8
1177.8387095 476.5209282656491 120581795929.88837 121119596994.10777 780.3548387096774
490.84666663 476.6422185372367 121119596994.10777 120022940313.73917 729.9333333333333
308.6322581 476.39488956105976 120022940313.73917 118885299338.40956 548.0645161290323
240.85806447 476.13831739702516 118885299338.40956 117940903323.02724 379.51612903225805
177.28333337 475.9253614344065 117940903323.02724 117083950887.19441 233.7
127.03225809999999 475.73218009179317 117083950887.19441 116352445568.65431 104.90322580645162
132.14666663 475.5672780813017 116352445568.65431 116113197993.40036 27.733333333333334
235.11612905 475.5133449038324 116113197993.40036 116688695066.38426 57.70967741935484
374.49677419 475.6430782385898 116688695066.38426 117418136547.81595 164.25806451612902
512.6 475.80751500176194 117418136547.81595 118154692854.93607 282.60714285714283
662.51935486 475.973555648092 118154692854.93607 118774890653.51743 393.0967741935484
861.1066666300001 476.1134169268194 118774890653.51743 119319442370.56134 487.2
955.85161285 476.2362296731081 119319442370.56134 119822823669.56998 572.516129032258
525.09333337 476.3497572552029 119822823669.56998 119249371922.52483 563.3
324.63548391 476.2204266852785 119249371922.52483 118422627695.21169 448.5806451612903
249.72903229000002 476.03397106342163 118422627695.21169 117662668711.79982 319.93548387096774
183.18666663000002 475.8626394751578 117662668711.79982 116914809565.67116 197.83333333333334
129.8 475.6940508488889 116914809565.67116 116249425155.78009 83.19354838709677
130.45999999999998 475.5440543633409 116249425155.78009 116042153729.21521 13.8
218.72258067 475.4977033011128 116042153729.21521 116606792764.08972 45.354838709677416
404.33870972 475.6246151406875 116606792764.08972 117430476483.38043 158.90322580645162
733.26785719 475.8102967726286 117430476483.38043 118607267420.94226 321.39285714285717
957.14193553 476.07561285993285 118607267420.94226 119710094818.29427 507.38709677419354
1355.0700000000002 476.3243335178832 119710094818.29427 120979662080.48381 700.3333333333334
1597.1806447000001 476.6106590167983 120979662080.48381 122290264979.91402 910.3548387096774
1189.9866663 476.9062392827952 122290264979.91402 122272822165.44841 1011.0666666666667
509.36451609000005 476.90230540492746 122272822165.44841 120771113891.45978 882.741935483871
317.75161285 476.5636251446684 120771113891.45978 119321841469.45941 643.0967741935484
229.82666662999998 476.23677074187174 119321841469.45941 118096047991.4984 426.8333333333333
184.30322581000001 475.96033543541444 118096047991.4984 117127598569.96307 249.25806451612902
175.52333337000002 475.7420195153208 117127598569.96307 116710973883.137 138.83333333333334
262.50967743 475.64810051468373 116710973883.137 117134439362.20003 141.96774193548387
571.4677419 475.7435616235798 117134439362.20003 118136649276.2384 259.5806451612903
939.83214281 475.96948811457133 118136649276.2384 119498729235.05006 451.67857142857144
2324.1806447 476.2766642388475 119498729235.05006 125229347804.13538 146.0
3497.29 477.5519133429868 125229347804.13538 131170114343.72609 1034.0
3117.6806447 478.8400851162802 131170114343.72609 135985076737.589 1111.0
1867.0633337 479.86645613304745 135985076737.589 137007865889.95006 1274.0
802.02903229 480.07382050662744 137007865889.95006 135286352317.70172 1244.0
481.89354837999997 479.7178545975546 135286352317.70172 132619043895.8587 1247.0
333.58333337 479.15058355930637 132619043895.8587 129504390747.96594 1242.0
234.19354838 478.4805505607524 129504390747.96594 126078618643.26518 1201.0
199.61333337 477.7376681196993 126078618643.26518 123354744680.98521 1045.0
323.29354837999995 477.1418951620703 123354744680.98521 121643298945.1866 1000.9354838709677
592.3677418999999 476.76032903590135 121643298945.1866 121093881556.89697 861.0
936.29642854 476.6364189347986 121093881556.89697 121484118740.37491 850.8214285714286
2039.2096771 476.72442912502817 121484118740.37491 126841583855.93748 0.0
2899.7066663 477.9045459002488 126841583855.93748 132598792202.22699 506.0
3324.7580648000003 479.1462765211031 132598792202.22699 138127336708.03955 1050.0
2016.1133336999999 480.28310650739195 138127336708.03955 139625399191.11713 1238.0
816.15161285 480.56317053488823 139625399191.11713 137939157788.8182 1243.0
463.01612905 480.2479263018916 137939157788.8182 135227478016.03015 1242.0
310.19 479.7053334785262 135227478016.03015 132056063644.0497 1237.0
223.8322581 479.03085147682896 132056063644.0497 128731544794.12643 1149.0
216.99333337000002 478.3137372747953 128731544794.12643 126649015429.75949 812.0
302.85483866 477.86242682190715 126649015429.75949 125192425773.93983 886.0
506.17741933 477.54383765834206 125192425773.93983 123212216928.68301 1309.9032258064517
694.76785719 477.1107211130103 123212216928.68301 122426779387.32788 1095.857142857143
1068.16451609 476.93702737648346 122426779387.32788 124420398430.35646 285.0
2912.7966663 477.37497778441747 124420398430.35646 128505011841.90614 1167.0
2676.9419352 478.2648417530555 128505011841.90614 132062191909.7044 1143.0
1669.1733337 479.03215480852924 132062191909.7044 132610164245.74982 1263.0
706.25806447 479.14869507565925 132610164245.74982 130557480035.91994 1276.0
406.78064514 478.7078523712325 130557480035.91994 127603654166.16237 1284.0
287.01666663 478.0702901286774 127603654166.16237 124259457045.91286 1291.0
189.44838715 477.33977625676135 124259457045.91286 121110921011.2069 1060.5483870967741
159.60999999999999 476.6402618428522 121110921011.2069 119276942548.73134 666.3666666666667
303.74193553 476.22664468848245 119276942548.73134 118881275548.30107 489.4516129032258
623.62903229 476.13740991166014 118881275548.30107 119378737923.01524 500.6774193548387
1008.62142854 476.24960259878554 119378737923.01524 121377198755.05505 258.0
2538.077419 476.70031546122124 121377198755.05505 128070557215.37288 0.0
3356.38 478.1710678211468 128070557215.37288 133337547634.30746 1151.0
3613.3838715 479.3033916704184 133337547634.30746 139885419402.91638 957.0
2320.73 480.611781529803 139885419402.91638 142231348994.98944 1214.0
1110.9806447 481.06058232006063 142231348994.98944 141337162389.0104 1240.0
557.9 480.8831860888036 141337162389.0104 138866364905.7794 1244.0
386.34666663 480.42126844378004 138866364905.7794 135895474478.47002 1231.0
263.96451609 479.84739993161844 135895474478.47002 132772772900.39026 1108.0
269.39 479.18327794563805 132772772900.39026 131232391742.91333 651.0
465.54838715 478.8535272486323 131232391742.91333 131234691844.84406 505.0
615.82258067 478.854023709226 131234691844.84406 126459653237.8423 2464.3870967741937
784.49642854 477.82100901965055 126459653237.8423 124821869034.47687 1538.9642857142858
1167.5548391 477.462788502729 124821869034.47687 127755203639.31166 33.0
1872.6466663 478.1030010013624 127755203639.31166 130584346317.75589 609.0
2127.4806447 478.7136512665133 130584346317.75589 132575386275.16187 1177.0
1800.99 479.14129865486217 132575386275.16187 133341767087.32204 1310.0
896.0903225699999 479.30428904451765 133341767087.32204 131527626847.2987 1376.0
474.69032257000003 478.9172516398228 131527626847.2987 128396956270.29443 1417.0
326.21333337000004 478.2415187287491 128396956270.29443 124840852819.14618 1411.0
249.66451609 477.4669406866024 124840852819.14618 121609680079.36078 1150.8064516129032
222.75 476.7527469732433 121609680079.36078 119736415226.65053 744.1666666666666
310.16451609 476.3302695594611 119736415226.65053 119191659713.0847 551.6129032258065
549.04193553 476.20741085094375 119191659713.0847 119415882401.0521 528.1612903225806
910.83928573 476.25797979274967 119415882401.0521 120302199853.84871 619.75
1423.4290324 476.4578709638811 120302199853.84871 123162538470.983 317.0
2430.3 477.099855308614 123162538470.983 127251115462.3465 684.0
3763.0193553 477.99411974242054 127251115462.3465 133644624695.66971 1170.0
2439.1266663 479.3686994248553 133644624695.66971 136239369861.59628 1241.0
1206.3548391 479.92053803947175 136239369861.59628 135510408572.16466 1278.0
573.33548391 479.7655058639227 135510408572.16466 133089728074.44955 1246.0
371.71666662999996 479.2506865322096 133089728074.44955 130030689938.21237 1258.0
254.13548391 478.5941484865557 130030689938.21237 126792485122.59659 1150.0
229.42333337000002 477.8938068947062 126792485122.59659 124125818091.10378 1052.0
326.73548390999997 477.3105463891303 124125818091.10378 122855160444.91153 840.0
611.35161285 477.0326247692283 122855160444.91153 121918041713.95486 1025.0645161290322
986.7 476.8222917713024 121918041713.95486 122140779928.36186 970.75
2292.8129028000003 476.8725259197929 122140779928.36186 125269562867.09755 1085.774193548387
4449.55 477.56070928851653 125269562867.09755 133883157191.1187 954.0
3880.1516134000003 479.41942943239445 133883157191.1187 140731531099.9616 1111.0
2455.6166663 480.76996281547235 140731531099.9616 143114400510.07574 1334.0
1192.2322580999999 481.2591993949788 143114400510.07574 142288529023.92786 1295.0
575.03870972 481.07344332521996 142288529023.92786 139816011990.13626 1261.0
378.46333337000004 480.5988057562416 139816011990.13626 136721115624.48015 1270.0
266.80322581 480.0202123059413 136721115624.48015 133129593008.44905 1285.0
237.89333337 479.2591648252763 133129593008.44905 130567027765.02031 1014.0
367.29354837999995 478.70991318044906 130567027765.02031 128706371750.4208 1102.0
550.31935486 478.308303852886 128706371750.4208 125407346301.8271 1847.2903225806451
850.14285719 477.5908456478187 125407346301.8271 125227128506.4923 1002.0
1252.4677419000002 477.5514279323037 125227128506.4923 126979139767.3681 559.0
1514.1299999999999 477.9346324950499 126979139767.3681 127338302360.46587 1205.0
1519.1870972000002 478.01301583433326 127338302360.46587 126429108893.89716 1656.0
1245.4633337 477.8143282795051 126429108893.89716 125130149112.3625 1557.7666666666667
615.77419352 477.53021634128663 125130149112.3625 122854547318.16742 1275.774193548387
409.15806447 477.0324906645161 122854547318.16742 120861067340.44536 935.6774193548387
302.93 476.58391234561236 120861067340.44536 119254701484.53606 644.8333333333334
196.04838715 476.22162866137484 119254701484.53606 117897627173.47807 404.61290322580646
181.53666663 475.915605764986 117897627173.47807 117226514397.80638 242.36666666666667
338.30322581 475.7643179435993 117226514397.80638 117632760394.3232 224.29032258064515
