9.112166828651606
3.9128895879700067
4.11610700594823
7.3797980257186255
9.112166828651606
9.112166828651606
9.112166828651606
9.112166828651606
9.112166828651606
9.112166828651606
9.112166828651606
9.112166828651606
7.076054388885471
1.1433515711056792
1.171038102103016
6.997352852292226
9.112166828651606
9.112166828651606
9.112166828651606
9.112166828651606
9.112166828651606
9.112166828651606
9.112166828651606
9.112166828651606
7.2115074450122485
1.1572414684487686
1.5895529685167382
6.905158107688184
9.112166828651606
9.112166828651606
9.112166828651606
9.112166828651606
9.112166828651606
9.112166828651606
9.112166828651606
9.112166828651606
7.022456902455324
1.1275012118767886
0.510448827631194
6.924486876647086
9.112166828651606
9.112166828651606
9.112166828651606
9.112166828651606
9.112166828651606
9.112166828651606
9.112166828651606
9.112166828651606
7.0698726705520105
0.9023761505282373
0.25723053404623286
6.717890440701475
9.112166828651606
9.112166828651606
9.112166828651606
9.112166828651606
9.112166828651606
9.112166828651606
9.112166828651606
9.112166828651606
7.2387277010488145
1.215596863906777
1.5590358218144633
6.4449755324810365
9.112166828651606
9.112166828651606
9.112166828651606
9.112166828651606
9.112166828651606
9.112166828651606
9.112166828651606
9.112166828651606
6.976924708291901
1.155937177765857
1.704846906566507
6.707875633763389
9.112166828651606
9.112166828651606
9.112166828651606
9.112166828651606
9.112166828651606
9.112166828651606
9.112166828651606
9.112166828651606
7.221505316902274
1.308965470937399
2.5420289933242977
6.967969142310881
9.112166828651606
9.112166828651606
9.112166828651606
9.112166828651606
9.112166828651606
9.112166828651606
9.112166828651606
9.112166828651606
6.990025418843299
1.0934701088513386
0.48270651074452076
6.582408436763156
9.112166828651606
9.112166828651606
9.112166828651606
9.112166828651606
9.112166828651606
9.112166828651606
9.112166828651606
9.112166828651606
7.2308771217805115
1.262858261515536
2.762912655209603
6.658590352657709
9.112166828651606
9.112166828651606
9.112166828651606
9.112166828651606
9.112166828651606
9.112166828651606
9.112166828651606
9.112166828651606
7.280240154478282
2.0197413110228997
3.3199971888241997
7.247642413682812
9.112166828651606
9.112166828651606
9.112166828651606
9.112166828651606
9.112166828651606
9.112166828651606
9.112166828651606
9.112166828651606
7.537855918571019
2.775343291715229
3.213541588005085
7.3349582799622794
9.112166828651606
9.112166828651606
9.112166828651606
9.112166828651606
9.112166828651606
9.112166828651606
9.112166828651606
9.112166828651606
7.524374843445827
1.2568628624376217
1.3036033306083938
7.287827957303486
9.112166828651606
9.112166828651606
9.112166828651606
9.112166828651606
9.112166828651606
9.112166828651606
9.112166828651606
9.112166828651606
7.186098431342887
0.9907610753107932
0.3669022647990108
6.7363529752674225
9.112166828651606
9.112166828651606
9.112166828651606
9.112166828651606
9.112166828651606
9.112166828651606
9.112166828651606
9.112166828651606
6.962461852530057
1.0067773487961666
0.39759392803610005
6.513036359992061
9.112166828651606
9.112166828651606
9.112166828651606
9.112166828651606
9.112166828651606
9.112166828651606
9.112166828651606
9.112166828651606
6.920854890892063
1.0764149711456472
0.4559762541092205
7.039954233889554
9.112166828651606
9.112166828651606
9.112166828651606
9.112166828651606
9.112166828651606
9.112166828651606
9.112166828651606
9.112166828651606
7.049962652037659
0.9262974499070946
0.29896692011275405
6.410929861372859
9.112166828651606
9.112166828651606
9.112166828651606
9.112166828651606
9.112166828651606
9.112166828651606
9.112166828651606
9.112166828651606
7.080825133715074
1.1030811218223313
0.4811353605655011
6.504619516718529
9.112166828651606
9.112166828651606
9.112166828651606
9.112166828651606
9.112166828651606
9.112166828651606
9.112166828651606
9.112166828651606
7.018445428943295
0.9781410104786943
0.34031626751337996
6.824084511584142
9.112166828651606
9.112166828651606
9.112166828651606
9.112166828651606
9.112166828651606
9.112166828651606
9.112166828651606
9.112166828651606
7.092730056388576
0.8656299082426422
0.20441374835660397
6.618265564085028
9.112166828651606
9.112166828651606
9.112166828651606
9.112166828651606
9.112166828651606
9.112166828651606
9.112166828651606
9.112166828651606
