7.54551686969271
4.436346162636578
4.510167069719147
8.342158690483416
8.610019597301198
8.619351934400683
8.607975805810161
8.606872212793302
8.623037723092011
8.598457680782369
8.615543574911259
8.598774110951707
8.4587653148551
1.1740094943313304
0.4009759864021287
8.180613093504704
8.606794093039696
8.618852871225265
8.60460539704361
8.608291410523936
8.620230648524931
8.5998214579163
8.612676599289266
8.59627054825792
8.417465492213811
1.1601515470010142
0.4117007253041223
8.147297102489388
8.603175279941778
8.613995848319291
8.594297544601899
8.593261611537535
8.609865777550628
8.593451810851848
8.606518755260408
8.589839054299036
8.375260344000282
1.1179008846130376
0.36979393711584585
8.221946872929008
8.566551312960286
8.569574726586309
8.572352110637807
8.569856286867065
8.586823468905765
8.569518080419146
8.587522678781395
8.570253226229958
8.384337888716678
0.8318619964243794
0.04464377546323739
7.996322773043929
8.582291938962904
8.597347116192715
8.578175998805955
8.577579416760402
8.594877905459104
8.578177926572558
8.596109922977364
8.579284229833615
8.342999818144486
0.9681447189640124
0.21599754761484036
7.989122414612955
8.587949830589036
8.600235802731161
8.585409237474975
8.584999478425924
8.6021508095871
8.58130434294251
8.5992163485238
8.582383617202261
8.333667527005218
1.0057240296712173
0.28279932220356585
8.096076130808092
8.60884298652694
8.627388703135923
8.610266583681472
8.610066046608205
8.622352931912936
8.602410697060225
8.615611522584315
8.59949335037674
8.38075574514332
1.2797843607809538
2.1613329762183024
8.21444730911682
8.59616039883649
8.608808564580066
8.588298014285003
8.587023845631045
8.603986983819453
8.587687518430416
8.605483289415051
8.58900603274191
8.369985566043244
1.1132585095125975
0.3518634870577113
8.071500928771606
8.595789642090107
8.610008058460815
8.592824444448448
8.592875588732115
8.609970134884014
8.593940560919364
8.611640899363998
8.595532204921355
8.388291203524297
1.2260650150216303
1.439163219273091
7.965801069635047
8.608022254621641
8.625977885495448
8.609338991518726
8.605247253167821
8.62623072976375
8.606685950817532
8.619979317905248
8.604237708924295
8.43856761785083
2.4359369641254327
3.465854512698874
8.312255067511991
8.657735524259785
8.682981932949057
8.685065183867232
8.659743581576375
8.674735927770039
8.644052133324106
8.63570282569212
8.616261874087026
8.611654821342874
3.816495484023891
4.004393102882343
8.35328089769418
8.648202649940274
8.688537413989941
8.659404626272554
8.697438720631085
8.661349880685403
8.634166675248272
8.63391586488778
8.609963949381298
8.571091453424842
1.3024163634598462
0.8158871218626871
8.329085193017287
8.599035477293603
8.60827796862893
8.60463347213697
8.607863685243048
8.611089845656775
8.59921472919781
8.60792174892969
8.58714958225712
8.453956394915753
1.0163605120873012
0.2395507926467495
8.216180318889487
8.583365302561402
8.596814883577888
8.575307147136394
8.578631920695704
8.59135897202668
8.57449850231433
8.592612511390554
8.571199566309941
8.435213105775889
0.845732479805239
0.07433492023589316
8.146766625149493
8.58442608534695
8.599693143845078
8.583742204259066
8.591903908151643
8.6043493875925
8.583448718643014
8.592623782591263
8.575879328624087
8.435423307944927
0.8434606145870731
0.044418225792441035
8.262209923973192
8.569428655713555
8.578660483984244
8.555999678681749
8.554133305706884
8.571824489382074
8.55412909373581
8.572799654893645
8.555111550809047
8.344867535498713
0.5914833085275646
0.23716832330030968
7.879824054255976
8.560961639722724
8.574373823206514
8.552920779021091
8.55161182425108
8.569602277671605
8.552000198570525
8.570785324446812
8.55315517590207
8.338055752605259
0.5702322518883971
0.25638395353527876
7.929746830564558
8.54634580915958
5.906381023310594
3.260413889012886
6.618412017994653
8.4340546707558
8.549740156958329
8.568591381621276
8.55087376406323
8.008110037452294
0.539130872735992
0.30735891441114305
7.874783693967962
0.3848337116499039
0.0950792164706673
2.361071700509356
6.571746837732491
8.427245911593598
8.549723918755973
8.568542393540286
8.550802581199093
7.950048438908919
0.5392110784215731
0.3019441558955549
8.018273100851344
8.558133638848053
8.573189390966014
8.553063907634723
8.55248140506934
8.570614022549547
8.5531045210523
8.571998608157903
8.55451432389728
