4.57778352185602
9.112166828651606
9.112166828651606
6.6212818367512725
4.286444876536908
3.9199146856047626
3.807145324910363
3.8246176985222053
4.042058324487311
4.263771287371897
5.647503828551246
6.307173092897044
5.930577466996829
9.112166828651606
4.63861731415263
8.323056528769055
4.903468780369871
4.144890159750265
3.810603639447618
3.8575971524619437
4.317737728421234
5.717683950967512
6.959539900703939
7.302048218126721
7.207525563783696
7.919304568632222
9.112166828651606
8.230908789713222
5.006945702030648
4.142819380476417
3.805870681475988
3.835740725976027
4.071313834451413
5.139456711633228
6.58290303047076
6.993544744484069
6.874238259305299
6.623924819539831
8.124111579121902
7.833642765468374
3.4983958141682656
3.846309156568113
3.5800131657411747
3.6603748902066826
3.9170313161766224
4.210554725179865
6.0146732986344995
6.682943125759595
1.4819061225833856
5.663201900203228
7.564402265924759
4.125534705439692
4.001954906930067
3.7145304922490716
3.573086674055112
3.7347470580568114
5.431910988419141
6.684530638372201
7.603701376718835
7.80970469977127
7.572963415982998
7.3398195923658776
9.112166828651606
7.335561375474771
3.9395667194598847
4.051629523261241
3.80140545630874
3.8346107533023286
4.666740063938656
6.185932641223758
7.288188918406046
7.472244152009259
7.189211404144995
6.99046530891865
6.315814559843744
6.095733155579529
5.879884437683355
6.177784053606723
6.616549696152794
7.251663856807293
7.892906219600835
8.401725984890238
8.736267584496304
8.606738463734876
8.174043141947218
7.739170204845015
9.112166828651606
7.910749070889124
5.028904490919618
3.9070062415699063
3.7706034681643583
3.817309027288628
4.0364652849465354
4.314104167763205
5.935546546903041
6.694718895712496
6.845844135003047
9.112166828651606
9.112166828651606
7.305076057776835
4.988034236841273
4.162025821184128
3.8830953362873597
4.735671314359183
6.3720276932408915
7.424631408696607
8.172141701431512
8.303737865571996
8.089082645961515
7.88109091430726
7.598696144760563
6.579696141121142
5.859440600882119
6.164040621242575
6.830685312718989
7.536542675545561
8.175310269898713
8.678492130420887
9.001406397806502
8.874140312986338
8.43375150877292
8.056084105445612
7.482970333873
7.155232694468261
6.732839135767476
6.843972546442176
7.248211881746302
7.78534998951955
8.319613545101152
8.768378545816654
9.057066320219537
8.92512925565428
8.455995241012223
7.9111096246230925
7.007045474005503
6.292939134714026
5.3140220535144875
5.017363961641075
5.418057946009775
6.430377381634858
7.395496600983442
8.07925536176998
8.556680471090162
8.525783612214468
8.038920477167123
7.421409341296101
8.505147287217373
4.896453416675154
4.369437521521581
3.7941462302151994
3.7350894952901506
3.741380612973664
3.9650531448745943
4.0039719091864665
4.843455357426925
4.9130357541451355
5.5143473639056655
5.90507137062914
9.112166828651606
7.0416665027183605
4.615890935637815
3.922763076947371
3.713022179391759
3.7343526702033776
3.9569623985063274
4.197710276510804
5.775595367543647
5.3675169620950784
3.594009575936381
4.961063056331735
7.919066128814055
4.362869556535498
4.261359328837607
3.8843047182804966
3.6479871859760067
3.638286995672644
3.8205426980139743
4.653842335157501
6.420834642207183
7.078251644218156
7.033541196457088
8.14356964374458
9.112166828651606
4.389512488096468
5.00760911301168
4.006612547021065
3.6992933603124776
3.6914068191969864
3.9449645705730596
4.333821459727684
6.413389939027049
6.956086267499098
0.4729843282655928
3.239738987718633
8.973265583894424
6.615126638349385
4.094147529708275
3.6837572827776155
3.210471233128798
3.05841526185918
3.3185359340763645
4.268067135416794
6.103100232877933
6.817460580573831
6.9178343923163315
6.785265296910833
7.791693873290852
6.3364180826824485
4.16051543907119
3.9578325345689507
3.596626567366437
3.7431116335049293
3.8934584544998962
4.215221656739297
4.807964594856173
5.582047058297767
4.816669050380781
5.44594059920053
4.569808969670907
5.222268480842129
4.34151240891344
3.4930852977653934
3.448047097155725
3.6069201155600394
3.771792877886355
3.5608593821434376
4.905311208901766
4.4140810911024655
1.735928038935283
5.297741447375708
6.757114200151275
4.179907714319992
2.1369575525794193
2.7438453293968514
3.7385370129005313
5.191248064638279
6.509329409813518
7.430886783077016
8.140666610183905
8.184627720612355
