8.56194928274379
4.094815411176818
6.157498784301771
7.371594965721505
8.604749034112062
8.813397903388685
8.814144689398564
8.813465668704396
8.822895229468658
8.81330494461638
8.823082149392745
8.81324585789501
6.1179922078619144
1.5051423093625313
3.3751124144547084
5.708192831337406
8.603123241298
8.814926374585957
8.807845059294772
8.807318804029979
8.816953770191807
8.807185082596872
8.81722849610388
8.807451164109194
5.895532094714134
3.1941947431153466
1.1162142127991395
5.656666192503398
8.38932331657938
8.806224832826944
8.802998375829555
8.802275543060361
8.812071667631102
8.802142880620115
8.812365086860822
8.802391632407502
4.451527720894347
2.9215775909578356
1.58007522410238
6.1507810111086085
8.583081613518187
8.798159104024
7.242121959719542
6.591272227624163
8.294395225943795
8.785195006540542
8.799264317016652
8.57531716926492
6.012773229213437
0.6134805840853303
0.3184854374062063
3.469045118906089
8.298942730494923
8.79099549000403
8.792984655470299
8.792570245020201
8.802796053460897
8.792657912499307
8.803235255574876
8.793056929954236
4.3238184519017
0.6637370724634142
0.1764988669595251
6.611382659123137
8.328901833099131
8.790811726059179
8.79271871963403
8.792409610082604
8.802689749769579
8.79256552895411
8.803187056053886
8.79295579451851
5.427231919138242
2.6844358098345804
1.0641635827300675
2.702365608798366
8.584662440766639
8.791617204228364
8.794188898783734
8.794001899437081
8.80428783810829
8.798871908824413
8.80933757638303
8.794791845358152
7.836515216597869
0.6846502800593655
0.1456181527119913
7.386579270565898
8.517456257577264
8.79810463840506
8.790185247874513
8.789524954058725
8.799848355133195
8.789637167792607
8.800366695207446
8.790133394097385
3.9148717858812816
0.5885932432383463
0.2504270844528751
6.735090582620446
8.284378692793133
8.797756630818773
8.791605644188497
8.79153782396492
8.80196109422422
8.791902386946376
8.802625365547632
8.79252378459183
6.181707651016766
0.6442042570202791
0.37301642435381055
5.381994446457642
8.566037453910116
8.793809217874603
8.796619829152217
8.796602535223887
8.81576586942032
8.797077381909482
8.807687623731692
8.806909637862368
6.293621022679002
1.6263677539496175
1.428928981108303
4.906624804785294
8.446627059464628
8.802304087620845
8.805159679388337
8.800593374701048
8.810760990120727
8.801037963786307
8.811512974821882
8.815246266473533
6.829046274963436
0.8822472367117182
0.34230520759417615
4.871062487773542
8.491240695048129
8.805492616346786
8.80283204973665
8.806978919610653
8.81683373195042
8.802752698656427
8.830428622308924
8.80330804730122
6.911707975820223
1.6196462369556848
0.07986657626510585
5.701082962262254
8.492682208828949
8.799530749157375
8.79591608070275
8.795172529703287
8.805189667440724
8.795068765532843
8.805587420774323
8.795531162729775
6.603097189189235
4.057951911136459
0.8447131419816216
4.390159581974388
8.552131728561408
3.4923887074159667
4.53661254954331
7.445094788440465
8.692896849076947
8.788764198112823
8.799513217128753
8.789238976760103
6.759777178286303
0.5430041949951274
0.05546842892914583
7.0583750683091155
5.448488332929946
1.7164314084348087
5.203972640369465
7.813944460687676
8.757045039511963
8.788811450225424
8.799607007515775
8.789416187151089
6.437897138858134
0.5458122041401872
6.695543653056054
5.072990735984962
0.3941200525523989
0.09387196106815665
2.791875579932179
6.6375753148383145
8.462483787104066
8.788682793918948
8.799364766379227
8.423254133866932
3.681828073474632
0.5547667331620012
0.2463134278649548
2.4933049694801515
8.424453093276302
8.794590796957984
8.791140258181809
8.790282259880833
8.800481430152837
8.790224669392497
8.800886143917769
8.790646853781917
7.283182208521703
2.0913460817785694
0.31406752155348094
3.449921875092805
6.477934281931936
0.37329759051002753
2.4440211816962343
6.43457960163521
8.457632399012573
8.788687503072401
8.79938845676245
8.789092873489045
6.0366476953121
1.3545123391989131
0.3410435648754504
3.424257487067109
0.3973414079685629
0.09591880272385467
2.295251112313899
6.438677841689734
8.44326137838685
8.788684905965338
8.79936523267289
8.724858043181742
4.962589125800424
0.5492666131974673
0.26779928361978733
4.357946122719781
8.545920075585396
8.787794713871266
8.79399292294782
8.793526805796212
8.803705937154165
8.793583532414132
8.804208953069459
8.794135370844646
