5.819261821081165
4.994681938760871
4.92603369765927
5.161152376081072
5.9777870168193585
6.100188285230015
5.9882804391420645
5.992337937170232
6.1025684677358205
6.015095400340497
6.128745286458697
6.03873968870762
4.916495177029978
5.36226292563675
4.6585323452407135
4.431457856351062
5.953494440626006
6.10461727227238
5.99973150474872
6.005926414974827
6.1158880062109375
6.028835282689552
6.185818024525525
6.567664432629013
6.738637829016744
6.796515657277401
5.961125306469924
5.122704472203284
5.959747813609977
6.109500412473896
5.998066134762683
6.001644332753925
6.111482882972632
6.024174507162379
6.138104951803566
6.155195400050019
6.323108091775068
6.299128961652479
4.205752435567023
4.258619333944782
5.8924137421250045
6.034237986587372
5.905767112173081
5.899353932229403
6.01007823201765
5.917323573674733
6.032193775355516
5.939911017463568
2.419525131375231
1.2748100521664671
2.2659272963293517
3.7252900755979876
5.9350190685486
6.124341874168601
6.021849831466362
6.028555144697432
6.140300780768783
6.752896224502415
7.675601176618537
7.869338517085691
7.616259414557954
7.243833580249052
5.642758582089617
4.224064989297571
5.921658897450323
6.105811861504763
6.001669831091911
6.009739340557447
6.121106251167933
6.0353722863055825
6.5627250609739605
6.993466215382695
6.884498177609145
6.81260024268988
6.192086249936137
6.029153570884593
5.996288112616364
6.184128541649281
6.593923931180481
7.2845466302688004
7.965367405233276
8.499905271365156
8.827914840981009
8.679721411435006
8.227571182572039
7.775722007783955
6.784674835514162
5.338136986197681
5.96070650037077
6.0903076771720075
5.974413393385766
5.977905727119162
6.089494997604719
6.002637588143382
6.1183888204716705
6.027855904277421
5.090905208498839
5.752531020152642
4.975701029890202
4.386098088225756
5.926231829555611
6.122050078344059
6.029907599948974
6.053390400356617
6.9098694999945725
7.8342724741759255
8.459784421487003
8.509007818185932
8.227973677473322
7.969177624071596
7.389452952771903
6.731876642915163
6.0404666249092
6.276739041511085
6.896889561217623
7.6317646947352
8.29455430305164
8.815456338638969
9.100457535349404
8.970790433695145
8.508945516540035
8.1054219000236
7.527349687959723
7.193260149430641
6.77391668425321
6.890466621076647
7.314625408151182
7.879867307544171
8.438053269753757
8.904178808403598
9.112166828651606
9.022809960311756
8.54398432762912
7.968530239937524
7.056285473474162
6.332947525355635
6.025184633895696
6.14496453947611
6.037161091083677
6.046770650398283
6.8518861548000265
7.769887596806945
8.395425453580998
8.429160974619062
7.9814105765147465
7.391211600653821
5.443704328886646
4.756554508690217
5.91207304648742
6.055337929604578
5.937739272026402
5.940186867554216
6.051328979694591
5.962157590651252
6.078693060435365
5.991107818829955
3.732362870031344
3.004435657849892
2.4460978697237428
4.329107182699667
5.889936995009322
6.043202964998982
5.924308383986182
5.926556277560194
6.037604897349109
5.947525948181086
6.0647331078802855
5.971962881357472
2.5010568672210525
2.6457562173980698
3.0816687322905985
4.505456701255683
5.911744171451066
6.0667482061825515
5.952404595679409
5.956907184605695
6.069057258690959
5.981376071439864
6.098233344709611
6.012063220342618
3.5658968469655763
4.570884790027538
4.070345805425373
5.192606099469881
5.888004872188715
6.026656901029195
5.901007919138815
5.898057256538824
6.009982257892108
5.917737654812643
6.033522964862101
5.941618716732331
2.0157027019216294
1.2715665534858918
2.171016081212697
3.6116309881778292
5.9179594881489175
6.090186762607613
5.9740309934999125
5.975001510999134
6.085410614149599
5.997572709757464
6.112814302988248
6.021815945158767
4.618994271361311
5.421509253254292
4.709568090219066
4.027796526653271
5.920510697251089
6.0673842756891965
5.939807761710954
5.935730432849443
6.044796709567255
5.954745452178718
6.071143869438965
5.982720119957772
2.858394241911652
2.7066331965854094
2.062294987402643
4.147004482218473
5.855982191966153
6.005459690795551
5.874331893518814
5.870357879670669
5.982000725744526
5.890562572259182
6.009850873978766
5.913959351314285
1.9375210684407893
1.2140200789678337
1.69886545565139
3.5290632895972625
5.890209285755447
6.102843843733144
5.997019065231739
5.998925894135278
6.113929571753168
6.027548532822957
6.2232352058086216
6.7384925356021395
