4.356124840470847
5.471424593486372
5.2703321981996565
4.980452693011032
3.4378872492692194
3.030773588318361
3.335055839688641
4.794895941154252
6.207449493850529
7.1236426019983465
7.699162578863362
7.482896857477881
6.893730415078755
6.537001825868694
5.515917432164997
4.498609875210889
3.3690084106776776
3.6142043239470283
4.379450402749879
5.590546520898846
6.705670599332896
7.474381838457986
8.053815350955457
8.034829278075827
7.6809908034213645
7.353837138166158
6.36650780017456
5.35345449558171
3.788085823765641
3.267120976114594
3.7759251544352956
5.080962552307464
6.375996055718602
7.254095328235998
7.899423768676246
7.874814746967251
7.444866546165331
6.9658705509842616
4.690163632891663
2.1978362070928608
2.7695162412158894
2.9188670586429097
2.681057555185607
2.695945737490149
2.942329092643778
2.789004843001921
4.181117335918664
5.492996317789105
6.106581232834241
6.387460135857056
5.848517752757159
5.768670404848322
5.525163970967553
5.5681368509961136
5.798455470082653
6.5575081323847595
7.377182360729899
7.9784746911215105
8.412047309863299
8.35186340554299
7.923595758841854
7.423634747773185
5.77326791708867
4.171339235152679
3.0632522786796166
3.422698863518276
4.351868924285827
5.707210696567966
6.881405273422011
7.67968023057793
8.219382633060379
8.096821730978276
7.594676351801796
7.232999718554275
6.494968195798098
6.211569524358551
5.960574934031012
6.231708296043149
6.6569840702936975
7.28244718722315
7.91615794285602
8.420867292442633
8.750013584470757
8.616748730727183
8.180603568642427
7.743069020371423
6.756298091245301
5.272913912012832
3.1091113845734704
3.0065163592961373
2.799246365859844
3.6796266679378906
5.570596274755694
6.813243416414373
7.726860678523821
7.890805887511291
7.6176850945612244
7.25152591711864
6.072833545573914
4.96108811530376
4.3069882632750875
5.136233930023252
6.095809637397674
7.008319796774508
7.791867385210768
8.371141683959571
8.763309603680446
8.701521075067243
8.345601550408155
8.034676180126844
7.431637250926002
6.751135306517638
5.978636809819484
6.242810281282637
6.886247483346524
7.575487357623574
8.203611204982604
8.700533568794894
9.015656991018895
8.883729470600475
8.440298035801696
8.059972404997783
7.486197027217801
7.159273801262282
6.738915942441634
6.850330516004739
7.2562998136295125
7.7950232140838605
8.330190860334993
8.779321920035994
9.063323326703193
8.930587122659565
8.459735027014068
7.912856223729218
7.0100045255399905
6.297812206174294
5.320961179512869
5.026119183174789
5.42925040462418
6.442596087554859
7.407232579352841
8.090795490079886
8.56630392945976
8.532729103870869
8.043742003122787
7.425316312171752
5.467142193611283
2.754067140516023
2.7769715742238823
2.954747423901699
2.7430049389104685
2.7760946551193335
3.5492309442073093
5.313975449050144
6.788982573856629
7.281423737641627
7.175393836888862
6.894752944598386
5.296479982771192
3.358964926332713
2.8000875683816755
2.9652202110155095
2.7484201249018696
2.781006435880265
3.7366791645332924
5.51598062293061
6.909323784529091
7.364827006469711
7.3089736690717
7.183157457048506
6.413281392145956
4.727572754472927
2.855176719081422
3.0065716552258817
2.831701179210863
4.087536460535203
5.831703269395303
7.001673859255911
7.896095783856554
8.063233422550875
7.670916797046305
7.124967078741854
5.039847597705286
2.431370908436106
2.782587123503502
2.934240155262172
2.705784585962011
2.727196484097181
2.9749498911317787
3.418491297712844
5.43252555532799
6.219712661694505
6.370366439943827
6.495486631741922
5.7729565984376805
4.994810348742204
3.6857790781411133
3.186091438708811
3.447799095962475
4.7500026268543785
6.174836670974769
7.155482123294393
7.904407293011199
8.021008140066042
7.694894627692344
7.24891190235605
6.046702601902904
4.590203401098206
2.8909357865082246
2.977174950335044
2.7454376381877257
2.7634751667598962
3.1613049175369934
4.736274275527274
6.392815426056712
6.992931957412682
6.972766629913891
6.729392498269011
4.949067024972511
2.177884432192701
2.7466215281223416
2.8947138849026715
2.6626980653481436
2.678954165182697
2.927177930714416
2.771566514684441
3.7681670698957
5.162360137593963
5.81130581720247
6.163996031612767
5.421404857064765
4.970966482884908
4.38000330965985
4.451868499322743
4.916188358160407
5.966308555165612
6.995860343250731
7.757817256225531
8.346321488098944
8.32356817477492
