4.35693776962018
5.472927897774351
5.272521975008131
4.981418153743058
4.414466468516658
4.588710830127788
4.430302854037493
4.438011650257771
5.09771445385549
6.364557114374748
7.2291002211404525
7.168311196452525
6.689557417478517
6.415511429442584
5.4275302438318125
4.6807436300096095
4.121127547596529
4.252544179662612
3.895222119609951
5.1435656021786675
6.432298134222624
7.296138574066584
7.94541342926114
7.962133416658265
7.6351361696378035
7.3275256814320295
6.348189096428632
5.341827570617242
4.198593691439409
4.312565256816683
4.366221963086154
4.442530065142037
5.884436157109622
6.931657843636609
7.700300245633127
7.742507158908898
7.359607067574485
6.914861248877954
5.199642851700647
4.607028805353433
4.37367615924018
4.456976481780771
4.241996761989544
4.121103122793144
4.355246844522878
4.07545032546245
4.1753401144698765
3.851307454277247
3.9936406830152436
5.032197915606854
4.586865141943383
4.627420798227984
4.461878945154822
4.605015294928249
4.809206944982519
5.909102191330527
6.978151516888946
7.7180508769591665
8.251851425361176
8.245079232664189
7.855294578585788
7.3844043125637695
5.744436391032984
4.361943887219428
4.1035887250427905
4.263128173553663
4.080801495507618
5.043004036226663
6.473025864174029
7.413168500085826
8.055979781637857
7.988506177901197
7.5237875177688025
7.19112683869686
6.465396553146894
6.193866975863829
5.949933764987245
6.226522991895766
6.656417850992043
7.287421007458642
7.924347275331917
8.429431606063783
8.757752647803517
8.622620867550891
8.185285750541633
7.747097529700355
6.7598145417775255
5.317960059031301
4.474932659763538
4.572113607422509
4.399215930272561
4.401632969390521
4.574867336968525
5.291150021339275
6.78128772235944
7.259249737812465
7.2107971158521735
7.010582081733443
5.895757168191249
4.91556698030169
4.458444464522605
4.997695797059423
5.997944213051365
6.949378734211434
7.759139761487999
8.353186798596923
8.754765865895802
8.695519105614196
8.34319081188333
8.033603014177647
7.431631761745241
6.752213995783769
5.979581986859183
6.245789102326099
6.891917138466347
7.583692695196242
8.212991707189193
8.710548376948086
9.025644094227678
8.891852960564059
8.446308467748253
8.063997052987183
7.490096448309415
7.16331803334545
6.743105197352238
6.8551940656857795
7.262098365719139
7.802410632690689
8.339161206851657
8.78866413329504
9.071443088508786
8.93764243848791
8.465477159686323
7.917951453510142
7.01432437387523
6.30025878541109
5.322604313828812
5.027219416722688
5.431827479174995
6.448412285971568
7.416664880157897
8.101528132202953
8.574991400650987
8.539140235806926
8.0480288409726
7.428276444387377
5.498838934535977
4.634879297630537
4.404308314419184
4.508007364222017
4.339714517128589
4.461083032253478
4.4384235010223385
4.142760129157779
4.111358978358687
5.35971275128442
5.9379583521027826
6.158184548195991
5.04171866266357
4.620507344199979
4.40979618629547
4.503475100570042
4.348325060999545
4.361862405790422
4.18272919546677
4.052547938695582
4.402955737680388
5.457764898470894
6.081982372174331
6.454271733132203
5.8799884107831994
4.76862488967766
4.344545370106038
4.391373592699271
4.041872277175783
3.829136084221
4.239996386369339
5.8436589640959635
7.180151232603472
7.585169730021267
7.36181923752552
6.940553985959999
5.100925469458483
4.591737303010547
4.410220954806823
4.500783820181499
4.322597059110581
4.327454173134461
4.438429204571671
4.083232603690385
4.350359273762294
4.17594666087839
3.786923133446222
4.809199740712547
4.8658295198100765
4.594004003083069
4.439884894554199
4.55201070249986
4.386626319777369
4.368643712100171
4.5858329204227175
5.833890967089022
7.086604961051949
7.474345297032249
7.342788050022415
7.039776383795817
5.893272454016805
4.646152758742437
4.31192156620328
4.221810732847894
4.0974195436536665
4.1622362652885325
4.142123751130978
3.7718786517015
4.492719420080292
5.622240099346387
6.089556630179648
6.203717985725886
4.585552517395799
4.478256379920435
4.262343137549417
4.302843665582593
4.120015693874519
4.028338978301221
4.208592956326362
3.7956979412722447
3.926405294791695
3.3690761256508246
3.3797760992969845
4.867364082715704
4.792129763046507
4.580042410995619
4.2664630456820545
4.193194129439331
4.063214396356404
4.526093445736456
6.100747285571323
7.167844646671851
7.981534548126735
8.079038877403537
