4.359376557068185
5.470461972742587
5.268296643900869
4.9758153723679515
3.6396471794390504
3.4618963253472206
3.3146678144891517
4.552917590405589
6.050224565360979
7.015226154104114
7.62821053643037
7.434833512133183
6.861426957410473
6.517307656025836
5.5007695614750265
4.487345182861164
3.412445206893116
3.6073045424843357
4.343309306226997
5.561280794653134
6.682194089194111
7.454429140637784
8.03931552958754
8.023967216675235
7.67399933491218
7.349520461040137
6.362582322441289
5.3484249640224615
3.800392275901469
3.45940986024673
3.6945427038344523
5.01130457186695
6.327517659615651
7.217340384228649
7.8732144347654085
7.856558301853468
7.432754032472894
6.957220777343521
4.739206882032542
3.392486568265616
3.3429834582383737
3.1846609291393735
3.056790059296296
2.979706004791071
3.2489546405937535
3.126910907980749
3.391194286192894
4.408094727499902
5.4049645879497445
5.971001734585468
5.542282482284934
5.5731099668550925
5.390582450430434
5.479082045852995
5.733581170690215
6.510247931986112
7.34261720133542
7.952545806267348
8.393042597743788
8.338487900864935
7.915144568996918
7.418514090969994
5.768120287225335
4.21742839453447
3.2716944945370763
3.4961788049276628
4.212090876539457
5.610051534855311
6.8150819161360605
7.631586835456866
8.18694002064602
8.075111470642193
7.57908309426022
7.222741105370062
6.486575509521445
6.203422950750135
5.951338203781666
6.221790758093483
6.646011085627318
7.270444770893474
7.90380377275215
8.408421041329625
8.74040534955787
8.609541564633622
8.175917694288733
7.740112571049892
6.75346663886381
5.268171679548018
3.4053086274116993
3.016114228609066
3.0973994198019845
3.534999617075723
5.38290798081299
6.684950161502975
7.644960074769834
7.834803544294614
7.5816360742327245
7.230465212319666
6.056397269572795
4.947686823905428
4.29405481842761
5.123889010207222
6.084241845225176
6.996153863600327
7.780034055443385
8.359627418200898
8.75476811222614
8.693918717351833
8.34158855393556
8.03212666445022
7.429350268297281
6.746286940305824
5.971175574639229
6.23451498827414
6.8769179732742565
7.564320062722104
8.19208133170058
8.689580980154709
9.008199012429742
8.878934873635677
8.436824629429616
8.057560948820917
7.484584526336629
7.15577531086376
6.732979815685258
6.843292999078928
7.2475366461371395
7.784143747668383
8.318406803124153
8.767843848577042
9.05640066073347
8.924596747046818
8.455727756644782
7.9111081544485895
7.006775226537732
6.292802660001531
5.31388516806521
5.016687325731946
5.416957880453164
6.429290950266324
7.394822501193442
8.078986787510274
8.556413301044758
8.525783398853422
8.038653342280003
7.421409416836681
5.463343826497001
3.984710633644694
3.2795124736914465
2.4921390021676295
2.992821001296462
3.005032753774292
3.3727991884905624
4.707326833024167
6.4079635505813215
7.0263206856644675
7.0104882435126
6.795196259406848
5.221808534734733
3.6772018210879427
3.087591332947347
3.318232270946904
2.991059910958403
2.572696677355747
3.557277991974966
5.137974526250599
6.672577940685491
7.205824777452362
7.2069788508161325
7.122329200092434
6.367426853621002
4.712064244628814
3.302712070330962
3.235697443705286
3.038200827165495
3.7666785430151926
5.581277264853087
6.832330275566115
7.789266772328582
7.991202436190553
7.622935308951983
7.095114694980406
5.016630517430697
3.4800039799527056
2.989260801181632
3.0934747903599753
2.3089864717356097
2.7429891801443045
3.270328168642532
3.275252488671086
4.957284459633348
5.900233151626043
6.1635413369904795
6.371846754866373
5.681713063684481
4.93489734652606
3.6807857917044284
3.4851657328149965
3.4019340985930278
4.597416745546951
6.072891392637601
7.084308556350895
7.858553182028642
7.988946849357279
7.67446499242656
7.236897420637646
6.036655929575692
4.62577452585019
3.2099412684967437
2.93262602120903
2.94765087815166
3.1423777293452417
3.3214200696099905
4.324350784520945
6.131147344402944
6.818532116601503
6.858890278321519
6.661038092083475
4.898440432785009
4.3320158875525285
3.3866387313600024
2.8365908482504736
2.8382902055753023
2.9132227628875373
3.2553479171124184
3.0959213360283213
3.3271494488269475
3.7749843188684515
4.889148560269662
5.616277761905964
5.020322681137786
4.717906049871148
4.208070911406914
4.337882464839408
4.831484329553195
5.90625483544591
6.953053937048287
7.726316132173989
8.324087812180538
8.307916483730683
