4.358021675152626
5.475532427901891
5.274841115468476
4.98536874494506
4.410619120188423
4.535638289972276
4.350353530722014
4.354814898690469
5.1952759159240545
6.469938916847944
7.3054167652642255
7.222954768141613
6.7266498890584785
6.438351955927529
5.444877323384724
4.57073905388053
4.2399038448543624
4.277269513823974
4.0911339997480445
5.099860528061562
6.424548110373673
7.311197781408685
7.9682357881064805
7.9829223135747664
7.649387427769594
7.336836250170844
6.355914163723314
5.348241913061728
4.318150577502852
4.36893405824803
4.073993154242306
4.4763394769844425
5.95320225370209
6.997691825769453
7.755064218886087
7.783621069621132
7.387489483268094
6.9321832154574965
4.837360841830492
4.589252878081124
4.389282976176915
4.471818495452484
4.2747537280888555
4.240797212745429
4.352757940694608
4.245967671884374
4.437981119843421
4.259927355844008
4.0839923838614745
4.8311451485321335
4.420617919676024
4.606295943697311
4.465492538375648
4.620728619636919
4.792667997617612
5.903219512307269
6.995249902616456
7.7517834272939865
8.288015826863212
8.275592655346577
7.876898199303658
7.3978861104653895
5.754905544117059
4.328305310980902
4.171327190424723
4.16094838555833
4.0033556329931965
5.130402814352556
6.550312989455291
7.488673427791175
8.117698461367258
8.034361270555456
7.55513025925014
7.210711940121506
6.480444373045058
6.2052808640130435
5.960410803208917
6.23765460934087
6.674120120269547
7.318257097456805
7.9681020545435395
8.48587355703323
8.80937960984414
8.664381972508853
8.215264666265622
7.765918821448963
6.774416178516161
5.285616500048936
4.450200441084187
4.482319564876759
4.225928411722077
4.196272309984673
4.429913232976814
5.604807308659309
6.9952898008694095
7.408983780974965
7.309273498517726
7.069820291478351
5.940515008639588
4.903551586204855
4.354216673775015
5.066149732811466
6.066466693328282
7.01724176630068
7.83012845859666
8.431084682309168
8.823341108310315
8.749529843956434
8.38102752946244
8.058681951535815
7.452227033760998
6.766684442878324
5.992235132868585
6.258544981358743
6.9155302518406
7.624557495663385
8.2719279212994
8.78529907528971
9.085684903156075
8.947632852319101
8.488115475822926
8.091479160111396
7.512834867729691
7.1801862155803455
6.757579028907216
6.869926137221876
7.287138361241871
7.84442127588303
8.397508463921552
8.862569259168048
9.108175402582853
8.995135875257503
8.514216878761728
7.948277843332556
7.037138691125769
6.317216850713718
5.336127403938676
5.037907104152621
5.446264888923764
6.4757522105807155
7.459095911714745
8.157172294112312
8.627637279344327
8.582002017274712
8.077899484026533
7.44713557967928
5.483355848422535
4.363960622860251
4.092181085752168
4.117595877326437
3.5463536719353588
3.74011448100826
3.898888382729343
3.749270000110694
5.256766229765031
6.267633512247212
6.524273383115958
6.507247509705335
5.013533028982668
4.548207687825888
4.389874751123755
4.49227190871764
4.276550373629831
4.166512468959584
4.385070009706608
4.183110380267634
4.663659685533694
5.740550079988305
6.266571397662048
6.564530671920738
5.960899832650225
4.603208879696532
4.165553925868849
4.209766798657988
3.9063909902883163
3.9793939349319976
4.458800156569673
6.073653370646479
7.341970027233092
7.701827138292979
7.438591219313661
6.986688690113202
4.970537334872172
4.58102014623387
4.382055410350381
4.464955376881948
4.2550362321534205
4.238782339147249
4.433359683631572
4.288522018879285
4.447897733588127
4.339119589298518
3.854903887648133
4.728152013255158
4.468011493698299
4.540492711495991
4.431880677264381
4.5443187828188325
4.382914592608433
4.3652060225395015
4.771236376910484
6.085200265130265
7.257591195059591
7.595151815861895
7.4229577073300685
7.088042066652987
5.9297321168936765
4.705902390936473
4.3624883069257345
4.477644914190604
4.224281241791334
4.1981285061648865
4.321187480619813
4.226366423403274
4.498584148567744
5.30075100457575
5.885903482782269
6.083497418750386
4.479492934703211
4.542414640400143
4.355161129544291
4.414578925454361
4.186972476082237
4.152065868731289
4.327321299094205
4.167783693297302
4.372652391537101
4.292464071160634
3.2384993892807117
4.468794484727734
4.28749719862647
4.571987165883585
4.363647306999453
4.499316628607871
4.36879787197546
4.3302822928406535
5.5330437269935455
6.816344783368772
7.780300516854353
7.952010323286048
