8.448545666411645
4.1436433908067585
4.295622911713826
7.092764510821809
8.366192993983598
8.549805581420252
8.565755495531208
8.564596214227402
8.481986474956964
8.422826269459101
8.479237597721923
8.496722516181123
7.143516318400974
1.2039738330808465
0.45966508577790144
6.605652721882998
8.357232705050803
8.412882691545216
8.373369918040579
8.338015526264037
8.35888540267732
8.36478028001742
8.423378651968916
8.448399295803021
7.251611413812501
1.2163557351530425
0.48862514892057085
6.788558922311757
8.376260393224774
8.470974469444114
8.506011324682776
8.383398233525467
8.390110723654898
8.384063249425951
8.437828226491316
8.467634533789395
7.192771984155267
1.18304156376424
0.4458253995339838
6.745197534487585
8.752716473795404
8.586655349919535
8.496066372747103
8.479755270372603
8.5039394019891
8.488461700150268
8.513566603605964
8.511841585066973
6.03132974944421
0.9197905864553952
0.2626382570150305
5.600636052106731
8.476655671658259
8.560820080506286
8.544365929787567
8.52642721098875
8.532912485231316
8.505717748075442
8.526191283085113
8.52432966247631
6.5216817126898174
1.2611512123984223
1.7759236212014127
6.871180304303042
8.27525452340701
8.287021464485226
8.269081942681845
8.260106517489334
8.267212328550901
8.279225428196094
8.374436417442658
8.427933325604016
7.275545895019361
1.22084937534121
0.6197127924239538
6.909316184836973
8.029079314836192
8.044432726665828
7.977828178742282
7.859473867468098
7.778712719453148
7.818147959476379
8.128869507756038
8.249220395030566
7.924285966356372
3.665120128989374
3.7663861682455586
6.731153082961886
8.459521638109296
8.486571638226518
8.51313651994333
8.503273356043557
8.497756141655744
8.464988998098372
8.49526816064866
8.505612743510971
6.808888309653563
1.1825312337259328
0.4822689904342976
6.3733761436207175
8.43537024374216
8.53261398645944
8.461393654717646
8.41023612023066
8.408774431540845
8.390963335314568
8.452928138849835
8.474402883295394
7.1636049454664334
1.9003556007420617
3.2497619056709635
6.852790362028813
8.012490906806034
8.031187295506372
7.91049935135573
7.840302623268928
7.8350745015188465
7.817498148541288
8.086553216625273
8.209338788358687
8.16306014867328
5.483244171407908
5.614397747121271
6.968496819562495
8.09336205526336
8.066404008941934
7.905531939821209
7.806678629187876
7.77892509275645
7.755477876495701
8.077562672463896
8.191835835370094
8.080088407410049
7.604244011373409
6.791380685511125
6.96936803605735
8.042468939063173
8.024983005985549
7.848818189708782
7.768737291551273
7.781713298717922
7.7957539112474965
8.02468296376184
8.191501578227552
7.994295172682049
4.692923276291123
3.4801318960903647
6.712913011207013
8.22132421759139
8.250007720879047
8.13124550039497
8.151193314553247
8.23330966932754
8.257876891314714
8.359093319059077
8.422342378986611
7.4642079614584205
1.1093600520379354
0.35317023642694245
6.815772287730537
8.50985778718459
8.532446036560513
8.516920713437765
8.43988055532538
8.45291284056764
8.44060080451834
8.476269652611647
8.482307853375808
6.821014679760799
0.9940710629828455
0.26566285269729484
6.633923599491789
8.291085374771422
8.281867821346808
8.199849782538124
8.20306661583357
8.271470026912606
8.280147020444014
8.372795299934642
8.433002241635979
7.209524844721296
1.0326041848616931
0.28653156030256
7.230911548109634
8.494205190030154
8.569230149354254
8.545799210127898
8.539210659450278
8.508917315972813
8.493762477915181
8.523313987989008
8.517658969609183
6.407040541169389
0.7982840519993104
0.06684277190916355
5.5712405194947285
8.56614156178816
8.484160574210094
8.445204923037988
8.43902049491764
8.465011934614987
8.44412481870955
8.488323404867987
8.494931836939077
6.430162449996461
0.9274767077442281
0.2334045269236551
5.908114228500824
8.437712866294108
8.532533331440936
8.395548702395768
8.383662398346313
8.432723543866166
8.419580547711272
8.468849399278819
8.483642935175872
6.608609290305506
0.9504463011639483
0.23477896412270916
6.560875993401552
8.457819206871244
8.419581759844249
8.38031351220921
8.372975274705992
8.400867952547939
8.405120323743674
8.455364140979416
8.470436817137116
6.683224517386236
0.7788448628919298
0.03525368769394177
5.314176792261596
8.338505356519033
8.350319132187497
8.246049620303506
8.258610744075941
8.256426152124591
8.282399197541222
8.366537216263389
8.413419028545674
