4.781828738338948
7.270288910192384
6.407627334777833
5.157531034394099
4.971172484917808
5.060170813920879
4.898589141524503
4.914584062340777
5.064908609472422
4.981363196210845
5.927948311485967
6.305602221220578
6.134524542186838
6.086391420322671
5.207105392951187
5.162910985376431
4.96495815079086
5.471516052421734
4.941753392117944
4.95222122157824
5.319685075541733
6.451649450181809
7.445028187786922
7.6373817242032835
7.42905126238161
7.207237987390774
6.26252058524661
5.385104524988788
4.997188419109551
5.163285531311548
4.941684483548926
4.95697475001541
5.1943405204125614
6.246752726593884
7.300136965070578
7.483357095550611
7.195363899561789
6.819404637079469
5.239361392989394
5.098994230447155
4.92817287379064
4.9781845246035
5.14760295577959
4.803403816667351
4.955965740152326
4.831853881762004
4.992238919511147
4.8853317943512735
5.050869631213162
5.344213116781523
4.950976574070303
5.10769274495609
4.954415914741258
5.078011787030003
4.932872806584475
4.964861538293738
5.102393585725432
5.466573912567525
6.835810934219406
7.309281416458826
7.254183366815251
7.027906489758836
5.594116637501493
5.174343411474885
4.983379746191304
5.112138122098932
4.9750292124697255
4.966502127745952
5.341652151394106
6.557486424654121
7.550834756916685
7.659724717238736
7.314748061373308
7.068522883562958
6.3787808961065755
6.143875861835425
5.924241302758709
6.222472448357443
6.677828184622633
7.339640977896993
8.004057113562208
8.532003604254543
8.852584171561428
8.697728093306749
8.238014711162691
7.781636686495831
6.78725049708851
5.50567842533868
4.969348528926951
5.053365512528213
4.920706207807748
4.914402926682887
5.069924674921319
4.991588862518528
6.128336438138817
6.835808133270324
6.941761219870523
6.852326585103354
5.782170040651215
5.149301724981401
5.005600223563876
5.165653817172675
5.630412576666694
6.759148252522836
7.693769707820794
8.363284436246271
8.795185295839055
8.735926591484622
8.375140572867886
8.057070367531049
7.4543638871841935
6.770602139960729
5.99792470168461
6.269785590138179
6.938743397801258
7.662865300717961
8.321613162788063
8.844274043537023
9.108973719714283
8.991815411248957
8.527774341407781
8.117218449720173
7.534358707899428
7.197448139595919
6.774202012601226
6.8880384542481705
7.313672784609306
7.882942968767569
8.446743461934911
8.91964309125139
9.112166828651606
9.038373649227584
8.561736737288287
7.978860971413146
7.06209762263456
6.334862728819612
5.367949568484386
5.281201217327645
5.415197669911341
6.433313254870516
7.455227650611428
8.177656712209059
8.65488156658817
8.605496331611219
8.095571565559958
7.459255860574836
5.653011302310326
5.170183695007765
4.9317590817391865
5.066784713861451
4.876985720819577
4.90815927946978
5.036475761183208
4.945066869481737
5.097094903288008
4.9789064462580495
5.531688490710559
5.469362208337828
5.01927371139277
5.175741384873565
4.9050892530300825
5.374558950153974
4.837784078540579
4.837464300059849
4.997179297524087
4.892449861244462
5.050887151313523
4.935055073214035
5.0609115818734836
5.594617013453314
5.153825506976561
5.161598496167827
4.962355701428839
5.019510463676483
4.876021839998271
4.883850545142044
5.04029272126995
4.933445732798945
5.108078706971615
5.496112415863605
6.020584915453542
6.143265333883081
5.1413282027038445
5.090604367765016
4.899448252082831
4.979208627444434
4.813634881215421
4.815649160104293
4.989607065020471
4.850531095881823
5.013409222105695
4.903528763961029
5.072816870740474
5.37372382298315
4.950238231303869
5.113944500272172
4.908141648778187
5.042372055462556
4.870684739144461
4.890975292618989
5.0452049446418155
4.933149437894314
5.089636453680736
4.962523017027809
5.280701106489134
5.804490042385613
5.196247689943748
5.223864320105099
4.987576165735845
5.034549929391996
4.8561446254207485
4.860279965731927
5.004897710413438
4.898840430893792
5.060487078643089
4.9404414217568835
5.082418528123229
5.482454509163689
5.154326854460722
5.108140858747458
4.85827541053015
4.954095365039413
4.762655360207345
4.767406794696287
4.915337619856029
4.794799827489266
4.9618856876021695
4.839590314069386
4.917757738277068
5.3858608493197755
4.952846372831053
5.073097166555714
4.895530505487907
5.016146181925729
4.904336022719231
4.921855540247989
5.072106462893483
4.948085438507411
5.096865408300243
4.983315010682863
