5.260644007296894
5.174756643532984
5.055027834680163
4.847103731938422
5.602835254774525
5.9851449624618125
5.8736506102635415
5.878157259777753
5.992591237820099
5.893638299028392
6.007915336822563
5.919096576404333
5.409134010630035
5.653009101737551
4.868805935804221
4.098333473685621
5.464427787310726
5.982861169864217
5.886815193835695
5.880928169751748
5.9995977328477625
5.909301301946857
6.460982889569491
6.969395018576112
6.99515187201239
6.946378564539152
6.069165875382281
5.166244585816195
5.486749303551719
5.993545302925481
5.8824556947460795
5.886468062115773
5.996485800636287
5.897560335611435
6.076266411574299
6.45889608999822
6.531574546140639
6.421143655524789
4.293027566448643
3.754090269853168
5.473574035021377
5.904141471574612
5.788876174085371
5.778438334225485
5.893123818135784
5.792087803611084
5.911673369855187
5.808041748697005
1.3899144315586707
1.3112766118788493
2.600332250663313
3.7156981120885355
5.4758765092228145
5.982462800245852
5.896671786379267
5.908170955286144
6.206364124951599
7.122283308753745
7.88466280824089
8.001030630169414
7.698819325611364
7.29134357048658
5.676258138760116
4.110474475236948
5.547890752164088
5.973005932250802
5.881660550088495
5.8903513535800025
6.002048261303114
5.940863571819998
6.80819175164055
7.155257304238786
6.986612654315433
6.871025488827888
6.231404714176663
6.0478746846292495
5.854594072908095
6.193636488896388
6.615788929366291
7.267668307020868
7.91868422946448
8.43276921065834
8.76322282266512
8.629158468022476
8.190372535824649
7.749787643419113
6.762514657968058
5.276757611743524
5.725758159066643
5.967859823946725
5.856288760396088
5.860215919045331
5.976125734557314
5.881834140894135
5.998184876038965
5.912972769847594
5.33216615503774
5.893516290824809
5.077301747631576
4.340880958903885
5.456601186324283
5.998721099909135
5.915738645043789
6.070119989861468
7.1121516754313125
7.929742309013677
8.495397365600024
8.523974497228497
8.232671304480304
7.968244716828088
7.385293063281008
6.724191249976873
5.9657688982098795
6.284949067400472
6.873860398704704
7.579751848953443
8.218608712306859
8.72189562326496
9.035364503999503
8.900507596767497
8.45232096105476
8.068285527067868
7.494801949765832
7.16736464211546
6.74823573986694
6.861681865864332
7.272337746352292
7.8161051665324575
8.35589445513071
8.807078931311239
9.08249095789734
8.949887770760931
8.474826753504564
7.923320506599687
7.0193129187750305
6.305000788853729
6.12920002308655
6.35906775263664
6.203194743219244
6.1429494081104
6.547696601636965
7.519178963695052
8.216161007434167
8.300887783628054
7.895589142320233
7.337696104032471
5.403107534086491
3.600675830937469
5.7429313100306985
6.085468396436164
5.9207487157910315
5.871652633714343
5.989552678952055
5.872749394368861
5.984453196167733
5.881678109889795
2.435678306702574
3.850560959637944
3.070049629727004
3.553311937223281
5.57976032939379
5.931451214249352
5.811840719166685
5.814438315998668
5.9298617454123015
5.83336827113634
5.954959924005591
5.859567685971956
1.9226496593116273
3.720702035191536
3.8683944867173157
3.3888742122279947
5.62725795001195
5.967084095588199
5.857851914297674
5.867000931464618
5.974251390517811
5.879714396008081
5.996438357594486
5.899400748372198
4.572411363578304
5.279279436307943
3.700233397488722
3.791083817924637
5.7661249125489675
5.9217917545222996
5.793733557623826
5.791472566116583
5.901625335432726
5.805694317499318
5.9219244203368735
5.832935169764454
1.6752507295052954
1.3215539988153377
2.518890334867735
2.9449061366071625
5.40512134048821
5.945822290739493
5.845994262650027
5.855932042824293
5.9625135386547194
5.875528611513752
5.983386204395664
5.897526358975791
5.456320611127055
5.9180736751341625
5.0702733187857465
3.9834217853882867
5.494022161122064
5.918762176357478
5.806808877478838
5.806882059771046
5.921331477566251
5.827822068011815
5.949141754191683
5.844887167133278
1.9153312514837815
3.542193367927573
2.616277532358488
2.785982840063605
5.519977043467919
5.865824281191273
5.756080871858822
5.7518188366721255
5.868736806134947
5.778612670648115
5.900339799140034
5.792282150007494
1.2262329761519268
1.2672467874845932
2.1462089836752636
2.884859017362918
5.3746172370141565
5.968292161892057
5.870862888245048
5.890371855828575
5.993111955128413
5.922193306860542
6.820322302040456
7.305803092750384
