387.0430107526882 582.0 62840000.0 13561157.895999756 405.4543010752688
247.58630952380952 534.7658483771838 13561157.895999756 6410329.333912561 250.55357142857142
378.1263440860215 521.0771990356212 6410329.333912561 8338300.4716892075 377.39784946236557
241.24166666666667 524.8666595478029 8338300.4716892075 11491634.587678809 240.0
572.1075268817204 531.066856006034 11491634.587678809 11587134.545209803 572.0430107526881
559.0 531.254961982989 11587134.545209803 9037996.869433213 559.9611111111111
556.0 526.2419248812997 9037996.869433213 14720771.623912398 553.8494623655914
556.0 536.3566542133094 14720771.623912398 9857051.773378398 557.7822580645161
224.75277777777777 527.8517914166403 9857051.773378398 12135541.798125833 223.8361111111111
126.33602150537635 532.3351580872176 12135541.798125833 5671266.993811335 128.70967741935485
187.01666666666668 519.6245592636982 5671266.993811335 4208887.983488882 187.56666666666666
213.33870967741936 515.8223489998119 4208887.983488882 6686528.876930373 212.41935483870967
224.0752688172043 521.6200739994839 6686528.876930373 11383598.247397482 222.33333333333334
352.83035714285717 530.8540571539647 11383598.247397482 11779355.529016908 352.67857142857144
195.43548387096774 531.633579072306 11779355.529016908 4961221.43788825 197.9731182795699
491.97777777777776 518.0428283215342 4961221.43788825 11816749.998575192 489.30555555555554
570.7876344086021 531.7072348456784 11816749.998575192 12984995.193797642 570.3225806451613
421.34722222222223 533.9754446701917 12984995.193797642 5477653.707859756 424.22222222222223
191.48655913978496 519.2440090120002 5477653.707859756 9233348.13679726 190.05913978494624
150.3736559139785 526.6258911654292 9233348.13679726 6397928.090446927 151.40322580645162
155.63611111111112 521.052824177775 6397928.090446927 3588878.749367493 156.68333333333334
140.99193548387098 513.9924188330847 3588878.749367493 5123483.154721617 140.3790322580645
169.225 518.5217366896638 5123483.154721617 11178182.332146008 166.875
189.1720430107527 530.4494500481663 11178182.332146008 11488528.307374151 189.06182795698925
220.3978494623656 531.0607375751309 11488528.307374151 7228758.642894088 222.0
337.94642857142856 522.6858359532746 7228758.642894088 4189975.5420419388 339.2142857142857
299.08870967741933 515.7665297551529 4189975.5420419388 2915004.497673817 299.55645161290323
211.43333333333334 512.0035084203189 2915004.497673817 6162764.927037325 210.15555555555557
569.0376344086021 520.5906069255561 6162764.927037325 13335821.993855372 566.3306451612904
566.0 534.4567233128702 13335821.993855372 7229850.776626647 568.3333333333334
454.997311827957 522.6879825609559 7229850.776626647 8163111.811045339 454.6209677419355
140.29569892473117 524.5223232148132 8163111.811045339 8704778.419245344 140.06451612903226
136.34444444444443 525.5869782723098 8704778.419245344 5306098.739041077 137.61944444444444
136.96505376344086 518.9068147629429 5306098.739041077 6516938.729563198 136.4731182795699
172.675 521.2867416408657 6516938.729563198 3305192.333458607 173.9
186.75537634408602 513.1551307705963 3305192.333458607 8569035.252150083 184.79569892473117
223.05107526881721 525.3201727369847 8569035.252150083 10969540.940308299 222.16666666666666
400.6875 530.0384897309103 10969540.940308299 8428369.96418402 401.75
199.93010752688173 525.0436926882238 8428369.96418402 11596397.586857311 198.73924731182797
170.76388888888889 531.2732073680522 11596397.586857311 8026604.905920025 172.11666666666667
571.9193548387096 524.2540165392221 8026604.905920025 12607896.03791474 570.1801075268817
563.0 533.2655528019533 12607896.03791474 8230081.08949069 564.6666666666666
367.98924731182797 524.6539524862403 8230081.08949069 11354218.17056609 366.7956989247312
131.9220430107527 530.7961873056605 11354218.17056609 4832640.005791926 134.3279569892473
130.80555555555554 517.6633258423374 4832640.005791926 3197711.059822889 131.4
118.46505376344086 512.8379044872443 3197711.059822889 8181493.193069892 116.56451612903226
152.29722222222222 524.5584521381029 8181493.193069892 5848335.222588269 153.18333333333334
171.73924731182797 519.9725899202597 5848335.222588269 3328963.5357411373 172.68548387096774
218.7016129032258 513.2252904355855 3328963.5357411373 5930653.523057929 217.74193548387098
335.3690476190476 520.1343879591138 5930653.523057929 9421165.632030815 333.9375
132.497311827957 526.9950496905433 9421165.632030815 -23159.525920541608 136.01612903225808
114.20555555555555 503.33164567106945 -23159.525920541608 10506627.037050284 110.11944444444444
325.4731182795699 529.1285427969609 10506627.037050284 13113553.27974069 324.4731182795699
316.3222222222222 534.1518059433266 13113553.27974069 11130449.26528981 317.06666666666666
166.58064516129033 530.3554303710254 11130449.26528981 11898377.63434343 166.2688172043011
113.70698924731182 531.8680165524946 11898377.63434343 2979645.9128993563 117.00806451612904
121.03888888888889 512.1942947332175 2979645.9128993563 3224299.2869553994 120.90833333333333
109.29032258064517 512.9163784780043 3224299.2869553994 10937630.956621503 106.37096774193549
142.29722222222222 529.9756884319802 10937630.956621503 9360661.75916962 142.89166666666668
159.09139784946237 526.8761282852645 9360661.75916962 9426007.858868038 159.07258064516128
231.94086021505376 527.0045671708785 9426007.858868038 11372726.175183317 231.2258064516129
350.5625 530.8326424662702 11372726.175183317 12473179.902787326 350.1190476190476
188.13978494623655 533.0002028388235 12473179.902787326 3977698.288900639 191.30376344086022
132.82222222222222 515.1400027167552 3977698.288900639 7486531.467484495 131.44444444444446
409.63440860215053 523.1924928843661 7486531.467484495 11272325.244418189 408.19354838709677
421.6138888888889 530.6348830571874 11272325.244418189 4989169.178081579 424.01666666666665
195.43548387096774 518.1253148556971 4989169.178081579 6217368.6697123265 194.9516129032258
172.53494623655914 520.6979315232277 6217368.6697123265 11755026.311441591 170.43817204301075
173.1027777777778 531.5856578861728 11755026.311441591 10573037.939463345 173.5222222222222
152.1263440860215 529.2590745706693 10573037.939463345 7866658.066592654 153.09677419354838
182.69722222222222 523.9396382688201 7866658.066592654 6512488.659853013 183.20555555555555
186.86290322580646 521.2779949521249 6512488.659853013 8320330.023213191 186.19354838709677
196.747311827957 524.831338321488 8320330.023213191 8243487.779685277 196.78763440860214
241.15178571428572 524.6803035669676 8243487.779685277 1610961.8241345547 243.9047619047619
68.61290322580645 508.15468344210586 1610961.8241345547 2541095.0783138815 68.25806451612904
47.52777777777778 510.8999311049264 2541095.0783138815 7478134.985435788 45.6
95.80913978494624 523.1759894541324 7478134.985435788 7377422.246964891 95.8225806451613
55.90277777777778 522.9780368302413 7377422.246964891 1461950.8581284657 58.166666666666664
199.6048387096774 507.71488408612674 1461950.8581284657 4743127.480958324 198.3548387096774
163.252688172043 517.3991335360323 4743127.480958324 12111423.999448773 160.4731182795699
148.38333333333333 532.2876533322476 12111423.999448773 10162232.757509578 149.1
115.80376344086021 528.4516299026913 10162232.757509578 1196094.224745378 119.11290322580645
142.5388888888889 506.93021984779216 1196094.224745378 3853479.0242498396 141.5
152.53763440860214 514.7733749841938 3853479.0242498396 4753771.157542934 152.20698924731184
206.01344086021504 517.4305478824568 4753771.157542934 5757190.4595749155 205.6505376344086
281.4404761904762 519.7934433170956 5757190.4595749155 11242935.335448163 279.1845238095238
406.2930107526882 530.5769938425494 11242935.335448163 13761474.093700405 405.3440860215054
267.4972222222222 535.0406503812496 13761474.093700405 7727221.8771319715 269.8
421.9543010752688 523.6655740343629 7727221.8771319715 6839711.670320974 422.258064516129
362.53055555555557 521.9211574209758 6839711.670320974 10839121.327560674 360.96666666666664
504.5268817204301 529.7820660576193 10839121.327560674 6796233.828455952 506.008064516129
163.2231182795699 521.835700973172 6796233.828455952 3398702.9559654538 164.46236559139786
145.11944444444444 513.4311232875096 3398702.9559654538 6832326.511411125 143.75833333333333
124.58870967741936 521.9066417638081 6832326.511411125 6020215.079130688 124.85215053763442
157.36388888888888 520.3104227417397 6020215.079130688 4270265.543210168 158.025
173.5483870967742 516.0035021857854 4270265.543210168 4479672.5782441385 173.4758064516129
276.03225806451616 516.621557900837 4479672.5782441385 8946866.841027789 274.3763440860215
399.9642857142857 526.0628072392615 8946866.841027789 2041914.334964538 402.83035714285717
225.30645161290323 509.42662094979823 2041914.334964538 6945225.394661682 223.46774193548387
387.21944444444443 522.1285464653695 6945225.394661682 4198294.179436207 388.2527777777778
565.5188172043011 515.7910818499865 4198294.179436207 9960637.179647971 563.3387096774194
399.1222222222222 528.0553903186185 9960637.179647971 4534440.851773212 401.19444444444446
130.56989247311827 516.7832040673695 4534440.851773212 10746492.08359511 128.2258064516129
117.76881720430107 529.600001681549 10746492.08359511 8668192.9060864 118.51612903225806
125.9888888888889 525.5150688154113 8668192.9060864 6616303.783863509 126.74444444444444
114.32795698924731 521.4820453682835 6616303.783863509 3529510.186567947 115.44086021505376
148.61666666666667 513.817195113754 3529510.186567947 4228050.250321393 148.33333333333334
160.6209677419355 515.8789055931816 4228050.250321393 4502163.4327746 160.5241935483871
176.6021505376344 516.6879386753736 4502163.4327746 7614649.372646185 175.4516129032258
255.42261904761904 523.4443108358907 7614649.372646185 7368548.690402889 255.53571428571428
118.98118279569893 522.9605957018264 7368548.690402889 6692520.877530675 119.2258064516129
79.63888888888889 521.6318513799741 6692520.877530675 5155806.430685141 80.20833333333333
293.27150537634407 518.6114126396226 5155806.430685141 4344244.051216727 293.5483870967742
52.11944444444445 516.2218465200959 4344244.051216727 9379936.55532392 50.15833333333333
221.4784946236559 526.9140132294298 9379936.55532392 7440677.645349991 222.17741935483872
184.03763440860214 523.1023664063775 7440677.645349991 7241318.5948116705 184.08333333333334
165.74722222222223 522.7105227553195 7241318.5948116705 11389826.274357222 164.11111111111111
124.47311827956989 530.8663244797945 11389826.274357222 4144333.7059714505 127.13978494623656
144.52777777777777 515.6318198700517 4144333.7059714505 8846495.879091337 142.7
156.1478494623656 525.8655263830416 8846495.879091337 6449199.07955708 157.0483870967742
194.66935483870967 521.1535981908536 6449199.07955708 7538664.177409836 194.2741935483871
260.2113095238095 523.2949606245642 7538664.177409836 8985631.060157549 259.625
262.38440860215053 526.1389989803097 8985631.060157549 10669543.291423831 261.747311827957
131.5361111111111 529.448757503833 10669543.291423831 8095332.5753425425 132.50555555555556
339.2204301075269 524.3891019584319 8095332.5753425425 3898780.903930924 340.76075268817203
15.927777777777777 514.9070815028641 3898780.903930924 4385116.580837454 15.722222222222221
152.29032258064515 516.3424800055785 4385116.580837454 5615710.4475820195 151.80645161290323
135.51075268817203 519.5153619142129 5615710.4475820195 7167805.87007007 134.90322580645162
135.0 522.5660322273791 7167805.87007007 11858018.46734243 133.15555555555557
109.77150537634408 531.7885212235533 11858018.46734243 4174379.08546174 112.60215053763442
137.75555555555556 515.720497494955 4174379.08546174 9179210.556679789 135.8111111111111
153.03763440860214 526.5194828183016 9179210.556679789 6400238.684928706 154.08064516129033
229.3790322580645 521.0573656910668 6400238.684928706 4912672.3600727245 229.94623655913978
338.70238095238096 517.8995378394379 4912672.3600727245 6641023.4154084055 338.0
228.76612903225808 521.5306322302855 6641023.4154084055 6734275.581161956 228.7231182795699
131.925 521.7139209698701 6734275.581161956 9084395.48327445 130.99444444444444
306.56182795698925 526.3331221567809 9084395.48327445 4226493.8973138025 308.3494623655914
3.8 515.8743120852757 4226493.8973138025 3906335.2487967126 3.9055555555555554
183.56989247311827 514.9293778216913 3906335.2487967126 6187558.65448137 182.69354838709677
158.88709677419354 520.6393394243255 6187558.65448137 6298933.489837041 158.81720430107526
154.2138888888889 520.8582485834728 6298933.489837041 8461053.853391938 153.34444444444443
119.60752688172043 525.1079334359773 8461053.853391938 8387203.647185548 119.59677419354838
140.89444444444445 524.9627795823992 8387203.647185548 10418371.822380055 140.09722222222223
162.66129032258064 528.955075650885 10418371.822380055 4169117.6119701713 165.0
239.19086021505376 515.7049684858149 4169117.6119701713 9046439.749559937 237.38172043010752
336.63690476190476 526.2585195077558 9046439.749559937 9687301.859808806 336.38392857142856
280.255376344086 527.5181450347966 9687301.859808806 6821184.8027672265 281.31720430107526
181.3527777777778 521.8847425433701 6821184.8027672265 9493907.176902164 180.29722222222222
369.39784946236557 527.1380244511525 9493907.176902164 8845757.366437927 369.61290322580646
23.25 525.8640748236884 8845757.366437927 10612569.905727865 22.55
175.43279569892474 529.3367753319479 10612569.905727865 10063069.355315551 175.61290322580646
177.61021505376345 528.2567225259651 10063069.355315551 4829487.173968356 179.53494623655914
196.94444444444446 517.6540203969552 4829487.173968356 5655459.721770139 196.5888888888889
164.26612903225808 519.593489797962 5655459.721770139 5526192.826675717 164.2741935483871
179.12777777777777 519.3394134869144 5526192.826675717 3920179.9455080293 179.73333333333332
193.497311827957 514.9702398391694 3920179.9455080293 3928077.1427854514 193.5
282.21505376344084 514.9935480719105 3928077.1427854514 5047455.802161857 281.80913978494624
366.6607142857143 518.2973452801671 5047455.802161857 3089012.641584914 367.48214285714283
288.73924731182797 512.5170858547749 3089012.641584914 5176505.635930607 287.9516129032258
242.6888888888889 518.6520972844154 5176505.635930607 12541862.700971633 239.82222222222222
426.23118279569894 533.1354871382774 12541862.700971633 11971283.353954555 426.4166666666667
571.5972222222222 532.0116187274863 11971283.353954555 12136610.035421217 571.5111111111111
559.0 532.3372621909812 12136610.035421217 11886429.293143183 559.0645161290323
191.9005376344086 531.8444819410396 11886429.293143183 3469401.7739375485 195.01344086021504
135.71666666666667 513.639787759971 3469401.7739375485 3238205.033358136 135.76944444444445
128.88978494623655 512.9574206809793 3238205.033358136 5946505.327498383 127.83870967741936
162.225 520.1655449540485 5946505.327498383 8538123.447532779 161.2111111111111
179.03763440860214 525.2594150520472 8538123.447532779 5219577.9135814225 180.28225806451613
197.2715053763441 518.7367565887636 5219577.9135814225 3774724.0115193147 197.82258064516128
271.07142857142856 514.5409330048725 3774724.0115193147 6797473.321790768 269.8333333333333
257.3225806451613 521.8381372186922 6797473.321790768 3607791.190971992 258.505376344086
130.80555555555554 514.0482380782086 3607791.190971992 10644733.97245685 128.06666666666666
395.14784946236557 529.3999943596566 10644733.97245685 13199807.120438732 394.1666666666667
412.3388888888889 534.2701325117932 13199807.120438732 12597631.617608137 412.55
182.84139784946237 533.2453350043796 12597631.617608137 9837130.552995753 183.84677419354838
178.8709677419355 527.8126359145089 9837130.552995753 4646547.063818196 180.77956989247312
191.83055555555555 517.114080654376 4646547.063818196 7892035.497082682 190.54166666666666
166.76075268817203 523.9895180459902 7892035.497082682 8972051.520345591 166.31720430107526
187.71944444444443 526.1123081606793 8972051.520345591 3823347.035335215 189.69166666666666
212.99193548387098 514.6844417353583 3823347.035335215 11031345.985951725 210.30645161290323
317.3817204301075 530.1602269420262 11031345.985951725 7593495.601970735 318.6774193548387
537.5386904761905 523.402732734908 7593495.601970735 4650213.134760169 538.7678571428571
453.2258064516129 517.1249009025931 4650213.134760169 13640804.525951508 449.86021505376345
617.5416666666666 534.8751109020274 13640804.525951508 11601730.39497336 618.3
811.8924731182796 531.2837113840384 11601730.39497336 12972972.251930837 811.3494623655914
920.6916666666667 533.9589511037318 12972972.251930837 14586091.46228252 920.0444444444445
571.4758064516129 536.171894424792 14586091.46228252 14774865.630921807 571.3763440860215
528.0967741935484 536.4308625983765 14774865.630921807 11431202.104851598 529.3118279569892
133.23888888888888 530.947822327738 11431202.104851598 7175334.284928785 134.84444444444443
115.80913978494624 522.5808294565842 7175334.284928785 5758355.657783235 116.29838709677419
163.1472222222222 519.7957335342636 5758355.657783235 4159494.5168217537 163.75
181.6505376344086 515.6765663409108 4159494.5168217537 10409800.708665542 179.32258064516128
220.26075268817203 528.9382289791013 10409800.708665542 10981155.081659172 220.05913978494624
326.6547619047619 530.0613660699347 10981155.081659172 12672034.046223411 325.9672619047619
154.63440860215053 533.3918852425612 12672034.046223411 1196239.642986934 158.91129032258064
190.2722222222222 506.9306490433789 1196239.642986934 5690606.753910011 188.51388888888889
438.6666666666667 519.6625718956162 5690606.753910011 9634149.227259658 437.1666666666667
291.6138888888889 527.4136726190966 9634149.227259658 6852418.658807008 292.6666666666667
144.93010752688173 521.946133225931 6852418.658807008 5892784.607285286 145.26344086021504
127.37096774193549 520.0599559522504 5892784.607285286 4821774.388345761 127.74193548387096
133.49166666666667 517.6312564471565 4821774.388345761 8334791.302283911 132.1
119.84139784946237 524.859762214834 8334791.302283911 5830505.293983143 120.73655913978494
157.41666666666666 519.9375448881738 5830505.293983143 5765385.19358839 157.42777777777778
169.56989247311827 519.8095502080876 5765385.19358839 5837897.638726051 169.5483870967742
218.33870967741936 519.9520746692202 5837897.638726051 10491646.1005094 216.61290322580646
279.6547619047619 529.0990975078978 10491646.1005094 4355377.107143315 282.20238095238096
178.66935483870967 516.2547052482677 4355377.107143315 10555819.0251682 176.34677419354838
188.53333333333333 529.2252304977444 10555819.0251682 5610621.067746865 190.41666666666666
381.7123655913978 519.505358650399 5610621.067746865 7136278.4107247265 381.11559139784947
314.7 522.5040644624589 7136278.4107247265 6377492.368589678 314.97222222222223
365.71505376344084 521.0126574141245 6377492.368589678 13490695.60797794 363.03225806451616
145.81451612903226 534.6691853105834 13490695.60797794 2979844.3301289603 149.70967741935485
148.375 512.194880353002 2979844.3301289603 6161230.928853603 147.11111111111111
132.38709677419354 520.5875918256778 6161230.928853603 7924022.953295806 131.68817204301075
163.1861111111111 524.0523899426848 7924022.953295806 2861947.669775252 165.125
177.88978494623655 511.846913510793 2861947.669775252 5936978.035662649 176.747311827957
225.3494623655914 520.1468188976818 5936978.035662649 10922020.598349478 223.5
290.39285714285717 529.9450060036525 10922020.598349478 10646901.242288174 290.51785714285717
198.80376344086022 529.4042541658768 10646901.242288174 2345785.5876705884 201.8951612903226
156.07222222222222 510.32348367623166 2345785.5876705884 5645423.479246439 154.775
360.4032258064516 519.573763390243 5645423.479246439 10973014.44678878 358.38709677419354
409.59444444444443 530.0453314860991 10973014.44678878 8138571.086962842 410.6666666666667
291.26881720430106 524.4740879985131 8138571.086962842 8284041.212749964 291.18817204301075
145.23655913978496 524.7600120388533 8284041.212749964 7248513.476139901 145.59408602150538
153.50833333333333 522.7246644186198 7248513.476139901 5576733.674347461 154.11666666666667
140.35752688172042 519.4387523944071 5576733.674347461 10746982.345792742 138.38709677419354
171.66944444444445 529.6009653003513 10746982.345792742 9666439.69502477 172.07222222222222
186.24462365591398 527.4771400902212 9666439.69502477 7096756.993729576 187.20967741935485
227.997311827957 522.4263844359513 7096756.993729576 10425818.057329744 226.76612903225808
295.82142857142856 528.9697113540619 10425818.057329744 2936492.6284475625 298.92857142857144
117.3010752688172 512.0669296994957 2936492.6284475625 2815697.274586561 117.33870967741936
69.50555555555556 511.7104074900419 2815697.274586561 2121784.512013604 69.75
293.7043010752688 509.6623542878848 2121784.512013604 4657724.662753002 292.73118279569894
0.8166666666666667 517.1470708492905 4657724.662753002 6727911.844542844 0.0
150.30376344086022 521.7014129358256 6727911.844542844 2809414.352163786 151.74193548387098
148.0779569892473 511.6918637190077 2809414.352163786 11119959.882796584 144.94623655913978
161.0361111111111 530.3347694661145 11119959.882796584 7375200.446911613 162.44444444444446
138.6021505376344 522.9736698439298 7375200.446911613 7772612.700606441 138.41397849462365
165.2277777777778 523.7547904805024 7772612.700606441 9594020.623766217 164.51111111111112
177.21505376344086 527.3347991570578 9594020.623766217 4021814.6663552676 179.30107526881721
