2.285352610021243
1.2314471511564085
1.974842225606622
1.1609068938354148
1.1118857165309448
0.44154197050603994
0.8566165580931999
0.49374356402532227
1.662684377001573
2.5414374062051612
2.709201350959295
2.547074052791612
1.7038107763722043
0.5547924905094987
0.4807450579181167
0.28962944300540094
0.0115958468790609
0.3101358598697619
1.913945440739717
2.5077433249018783
2.8867499689209173
3.1881030813944298
3.068957898699602
3.035961156979572
2.698068684491002
1.6477001522373176
0.7584285715251946
0.8149723387385492
0.007561110808306903
0.7546475594409259
1.0078261556596
2.5774316963252932
2.8068442661488495
3.081673228270957
3.0653163586722454
2.9560715271751596
2.562267047323911
1.3237252547784077
0.8897933994622296
1.029485199231349
1.4144244474378924
1.4327390501929438
0.8081139970908677
2.358032191611693
2.842166810914954
3.017559210433955
3.150417883989915
2.9589456576605198
2.782676282922412
2.2083526601438215
0.9472583027007264
0.7231623235218239
0.40539732147728813
0.35229821125221505
1.7665233509271443
2.765235474259269
3.1094065814951923
3.4002180544350757
3.1390426244161214
3.1837394028728245
2.616499599275894
1.6992386265470343
0.20896535882442002
0.9815858781493967
0.6895827843363369
0.7275639168512198
1.4659973161896074
2.7203882051573283
3.0184627277517992
3.2697596851706403
3.1566854425494255
2.9457011384400635
2.98250927868228
2.862640076127834
2.676853381185739
1.7711878417453437
2.239040959231149
2.233164018791509
3.0665314193719397
3.350594459106403
3.4002180544350757
3.4002180544350757
3.3119099332096336
3.1025704478032625
2.7044830114303053
1.3546115037793567
0.7921184420445928
0.8387390100214747
1.0428415828106576
0.9295181166694872
0.5823356338896537
1.8150443853969953
2.513719243503708
3.0499395952557866
3.209997485204245
3.0997933583066724
2.1035391515506827
1.363257805331708
1.2291849321726822
0.975436186488845
0.5147168009870087
0.7200331895311964
2.3451254282265728
2.9585716255802668
3.254058579496251
3.4002180544350757
3.262285512867792
3.1475105625911524
3.0571020541022924
2.4508112780737075
2.286435998098124
1.752422861169109
0.3444555216275882
1.081437722640743
2.844572704882004
3.341305730769943
3.4002180544350757
3.4002180544350757
3.2780525111207233
3.078378230640524
2.646914723714962
2.309932763661668
1.9136524458775281
1.249985812328939
0.5116096232693992
0.2957404952080136
1.5922968048338322
2.776789823018112
3.1837544702158116
3.4002180544350757
3.300295159991154
3.0847714899158327
2.329672106514984
1.817798782687447
0.43634181780157855
0.2682639421729833
0.8711232125814092
0.4334953134588204
2.222292463711689
3.134752917226962
3.4002180544350757
3.4002180544350757
3.299700558773628
3.056771985094925
2.304065065277988
1.6644719100374095
0.5757843379456786
0.7635441585603262
1.0095824864558285
1.2767324400110054
0.5058429541350264
2.6555050997679697
2.923358531930916
3.292341778137523
3.1404476626159354
3.1037572468075476
2.4460932187613063
2.107343779665224
0.17020981141756808
1.3738577372259995
0.35495323009450575
1.0673673163642796
0.3575507917560574
2.089575184027356
2.497716073953421
3.0689203981950186
3.175966657524424
3.1027916463815606
2.8666475524205395
2.2650872364915386
0.9229488361147804
0.10267432153877865
1.0137838546626927
0.06523690338449661
1.435225137300576
2.88263103826406
3.0867686175139273
3.4002180544350757
3.2618580283451877
3.013288184113917
1.8275771613234955
0.08858367353379526
0.3721364987772269
0.651418940913965
1.7128292289547806
1.3150324788040049
0.9929761396071743
1.4930718845062372
2.102914410971816
2.809413139326234
2.8804203638603867
2.943706208508912
2.587556246518162
1.8101205811089949
1.0252026321372236
1.0185974273197047
0.5917282052569033
0.5707265421121721
2.131483722565793
2.8862612733935986
3.152322607611869
3.3417392395119165
3.153754503925766
3.048576604907298
2.761674880727359
2.64977592557676
1.6061796932470425
0.9265191438695592
1.5362561373862729
1.1276749148945324
0.5547467257175591
2.393310403001496
2.827334938939645
3.2602171530511073
3.1339202004631854
3.031616368739907
2.590590695610392
2.158875132909569
0.1855915981362828
0.4458126188584335
0.18481690687325347
0.5454371440300667
0.8712140315912675
2.1809563721659107
3.002587567725998
3.249182806965832
3.245909478165978
3.01367908057566
2.498584126302994
2.1393046953517327
0.6488162741466437
1.6990439527016845
0.6627325158770172
1.9546418112414
2.948454578791167
3.205519135500523
3.4002180544350757
3.4002180544350757
3.21613145703698
3.0690158381573553
