403.4139784946237 582.0 62840000.0 55295369.945278704 406.26344086021504
252.6220238095238 576.7989559199782 55295369.945278704 58440517.78430518 251.35416666666666
271.4569892473118 579.2098157364665 58440517.78430518 49356441.573179446 274.8252688172043
280.64166666666665 572.246570945373 49356441.573179446 40510550.908659555 283.9861111111111
955.8037634408602 565.4659032516278 40510550.908659555 40016639.480344 955.9139784946236
885.8777777777777 565.0873038100833 40016639.480344 63780261.0126192 876.6527777777778
727.5349462365591 582.5865264537131 63780261.0126192 59970663.80692214 728.8844086021505
404.53494623655916 580.2448209457236 59970663.80692214 55122663.15335673 406.26344086021504
288.13055555555553 576.6665704532244 55122663.15335673 33594734.36791406 296.3333333333333
275.9704301075269 558.8052571693637 33594734.36791406 36360656.39654734 274.8252688172043
300.01944444444445 561.6059591573246 36360656.39654734 45813505.95501429 296.3333333333333
347.26344086021504 569.5307936428717 45813505.95501429 47849866.434795976 346.51881720430106
480.65860215053766 571.0917312851893 47849866.434795976 55173418.55785846 477.9569892473118
485.98511904761904 576.7054761490599 55173418.55785846 46800204.92030567 489.4791666666667
525.8978494623656 570.287131026086 46800204.92030567 47125115.382889606 525.752688172043
161.06944444444446 570.536185639189 47125115.382889606 48390141.81466835 160.51388888888889
372.3279569892473 571.5058702286786 48390141.81466835 53320370.15395587 370.4166666666667
78.375 575.2850532743249 53320370.15395587 32301601.430817172 86.43055555555556
179.11290322580646 557.4958637916283 32301601.430817172 63796263.17398611 167.28494623655914
191.90860215053763 582.5965084595948 63796263.17398611 33519424.212353177 203.13172043010752
279.43888888888887 558.7290000297157 33519424.212353177 53472063.35124952 271.6388888888889
265.7768817204301 575.4013311259578 53472063.35124952 60938938.966161504 262.8763440860215
271.1972222222222 580.8371169207903 60938938.966161504 59692760.847090095 271.6388888888889
324.0698924731183 580.0748271139115 59692760.847090095 63615397.81122275 322.6209677419355
478.9139784946237 582.48368625555 63615397.81122275 66266071.24427684 477.9569892473118
688.2559523809524 584.1371527587606 66266071.24427684 67167881.54708219 687.9166666666666
185.0 584.6996940018065 67167881.54708219 50546085.88146434 191.18279569892474
349.4222222222222 573.1584726446094 50546085.88146434 59958319.598863095 345.72222222222223
405.36559139784947 580.2372699673897 59958319.598863095 57364280.698266685 406.26344086021504
165.49444444444444 578.38484442302 57364280.698266685 38130664.706524946 172.86111111111111
358.8252688172043 563.3982243553827 38130664.706524946 38899679.05644409 358.46774193548384
193.5994623655914 564.1769086408733 38899679.05644409 45156166.22844573 191.18279569892474
277.6388888888889 569.0269210067745 45156166.22844573 60442319.25851623 271.6388888888889
265.7768817204301 580.533333588986 60442319.25851623 35905570.40592765 274.8252688172043
276.65555555555557 561.1451507088481 35905570.40592765 48807657.11595364 271.6388888888889
321.6532258064516 571.8259095127299 48807657.11595364 46257444.98182013 322.6209677419355
438.1236559139785 569.8710875862649 46257444.98182013 35667140.25129771 442.11021505376345
754.4077380952381 560.9037224252055 35667140.25129771 36583737.77726418 754.0625
208.752688172043 561.8318456646024 36583737.77726418 51576978.81168187 203.13172043010752
202.66944444444445 573.9486861632631 51576978.81168187 32651987.458191365 209.90277777777777
413.1962365591398 557.8506557319873 32651987.458191365 51031530.10673639 406.26344086021504
91.80833333333334 573.5305816950435 51031530.10673639 32827872.525480963 98.77777777777777
290.44354838709677 558.0287524579655 32827872.525480963 42468796.88338168 286.7741935483871
222.08602150537635 566.9669635428727 42468796.88338168 61014735.77561556 215.08064516129033
289.68611111111113 580.8834819904032 61014735.77561556 43519803.9010215 296.3333333333333
267.23655913978496 567.7725951746306 43519803.9010215 54896641.33145106 262.8763440860215
275.2638888888889 576.4933172530662 54896641.33145106 64190885.41679862 271.6388888888889
355.55913978494624 582.8426703035155 64190885.41679862 56442050.32398 358.46774193548384
625.016129032258 577.6779243465378 56442050.32398 66365626.79843143 621.3440860215054
760.8839285714286 584.1992546276482 66365626.79843143 50945445.52067458 767.2916666666666
271.9623655913978 573.4645950133428 50945445.52067458 43215051.69365426 274.8252688172043
149.425 567.5389925307069 43215051.69365426 46301734.72686549 148.16666666666666
367.41129032258067 569.9050371403328 46301734.72686549 38063073.3611221 370.4166666666667
75.98055555555555 563.329783085716 38063073.3611221 42843163.87545389 74.08333333333333
60.17741935483871 567.2539282211645 42843163.87545389 43818479.975564085 59.744623655913976
239.6720430107527 568.0015402618302 43818479.975564085 45458436.336889446 238.9784946236559
300.6277777777778 569.2586210398 45458436.336889446 56323625.57543579 296.3333333333333
304.9166666666667 577.5871478609303 56323625.57543579 40605958.0530014 310.6720430107527
336.14722222222224 565.539035982511 40605958.0530014 47689544.80712238 333.375
184.00806451612902 570.9688394563614 47689544.80712238 60518085.864008985 179.23387096774192
120.5241935483871 580.5796801827714 60518085.864008985 63374836.28919348 119.48924731182795
209.5952380952381 582.3336261185008 63374836.28919348 58441098.682188235 211.66666666666666
201.76075268817203 579.2102610139018 58441098.682188235 54706895.909083486 203.13172043010752
166.73611111111111 576.3478711126743 54706895.909083486 38655587.39964219 172.86111111111111
375.06182795698925 563.9297476647602 38655587.39964219 50908369.79698663 370.4166666666667
75.55 573.4361752451852 50908369.79698663 54572068.54512229 74.08333333333333
62.18010752688172 576.2445214799785 54572068.54512229 60910600.15183486 59.744623655913976
198.2768817204301 580.8197820077713 60910600.15183486 47690758.00643217 203.13172043010752
273.19444444444446 570.969769413748 47690758.00643217 51457577.14606317 271.6388888888889
265.9005376344086 573.8571608384152 51457577.14606317 59255823.02465947 262.8763440860215
283.65 579.8075513182757 59255823.02465947 58283115.83033156 283.9861111111111
326.741935483871 579.0891619340719 58283115.83033156 37358554.938797735 334.5698924731183
430.1774193548387 562.6164057288952 37358554.938797735 37488690.708060145 430.16129032258067
291.30059523809524 562.7481778844024 37488690.708060145 38193203.3747051 291.0416666666667
157.1505376344086 563.4615494131693 38193203.3747051 42991550.92827439 155.33602150537635
85.61111111111111 567.3676718037374 42991550.92827439 40693289.59177027 86.43055555555556
149.71236559139786 565.6059784946937 40693289.59177027 57449717.05401126 143.38709677419354
54.044444444444444 578.4503342147482 57449717.05401126 37375406.40725076 61.736111111111114
267.36290322580646 562.6334690953631 37375406.40725076 49205212.403393075 262.8763440860215
123.23655913978494 572.1306487861681 49205212.403393075 59026023.82537454 119.48924731182795
42.26111111111111 579.6586254773663 59026023.82537454 40293112.01025956 49.388888888888886
36.873655913978496 565.2992291461408 40293112.01025956 42748660.47838769 35.846774193548384
42.672222222222224 567.1814882424515 42748660.47838769 57243372.15854232 37.041666666666664
50.56182795698925 578.2921640293436 57243372.15854232 32689197.368023634 59.744623655913976
99.15053763440861 557.8883335361193 32689197.368023634 42306022.18582093 95.59139784946237
241.95238095238096 566.8421913548627 42306022.18582093 51642930.194785506 238.125
344.7258064516129 573.9992400791692 51642930.194785506 46777743.56330698 346.51881720430106
372.60833333333335 570.2699136532362 46777743.56330698 52280055.81302881 370.4166666666667
459.89516129032256 574.4876179328327 52280055.81302881 35716715.90832416 466.008064516129
297.55 560.953921469051 35716715.90832416 38729599.51208248 296.3333333333333
545.233870967742 564.004690439104 38729599.51208248 58712404.86357433 537.7016129032259
238.71505376344086 579.4182261729803 58712404.86357433 57788856.42417885 238.9784946236559
277.18333333333334 578.7102957560089 57788856.42417885 39890717.92136575 283.9861111111111
263.3360215053763 564.9907807713876 39890717.92136575 40820948.933243185 262.8763440860215
273.3305555555556 565.7038336011333 40820948.933243185 45104403.837289974 271.6388888888889
315.4569892473118 568.9872434223715 45104403.837289974 57962137.815350376 310.6720430107527
514.2930107526881 578.8431216720872 57962137.815350376 59360337.904051065 513.8037634408602
515.9940476190476 579.8714832923717 59360337.904051065 59576903.71976722 515.9375
433.91129032258067 580.0039570626236 59576903.71976722 37553520.56135409 442.11021505376345
139.94166666666666 562.8138229377047 37553520.56135409 48063936.69602506 135.81944444444446
346.40860215053766 571.2558232188969 48063936.69602506 47580416.128599495 346.51881720430106
76.48055555555555 570.8851887158103 47580416.128599495 53655932.468050614 74.08333333333333
149.14247311827958 575.5422728838264 53655932.468050614 36881597.25172791 155.33602150537635
184.40860215053763 562.1334505593275 36881597.25172791 50525318.11161674 179.23387096774192
264.1972222222222 573.1425534623114 50525318.11161674 62974971.153760836 259.2916666666667
259.06720430107526 582.0841938048121 62974971.153760836 52471623.45795117 262.8763440860215
267.5833333333333 574.6344608670668 52471623.45795117 41858218.9096818 271.6388888888889
300.5456989247312 566.4989353365797 41858218.9096818 46781539.372489974 298.7231182795699
393.6801075268817 570.2728232664878 46781539.372489974 45169079.90210827 394.31451612903226
544.889880952381 569.0368197646421 45169079.90210827 51282618.56689923 542.3958333333334
134.6263440860215 573.7230493022824 51282618.56689923 59759978.25885279 131.43817204301075
115.55 580.1159441477025 59759978.25885279 39051388.26022255 123.47222222222223
337.2043010752688 564.3305255050566 39051388.26022255 45919208.91082229 334.5698924731183
55.21666666666667 569.6118184536864 45919208.91082229 60885972.6492984 49.388888888888886
85.95967741935483 580.8047173120708 60885972.6492984 34904527.796638 95.59139784946237
275.247311827957 560.1315205353119 34904527.796638 35816155.71071225 274.8252688172043
327.8222222222222 561.0546116726604 35816155.71071225 53161110.262014404 321.02777777777777
140.90860215053763 575.1629753010432 53161110.262014404 46224910.99084701 143.38709677419354
39.91111111111111 569.8461492064108 46224910.99084701 53563088.15352129 37.041666666666664
52.166666666666664 575.4711046467372 53563088.15352129 33307373.179419443 59.744623655913976
87.8010752688172 558.5142825708218 33307373.179419443 44529602.21127834 83.64247311827957
135.92857142857142 568.5466389695671 44529602.21127834 53405032.16400716 132.29166666666666
221.25537634408602 575.3499495044745 53405032.16400716 37877147.93131757 227.02956989247312
165.3138888888889 563.1415197451462 37877147.93131757 50144257.72449866 160.51388888888889
381.1532258064516 572.8504580753922 50144257.72449866 46708415.631549634 382.36559139784947
73.84166666666667 570.2167715011377 46708415.631549634 45944142.881632715 74.08333333333333
58.755376344086024 569.6309311667826 45944142.881632715 43111089.39151374 59.744623655913976
216.31182795698925 567.459301988485 43111089.39151374 46191258.36292409 215.08064516129033
288.7138888888889 569.8203533543456 46191258.36292409 58179324.339334145 283.9861111111111
296.3736559139785 579.0096023242392 58179324.339334145 51582102.51895825 298.7231182795699
325.60277777777776 573.9526136543117 51582102.51895825 63338453.25314658 321.02777777777777
215.50537634408602 582.3109307043322 63338453.25314658 32513472.843999512 227.02956989247312
122.8763440860215 557.7103993721504 32513472.843999512 41669723.0308587 119.48924731182795
202.0625 566.3544470126321 41669723.0308587 50516768.89760234 198.4375
374.1962365591398 573.13600020708 50516768.89760234 60576873.736474976 370.4166666666667
166.1638888888889 580.6156408494395 60576873.736474976 43043069.66883838 172.86111111111111
350.491935483871 567.4071626219052 43043069.66883838 53496136.37033112 346.51881720430106
59.72222222222222 575.4197838910854 53496136.37033112 48138762.33909826 61.736111111111114
51.166666666666664 571.3131795485072 48138762.33909826 56983683.51611905 47.795698924731184
210.63709677419354 578.0931040980272 56983683.51611905 44865121.13984383 215.08064516129033
289.3611111111111 568.8038253226257 44865121.13984383 58531543.486737065 283.9861111111111
282.26612903225805 579.2795899472484 58531543.486737065 46155683.21406559 286.7741935483871
340.64444444444445 569.793083826413 46155683.21406559 64895848.59178135 333.375
139.55107526881721 583.2824200596701 64895848.59178135 54662442.19151077 143.38709677419354
132.4811827956989 576.3137958682422 54662442.19151077 57540853.544219516 131.43817204301075
199.99404761904762 578.520193348024 57540853.544219516 61384041.497944765 198.4375
318.0403225806452 581.1093870865087 61384041.497944765 49052327.69854715 322.6209677419355
213.33333333333334 572.0134576045978 49052327.69854715 57768422.60325817 209.90277777777777
410.3306451612903 578.6946325566057 57768422.60325817 36468033.77491882 418.2123655913978
81.16111111111111 561.7146867476015 36468033.77491882 54676046.99045877 74.08333333333333
65.95161290322581 576.324224396494 54676046.99045877 39112947.79450623 71.69354838709677
257.3467741935484 564.3928591168726 39112947.79450623 56088485.613078415 250.92741935483872
273.53333333333336 577.4069053046143 56088485.613078415 60733569.71674854 271.6388888888889
263.0430107526882 580.7114921139686 60733569.71674854 60878423.45495421 262.8763440860215
269.0805555555556 580.8000994538284 60878423.45495421 54145906.334722884 271.6388888888889
321.3790322580645 575.9178540541714 54145906.334722884 50861329.80640051 322.6209677419355
513.6854838709677 573.4001175369704 50861329.80640051 50632239.49744146 513.8037634408602
691.6428571428571 573.2245122400227 50632239.49744146 59727539.482591905 687.9166666666666
284.0 580.0961012792451 59727539.482591905 52234685.21973772 286.7741935483871
408.2 574.4528398728451 52234685.21973772 53978038.24287902 407.4583333333333
441.7876344086022 575.7891776110245 53978038.24287902 52924201.7666443 442.11021505376345
99.7611111111111 574.9813771056943 52924201.7666443 55334835.79465151 98.77777777777777
462.75 576.8292077985054 55334835.79465151 46417750.022530235 466.008064516129
223.59139784946237 569.9939667006369 46417750.022530235 36991150.98778654 227.02956989247312
279.0388888888889 562.2443818738011 36991150.98778654 55907194.41695665 271.6388888888889
265.6720430107527 577.2679396081883 55907194.41695665 63093049.097249255 262.8763440860215
273.2 582.1578497753634 63093049.097249255 35034034.10182443 283.9861111111111
338.88709677419354 560.262655311576 35034034.10182443 46639038.782032035 334.5698924731183
547.5349462365591 570.1635918519584 46639038.782032035 41060664.41502752 549.6505376344086
697.8214285714286 565.8875834443847 41060664.41502752 65103322.7036877 687.9166666666666
394.9301075268817 583.4118405646794 65103322.7036877 34684937.40805584 406.26344086021504
165.025 559.9091689174887 34684937.40805584 46202873.50972694 160.51388888888889
370.88978494623655 569.829256748438 46202873.50972694 47280865.39221666 370.4166666666667
71.96388888888889 570.6555731713885 47280865.39221666 41649203.62990137 74.08333333333333
59.19892473118279 566.3387182133011 41649203.62990137 40003939.92041688 59.744623655913976
206.57258064516128 565.0775691774738 40003939.92041688 49003074.39218607 203.13172043010752
286.81666666666666 571.9757033166557 49003074.39218607 56074135.95925976 283.9861111111111
278.5295698924731 577.3959058204747 56074135.95925976 33689420.4125838 286.7741935483871
292.65 558.9011338393469 33689420.4125838 56044805.56604751 283.9861111111111
357.8709677419355 577.3734231042348 56044805.56604751 54488301.66405565 358.46774193548384
393.61290322580646 576.1803113957942 54488301.66405565 52695797.76049868 394.31451612903226
462.8958333333333 574.8062978825466 52695797.76049868 52472859.79821862 463.0208333333333
0.0 574.6354085627628 52472859.79821862 52407088.20521493 0.0
721.775 574.5849924619132 52407088.20521493 66831662.59610526 716.1388888888889
1050.5456989247311 584.4899636116904 66831662.59610526 64061283.84648984 1051.505376344086
1063.9472222222223 582.761825997085 64061283.84648984 69318252.36236505 1061.861111111111
646.1236559139785 586.0410761834869 69318252.36236505 39481926.33632031 657.1908602150538
291.502688172043 564.6774285042936 39481926.33632031 51928302.277297534 286.7741935483871
281.24444444444447 574.2179872165657 51928302.277297534 44556217.991363004 283.9861111111111
268.5376344086022 568.5670408450828 44556217.991363004 59417419.35465358 262.8763440860215
284.13055555555553 579.9064001371552 59417419.35465358 59690333.328861326 283.9861111111111
373.44354838709677 580.0733421958461 59690333.328861326 35835572.152175695 382.36559139784947
670.010752688172 561.0742722652739 35835572.152175695 38257283.67288557 669.1397849462365
951.3392857142857 563.5264354861118 38257283.67288557 67535805.37750077 939.2708333333334
357.5779569892473 584.9292016136247 67535805.37750077 65089664.23204182 358.46774193548384
130.8527777777778 583.4033205315927 65089664.23204182 52042189.86955855 135.81944444444446
357.6962365591398 574.305285821856 52042189.86955855 49786964.370186046 358.46774193548384
70.53055555555555 572.5765809050023 49786964.370186046 40440212.038909815 74.08333333333333
61.02956989247312 565.4119861821302 40440212.038909815 43698719.508291505 59.744623655913976
231.34139784946237 567.9097399036502 43698719.508291505 55029794.26767695 227.02956989247312
340.84444444444443 576.595383381536 55029794.26767695 42119305.031478524 345.72222222222223
346.41129032258067 566.6990664820452 42119305.031478524 41527479.22978829 346.51881720430106
304.525 566.2454124356593 41527479.22978829 62658520.11302951 296.3333333333333
56.22849462365591 581.8889883670128 62658520.11302951 53281312.03931625 59.744623655913976
102.75806451612904 575.2551139379528 53281312.03931625 40556974.47784094 107.54032258064517
135.25892857142858 565.5014884524531 40556974.47784094 47812281.53205037 132.29166666666666
192.28225806451613 571.0629212144474 47812281.53205037 50695130.94852707 191.18279569892474
220.45277777777778 573.2727206168569 50695130.94852707 45860648.453823276 222.25
422.64784946236557 569.5669299270288 45860648.453823276 57550693.8188598 418.2123655913978
91.12777777777778 578.5277362439156 57550693.8188598 37583835.00211664 98.77777777777777
69.11290322580645 562.8445185660082 37583835.00211664 62491335.976145975 59.744623655913976
193.2983870967742 581.7867214747702 62491335.976145975 35936082.47857284 203.13172043010752
294.8388888888889 561.1760464541472 35936082.47857284 63800551.11311253 283.9861111111111
264.1989247311828 582.59918323787 63800551.11311253 35037890.03380257 274.8252688172043
283.11944444444447 560.2665597297935 35037890.03380257 64693992.336421005 271.6388888888889
348.73387096774195 583.1565039235894 64693992.336421005 38664625.43818128 358.46774193548384
528.3655913978495 563.9388993516991 38664625.43818128 45750927.04089932 525.752688172043
354.7559523809524 569.4828248359598 45750927.04089932 39947135.865274236 357.1875
397.36290322580646 565.0340269909166 39947135.865274236 48048863.389114454 394.31451612903226
190.44444444444446 571.244269030734 48048863.389114454 61445153.62577516 185.20833333333334
401.34139784946234 581.1467695051284 61445153.62577516 48072768.104752734 406.26344086021504
85.44166666666666 571.2625927857073 48072768.104752734 45371206.85057418 86.43055555555556
66.41935483870968 569.1917567541976 45371206.85057418 63063506.47196307 59.744623655913976
250.21505376344086 582.139421348565 63063506.47196307 60937772.85698822 250.92741935483872
301.175 580.8364036093279 60937772.85698822 41217685.3196313 308.68055555555554
271.1747311827957 566.0079451598376 41217685.3196313 63141701.150213815 262.8763440860215
288.6111111111111 582.1881984931217 63141701.150213815 43024226.88559088 296.3333333333333
394.98655913978496 567.392719005488 43024226.88559088 44866343.47121223 394.31451612903226
292.4516129032258 568.8047622800374 44866343.47121223 60158762.053894475 286.7741935483871
168.29464285714286 580.3598810436057 60158762.053894475 51322354.75488675 171.97916666666666
310.0994623655914 573.753508404297 51322354.75488675 49726124.32864665 310.6720430107527
105.85555555555555 572.5299450014176 49726124.32864665 35892613.572842546 111.125
337.63709677419354 561.1320309506613 35892613.572842546 43919639.757862456 334.5698924731183
57.91388888888889 568.0790825799246 43919639.757862456 33873688.26350976 61.736111111111114
231.63709677419354 559.0877187578888 33873688.26350976 46028614.16058483 227.02956989247312
393.9516129032258 569.6956811952379 46028614.16058483 44835658.22952667 394.31451612903226
67.78611111111111 568.7812410276432 44835658.22952667 60255710.42229611 61.736111111111114
39.83064516129032 580.41918456683 60255710.42229611 38629162.074098326 47.795698924731184
42.38611111111111 563.9029900551757 38629162.074098326 52382967.75379114 37.041666666666664
59.225806451612904 574.5665033383269 52382967.75379114 51034107.67547117 59.744623655913976
