402.36559139784947 582.0 62840000.0 4904250.137920186 424.005376344086
252.61607142857142 517.8746800187159 4904250.137920186 -5686735.024380285 257.0
270.4623655913978 486.61585002512993 -5686735.024380285 6815241.451600714 265.7903225806452
278.64722222222224 521.8730607841808 6815241.451600714 9563662.277083123 277.56944444444446
950.9381720430108 527.2751293032323 9563662.277083123 17200029.75284515 948.0618279569892
879.8833333333333 539.7578025490294 17200029.75284515 -719802.4668904692 886.7777777777778
720.4677419354839 501.27553446665337 -719802.4668904692 10148633.561434938 716.3870967741935
399.53494623655916 528.4249004483377 10148633.561434938 893301.6150248712 402.96774193548384
217.51944444444445 506.03654068900545 893301.6150248712 4995263.933746452 215.9111111111111
148.81451612903226 518.1433032607663 4995263.933746452 3763211.582884699 149.247311827957
122.26388888888889 514.5069545747276 3763211.582884699 852091.7768486099 123.37777777777778
113.95430107526882 505.91491165205804 852091.7768486099 6269110.9277947415 111.93548387096774
184.43548387096774 520.7996318235965 6269110.9277947415 5901054.586118584 184.58064516129033
369.86607142857144 520.0762107382332 5901054.586118584 -7173912.000621069 375.2767857142857
398.247311827957 482.22651215350663 -7173912.000621069 13506901.585525904 390.52150537634407
614.6944444444445 534.6914173375445 13506901.585525904 -3929611.3282556217 621.4
616.1021505376344 491.8019238467018 -3929611.3282556217 6639856.697264141 612.1344086021505
441.19166666666666 521.5283390256571 6639856.697264141 10898138.177725144 439.53333333333336
244.38440860215053 529.8980646941494 10898138.177725144 5831955.334576059 246.25806451612902
141.03763440860214 519.9403949679598 5831955.334576059 3778004.794513731 141.78494623655914
108.73333333333333 514.5506160925454 3778004.794513731 5731738.915609499 107.95555555555555
80.61827956989248 519.7434178686118 5731738.915609499 1731790.4840459307 82.08602150537635
51.36944444444445 508.5113039529123 1731790.4840459307 -5052338.979731804 53.977777777777774
65.2258064516129 488.4882422345779 -5052338.979731804 9760383.763534728 59.69892473118279
97.03763440860214 527.6617887766027 9760383.763534728 2363392.8820900456 99.80645161290323
220.04166666666666 510.37545083645995 2363392.8820900456 -12786655.806420214 226.3095238095238
467.4301075268817 465.6607440276528 -12786655.806420214 9419574.743464587 459.13440860215053
653.9277777777778 526.9919227716373 9419574.743464587 8716682.962074112 654.1777777777778
942.6451612903226 525.6103768564905 8716682.962074112 14135615.304131128 940.5967741935484
718.4805555555556 535.5539126915878 14135615.304131128 -2405489.1311958656 724.8444444444444
355.15860215053766 496.3003039234607 -2405489.1311958656 9401871.471925542 350.73118279569894
159.33064516129033 526.9571266861985 9401871.471925542 -3618468.690980713 164.1720430107527
112.34722222222223 492.72024774700833 -3618468.690980713 7702140.899258112 107.95555555555555
76.47043010752688 523.6162769399211 7702140.899258112 -7408681.680838531 82.08602150537635
54.21944444444444 481.5335996992726 -7408681.680838531 -6805202.092671649 53.977777777777774
63.793010752688176 483.31474333813406 -6805202.092671649 4169701.837414204 59.69892473118279
100.65860215053763 515.7066928016885 4169701.837414204 5816273.979407121 100.0510752688172
291.4047619047619 519.9095729940071 5816273.979407121 -7677299.80336581 296.98809523809524
386.23387096774195 480.7407850463766 -7677299.80336581 -3304510.533656529 384.5967741935484
800.4916666666667 493.6468815317321 -3304510.533656529 4391375.729764372 797.5
652.3494623655914 516.3609536101784 4391375.729764372 12072273.917169146 649.4596774193549
590.6527777777778 532.210539533818 12072273.917169146 3986502.761487215 593.7555555555556
381.9596774193548 515.1659887329331 3986502.761487215 7628384.362125916 380.5806451612903
183.4516129032258 523.4713071945233 7628384.362125916 -748362.5134399987 186.55913978494624
120.59444444444445 501.1912407370314 -748362.5134399987 -8025557.1007050015 123.37777777777778
80.69086021505376 479.71291884840457 -8025557.1007050015 8156431.964867597 74.6236559139785
48.65 524.5091938619812 8156431.964867597 -5676136.516553261 53.977777777777774
59.78225806451613 486.6471310579398 -5676136.516553261 -5443521.270272607 59.69892473118279
103.09408602150538 487.33368479453515 -5443521.270272607 3100598.290250783 99.91129032258064
201.2202380952381 512.5512803906431 3100598.290250783 5720168.304976544 200.14285714285714
334.71774193548384 519.7206756339194 5720168.304976544 12181799.473770749 332.3010752688172
569.0194444444444 532.4262716907606 12181799.473770749 -4927496.057991883 575.6
412.96505376344084 488.85671066379086 -4927496.057991883 1413508.5658816928 410.5779569892473
395.51944444444445 507.5719087769712 1413508.5658816928 7213626.272027889 393.26666666666665
220.58333333333334 522.6560930174342 7213626.272027889 -1639044.7328604113 223.8709677419355
124.63440860215054 498.56243107971295 -1639044.7328604113 -7653091.781021299 126.86021505376344
74.75 480.81223396669435 -7653091.781021299 6154386.171507146 69.4
43.82258064516129 520.5741383371003 6154386.171507146 3538558.9104999322 44.774193548387096
42.47222222222222 513.8439020271067 3538558.9104999322 -6319895.739966983 46.266666666666666
52.12903225806452 484.7471038354372 -6319895.739966983 -6598441.3885563975 52.236559139784944
120.20698924731182 483.9249885230956 -6598441.3885563975 6935606.2050639205 115.16129032258064
209.5952380952381 522.109639782367 6935606.2050639205 -366692.0912240762 212.61904761904762
374.241935483871 502.3177243132804 -366692.0912240762 5108002.779489856 372.19354838709677
640.8972222222222 518.4760470384944 5108002.779489856 2771171.362540437 641.7777777777778
594.9005376344086 511.5789912059446 2771171.362540437 -3456095.1028953865 597.2043010752689
455.9583333333333 493.19948629825046 -3456095.1028953865 -897318.289908913 454.9555555555556
247.33602150537635 500.75160427056005 -897318.289908913 1942125.9833165847 246.25806451612902
125.35215053763442 509.13209998959456 1942125.9833165847 -2149100.7926447913 126.86021505376344
83.14444444444445 497.05702290326195 -2149100.7926447913 -6559725.210232313 84.82222222222222
53.1505376344086 484.03925763193564 -6559725.210232313 -4179240.9726524395 52.236559139784944
49.91388888888889 491.0651528574141 -4179240.9726524395 5251655.539407213 46.266666666666666
58.873655913978496 518.7998057153866 5251655.539407213 3050654.879248362 59.69892473118279
73.37903225806451 512.4038745950631 3050654.879248362 -6599406.9670540625 76.98924731182795
93.42261904761905 483.92213866034524 -6599406.9670540625 597609.6829156684 90.45238095238095
158.80645161290323 505.1638188699647 597609.6829156684 6247489.302769136 156.69354838709677
207.19166666666666 520.7571341468221 6247489.302769136 4296953.388662861 207.92777777777778
147.30107526881721 516.0822701956652 4296953.388662861 -1104685.8732961058 149.30107526881721
163.38888888888889 500.13956790794157 -1104685.8732961058 2632859.4437972894 161.93333333333334
88.5 511.17076962052795 2632859.4437972894 -218601.8374388821 89.54838709677419
46.473118279569896 502.75480622736484 -218601.8374388821 4282516.807103209 44.774193548387096
41.00833333333333 516.0396612559163 4282516.807103209 10578587.064634806 38.55555555555556
35.873655913978496 529.2699814718684 10578587.064634806 6661306.540787733 37.31182795698925
41.672222222222224 521.5704990629276 6661306.540787733 -5270290.084010896 46.266666666666666
49.56182795698925 487.8449690724338 -5270290.084010896 7562269.35140892 44.774193548387096
98.15053763440861 523.3413570010451 7562269.35140892 3052714.2375313304 99.84139784946237
241.95238095238096 512.4099527010634 3052714.2375313304 -6869664.531251436 246.0595238095238
367.0268817204301 483.12448526698597 -6869664.531251436 -3612844.4209725657 365.80645161290323
865.9638888888888 492.73684753421685 -3612844.4209725657 9193594.60322745 861.0
1179.9596774193549 526.5477549097919 9193594.60322745 10408815.52882927 1179.478494623656
918.5 528.9362925911472 10408815.52882927 12633551.021761443 917.6222222222223
542.3817204301075 533.3160853458937 12633551.021761443 6226851.860669287 544.752688172043
219.0994623655914 520.7165708985569 6226851.860669287 -6609014.126476387 223.8709677419355
128.91666666666666 483.8937835490405 -6609014.126476387 7685593.132755769 123.37777777777778
78.58064516129032 523.5837520195545 7685593.132755769 -1772168.6797215352 82.08602150537635
49.05277777777778 498.16952156664706 -1772168.6797215352 5426436.0693480335 46.266666666666666
59.58064516129032 519.1433398604427 5426436.0693480335 5119081.446869693 59.69892473118279
158.45698924731184 518.5087452412465 5119081.446869693 -3335003.018847501 161.6209677419355
262.5595238095238 493.5568842938869 -3335003.018847501 4569595.72825854 259.29761904761904
610.0430107526881 516.8869621494233 4569595.72825854 -9585483.6162429 615.3225806451613
749.9388888888889 475.1088638899238 -9585483.6162429 3742357.506375321 744.775
686.1962365591398 514.4454046790107 3742357.506375321 2105222.6455690973 686.7849462365591
356.9472222222222 509.6134726626505 2105222.6455690973 7863203.986332728 354.7111111111111
146.81989247311827 523.9328492145161 7863203.986332728 1316832.9593494376 149.247311827957
85.35752688172043 507.2865749479828 1316832.9593494376 10028374.307350751 82.08602150537635
60.53333333333333 528.1885288109997 10028374.307350751 6973947.944804247 61.68888888888889
40.553763440860216 522.1850011328911 6973947.944804247 -4397708.5448050015 44.774193548387096
42.78055555555556 490.4203553629056 -4397708.5448050015 6530891.017172185 38.55555555555556
49.653225806451616 521.3141651027178 6530891.017172185 -379039.03592659085 52.236559139784944
63.924731182795696 502.28128284542055 -379039.03592659085 6292815.704278743 61.44086021505376
113.24404761904762 520.846223970479 6292815.704278743 10912748.0929053 111.33928571428571
133.59408602150538 529.9267807343311 10912748.0929053 10421027.049002988 133.7741935483871
270.0527777777778 528.9602945445921 10421027.049002988 5085365.843080832 272.09444444444443
337.2768817204301 518.4092351096755 5085365.843080832 8649183.060074527 335.9274193548387
267.2861111111111 525.4777046353189 8649183.060074527 1866504.281690118 269.8888888888889
108.43279569892474 508.9089058411048 1866504.281690118 -7559734.473630583 111.93548387096774
49.403225806451616 481.08777398074074 -7559734.473630583 4790657.3736249 44.774193548387096
40.83611111111111 517.539415937689 4790657.3736249 10640298.090011608 38.55555555555556
35.54032258064516 529.3912755562297 10640298.090011608 5830644.14149811 37.31182795698925
38.65277777777778 519.9378177953583 5830644.14149811 6059951.448436993 38.55555555555556
51.166666666666664 520.388525260721 6059951.448436993 3203671.9415774047 52.236559139784944
86.8010752688172 512.8554977693159 3203671.9415774047 9595215.826307803 84.42204301075269
135.92857142857142 527.3371483482601 9595215.826307803 -10588518.800963191 144.27678571428572
190.50806451612902 472.1484493641474 -10588518.800963191 -7596674.796179703 189.38709677419354
382.1277777777778 480.9787462326346 -7596674.796179703 -5585451.557750277 381.3333333333333
566.4005376344086 486.9147837518826 -5585451.557750277 11825032.79546358 559.8790322580645
449.06666666666666 531.72354944561 11825032.79546358 -3479682.871586945 454.9555555555556
263.05913978494624 493.1298680294909 -3479682.871586945 1497562.3428776776 261.18279569892474
115.89784946236558 507.8199898275225 1497562.3428776776 -7929079.7764989175 119.39784946236558
67.26944444444445 479.9976674557701 -7929079.7764989175 6476669.821890656 61.68888888888889
38.016129032258064 521.2075924085437 6476669.821890656 8294992.5177886365 37.31182795698925
39.9 524.7815370177225 8294992.5177886365 -8230616.5678091245 46.266666666666666
51.06720430107527 479.1076947901555 -8230616.5678091245 8633802.292948674 44.774193548387096
122.48387096774194 525.4474734723474 8633802.292948674 8740084.25304855 122.45161290322581
202.0625 525.6563724973713 8740084.25304855 -4746431.754302796 207.64285714285714
315.03494623655916 489.39111404555285 -4746431.754302796 1987852.7480126228 312.51612903225805
616.5388888888889 509.2670605378237 1987852.7480126228 -3927181.3501083106 618.8
467.76344086021504 491.8090958210395 -3927181.3501083106 9223461.334204182 462.8333333333333
435.8361111111111 526.6064584844703 9223461.334204182 -399821.53867011704 439.53333333333336
154.63440860215053 502.2199441965464 -399821.53867011704 -6003789.231923757 156.70967741935485
64.10483870967742 485.68007838344823 -6003789.231923757 5747840.588855624 59.69892473118279
41.83611111111111 519.7750659849921 5747840.588855624 -5796466.606565071 46.266666666666666
36.67741935483871 486.2919820544098 -5796466.606565071 -7563885.365231356 37.31182795698925
39.025 481.0755228055307 -7563885.365231356 -6369568.145894213 38.55555555555556
58.685483870967744 484.6004978994966 -6369568.145894213 10912696.708342262 52.236559139784944
132.29032258064515 529.9266797370865 10912696.708342262 -3582508.083619361 137.70967741935485
199.9970238095238 492.82638390854083 -3582508.083619361 1132484.748432691 198.05357142857142
388.9247311827957 506.74247925751007 1132484.748432691 -6533505.047737921 391.78225806451616
657.7944444444445 484.11664529599676 -6533505.047737921 11051434.656800702 650.9888888888889
714.0994623655914 530.1997955361226 11051434.656800702 4172843.3926493013 716.6451612903226
614.0333333333333 515.7159649647125 4172843.3926493013 -3272779.7135473806 616.8888888888889
366.255376344086 493.74053366098633 -3272779.7135473806 -1718570.522059259 365.6559139784946
145.3548387096774 498.3277141873202 -1718570.522059259 7790424.459267274 141.78494623655914
95.34166666666667 523.7897997992495 7790424.459267274 -4978971.118698588 100.24444444444444
57.79032258064516 488.70478427102546 -4978971.118698588 9827242.25926684 52.236559139784944
42.37222222222222 527.793200302697 9827242.25926684 -289121.5308513763 46.266666666666666
64.50268817204301 502.54667043321535 -289121.5308513763 -7400174.802113435 67.16129032258064
158.81182795698925 481.55870738016995 -7400174.802113435 6716990.370622805 153.5483870967742
220.14285714285714 521.6799465905345 6716990.370622805 -7468506.332449616 226.01190476190476
623.1801075268817 481.35702985374087 -7468506.332449616 1467189.3660939187 619.8387096774194
779.2694444444444 507.73034531351993 1467189.3660939187 11280286.935669258 775.4611111111111
895.6586021505376 530.6505651763182 11280286.935669258 10818404.999193761 895.8064516129032
828.5805555555555 529.741347757036 10818404.999193761 -166857.49559210427 832.8
481.3736559139785 502.9075273916505 -166857.49559210427 9909073.929798976 477.59139784946234
213.94354838709677 527.9540418620187 9909073.929798976 3250985.609990504 216.40860215053763
134.66666666666666 512.9951419945351 3250985.609990504 -7526534.019375339 138.8
88.44086021505376 481.1857636709698 -7526534.019375339 9424817.239853611 82.08602150537635
57.69166666666667 527.0022269886778 9424817.239853611 -958495.6137767178 61.68888888888889
59.123655913978496 500.57104207195994 -958495.6137767178 -2489956.31837161 59.69892473118279
75.85215053763442 496.0510027108255 -2489956.31837161 -5516362.881980844 76.98924731182795
131.375 487.1186959599788 -5516362.881980844 11199927.703669704 124.4702380952381
367.3709677419355 530.4922818405615 11199927.703669704 12103159.281916745 367.0295698924731
376.925 532.2713743431693 12103159.281916745 12423104.462929308 376.78333333333336
810.2688172043011 532.901569396679 12423104.462929308 3193776.0076417075 813.6908602150538
448.675 512.8262903526513 3193776.0076417075 6861472.177133983 447.24444444444447
230.50806451612902 521.9639280722979 6861472.177133983 4603954.269998522 231.33333333333334
112.4489247311828 516.9883698842675 4603954.269998522 5927925.628990065 111.93548387096774
71.0 520.1290262362909 5927925.628990065 10013710.25933692 69.4
40.094086021505376 528.1597063718002 10013710.25933692 -2587066.7157286094 44.774193548387096
41.88611111111111 495.7643856157136 -2587066.7157286094 6022909.860061665 38.55555555555556
74.00537634408602 520.3157193801212 6022909.860061665 4376384.833437572 74.6236559139785
188.16129032258064 516.3167086346119 4376384.833437572 -7511598.960277593 192.60752688172042
385.5922619047619 481.2298438453942 -7511598.960277593 718662.5839670999 382.19642857142856
907.4596774193549 505.521101218699 718662.5839670999 7095123.872156886 905.0725806451613
1325.7722222222221 522.4231745073429 7095123.872156886 16786422.629447304 1322.0055555555555
1495.6344086021506 539.1903992750541 16786422.629447304 3737533.4760334305 1500.475806451613
1085.0416666666667 514.4311667642152 3737533.4760334305 17904201.452433143 1079.5555555555557
640.0295698924731 540.7238142668758 17904201.452433143 13200886.043719187 641.763440860215
286.508064516129 534.2716126231527 13200886.043719187 1026059.4987071294 291.03225806451616
177.67222222222222 506.4283697825919 1026059.4987071294 1781679.26597134 177.35555555555555
116.47311827956989 508.6585485131581 1781679.26597134 -6123481.6651303815 119.39784946236558
83.75 485.32681139612 -6123481.6651303815 11061016.495683268 77.11111111111111
69.86021505376344 530.2186688551337 11061016.495683268 -1688125.1765767648 74.6236559139785
115.81720430107526 498.41757229437536 -1688125.1765767648 -343696.4836639853 115.3225806451613
262.86309523809524 502.38559484433154 -343696.4836639853 10448508.874559056 258.4077380952381
361.3333333333333 529.0143105465471 10448508.874559056 -1544140.7172973417 365.80645161290323
524.4305555555555 498.8425361353554 -1544140.7172973417 5677092.3185634175 521.625
472.35215053763443 519.6360090399351 5677092.3185634175 11123157.340152986 470.2983870967742
331.56111111111113 530.3410674881801 11123157.340152986 11042200.856204122 331.5777777777778
186.56182795698925 530.1816077470687 11042200.856204122 11003275.212713845 186.55913978494624
109.20967741935483 530.1049360250424 11003275.212713845 3651900.974438468 111.93548387096774
78.64444444444445 514.1784261769834 3651900.974438468 7564862.216017786 77.11111111111111
48.64247311827957 523.3464533211385 7564862.216017786 -2128514.2670706245 52.236559139784944
47.61944444444445 497.1177831340828 -2128514.2670706245 1355142.9796829233 46.266666666666666
54.604838709677416 507.39964529925834 1355142.9796829233 7707881.851238031 52.236559139784944
101.76075268817205 523.6275608800196 7707881.851238031 -8004542.720396163 107.63440860215054
135.25595238095238 479.7749418737821 -8004542.720396163 -5126873.447999073 134.07142857142858
334.88440860215053 488.26825700784735 -5126873.447999073 10766508.027668582 328.9462365591398
468.89166666666665 529.6393433647279 10766508.027668582 111055.56285473332 472.98333333333335
610.513440860215 503.72777564182365 111055.56285473332 -4288974.158943364 612.1344086021505
646.5138888888889 490.74128015224477 -4288974.158943364 12492974.824133873 640.0222222222222
409.36290322580646 533.0391928354152 12492974.824133873 9582114.711844813 410.4301075268817
177.9784946236559 527.3113978819019 9582114.711844813 6533265.137420218 179.09677419354838
108.30833333333334 521.3188314769984 6533265.137420218 7385500.340374374 107.95555555555555
66.98118279569893 522.9939144621152 7385500.340374374 6834370.514037592 67.16129032258064
46.52777777777778 521.9106592862119 6834370.514037592 7488428.547042513 46.266666666666666
56.924731182795696 523.1962216269457 7488428.547042513 67327.8679627928 59.69892473118279
104.89247311827957 503.59871526078337 67327.8679627928 -7357809.343497829 107.67204301075269
143.77380952380952 481.68374718035585 -7357809.343497829 -10808750.76024842 145.20535714285714
384.5860215053763 471.4984443581016 -10808750.76024842 -9582080.230498865 384.1236559139785
463.81944444444446 475.11890883425565 -9582080.230498865 13098825.926766759 455.05
654.0295698924731 534.1316023544092 13098825.926766759 5284978.5119150095 656.9247311827957
540.0833333333334 518.8653025923848 5284978.5119150095 6034802.638982654 539.7777777777778
338.4166666666667 520.3390948421384 6034802.638982654 12975204.552083706 335.80645161290323
158.47043010752688 533.9620134649524 12975204.552083706 -2348670.2614058573 164.1720430107527
97.89722222222223 496.4680023352681 -2348670.2614058573 11492100.014201336 92.53333333333333
60.825268817204304 531.0677727552451 11492100.014201336 -5546416.895442667 67.16129032258064
44.96111111111111 487.02999285228566 -5546416.895442667 11033698.500588724 38.55555555555556
58.27150537634409 530.1648606829777 11033698.500588724 7219743.840734489 59.69892473118279
102.6989247311828 522.6681172042023 7219743.840734489 -5778325.241941429 107.55913978494624
145.8779761904762 486.34552549951263 -5778325.241941429 -1517888.7421873293 144.1220238095238
290.85215053763443 498.9200176929616 -1517888.7421873293 -4516555.331775373 291.96774193548384
386.6722222222222 490.06958426349786 -4516555.331775373 1671361.8126750519 384.26666666666665
334.5376344086022 508.33295136944866 1671361.8126750519 -2101485.6971675535 335.9274193548387
235.6472222222222 497.1975567772918 -2101485.6971675535 9044497.953499008 231.33333333333334
112.81720430107526 526.2547028741187 9044497.953499008 11361798.447472453 111.93548387096774
58.876344086021504 530.8111181541124 11361798.447472453 9109381.323715221 59.69892473118279
41.46944444444444 526.3822322569575 9109381.323715221 -3383975.153447684 46.266666666666666
38.725806451612904 493.4123451781738 -3383975.153447684 336546.3288383155 37.31182795698925
41.38611111111111 504.3933017860859 336546.3288383155 7650389.486889032 38.55555555555556
58.22849462365591 523.514558646644 7650389.486889032 3721267.7211375237 59.69892473118279
