271.0 582.0 62840000.0 52680197.179003075 274.8252688172043
402.38988095238096 574.7943395209793 52680197.179003075 34096775.19906605 410.1041666666667
341.247311827957 559.3136108898551 34096775.19906605 51918861.15228123 334.5698924731183
312.0 574.2107502820593 51918861.15228123 60345212.47766306 308.68055555555554
309.0 580.4739331645279 60345212.47766306 55678915.44491243 310.6720430107527
586.2166666666667 577.0929562278136 55678915.44491243 38815853.23749122 592.6666666666666
534.2930107526881 564.0920287580157 38815853.23749122 61498421.78278107 525.752688172043
311.98655913978496 581.1793537501054 61498421.78278107 64799851.407472685 310.6720430107527
304.0 583.2225378702319 64799851.407472685 52402313.645657256 308.68055555555554
331.93817204301075 574.581332604136 52402313.645657256 45050075.68027525 334.5698924731183
235.08333333333334 568.9455990935977 45050075.68027525 46208897.14460557 234.59722222222223
262.3252688172043 569.8338740637507 46208897.14460557 44774444.373222314 262.8763440860215
263.26075268817203 568.7343185826804 44774444.373222314 45889935.3131518 262.8763440860215
352.73214285714283 569.5893792731073 45889935.3131518 35190323.327795416 357.1875
393.0 560.4209097892303 35190323.327795416 63610448.26988818 382.36559139784947
313.0 582.4805987757039 63610448.26988818 42625232.2757391 321.02777777777777
330.0 567.086876443828 42625232.2757391 62201085.38837511 322.6209677419355
330.0 581.6091745726762 62201085.38837511 53311954.07159279 333.375
356.0 575.2786020689063 53311954.07159279 46513649.486209385 358.46774193548384
256.81720430107526 570.0674768105713 46513649.486209385 62070323.51622213 250.92741935483872
221.86111111111111 581.5291872572635 62070323.51622213 60798523.660293244 222.25
210.86559139784947 580.7512245794347 60798523.660293244 49209861.75526511 215.08064516129033
208.26666666666668 572.1342126681141 49209861.75526511 44868240.678522214 209.90277777777777
229.16397849462365 568.8062165521739 44868240.678522214 50626523.96081778 227.02956989247312
245.11290322580646 573.2201310922101 50626523.96081778 35138755.08301962 250.92741935483872
329.8541666666667 560.3686931019325 35138755.08301962 65104402.369765475 317.5
344.9596774193548 583.4125140507724 65104402.369765475 60865609.36075621 346.51881720430106
323.0 580.7922610451434 60865609.36075621 33795867.573001854 333.375
332.0 559.0089195146876 33795867.573001854 58728668.40529333 322.6209677419355
327.0 579.4306927154804 58728668.40529333 42063479.992195964 333.375
307.0 566.6562747435169 42063479.992195964 64044046.79611331 298.7231182795699
319.0 582.7510736784266 64044046.79611331 54126431.11004461 322.6209677419355
292.9222222222222 575.9029256504851 54126431.11004461 45018700.76451765 296.3333333333333
201.88709677419354 568.9215491832224 45018700.76451765 41385242.80340969 203.13172043010752
223.66944444444445 566.1363835116316 41385242.80340969 44963516.83659907 222.25
226.7741935483871 568.8792488777538 44963516.83659907 44320907.33677703 227.02956989247312
243.90322580645162 568.3866674475295 44320907.33677703 57596845.70519065 238.9784946236559
362.6458333333333 578.5631131908526 57596845.70519065 38876463.61545377 370.4166666666667
369.255376344086 564.1534012783881 38876463.61545377 35702904.962792076 370.4166666666667
309.0 560.9399368584195 35702904.962792076 36353480.87542115 308.68055555555554
306.0 561.5986934079381 36353480.87542115 55656066.720069095 298.7231182795699
306.0 577.0754419247023 55656066.720069095 48567331.28794464 308.68055555555554
309.0 571.6416918189154 48567331.28794464 43901000.3313008 310.6720430107527
318.0 568.0647948431314 43901000.3313008 63308381.152216166 310.6720430107527
254.94444444444446 582.2921719953379 63308381.152216166 51776041.334275894 259.2916666666667
205.31989247311827 574.1012741690591 51776041.334275894 57336353.65548215 203.13172043010752
208.32777777777778 578.3634374212864 57336353.65548215 53152986.95734675 209.90277777777777
214.76344086021504 575.1567485194091 53152986.95734675 52344810.92827479 215.08064516129033
248.25 574.5372548698699 52344810.92827479 45259210.70709539 250.92741935483872
323.9791666666667 569.1059080069418 45259210.70709539 61012147.510017835 317.5
300.9596774193548 580.8818987428301 61012147.510017835 34935867.608056545 310.6720430107527
305.9861111111111 560.1632544277476 34935867.608056545 59778729.45704603 296.3333333333333
304.0 580.1274142955335 59778729.45704603 41720273.74155471 310.6720430107527
299.61944444444447 566.3931958038971 41720273.74155471 50097055.007353954 296.3333333333333
216.0215053763441 572.8142756318896 50097055.007353954 52430707.02450475 215.08064516129033
202.43817204301075 574.6030970678819 52430707.02450475 50356424.80467756 203.13172043010752
207.84444444444443 573.0130911578941 50356424.80467756 44757588.180016994 209.90277777777777
194.1478494623656 568.7213977532194 44757588.180016994 52400063.745523475 191.18279569892474
195.3361111111111 574.5796079812881 52400063.745523475 46546574.02167139 197.55555555555554
191.13440860215053 570.09271455569 46546574.02167139 46458276.93738233 191.18279569892474
258.56720430107526 570.0250319209393 46458276.93738233 35002548.89477258 262.8763440860215
357.70535714285717 560.2307741952363 35002548.89477258 36333999.93678682 357.1875
287.1666666666667 561.5789675071369 36333999.93678682 37322723.78754863 286.7741935483871
346.8333333333333 562.5801240204828 37322723.78754863 40024655.65537681 345.72222222222223
331.0 565.0934484733099 40024655.65537681 62278645.73884201 322.6209677419355
282.7111111111111 581.6566184040789 62278645.73884201 58833281.516492635 283.9861111111111
221.03763440860214 579.5108821243656 58833281.516492635 42598278.97564985 227.02956989247312
206.30645161290323 567.0662158480683 42598278.97564985 50884600.58278091 203.13172043010752
209.37222222222223 573.4179553565405 50884600.58278091 49245717.534015216 209.90277777777777
174.1236559139785 572.161697308138 49245717.534015216 35258935.09525569 179.23387096774192
180.75833333333333 560.4903843122047 35258935.09525569 55628281.83819089 172.86111111111111
172.89247311827958 577.054143894004 55628281.83819089 38684706.77333898 179.23387096774192
119.99462365591398 563.9592331986821 38684706.77333898 40123055.49941847 119.48924731182795
241.51488095238096 565.16887520747 40123055.49941847 48401612.59214353 238.125
190.25 571.5146629589076 48401612.59214353 45841242.39677389 191.18279569892474
273.22222222222223 569.5520545426173 45841242.39677389 49768235.45980579 271.6388888888889
290.6747311827957 572.5622245759032 49768235.45980579 60027593.44198894 286.7741935483871
168.01388888888889 580.2796449246209 60027593.44198894 47324786.70296094 172.86111111111111
189.90322580645162 570.6892403083818 47324786.70296094 43711594.831777625 191.18279569892474
152.65591397849462 567.9196092648396 43711594.831777625 36316775.85152788 155.33602150537635
170.07222222222222 561.5615268384101 36316775.85152788 60829233.65437147 160.51388888888889
178.59677419354838 580.7700099481527 60829233.65437147 58823938.89946848 179.23387096774192
93.56388888888888 579.5037206994924 58823938.89946848 45210085.42481393 98.77777777777777
50.68279569892473 569.0682518536901 45210085.42481393 52983681.489786215 47.795698924731184
98.15322580645162 575.0269702802469 52983681.489786215 59929967.382783666 95.59139784946237
241.95238095238096 580.21992685649 59929967.382783666 37262966.91275658 251.35416666666666
339.73655913978496 562.5196157356172 37262966.91275658 51038691.73378351 334.5698924731183
308.0 573.5360713189823 51038691.73378351 49097274.04051901 308.68055555555554
304.0 572.0479104619209 49097274.04051901 63042600.63176311 298.7231182795699
304.0 582.1263804714577 63042600.63176311 50769875.311033696 308.68055555555554
304.0 573.3300146422253 50769875.311033696 64715113.3779635 298.7231182795699
303.0 583.1696790413795 64715113.3779635 43947964.467674606 310.6720430107527
277.525 568.1007944065842 43947964.467674606 58940507.62426703 271.6388888888889
201.44354838709677 579.5930744815273 58940507.62426703 54119780.681629166 203.13172043010752
207.39166666666668 575.8978278772007 54119780.681629166 47510221.87700208 209.90277777777777
220.54301075268816 570.8313825009084 47510221.87700208 62182106.08826832 215.08064516129033
286.8225806451613 581.5975648944194 62182106.08826832 62397609.98078166 286.7741935483871
319.0 581.7293890839887 62397609.98078166 34100733.35018338 330.7291666666667
353.0 559.3176188125616 34100733.35018338 51397183.2503043 346.51881720430106
308.0 573.8108669203234 51397183.2503043 49455759.48691352 308.68055555555554
304.0 572.3227014103095 49455759.48691352 63401464.09119025 298.7231182795699
302.0 582.3502363044659 63401464.09119025 45944746.32116721 308.68055555555554
304.0 569.6313937231391 45944746.32116721 59890622.518123195 298.7231182795699
262.78225806451616 580.1958595190647 59890622.518123195 59420110.95967663 262.8763440860215
203.51111111111112 579.9080465976746 59420110.95967663 42589322.89164882 209.90277777777777
194.18817204301075 567.0593507135384 42589322.89164882 50338993.45239264 191.18279569892474
201.63888888888889 572.9997294499804 50338993.45239264 60821997.6469322 197.55555555555554
196.65591397849462 580.7655836670065 60821997.6469322 43518523.27921843 203.13172043010752
209.06182795698925 567.7716135356734 43518523.27921843 59487053.77580289 203.13172043010752
290.3125 579.9489956607305 59487053.77580289 57801207.50875831 291.0416666666667
240.69623655913978 578.7197632707416 57801207.50875831 62339726.65064091 238.9784946236559
246.74722222222223 581.6939817277856 62339726.65064091 61651985.0562282 246.94444444444446
335.5241935483871 581.2732887312034 61651985.0562282 64019465.24692786 334.5698924731183
204.7138888888889 582.7357399267586 64019465.24692786 50430819.66437064 209.90277777777777
181.98655913978496 573.0701172777991 50430819.66437064 57617775.2582302 179.23387096774192
164.68817204301075 578.5791563853168 57617775.2582302 50446338.22942486 167.28494623655914
159.62222222222223 573.0820127710521 50446338.22942486 47872736.177107096 160.51388888888889
179.23387096774192 571.1092616988847 47872736.177107096 47573395.883195944 179.23387096774192
210.45 570.879807465576 47573395.883195944 48890935.17025614 209.90277777777777
186.93279569892474 571.889744895036 48890935.17025614 37549134.30708877 191.18279569892474
87.1263440860215 562.8093815286869 37549134.30708877 46964549.02797094 83.64247311827957
135.92559523809524 570.4131062188354 46964549.02797094 55832834.04598401 132.29166666666666
193.94086021505376 577.2109399250278 55832834.04598401 63157940.04966136 191.18279569892474
233.9361111111111 582.1983281741118 63157940.04966136 61269639.273542434 234.59722222222223
324.755376344086 581.0394070024329 61269639.273542434 34794052.41993013 334.5698924731183
281.3277777777778 560.019655991061 34794052.41993013 59767282.49134438 271.6388888888889
202.63978494623655 580.1204121622585 59767282.49134438 58263831.454534836 203.13172043010752
144.40322580645162 579.0743798223639 58263831.454534836 60769254.61676873 143.38709677419354
177.31666666666666 580.7333206432362 60769254.61676873 40051583.37461828 185.20833333333334
176.59677419354838 565.1140894605039 40051583.37461828 32688608.25560448 179.23387096774192
198.725 557.8877370159331 32688608.25560448 35619175.28279624 197.55555555555554
234.97043010752688 560.8551543234138 35619175.28279624 56929348.08880093 227.02956989247312
209.46236559139786 578.0514541963254 56929348.08880093 35630650.651216745 217.44623655913978
202.29166666666666 560.8667739883267 35630650.651216745 45032038.9293475 198.4375
169.61290322580646 568.931773327606 45032038.9293475 51205374.425288044 167.28494623655914
327.21666666666664 573.6638391135725 51205374.425288044 35064889.24253648 333.375
348.88440860215053 560.2938984388358 35064889.24253648 41212513.911973044 346.51881720430106
218.1888888888889 566.0039811048691 41212513.911973044 62550156.92822205 209.90277777777777
189.06720430107526 581.822702376306 62550156.92822205 56698620.65270977 191.18279569892474
147.36021505376345 577.8745939872975 56698620.65270977 35120130.77143262 155.33602150537635
177.98888888888888 560.3498345997962 35120130.77143262 48149376.018684216 172.86111111111111
164.4811827956989 571.3213152848631 48149376.018684216 40341717.103374794 167.28494623655914
165.925 565.336486557196 40341717.103374794 54266995.29292095 160.51388888888889
232.54032258064515 576.0106727445736 54266995.29292095 37064555.86999032 238.9784946236559
230.002688172043 562.3187097823198 37064555.86999032 45113171.79748396 227.02956989247312
216.7470238095238 568.9939643537828 45113171.79748396 57481031.85014329 211.66666666666666
287.88978494623655 578.4743380414425 57481031.85014329 60406549.73606042 286.7741935483871
305.95 580.5114532959944 60406549.73606042 53151633.16918292 308.68055555555554
305.0 575.1557107960169 53151633.16918292 37771658.51034964 310.6720430107527
306.0 563.0347038523064 37771658.51034964 62686771.64516969 296.3333333333333
266.0430107526882 581.9062698893325 62686771.64516969 38977240.160607085 274.8252688172043
208.54301075268816 564.2554450335731 38977240.160607085 53253809.65386859 203.13172043010752
205.45277777777778 575.2340324501097 53253809.65386859 41455525.993484266 209.90277777777777
131.4220430107527 566.1902579008171 41455525.993484266 41114280.35853654 131.43817204301075
156.12222222222223 565.9286818379563 41114280.35853654 61634484.42742297 148.16666666666666
107.66397849462365 581.2625835593278 61634484.42742297 62006638.61005088 107.54032258064517
205.25537634408602 581.4902310646588 62006638.61005088 35776025.97624902 215.08064516129033
369.51190476190476 561.0139773286969 35776025.97624902 33665847.4893906 370.4166666666667
370.7768817204301 558.8772644995154 33665847.4893906 34568239.48529406 370.4166666666667
309.0 559.7910035820648 34568239.48529406 35218767.888487615 308.68055555555554
306.0 560.4497120247427 35218767.888487615 54521397.94183253 298.7231182795699
306.0 576.2056807870761 54521397.94183253 47432622.75408379 308.68055555555554
304.0 570.7719002072887 47432622.75408379 61378022.74778323 298.7231182795699
304.0 581.1057054042291 61378022.74778323 43288613.47043036 310.6720430107527
333.0 567.5953800650092 43288613.47043036 42049951.11570425 333.375
227.2284946236559 566.6459044123384 42049951.11570425 42282265.91616931 227.02956989247312
209.25277777777777 566.8239813886468 42282265.91616931 40496594.71141263 209.90277777777777
217.05107526881721 565.4552053649605 40496594.71141263 45815590.33842106 215.08064516129033
217.15322580645162 569.5323913916754 45815590.33842106 51452140.93136813 215.08064516129033
261.7559523809524 573.8529938000968 51452140.93136813 44689729.03364439 264.5833333333333
399.6290322580645 568.6693814736853 44689729.03364439 58860893.145553604 394.31451612903226
322.0 579.5320473510507 58860893.145553604 61203162.23712031 321.02777777777777
312.0 580.998742857813 61203162.23712031 64572557.31870509 310.6720430107527
291.4277777777778 583.0807538400046 64572557.31870509 51716880.318049245 296.3333333333333
216.0483870967742 574.0559252938955 51716880.318049245 54122479.96703999 215.08064516129033
203.99193548387098 575.899896968723 54122479.96703999 56209592.24573607 203.13172043010752
211.6472222222222 577.4997375430743 56209592.24573607 60466869.82731389 209.90277777777777
197.68010752688173 580.5483512241548 60466869.82731389 45565724.044069774 203.13172043010752
200.75277777777777 569.3408606149433 45565724.044069774 53752240.93165631 197.55555555555554
229.9784946236559 575.6160965057286 53752240.93165631 61692217.23257595 227.02956989247312
295.6693548387097 581.2978988390757 61692217.23257595 53598876.792374566 298.7231182795699
367.7857142857143 575.4985378218101 53598876.792374566 47312716.05867788 370.4166666666667
366.0 570.6799877604094 47312716.05867788 35420054.73215555 370.4166666666667
306.69166666666666 560.6535299405679 35420054.73215555 62092173.03957187 296.3333333333333
1188.4139784946237 581.542552657185 62092173.03957187 44537928.96153702 1194.8924731182797
933.0277777777778 568.5530216989738 44537928.96153702 62497278.2764844 926.0416666666666
478.4193548387097 581.7903563925304 62497278.2764844 63544885.01829527 477.9569892473118
306.7069892473118 582.4397010027084 63544885.01829527 52705341.84280935 310.6720430107527
309.0 574.8136137372236 52705341.84280935 53267276.46779928 308.68055555555554
280.7930107526882 575.244355208283 53267276.46779928 36945130.57293809 286.7741935483871
217.19166666666666 562.1977827773629 36945130.57293809 55737133.03576322 209.90277777777777
231.6505376344086 577.1375819362313 55737133.03576322 36151459.837059595 238.9784946236559
247.8978494623656 561.3941320653217 36151459.837059595 60126505.098390356 238.9784946236559
322.7738095238095 580.340149395292 60126505.098390356 40959312.42887377 330.7291666666667
343.56451612903226 565.8098937956797 40959312.42887377 64987663.60463515 334.5698924731183
300.6222222222222 583.3396934477656 64987663.60463515 43923339.98018916 308.68055555555554
304.98924731182797 568.0819189226901 43923339.98018916 60518637.8291847 298.7231182795699
271.30555555555554 580.5800178210438 60518637.8291847 59514327.19912111 271.6388888888889
216.86827956989248 579.9656788718029 59514327.19912111 64115433.90466858 215.08064516129033
203.71774193548387 582.7956043215776 64115433.90466858 33463939.782278452 215.08064516129033
209.97222222222223 558.672817913227 33463939.782278452 33380321.961178172 209.90277777777777
196.70967741935485 558.5881486436814 33380321.961178172 47884946.94844748 191.18279569892474
178.5361111111111 571.1186216588801 47884946.94844748 62493717.13003892 172.86111111111111
153.66397849462365 581.7881780316727 62493717.13003892 58056414.20121657 155.33602150537635
214.9220430107527 578.9153876392091 58056414.20121657 57716928.18178656 215.08064516129033
297.88392857142856 578.6551603798264 57716928.18178656 42343905.19320426 304.2708333333333
304.3333333333333 566.8712299326666 42343905.19320426 57307731.13937368 298.7231182795699
335.9111111111111 578.3414973162534 57307731.13937368 63703440.71842703 333.375
316.0 582.5386066377034 63703440.71842703 45782018.18042267 322.6209677419355
330.0 569.5066572224682 45782018.18042267 36892494.67488243 333.375
258.77150537634407 562.1444850116281 36892494.67488243 57715083.647912264 250.92741935483872
213.8279569892473 578.6537464836201 57715083.647912264 54142660.68302221 215.08064516129033
216.63611111111112 575.9153661548216 54142660.68302221 39327397.017747074 222.25
200.2741935483871 564.5589766719203 39327397.017747074 63377630.95340607 191.18279569892474
200.23055555555555 582.335369405171 63377630.95340607 38206593.7897955 209.90277777777777
160.0241935483871 563.4751082054183 38206593.7897955 50804513.293569 155.33602150537635
249.92741935483872 573.3565658011827 50804513.293569 48211727.42609953 250.92741935483872
171.76488095238096 571.3691097003668 48211727.42609953 47770583.74490833 171.97916666666666
342.08870967741933 571.0309584818185 47770583.74490833 35841579.386635244 346.51881720430106
324.0 561.0803550374269 35841579.386635244 43368041.16503182 321.02777777777777
313.0 567.6562640192878 43368041.16503182 49415380.23310555 310.6720430107527
317.0 572.2917493770799 49415380.23310555 38833724.08491095 321.02777777777777
252.07258064516128 564.1101243215842 38833724.08491095 41714011.850184776 250.92741935483872
210.09677419354838 566.3883958571055 41714011.850184776 60151922.86851807 203.13172043010752
213.52777777777777 580.3556974993595 60151922.86851807 37280061.413691506 222.25
199.25806451612902 562.5369251905679 37280061.413691506 58609249.686781235 191.18279569892474
203.7111111111111 579.3391543190257 58609249.686781235 42459698.66790812 209.90277777777777
155.40322580645162 566.9599894598695 42459698.66790812 42680898.62541545 155.33602150537635
236.1290322580645 567.1295465415259 42680898.62541545 35134555.940555446 238.9784946236559
171.63095238095238 560.3644411575445 35134555.940555446 34369511.74026249 171.97916666666666
284.5 559.5897769441441 34369511.74026249 60219849.913951024 274.8252688172043
309.93055555555554 580.3972486175765 60219849.913951024 63282155.77461625 308.68055555555554
308.0 582.275812838131 63282155.77461625 55937747.75910509 310.6720430107527
248.53333333333333 577.2913597552258 55937747.75910509 59916079.64096706 246.94444444444446
202.1263440860215 580.2114316952724 59916079.64096706 57037285.72038952 203.13172043010752
181.94623655913978 578.134191960018 57037285.72038952 64085032.30429235 179.23387096774192
180.80833333333334 582.7766400737606 64085032.30429235 52417738.238701954 185.20833333333334
154.58333333333334 574.5931560647365 52417738.238701954 50103369.42159715 155.33602150537635
181.2138888888889 572.8191158392002 50103369.42159715 39649090.09638758 185.20833333333334
196.20698924731184 564.8055650538441 39649090.09638758 53147173.69782479 191.18279569892474
