2.374099983299324
1.4753738428359702
0.4824037873519198
0.4849297336653624
0.5412227909802043
0.954999954266373
0.7205179383172773
1.3122564868218634
0.895559799049845
1.3814383079362096
2.016477866476733
2.0043601619827682
0.4152539049632247
2.4770055745697124
1.6903740103802976
2.0461782431960893
1.3320695417666908
0.07480910971567623
2.3529158791674214
1.676590254985446
1.434152479616873
1.2518782220042306
1.8888814568066343
1.2506518520870302
0.6709998811347488
1.677974667843984
0.6596698358164108
0.5917360581002136
0.4263193914956118
0.058465155212868325
0.9201816936924359
1.009635136727403
2.309074456804197
2.23025391883991
1.4652551928241142
1.6868131495905483
1.5091324282542373
2.0633609635913865
0.41107358571703667
1.634935908317272
1.694164439238771
0.0785345967166804
0.026381829707021964
1.5152344219384644
1.2851843437233414
1.2290483007491635
2.0620882538104914
1.2849669210414074
1.559829540258773
2.763648441892328
1.8732221054719422
2.6183207522252987
1.4607937838646137
3.018830208388069
1.310632118019004
2.4678664842875087
2.263593389233905
1.657027007141479
1.7495577587561137
1.7737815537944412
1.4772387610201352
1.2375300462618553
2.192012310437704
2.6799539303409308
0.1410591214371384
2.8304479634996325
2.4003968890341865
2.1054011771902026
1.5611270232270975
2.0928310411776243
1.7319631000433418
2.3250276717091536
1.2113456204281987
1.6178305099216617
2.09882117054267
2.7039858108921524
2.5475108016587362
3.0474771650296524
2.4921555187536475
1.4516489946863267
2.145154960632243
2.812893861591362
3.1630929043146763
3.093120069462275
2.7034024563434205
2.1863611204552216
1.2160570871428993
0.30810074077824456
0.6041313348733395
0.22476822727390244
0.3794898705589569
1.216170656569608
2.32184718333006
2.315077751683875
1.8398774362887231
0.9422217290016546
0.7449169629353594
1.7657253929021741
0.5365687745160139
1.8160597651551604
1.0930918011012718
0.8682573683883774
2.4633770854825565
1.39030981146988
1.2957634078844946
2.354371732553176
1.1937235477732782
1.0890369808286162
1.4703399386887457
0.848307752869832
2.1942192098222755
2.4032676073910233
1.7979674516954032
3.189658570502856
1.3436372344651395
1.4490752962366502
2.0679512918408456
1.7016631077755764
2.8222741018278974
2.918100299228151
3.099675791644328
2.3728320845031154
1.4050679581376389
2.588585496973514
1.7530588968975422
2.523841541396356
1.8788922006964066
1.6396023974019445
1.2043649271942045
1.9945817873567084
2.1962650768998233
2.7541585491213176
2.497236391144221
1.859765621380321
2.080207096610482
1.960152158324279
0.35189534149930024
2.9044940629294493
1.8354622433346237
2.0828672992375297
2.2924313977781545
2.1341554473091886
1.197938730177849
2.6153795637741037
2.7686061104727338
2.49274882435915
2.1402687379049494
2.5064104028939997
1.3761299944864813
2.9226277283151294
2.0990967959527023
2.2223458171587467
1.284489479825134
1.771224036164566
1.8742042910860157
1.7228755160852687
1.0004043712121913
2.6091704506568756
1.359396678417148
0.6296204197939592
0.5174335937926271
0.8093814020909522
1.393353616784907
1.8269343827688196
1.1147122653231158
2.1906425756950343
1.522224453107081
0.8171331942108231
1.1854521462472878
2.849141405530151
2.109715937643986
2.2884266449513087
0.5664393960291338
3.1216914959610502
1.2134800185566559
2.058307454427602
1.9112534352949617
1.2950100654659797
1.6339542252630728
1.5941915876260884
0.7156751261438954
2.3240911035218237
0.6237736825914983
0.2533201634745681
1.0966118789162316
0.07846333409131567
0.7044600631467004
1.1345319169242405
1.7986214976790533
2.3431480917606304
1.1207007461010638
2.1792649009770972
0.9513549934348404
3.127179780769307
0.2946931744453316
1.6741906702336498
1.9212533501404183
2.905247988124462
1.7349544090202917
1.3340998609753423
2.4212648451422476
1.673037486330385
1.6877248484620337
0.9237712961898943
2.0334882200833793
1.8384372162600269
2.086811420270047
1.0193496978013137
1.1325093392895846
2.733940736993637
1.8253568800745872
1.860643338757856
2.176813866508085
2.4087399436882304
2.2407558793232623
1.7279665504140684
0.5792162043693554
2.747056513854852
1.0431775446910816
0.6493007096619339
1.7887451960678435
2.924393845677162
1.5227880866811085
1.7944929964925378
2.413583896988995
1.473306939980845
1.2979110876957929
0.881383461399869
1.2477857546017064
3.274666680473108
0.07298091970170839
2.6438677557547994
1.763921856033079
3.1062878544036843
2.477384891001613
1.441847841566947
2.1724074346264026
2.309541179459031
1.2249681769374035
1.2637030399934113
