397.03225806451616 582.0 62840000.0 3355530.353571091 419.247311827957
250.60416666666666 513.3037012377243 3355530.353571091 1550109.132549551 251.35416666666666
363.6962365591398 507.97507938150545 1550109.132549551 6977187.930728894 361.6666666666667
326.7111111111111 522.1913693810878 6977187.930728894 1662727.9650275423 328.75
568.1639784946236 508.307468945324 1662727.9650275423 -11107478.620285219 572.9166666666666
570.0 470.6167621304202 -11107478.620285219 -9726622.086075637 569.4555555555555
569.0 474.69229986245625 -9726622.086075637 10364541.284655103 561.483870967742
569.0 528.8492708008738 10364541.284655103 2598987.0043412214 571.8817204301075
311.8361111111111 511.0707965953372 2598987.0043412214 3193206.7575654504 311.5888888888889
234.05107526881721 512.8246102359213 3193206.7575654504 -10514763.157111457 239.1505376344086
268.02222222222224 472.3661359246418 -10514763.157111457 -12058402.925833821 268.6111111111111
289.3360215053763 467.81015058783015 -12058402.925833821 10967112.043096012 280.741935483871
297.88709677419354 530.0337055394315 10967112.043096012 -9654801.979498332 305.59139784946234
183.0 474.90427376924754 -9654801.979498332 -14988807.377938254 185.20833333333334
404.96505376344084 459.16118987482287 -14988807.377938254 5967685.57140022 397.13709677419354
147.10833333333332 520.2071750886142 5967685.57140022 -15246912.52631284 155.28333333333333
558.1048387096774 458.3994038058338 -15246912.52631284 1223350.2584902807 551.9408602150538
424.10555555555555 507.01066484059265 1223350.2584902807 -13794379.270930639 429.8888888888889
233.67741935483872 462.6864922489036 -13794379.270930639 -792048.7505344169 228.81182795698925
230.50537634408602 501.0623027168693 -792048.7505344169 3866942.167401474 228.752688172043
238.16944444444445 514.8131108630101 3866942.167401474 8467200.66554222 236.37777777777777
223.8494623655914 525.1200151012382 8467200.66554222 -4871704.98289736 228.81182795698925
239.2 489.0213755844582 -4871704.98289736 2426872.731031321 236.37777777777777
262.1505376344086 510.56280883721865 2426872.731031321 8157869.19638108 260.01344086021504
291.30913978494624 524.5120187653008 8157869.19638108 5953812.219808178 292.13709677419354
209.0 520.1799067768644 5953812.219808178 -489002.33925023605 211.66666666666666
363.0 501.95673095988275 -489002.33925023605 6421070.235211676 360.4166666666667
317.18055555555554 521.0983104623126 6421070.235211676 4352.884534088895 319.64444444444445
384.4032258064516 503.41284734852775 4352.884534088895 -2744973.257868587 385.4166666666667
569.4833333333333 495.29833135541696 -2744973.257868587 -3084921.2494378714 569.6027777777778
359.43279569892474 494.2949897103969 -3084921.2494378714 12454028.453669086 353.6182795698925
229.74193548387098 532.96248028753 12454028.453669086 -12946665.11562691 239.21236559139786
237.39166666666668 465.18848354222723 -12946665.11562691 -10361306.608880995 236.37777777777777
222.8548387096774 472.8190562223317 -10361306.608880995 1643314.2184804678 218.3548387096774
244.65277777777777 508.2501701205637 1643314.2184804678 -4939739.507230845 247.1861111111111
259.73924731182797 488.82057465827006 -4939739.507230845 -5487161.043013733 259.9462365591398
294.9247311827957 487.2048839118817 -5487161.043013733 1215166.6198643562 292.4274193548387
188.0 506.98651118872584 1215166.6198643562 7977241.642953244 185.20833333333334
407.0 524.1569921947702 7977241.642953244 2178409.3976972387 409.16129032258067
215.76111111111112 509.82948016407727 2178409.3976972387 -14451462.370175656 222.16666666666666
392.23387096774195 460.74714018899596 -14451462.370175656 4039694.8868329464 385.31720430107526
399.3305555555556 515.3229829669633 4039694.8868329464 8642599.87376 397.5444444444444
361.5725806451613 525.4647652691145 8642599.87376 2308769.014267227 363.9247311827957
230.71236559139786 510.2142308770606 2308769.014267227 7522109.566842982 228.752688172043
237.01944444444445 523.2624222520707 7522109.566842982 9142026.96840759 236.37777777777777
222.29569892473117 526.4463978344563 9142026.96840759 -8200265.859761172 228.752688172043
240.26388888888889 479.1972735789572 -8200265.859761172 1855959.6168287094 236.37777777777777
256.73118279569894 508.8777837234556 1855959.6168287094 -6748255.96328331 259.9462365591398
297.36559139784947 483.48281735108606 -6748255.96328331 -7893959.292319883 297.7983870967742
116.0 480.10132403043445 -7893959.292319883 -15295000.945490057 119.0625
362.0 458.2574729375826 -15295000.945490057 -11286154.20525257 360.5
157.80555555555554 470.08940894760394 -11286154.20525257 -9106990.028044412 156.95555555555555
346.4516129032258 476.5211168104319 -9106990.028044412 -1666843.1799958153 343.66129032258067
56.99166666666667 498.480385177488 -1666843.1799958153 6787763.321034472 53.72222222222222
220.5752688172043 521.8190520447919 6787763.321034472 -15145011.313147118 228.752688172043
219.90322580645162 458.70016078449765 -15145011.313147118 -11032509.2494529 218.3548387096774
230.36111111111111 470.8380309530709 -11032509.2494529 1179111.1671665884 225.63333333333333
217.11021505376345 506.8800950953266 1179111.1671665884 -2202483.3944710256 218.3548387096774
235.26111111111112 496.8994664862214 -2202483.3944710256 -5271843.355427822 236.4388888888889
249.08064516129033 487.8403846597081 -5271843.355427822 -6690514.756799004 249.61290322580646
314.47849462365593 483.65323799935044 -6690514.756799004 3972700.9777681874 310.502688172043
269.0 515.125253371277 3972700.9777681874 -17336949.480817616 277.8125
322.0 452.2307510469071 -17336949.480817616 -12981738.096002175 320.3709677419355
164.09722222222223 465.0849671729643 -12981738.096002175 7218567.658192711 156.29444444444445
354.0994623655914 522.6658053971374 7218567.658192711 6759803.500631371 354.258064516129
56.56388888888889 521.7640965357238 6759803.500631371 -13786688.281701935 64.48333333333333
220.58333333333334 462.709191867598 -13786688.281701935 -7847724.692684113 218.3548387096774
221.83064516129033 480.2377834313012 -7847724.692684113 1426838.7446170722 218.3548387096774
232.9138888888889 507.6112522171222 1426838.7446170722 -7594658.030728057 236.37777777777777
219.99193548387098 480.98469862775397 -7594658.030728057 -3257971.787375329 218.3548387096774
242.67222222222222 493.7842386081349 -3257971.787375329 -14975093.791620642 247.1861111111111
255.8252688172043 459.201664925702 -14975093.791620642 1843681.8399644692 249.5483870967742
268.61559139784947 508.8415464014485 1843681.8399644692 597124.7082025583 269.0860215053763
256.0 505.16238748828715 597124.7082025583 11845711.932104088 251.35416666666666
130.04301075268816 531.7642810783868 11845711.932104088 8103059.4406824205 131.43817204301075
72.44166666666666 524.4042892454793 8103059.4406824205 -3935182.0626536002 77.07777777777778
127.75806451612904 491.78548206750776 -3935182.0626536002 3338578.2969281566 125.03225806451613
36.05 513.2536679831666 3338578.2969281566 -14724895.90553441 43.01111111111111
215.5 459.9401130555099 -14724895.90553441 5304816.813272223 208.01075268817203
213.49462365591398 518.904295115742 5304816.813272223 -8654593.404472765 218.69354838709677
224.66944444444445 477.8563456800026 -8654593.404472765 -11347765.955373678 225.69166666666666
118.45967741935483 469.907564558897 -11347765.955373678 -532739.3307252368 114.40591397849462
31.905555555555555 501.8276431403837 -532739.3307252368 -1481907.744836582 32.266666666666666
41.55913978494624 499.026214034657 -1481907.744836582 -1649315.9512206828 41.623655913978496
92.14516129032258 498.5321160274651 -1649315.9512206828 -9111201.389257165 94.93548387096774
239.94345238095238 476.508687161804 -9111201.389257165 -4831154.690364845 238.17857142857142
335.741935483871 489.1410580012532 -4831154.690364845 10194013.620560475 330.1290322580645
329.8388888888889 528.5140957369637 10194013.620560475 6938470.122881048 331.0833333333333
439.9274193548387 522.1152688622145 6938470.122881048 14008299.749626873 437.2741935483871
317.01666666666665 535.3792559742174 14008299.749626873 202814.0518970522 322.3333333333333
522.3602150537635 503.998596813366 202814.0518970522 6773417.901877115 519.8924731182796
231.70967741935485 521.7908558761034 6773417.901877115 -13192121.983026413 239.1505376344086
236.82777777777778 464.4640283219413 -13192121.983026413 -12069011.617853023 236.37777777777777
221.41129032258064 467.778839496822 -12069011.617853023 -3929981.7461278476 218.3548387096774
241.33055555555555 491.8008305745352 -3929981.7461278476 8891200.369009713 236.37777777777777
256.53494623655916 525.9533938287433 8891200.369009713 -418741.34739967645 260.01344086021504
352.7258064516129 502.1641032076747 -418741.34739967645 10986096.045388227 348.4731182795699
180.0 530.0710982712192 10986096.045388227 -1606253.6105177365 185.20833333333334
391.0 498.65921264468545 -1606253.6105177365 2056013.74852063 389.6290322580645
202.11944444444444 509.46823475291524 2056013.74852063 7393840.595835343 200.05
507.497311827957 523.0103073780213 7393840.595835343 -463526.30004544 510.4166666666667
338.56666666666666 502.03192237656486 -463526.30004544 -14111587.490478534 343.8222222222222
215.94354838709677 461.7502660475195 -14111587.490478534 7250405.06516874 207.95698924731184
218.3494623655914 522.7283823694696 7250405.06516874 7201133.480207079 218.3548387096774
229.12222222222223 522.6315382197174 7201133.480207079 -11807324.289805602 236.4388888888889
216.15860215053763 468.55119821261246 -11807324.289805602 10112047.113106694 207.95698924731184
235.58333333333334 528.3529891533476 10112047.113106694 7561364.359327585 236.5611111111111
246.60752688172042 523.339578223506 7561364.359327585 -999799.9042515662 249.80645161290323
262.05645161290323 500.4491342631798 -999799.9042515662 10569876.77063601 257.741935483871
284.9315476190476 529.2528612388363 10569876.77063601 -4202694.883612985 291.0416666666667
183.07258064516128 490.99592966389946 -4202694.883612985 8232005.141339766 178.42741935483872
102.58055555555555 524.657734243323 8232005.141339766 -11382090.916848848 110.13888888888889
315.25 469.80625593473724 -11382090.916848848 -4265023.337192932 312.5806451612903
37.22222222222222 490.81196995624606 -4265023.337192932 8581105.707530523 32.25833333333333
217.45967741935485 525.3438974251462 8581105.707530523 5397708.411044845 218.63709677419354
213.9811827956989 519.0868751527433 5397708.411044845 -7107630.985607495 218.63709677419354
228.6027777777778 482.42213767354673 -7107630.985607495 245154.17195328814 225.75
217.24193548387098 504.12356182790097 245154.17195328814 -3388364.5823745253 218.58064516129033
90.23611111111111 493.3993899704674 -3388364.5823745253 7577112.340895031 86.0
43.30913978494624 523.3705311527937 7577112.340895031 -15953962.235185297 52.096774193548384
80.79569892473118 456.31257748061796 -15953962.235185297 3446596.4364128113 73.55645161290323
133.91666666666666 513.5724788026165 3446596.4364128113 3658025.0169744184 133.83333333333334
228.41129032258064 514.1965010209731 3658025.0169744184 -9785860.939448403 233.42741935483872
151.38055555555556 474.5174589748318 -9785860.939448403 -13475803.716509495 152.79444444444445
359.1989247311828 463.62675407942817 -13475803.716509495 -275826.0917500425 354.258064516129
116.64166666666667 502.58591134085424 -275826.0917500425 -4702396.298959313 118.34166666666667
231.25806451612902 489.52108276812004 -4702396.298959313 1502439.9698496263 228.93010752688173
221.61290322580646 507.83438593042996 1502439.9698496263 9739847.803124035 218.5241935483871
230.89166666666668 527.6214249923472 9739847.803124035 -5631292.143477257 236.80555555555554
216.56182795698925 486.77948726585345 -5631292.143477257 -10784757.410513837 218.46774193548387
240.68333333333334 471.5692596815901 -10784757.410513837 200694.7252824353 236.4388888888889
83.30645161290323 503.99234171345495 200694.7252824353 364813.3367263295 83.24731182795699
116.5725806451613 504.476730624901 364813.3367263295 2457534.7570384517 115.79569892473118
200.05059523809524 510.6533064673756 2457534.7570384517 -12226787.61293016 206.125
276.0430107526882 467.3131705404778 -12226787.61293016 10516243.687180614 267.5483870967742
151.97222222222223 529.1474444885964 10516243.687180614 6746726.991055063 153.41666666666666
328.53494623655916 521.7383944306945 6746726.991055063 -7751518.762634706 333.93548387096774
87.57222222222222 480.5217310306703 -7751518.762634706 -3868438.123146273 86.06666666666666
227.6209677419355 491.9824738889663 -3868438.123146273 -7407770.413344637 228.93010752688173
216.90860215053763 481.53628926546816 -7407770.413344637 -11618851.159554034 218.46774193548387
227.42777777777778 469.107468422287 -11618851.159554034 -7159091.530460573 225.69166666666666
214.3951612903226 482.2702541236891 -7159091.530460573 9892229.080495272 208.01075268817203
232.82777777777778 527.9209330202838 9892229.080495272 -751220.5728404552 236.92777777777778
99.85215053763442 501.18280529957764 -751220.5728404552 -11941100.468699351 104.03225806451613
126.40053763440861 468.1563636651979 -11941100.468699351 -11805870.979761086 126.35483870967742
197.98511904761904 468.5554875937147 -11805870.979761086 -16093996.921444397 199.76190476190476
311.78225806451616 455.89927122214453 -16093996.921444397 -13445826.292526497 310.7903225806452
199.36944444444444 463.7152311366207 -13445826.292526497 -10829035.230060456 198.35
389.3682795698925 471.4385756316661 -10829035.230060456 -280259.6466178354 385.4166666666667
61.175 502.57282589736093 -280259.6466178354 -8917931.4623261 64.5
228.34139784946237 477.07911490730925 -8917931.4623261 -10208226.826860355 228.81182795698925
225.04569892473117 473.270864511014 -10208226.826860355 7526381.05702558 218.41129032258064
233.11666666666667 523.270817939671 7526381.05702558 -1128422.455484775 236.4388888888889
217.13440860215053 500.06951042264683 -1128422.455484775 -4597229.690659091 218.41129032258064
236.075 489.83147741786047 -4597229.690659091 -5556928.721691141 236.4388888888889
260.4596774193548 486.9989676563678 -5556928.721691141 -4354790.564731117 260.01344086021504
353.0806451612903 490.54702590603625 -4354790.564731117 -14513736.857187616 356.8790322580645
201.0 460.5633397613102 -14513736.857187616 -8306341.2393197 198.4375
354.0 478.8841967305515 -8306341.2393197 1534531.3594246209 350.3225806451613
357.15833333333336 507.92910226470957 1534531.3594246209 7040872.79931496 355.02222222222224
420.8279569892473 522.3165430883088 7040872.79931496 -9749209.064301562 427.0833333333333
514.4027777777778 474.6256353830322 -9749209.064301562 14622717.851361183 504.9888888888889
461.0833333333333 536.2221400126977 14622717.851361183 -3681251.6597875 467.9032258064516
233.71505376344086 492.53494655752036 -3681251.6597875 9573907.031776156 228.752688172043
239.75555555555556 527.2952655452152 9573907.031776156 -9563836.2891296 247.12222222222223
222.75537634408602 475.1727550301417 -9563836.2891296 2174439.7345947167 218.3548387096774
240.2 509.81776387686205 2174439.7345947167 12064526.779235473 236.37777777777777
256.0268817204301 532.1952800197062 12064526.779235473 1393670.05419614 260.01344086021504
270.1209677419355 507.5133562764624 1393670.05419614 -13641389.5130869 275.73924731182797
131.0 463.13803483516085 -13641389.5130869 -16758505.750993574 132.29166666666666
332.0 453.9380024436693 -16758505.750993574 -13166753.107903564 330.6559139784946
248.9777777777778 464.5389034485175 -13166753.107903564 1249000.0467365063 243.40555555555557
349.93279569892474 507.0863690699796 1249000.0467365063 -10370465.731486747 354.258064516129
61.43888888888889 472.7920234721167 -10370465.731486747 9574970.961729089 53.736111111111114
222.66935483870967 527.2973567178814 9574970.961729089 -6906598.961060746 228.81182795698925
219.53225806451613 483.01547491104395 -6906598.961060746 -3939070.0115757985 218.41129032258064
231.07222222222222 491.77400695612573 -3939070.0115757985 10114975.180564255 225.63333333333333
214.65860215053763 528.3587443204194 10114975.180564255 18526.11525204545 218.41129032258064
234.68333333333334 503.454679019773 18526.11525204545 -4548093.094895934 236.4388888888889
270.9543010752688 489.976501933511 -4548093.094895934 -2906693.1747129606 270.3440860215054
382.43279569892474 494.821022086284 -2906693.1747129606 2076025.438508967 380.5779569892473
141.0 509.5272983816187 2076025.438508967 -8853341.09552868 145.52083333333334
509.0 477.2697505530026 -8853341.09552868 163231.08868781338 505.6290322580645
541.0 503.8817694268067 163231.08868781338 -13121507.772269873 546.1111111111111
857.5483870967741 464.6724430799024 -13121507.772269873 -2931507.989466423 853.7258064516129
926.3777777777777 494.74778224468156 -2931507.989466423 3136221.204107317 924.0222222222222
584.0940860215054 512.6564198645498 3136221.204107317 7955546.877188582 582.2795698924731
556.8602150537635 524.1143507586121 7955546.877188582 -4475342.627994845 561.483870967742
243.99166666666667 490.1912217581511 -4475342.627994845 -12634134.163550798 247.12222222222223
225.6236559139785 466.11090499301497 -12634134.163550798 6786943.67345184 218.3548387096774
250.13611111111112 521.8174410133364 6786943.67345184 -13267686.11412533 257.8666666666667
265.63978494623655 464.2410040903484 -13267686.11412533 1988822.6915692098 259.9462365591398
298.9220430107527 509.2699232838547 1988822.6915692098 -431931.14415509487 299.8306451612903
40.0 502.12517409880434 -431931.14415509487 330489.9624251769 39.6875
403.0 504.37542668521604 330489.9624251769 11991731.47150364 398.64247311827955
169.55833333333334 532.0518953226587 11991731.47150364 -14405834.94259724 179.73333333333332
335.741935483871 460.88180754806234 -14405834.94259724 -7757540.786972806 333.247311827957
88.80555555555556 480.50395728893454 -7757540.786972806 -389752.3239399984 85.95555555555555
220.79301075268816 502.24966304390523 -389752.3239399984 6110554.825809653 218.3548387096774
221.18010752688173 520.487987071419 6110554.825809653 -14206809.749666004 228.752688172043
231.4611111111111 461.4692217097235 -14206809.749666004 856782.234480521 225.63333333333333
217.67741935483872 505.9287553328357 856782.234480521 -1006025.1814081315 218.3548387096774
240.38333333333333 500.43076062963036 -1006025.1814081315 9359612.399659498 236.37777777777777
251.55913978494624 526.8740657510549 9359612.399659498 -13277490.923632959 260.01344086021504
296.0295698924731 464.2120656234521 -13277490.923632959 -116750.64877653448 291.1209677419355
220.0 503.0554155608925 -116750.64877653448 -11951761.726865742 224.89583333333334
272.0 468.1248974275029 -11951761.726865742 12477348.987787364 262.8763440860215
237.92222222222222 533.0084146729145 12477348.987787364 -8730998.074637212 246.09444444444443
401.68817204301075 477.63084063408036 -8730998.074637212 6915556.221204829 395.8333333333333
71.14166666666667 522.0702311934026 6915556.221204829 -3650936.3728472814 75.21111111111111
228.51075268817203 492.6244208024701 -3650936.3728472814 -4329045.591930542 228.752688172043
226.497311827957 490.6230110684768 -4329045.591930542 -10404978.334127495 228.752688172043
235.025 472.69016103325464 -10404978.334127495 -13954653.766697725 236.37777777777777
219.23924731182797 462.21344907693083 -13954653.766697725 -11633768.923908941 218.3548387096774
239.15277777777777 469.06343929254047 -11633768.923908941 -4457368.947684965 236.37777777777777
253.8763440860215 490.2442702903278 -4457368.947684965 7141536.246073568 249.5483870967742
299.1639784946237 522.5143988284894 7141536.246073568 -13890654.716410395 307.02150537634407
168.0 462.40233947777887 -13890654.716410395 8494952.236493757 158.75
252.0 525.1745612924187 8494952.236493757 11360411.871281732 250.92741935483872
279.0833333333333 530.8083870191913 11360411.871281732 -15019820.88579919 289.25
380.3790322580645 459.0696548613304 -15019820.88579919 -387314.5908127995 374.9032258064516
65.45833333333333 502.25685790672725 -387314.5908127995 2163608.2389730103 64.46666666666667
226.81451612903226 509.78579519075527 2163608.2389730103 -3057816.9504206656 228.752688172043
224.66129032258064 494.3749868647778 -3057816.9504206656 -14052174.039451249 228.752688172043
232.95277777777778 461.92562225249327 -14052174.039451249 4877832.015068193 225.63333333333333
219.2231182795699 517.7967080833081 4877832.015068193 7154854.004570538 218.3548387096774
237.65 522.5405751124317 7154854.004570538 10435737.386613004 236.37777777777777
255.2231182795699 528.9892079667911 10435737.386613004 -2387858.314248477 260.01344086021504
296.96774193548384 496.3523405094025 -2387858.314248477 -10820329.598779915 300.1209677419355
35.0 471.4642699220475 -10820329.598779915 9851981.785591984 26.458333333333332
355.0 527.8418262682326 9851981.785591984 -8459195.735144567 361.8333333333333
134.03055555555557 478.4330533642334 -8459195.735144567 -10909223.731045965 134.96666666666667
315.68279569892474 471.2019027743885 -10909223.731045965 -2848520.908333916 312.66129032258067
38.922222222222224 494.992714988995 -2848520.908333916 -13380974.044547234 42.977777777777774
204.68548387096774 463.9066397131808 -13380974.044547234 5677049.808318632 197.55913978494624
212.8709677419355 519.635925485316 5677049.808318632 -9196719.63455097 218.41129032258064
225.00833333333333 476.25628379705336 -9196719.63455097 -10859651.620670004 225.63333333333333
215.43817204301075 471.3482126923913 -10859651.620670004 9130208.413246742 207.95698924731184
234.19444444444446 526.4231682605194 9130208.413246742 2187555.9075843096 236.86666666666667
255.17741935483872 509.85647568840415 2187555.9075843096 -11118386.860599414 260.14784946236557
