398.5241935483871 582.0 62840000.0 42197918.28633905 406.26344086021504
250.61309523809524 566.759326141332 42197918.28633905 40482972.753935575 251.35416666666666
458.88709677419354 565.4447636841289 40482972.753935575 53350668.42271144 454.05913978494624
440.53333333333336 575.3082778991726 53350668.42271144 42889113.961152494 444.5
586.2983870967741 567.2891504812441 42889113.961152494 44842152.3033105 585.497311827957
864.7083333333334 568.7862189499324 44842152.3033105 45738214.67680591 864.3055555555555
705.3387096774194 569.4730803885336 45738214.67680591 46487046.49196862 704.986559139785
381.56720430107526 570.0470847358276 46487046.49196862 44128149.40090931 382.36559139784947
254.88333333333333 568.2389121159274 44128149.40090931 64440311.077818766 246.94444444444446
238.04569892473117 582.9982598115987 64440311.077818766 61641360.22624428 238.9784946236559
269.02777777777777 581.2667895000963 61641360.22624428 54772064.27700813 271.6388888888889
289.33870967741933 576.3978248215543 54772064.27700813 61682595.01801147 286.7741935483871
296.9543010752688 581.2920129099539 61682595.01801147 57031031.300432414 298.7231182795699
429.0029761904762 578.1293977403114 57031031.300432414 38822248.761384554 436.5625
401.0 564.09850470213 38822248.761384554 56665547.56156215 394.31451612903226
333.53055555555557 577.8492423693338 56665547.56156215 56891035.256047055 333.375
354.8037634408602 578.0220861431624 56891035.256047055 46888729.36811112 358.46774193548384
270.1138888888889 570.35498794249 46888729.36811112 42795396.85551136 271.6388888888889
247.13172043010752 567.217313220908 42795396.85551136 64444523.21343552 238.9784946236559
231.69623655913978 583.000887304319 64444523.21343552 44722614.32791397 238.9784946236559
239.0361111111111 568.6945891391324 44722614.32791397 55963920.407480896 234.59722222222223
225.84139784946237 577.3114219556342 55963920.407480896 52481653.40072165 227.02956989247312
236.21666666666667 574.6421491498518 52481653.40072165 56578061.60268033 234.59722222222223
258.1532258064516 577.7821814890285 56578061.60268033 43969194.694949314 262.8763440860215
285.5376344086022 568.1170680777918 43969194.694949314 40743227.18478225 286.7741935483871
410.67857142857144 565.6442573109804 40743227.18478225 42211855.53981011 410.1041666666667
439.83870967741933 566.7700095069687 42211855.53981011 36064388.17812914 442.11021505376345
392.3388888888889 561.3059655278211 36064388.17812914 60703835.20829662 382.7638888888889
386.7876344086022 580.6933034518836 60703835.20829662 40354141.88578314 394.31451612903226
326.6666666666667 565.3460105637515 40354141.88578314 54829186.32806225 321.02777777777777
337.2876344086022 576.4416107624926 54829186.32806225 61919630.836499974 334.5698924731183
231.8978494623656 581.4370082244548 61919630.836499974 42737776.12299766 238.9784946236559
238.26111111111112 567.1731450241415 42737776.12299766 51969566.92876663 234.59722222222223
224.8494623655914 574.2496179363792 51969566.92876663 45830102.136388704 227.02956989247312
242.6638888888889 569.5435151646667 45830102.136388704 34633598.7112155 246.94444444444446
256.73924731182797 559.8571846645664 34633598.7112155 50241483.31985365 250.92741935483872
289.16129032258067 572.9249847091063 50241483.31985365 56721134.605827905 286.7741935483871
473.63392857142856 577.8918516768119 56721134.605827905 50471814.22935017 476.25
347.66129032258067 573.1015409673877 50471814.22935017 53468960.48572681 346.51881720430106
360.1222222222222 575.3989526769349 53468960.48572681 58611515.22655873 358.06944444444446
394.63709677419354 579.3408909301778 58611515.22655873 59286106.648843795 394.31451612903226
274.15277777777777 579.8260758756226 59286106.648843795 33657385.35132043 283.9861111111111
251.2258064516129 558.8686959546792 33657385.35132043 34269527.450223684 250.92741935483872
234.09139784946237 559.4885354062491 34269527.450223684 52968642.813181475 227.02956989247312
239.95 575.0154426373585 52968642.813181475 34574124.65746822 246.94444444444446
226.28494623655914 559.7969627570658 34574124.65746822 64283403.72154036 215.08064516129033
241.2722222222222 582.9003823988331 64283403.72154036 49480036.608555384 246.94444444444446
256.73387096774195 572.3413106267984 49480036.608555384 33069691.725889187 262.8763440860215
296.4301075268817 558.2736124027865 33069691.725889187 59017116.263576776 286.7741935483871
418.07440476190476 579.6517975367096 59017116.263576776 46373785.52256018 423.3333333333333
345.05645161290323 569.9602664576739 46373785.52256018 42394136.04571083 346.51881720430106
326.175 566.9097335420529 42394136.04571083 55558112.90239086 321.02777777777777
349.89516129032256 577.000357084498 55558112.90239086 64412518.201115794 346.51881720430106
259.3277777777778 582.9809228623981 64412518.201115794 64365696.615245424 259.2916666666667
239.99462365591398 582.9517159737266 64365696.615245424 34896540.80466081 250.92741935483872
223.997311827957 560.1234331112714 34896540.80466081 58561789.421722494 215.08064516129033
234.29166666666666 579.3027744565308 58561789.421722494 57504690.57586525 234.59722222222223
221.0994623655914 578.4924732370109 57504690.57586525 41321199.7033484 227.02956989247312
236.26944444444445 566.0872923577771 41321199.7033484 45554621.04970951 234.59722222222223
249.08064516129033 569.332349802633 45554621.04970951 40649758.96612643 250.92741935483872
265.25 565.5726108307482 40649758.96612643 47092957.06051349 262.8763440860215
210.76190476190476 570.5115352217363 47092957.06051349 44981705.31542048 211.66666666666666
394.64247311827955 568.893190948193 44981705.31542048 45797010.8142201 394.31451612903226
339.1972222222222 569.5181495720224 45797010.8142201 60710054.199635714 333.375
356.5403225806452 580.6971076221176 60710054.199635714 55359084.05008868 358.46774193548384
255.90277777777777 576.8477948880941 55359084.05008868 46434772.263213135 259.2916666666667
239.997311827957 570.00701481098 46434772.263213135 48976885.55743227 238.9784946236559
223.03225806451613 571.9556287088534 48976885.55743227 38052675.310559206 227.02956989247312
233.74722222222223 563.3192542853445 38052675.310559206 35585166.68053364 234.59722222222223
220.99193548387098 560.8207180815464 35585166.68053364 51118161.38036327 215.08064516129033
241.675 573.5969874308396 51118161.38036327 37358451.930678174 246.94444444444446
141.71505376344086 562.6163014255047 37358451.930678174 32921219.513464183 143.38709677419354
70.58602150537635 558.1232732333556 32921219.513464183 62042899.27053979 59.744623655913976
124.27083333333333 581.5124117878302 62042899.27053979 42715438.695063956 132.29166666666666
152.85752688172042 567.156022647018 42715438.695063956 36015173.21976725 155.33602150537635
189.93055555555554 561.256131718229 36015173.21976725 48080091.7976513 185.20833333333334
135.252688172043 571.2682066384803 48080091.7976513 58111630.45828972 131.43817204301075
164.57777777777778 578.9577127260437 58111630.45828972 36501348.970786616 172.86111111111111
87.61021505376344 561.7484208638673 36501348.970786616 46945283.53140779 83.64247311827957
44.44086021505376 570.3983385786843 46945283.53140779 37744827.511347935 47.795698924731184
30.033333333333335 563.0075354681419 37744827.511347935 51325718.83135474 24.694444444444443
25.88978494623656 573.7560870801467 51325718.83135474 56363959.52906504 23.897849462365592
36.66111111111111 577.6180651700749 56363959.52906504 55278551.190635554 37.041666666666664
45.56182795698925 576.786063788413 55278551.190635554 49335965.54216172 47.795698924731184
94.15053763440861 572.2308753905347 49335965.54216172 45561184.001654655 95.59139784946237
239.94642857142858 569.3373805223105 45561184.001654655 50045462.90362418 238.125
393.85483870967744 572.7747285784294 50045462.90362418 48751193.69569891 394.31451612903226
446.9583333333333 571.7826284340778 48751193.69569891 54943498.78429078 444.5
442.31451612903226 576.5292350400625 54943498.78429078 55300574.43500622 442.11021505376345
283.7027777777778 576.8029453334467 55300574.43500622 54425296.794308744 283.9861111111111
392.8440860215054 576.1320160798058 54425296.794308744 50297798.47707844 394.31451612903226
235.4811827956989 572.9681521392434 50297798.47707844 40712646.42354451 238.9784946236559
238.73055555555555 565.6208161463042 40712646.42354451 51161835.70471948 234.59722222222223
224.40322580645162 573.6304652445996 51161835.70471948 43826938.6342709 227.02956989247312
241.3388888888889 568.0080241034241 43826938.6342709 61200122.76598746 234.59722222222223
255.53494623655914 580.996883606854 61200122.76598746 41578456.63716257 262.8763440860215
349.86021505376345 566.2844883040374 41578456.63716257 50614443.63500513 346.51881720430106
479.5595238095238 573.210871123025 50614443.63500513 58700322.79153639 476.25
419.91129032258067 579.4089648652558 58700322.79153639 63187439.07917915 418.2123655913978
306.72777777777776 582.2167294062577 63187439.07917915 57948798.48979649 308.68055555555554
328.8709677419355 578.8328966379703 57948798.48979649 42496565.629217386 334.5698924731183
247.075 566.9882492047608 42496565.629217386 42694486.00219629 246.94444444444446
236.27956989247312 567.1399617151103 42694486.00219629 35278814.818407565 238.9784946236559
221.48387096774192 560.510514012021 35278814.818407565 52212219.27577485 215.08064516129033
232.01944444444445 574.4356189839357 52212219.27577485 45265973.67891677 234.59722222222223
218.15591397849462 569.1110920484682 45265973.67891677 53202768.33513097 215.08064516129033
232.59722222222223 575.1949075915583 53202768.33513097 47917760.884465516 234.59722222222223
241.61290322580646 571.1437746258679 47917760.884465516 55015232.42983246 238.9784946236559
252.45430107526883 576.5842212513245 55015232.42983246 59190469.37905412 250.92741935483872
333.7083333333333 579.7675743542087 59190469.37905412 34472239.560928084 343.9583333333333
266.7204301075269 559.6937965110656 34472239.560928084 44705911.22568076 262.8763440860215
254.45 568.6817856589637 44705911.22568076 63983413.26153171 246.94444444444446
319.5994623655914 582.7132510190405 63983413.26153171 55702752.77984438 322.6209677419355
220.62222222222223 577.1112283332475 55702752.77984438 51343890.11486864 222.25
216.9005376344086 573.7700159698142 51343890.11486864 56032321.60395071 215.08064516129033
200.73924731182797 577.3638537344913 56032321.60395071 49407530.377226286 203.13172043010752
78.86666666666666 572.285732202984 49407530.377226286 61543935.8661925 74.08333333333333
25.669354838709676 581.2071948117667 61543935.8661925 33991375.5169666 35.846774193548384
33.647222222222226 559.2068858643011 33991375.5169666 57098358.14934121 24.694444444444443
47.163978494623656 578.1810059962385 57098358.14934121 55447027.11437995 47.795698924731184
83.79838709677419 576.9152061548103 55447027.11437995 55949081.09522579 83.64247311827957
134.92261904761904 577.300047132112 55949081.09522579 62391028.405951366 132.29166666666666
199.81720430107526 581.7253631206618 62391028.405951366 53451457.56080399 203.13172043010752
231.425 575.3855361062275 53451457.56080399 45052874.451000266 234.59722222222223
362.3790322580645 568.9477444439029 45052874.451000266 55340151.955510534 358.46774193548384
232.26666666666668 576.8332828115888 55340151.955510534 49159495.83644447 234.59722222222223
210.60752688172042 572.0956055259319 49159495.83644447 36992120.24476443 215.08064516129033
200.6048387096774 562.2453633186562 36992120.24476443 62010895.52003002 191.18279569892474
205.90833333333333 581.4928350255502 62010895.52003002 51394324.78626504 209.90277777777777
200.56720430107526 573.808675813119 51394324.78626504 44225813.5878903 203.13172043010752
218.71666666666667 568.3137749446253 44225813.5878903 34966130.846193664 222.25
56.795698924731184 560.1938982095807 34966130.846193664 59112474.019535184 47.795698924731184
118.50806451612904 579.7198644268434 59112474.019535184 56568866.58097261 119.48924731182795
200.05654761904762 577.7751332008457 56568866.58097261 60563215.431678325 198.4375
233.49193548387098 580.6072860353352 60563215.431678325 45806008.28754521 238.9784946236559
256.09444444444443 569.5250464328377 45806008.28754521 37341870.26673369 259.2916666666667
331.7741935483871 562.5995112561897 37341870.26673369 61669500.358590014 322.6209677419355
211.16944444444445 581.2840028789248 61669500.358590014 32808920.057819508 222.25
210.9731182795699 558.0095616733712 32808920.057819508 53625898.5617672 203.13172043010752
201.69892473118279 575.519250901555 53625898.5617672 49571515.58527527 203.13172043010752
215.8361111111111 572.4114322873102 49571515.58527527 32682316.494887013 222.25
197.43817204301075 557.8813661397598 32682316.494887013 49138079.201096125 191.18279569892474
209.24166666666667 572.0791889667721 49138079.201096125 47323498.80027273 209.90277777777777
55.104838709677416 570.6882530883854 47323498.80027273 34937390.47396281 59.744623655913976
128.29032258064515 560.1647964428611 34937390.47396281 58594775.748193 119.48924731182795
197.98809523809524 579.3280595665007 58594775.748193 57585026.58621114 198.4375
339.1290322580645 578.5540534453422 57585026.58621114 37729359.23163014 346.51881720430106
374.2111111111111 562.9918726832523 37729359.23163014 47386181.20041287 370.4166666666667
391.78225806451616 570.7363012207574 47386181.20041287 40414530.035943724 394.31451612903226
262.5083333333333 565.3923000776522 40414530.035943724 48612146.79278901 259.2916666666667
243.7715053763441 571.676044385254 48612146.79278901 61262636.96787859 238.9784946236559
226.23924731182797 581.0351236771597 61262636.96787859 58928630.8549762 227.02956989247312
230.86111111111111 579.5839705451472 58928630.8549762 48980706.73649342 234.59722222222223
217.1290322580645 571.9585577689554 48980706.73649342 54166684.2511474 215.08064516129033
232.0888888888889 575.9337810141561 54166684.2511474 47564141.69317923 234.59722222222223
256.4596774193548 570.872713822928 47564141.69317923 62423281.16700704 250.92741935483872
349.23924731182797 581.7450922032224 62423281.16700704 37792124.12914986 358.46774193548384
382.67261904761904 563.0554268150889 37792124.12914986 35516607.17280915 383.6458333333333
454.008064516129 560.7512964754454 35516607.17280915 35316333.459838755 454.05913978494624
439.3305555555556 560.5485044298831 35316333.459838755 53741853.84906486 432.15277777777777
423.252688172043 575.6081344634615 53741853.84906486 35046683.19497572 430.16129032258067
283.10277777777776 560.2754634601673 35046683.19497572 64620445.568299174 271.6388888888889
254.48387096774192 583.1106261040163 64620445.568299174 41955534.47682515 262.8763440860215
236.2715053763441 566.5735309366445 41955534.47682515 34486847.57928973 238.9784946236559
242.68333333333334 559.7085882172821 34486847.57928973 55181820.667100556 234.59722222222223
225.75 576.7119166436191 55181820.667100556 51454252.446188524 227.02956989247312
240.20833333333334 573.8546123460262 51454252.446188524 33892649.44855811 246.94444444444446
255.0268817204301 559.1069183694864 33892649.44855811 44914124.04554427 250.92741935483872
268.2204301075269 568.8413876701817 44914124.04554427 59313493.400405414 262.8763440860215
349.3452380952381 579.8428284098225 59313493.400405414 40420177.6702139 357.1875
454.9139784946237 565.3966291760657 40420177.6702139 42646368.62862778 454.05913978494624
332.5083333333333 567.1030781572147 42646368.62862778 40222166.45596476 333.375
353.35483870967744 565.2448470328787 40222166.45596476 58343092.4061132 346.51881720430106
251.31944444444446 579.1351359626018 58343092.4061132 37538789.08497591 259.2916666666667
237.01344086021504 562.7989062210544 37538789.08497591 64093033.77932152 227.02956989247312
221.68548387096774 582.7816313226908 64093033.77932152 49562446.11781934 227.02956989247312
230.88055555555556 572.404480240613 49562446.11781934 39664297.16278819 234.59722222222223
215.6505376344086 564.817221773079 39664297.16278819 40890707.84779986 215.08064516129033
230.7 565.7573061157984 40890707.84779986 62691856.29269821 222.25
266.9569892473118 581.9093801790441 62691856.29269821 41659020.38666515 274.8252688172043
377.6263440860215 566.3462430819627 41659020.38666515 61056096.54951044 370.4166666666667
506.5 580.9087824637963 61056096.54951044 38304622.42585751 515.9375
614.2123655913979 563.5743694980556 38304622.42585751 51142719.02738873 609.3951612903226
502.4111111111111 573.615811679311 51142719.02738873 41047628.434146754 506.2361111111111
700.3870967741935 565.8775909339902 41047628.434146754 60537742.634016 693.0376344086021
1043.85 580.5917042708077 60537742.634016 45706972.79812083 1049.513888888889
622.8655913978495 569.4491324554733 45706972.79812083 49589126.73553988 621.3440860215054
269.5268817204301 572.4249318163206 49589126.73553988 35179400.47477046 274.8252688172043
247.92777777777778 560.4098495872925 35179400.47477046 37463655.71123821 246.94444444444446
229.61827956989248 562.7228280861644 37463655.71123821 44097192.44907141 227.02956989247312
251.14166666666668 568.2151825887171 44097192.44907141 54875123.922418214 246.94444444444446
266.63978494623655 576.476823447545 54875123.922418214 32992799.95788031 274.8252688172043
297.991935483871 558.1957537627776 32992799.95788031 63124313.94814421 286.7741935483871
410.4613095238095 582.1773525111731 63124313.94814421 64067269.22642199 410.1041666666667
365.2016129032258 582.7655596238319 64067269.22642199 50036401.19895975 370.4166666666667
305.59166666666664 572.7677824821685 50036401.19895975 41852638.509074226 308.68055555555554
339.1801075268817 566.4946577749918 41852638.509074226 54012401.46988215 334.5698924731183
253.87222222222223 575.8155181607814 54012401.46988215 39824990.38386443 259.2916666666667
240.84677419354838 564.9403984405374 39824990.38386443 44642234.74285204 238.9784946236559
225.2768817204301 568.6329755293405 44642234.74285204 39730158.69293385 227.02956989247312
235.38888888888889 564.8677068137218 39730158.69293385 41517942.634189665 234.59722222222223
221.66935483870967 566.2381023197946 41517942.634189665 58864784.771008834 215.08064516129033
241.39166666666668 579.5350304106431 58864784.771008834 44370922.23578037 246.94444444444446
251.55913978494624 568.4250055214147 44370922.23578037 46104399.86768051 250.92741935483872
295.0967741935484 569.7537734456669 46104399.86768051 36477751.44228669 298.7231182795699
361.1279761904762 561.7245266093307 36477751.44228669 46089086.84872351 357.1875
361.7043010752688 569.742035510294 46089086.84872351 54694959.02034694 358.46774193548384
393.5888888888889 576.3387210927509 54694959.02034694 50570467.409680665 395.1111111111111
404.1263440860215 573.17716189219 50570467.409680665 44655036.86071237 406.26344086021504
272.47777777777776 568.6427887759969 44655036.86071237 46689027.99866565 271.6388888888889
247.92741935483872 570.2019102394581 46689027.99866565 38467120.28842454 250.92741935483872
230.59139784946237 563.7389106825212 38467120.28842454 47790012.17128211 227.02956989247312
236.93055555555554 571.0458510130569 47790012.17128211 53573759.58690902 234.59722222222223
222.2311827956989 575.479284653292 53573759.58690902 40423513.73741022 227.02956989247312
239.1611111111111 565.3991863818826 40423513.73741022 52152024.04997413 234.59722222222223
252.8763440860215 574.3894773529361 52152024.04997413 57413591.862943396 250.92741935483872
102.90322580645162 578.4226430612742 57413591.862943396 45077875.86681833 107.54032258064517
159.47916666666666 568.9669088558277 45077875.86681833 46919088.40420071 158.75
391.755376344086 570.3782591475085 46919088.40420071 40001544.5454045 394.31451612903226
361.38055555555553 565.0757330433211 40001544.5454045 48405754.58463901 358.06944444444446
383.81182795698925 571.5178379331151 48405754.58463901 52090287.56867372 382.36559139784947
267.7916666666667 574.3421542986326 52090287.56867372 41977797.4909799 271.6388888888889
246.23387096774192 566.5905962731459 41977797.4909799 61223882.143190436 238.9784946236559
228.75806451612902 581.0114172684409 61223882.143190436 33631871.94102438 238.9784946236559
236.87777777777777 558.842861727179 33631871.94102438 39279166.02517711 234.59722222222223
222.22043010752688 564.522006021303 39279166.02517711 58104196.47125069 215.08064516129033
237.65833333333333 578.9520143291651 58104196.47125069 33933267.098633945 246.94444444444446
147.41397849462365 559.1480467643348 33933267.098633945 44759820.692342035 143.38709677419354
98.91935483870968 568.7231090477371 44759820.692342035 53757932.37040349 95.59139784946237
155.4345238095238 575.6204591817221 53757932.37040349 45814330.92615391 158.75
304.94086021505376 569.5314260105288 45814330.92615391 62405298.58929184 298.7231182795699
280.4972222222222 581.7340922221732 62405298.58929184 53185299.91329231 283.9861111111111
320.1182795698925 575.1815174686059 53185299.91329231 46294116.07014913 322.6209677419355
241.26111111111112 569.8991971880401 46294116.07014913 63426704.53075533 234.59722222222223
187.88440860215053 582.3659810660901 63426704.53075533 54407210.73697865 191.18279569892474
55.916666666666664 576.1181525188264 54407210.73697865 43940893.20760293 59.744623655913976
38.88055555555555 568.0953740519201 43940893.20760293 48448121.92141529 37.041666666666664
27.795698924731184 571.550313897678 48448121.92141529 58589633.81418387 23.897849462365592
36.375 579.3241181040588 58589633.81418387 56762767.365280144 37.041666666666664
54.225806451612904 577.9237645635665 56762767.365280144 42021814.36142886 59.744623655913976
