1.2078328751393235
0.32394279984384644
2.0051800114724214
1.0704028503753307
0.9785404745118624
1.020832767979302
3.264859195694166
0.7374251542322705
0.8761992140219732
0.24672578914009913
0.5868983508357686
0.4104581711610624
0.31594995917655
0.3440750761728504
1.0786914565800814
0.5071537099221586
1.1627081407800626
1.1994044292769432
0.9475503602242972
0.5550927882535039
1.3299656485789284
1.1198074886355829
0.9445963349331885
0.7670551538138555
0.6519690503474758
0.45776555277332287
0.9200035307379579
0.6960645446927627
0.9787518169078693
0.6564474813703782
0.5261373287715272
0.8164736278800557
0.5109143477179563
1.1711765227249709
0.996365647350435
0.7544774000040282
0.7008820166954535
0.5851002875568532
0.879270146742777
0.8492938715049227
0.7790232532613155
0.9033829736873091
1.3163140655249999
0.4407180108245572
0.4947569097443658
1.098787206069142
0.9548693347873778
0.9920377980656778
0.519573566646875
0.6933767687406345
1.0514066328967262
0.2137315324147555
0.7803721652648781
0.6102283099958794
0.6734994699268424
1.2908687149379086
1.1667718325303458
1.1332215465734379
1.1653446572782915
0.78017357644074
0.11614227832431778
0.7023752395360399
0.9683470107490546
0.8435869795375881
1.0292739267576625
0.41176782040474613
1.224738731398988
0.9925428377521417
1.0633767501374476
1.2254741900245065
1.1069970170144163
0.9985170992052197
0.7623723370036055
0.2909876887894818
0.14526189804321676
0.6299869226467383
0.8006916720571886
0.43294310012166726
0.9769668592639609
1.1805947238256995
0.8861966127589445
2.057663443763741
2.9207888614949793
2.755160847143178
2.128538058918814
0.5529621070832502
1.1620271457050855
0.755678527072309
0.9807812252567656
1.0765485737327003
0.6327897814224848
0.7935561955587476
0.9748191382504081
1.1977420670805468
1.0656191023123038
1.098857027384414
0.13476659037524552
0.5920577420229542
0.6255764806340682
1.031626910834989
0.7142352606679552
0.6970784944485775
0.9228808229111714
0.7992227341979321
1.2341968162286112
1.4360018804490096
0.9456212402421373
1.1781361608639203
0.6429854766129077
0.45267596295943235
0.5018835634413246
0.24289329441297047
0.8347490722685871
0.7335970227406223
0.8698333074202815
1.120752490392761
1.3809144901993955
1.0074274747928218
1.0939225186997446
2.107818330196401
2.3526710237489032
1.898296883285969
0.004053380196385792
0.7718158645198416
0.9949082190917586
0.1512572673792647
0.6988843830480489
1.088571336071551
1.1985939112957573
1.1704213321713355
1.3782729747158187
2.80938417302177
1.9099174839804842
1.1640231851593428
1.0543872515775696
0.851435364971957
1.118308303973599
0.46484607147619883
1.1292084088463699
1.0219217507217953
1.0415973710602207
0.9474762372683871
2.1031668162799386
2.6331969524714007
1.9711437732748263
0.9862088537744818
1.1337942174739135
0.8212237232591475
1.1983857103810953
0.3558003758829704
0.8284789019429888
1.085712926226062
0.9837121090915306
1.3675623161036912
1.3742812915823328
0.8550585667062198
0.20865254370241537
0.6993071305653631
1.1606867279702193
0.8676463604753852
1.1782371950639234
1.2287800104646047
0.8953294988660634
0.9987334030847119
0.7862621286873299
1.3419314619274956
1.3611491026655478
0.9021691872051862
0.49231766905051444
0.27633957883322857
1.041013943233975
0.7623984013722707
0.7115663414331523
0.2762790018873025
0.783912628616795
1.0936871286430803
1.1048103885327918
1.1271278320143576
1.3319697209355912
0.8949330806379283
0.7821857464204625
0.5762671463685711
0.9367416449158794
1.7506915560047744
2.8060945072163532
2.5338943553624844
2.403429163561932
0.5112552035086009
0.5212151165519439
0.6536232786710094
0.7873653769481104
0.8505970167518457
0.6098503948300968
0.66468445936707
1.059100579025265
0.08753656166141122
1.16276410055415
0.9644886697835191
0.7920562304348824
1.2308211338429
1.318831872710763
1.3093987406031276
1.300260184826298
0.7599811092817133
0.148139458410665
0.02010338985182214
0.969958493693289
0.7490957450212585
0.8882312478903129
0.2919197542405212
0.6583284704420054
1.3695804239255946
0.951747531066403
1.3300591309045204
1.2778796319462642
0.8479032461527107
0.18260713246855875
0.2295270067466566
0.9915397350918695
0.6071821409405986
1.0818571964581798
0.30859167409039223
0.0959470300270735
1.122972029376803
1.1961634803445191
1.1230499701049839
1.151265214154658
0.7580741142974778
0.12560163843977135
0.1646737322026932
0.0671392205501049
0.6474017701113359
0.9269336769772636
0.504299827385426
1.0956247568849786
1.3046815343923308
1.3810264123844291
1.2860773813750388
1.1033891098797755
1.0418550750480318
