336.0 582.0 62840000.0 34752781.367940165 346.51881720430106
327.2232142857143 559.977865978126 34752781.367940165 58353399.05674518 317.5
353.7258064516129 579.1430363511123 58353399.05674518 45589767.035461485 358.46774193548384
348.6777777777778 569.3592903628537 45589767.035461485 53072529.00364171 345.72222222222223
340.80913978494624 575.0950748374609 53072529.00364171 37590730.98373338 346.51881720430106
561.4694444444444 562.8515012608286 37590730.98373338 52595535.161812976 555.625
533.2903225806451 574.7294432853577 52595535.161812976 40587584.88918783 537.7016129032259
332.76344086021504 565.5249523449185 40587584.88918783 35529205.492734656 334.5698924731183
326.0 560.7640532123654 35529205.492734656 48151182.964311495 321.02777777777777
324.7123655913978 571.3227003684351 48151182.964311495 53449859.46151578 322.6209677419355
250.0638888888889 575.3843111102801 53449859.46151578 61434121.08554517 246.94444444444446
268.3467741935484 581.1400208767963 61434121.08554517 44123636.93316246 274.8252688172043
274.86021505376345 568.2354531601896 44123636.93316246 44303081.250580326 274.8252688172043
335.8184523809524 568.3730031630199 44303081.250580326 56693598.92426553 330.7291666666667
292.6532258064516 577.8707446663959 56693598.92426553 40373398.67756431 298.7231182795699
263.7944444444444 565.3607715313995 40373398.67756431 51868111.96836404 259.2916666666667
326.8306451612903 574.1718493545075 51868111.96836404 62954910.82336224 322.6209677419355
326.0 582.071680349196 62954910.82336224 43698049.27676542 333.375
326.0 567.9092261490235 43698049.27676542 52560246.49177726 322.6209677419355
310.97849462365593 574.7023933529155 52560246.49177726 53161806.75283768 310.6720430107527
230.1861111111111 575.1635091842894 53161806.75283768 41463855.304232016 234.59722222222223
216.86021505376345 566.1966425929234 41463855.304232016 45930369.19978233 215.08064516129033
220.24444444444444 569.6203731842019 45930369.19978233 40631000.43152305 222.25
240.16397849462365 565.5582317937025 40631000.43152305 43847521.03385919 238.9784946236559
268.2768817204301 568.0238011932888 43847521.03385919 58398134.39472414 262.8763440860215
327.82142857142856 579.1773274668977 58398134.39472414 51442120.876626775 330.7291666666667
331.0 573.8453130968131 51442120.876626775 41817761.94236184 334.5698924731183
256.47777777777776 566.4679237333735 41817761.94236184 34346870.42249435 259.2916666666667
325.76881720430106 559.566850924167 34346870.42249435 42590151.84681227 322.6209677419355
326.0 567.0599861350815 42590151.84681227 55336960.360073045 321.02777777777777
326.0 576.8308363481522 55336960.360073045 64198878.01251986 322.6209677419355
326.0 582.8476560136124 64198878.01251986 41025947.44265332 334.5698924731183
314.0888888888889 565.8609717371039 41025947.44265332 54778397.6515375 308.68055555555554
215.86559139784947 576.4026795625513 54778397.6515375 56580455.08528491 215.08064516129033
225.69722222222222 577.7840161725882 56580455.08528491 33410441.36117098 234.59722222222223
239.74462365591398 558.6186467786841 33410441.36117098 35503925.94940216 238.9784946236559
271.9005376344086 560.738455792578 35503925.94940216 59760064.541788295 262.8763440860215
327.8333333333333 580.1159969271578 59760064.541788295 52832797.730201624 330.7291666666667
307.6532258064516 574.911312889383 52832797.730201624 44684596.81934442 310.6720430107527
200.67777777777778 568.6654474617219 44684596.81934442 52601934.581065156 197.55555555555554
325.66129032258067 574.7343486518184 52601934.581065156 60556661.40669582 322.6209677419355
326.0 580.6032769243086 60556661.40669582 41299791.35488889 333.375
326.0 566.0708821507916 41299791.35488889 50161968.19250004 322.6209677419355
326.0 572.864033734732 50161968.19250004 58992554.5240117 322.6209677419355
285.1972222222222 579.6329701511713 58992554.5240117 61866074.81919034 283.9861111111111
215.30107526881721 581.4042478947175 61866074.81919034 62156601.09419109 215.08064516129033
221.3111111111111 581.5819634352764 62156601.09419109 59622268.15593666 222.25
235.73924731182797 580.0317065847485 59622268.15593666 50987726.20468004 238.9784946236559
274.3360215053763 573.4970045556917 50987726.20468004 49763326.21449082 274.8252688172043
327.8422619047619 572.5584614770396 49763326.21449082 42857777.204101935 330.7291666666667
213.6720430107527 567.2651298207795 42857777.204101935 39022853.46435606 215.08064516129033
147.15555555555557 564.301631899712 39022853.46435606 36227155.7360016 148.16666666666666
325.51881720430106 561.4707797988633 36227155.7360016 43801041.67173904 322.6209677419355
106.975 567.988173225331 43801041.67173904 32905192.22975027 111.125
201.72043010752688 558.1070444152998 32905192.22975027 60943437.89228148 191.18279569892474
214.84408602150538 580.83986892347 60943437.89228148 60092532.41305068 215.08064516129033
222.38333333333333 580.3193682313874 60092532.41305068 60175136.71673713 222.25
210.11827956989248 580.3698974597062 60175136.71673713 46584488.23346751 215.08064516129033
217.30277777777778 570.121777052708 46584488.23346751 33660121.44075538 222.25
228.09139784946237 558.871466448945 33660121.44075538 36545605.04045589 227.02956989247312
291.4489247311828 561.7932334294491 36545605.04045589 49152475.625733614 286.7741935483871
327.89285714285717 572.0902243022908 49152475.625733614 42369443.24589745 330.7291666666667
269.38978494623655 566.8908056945005 42369443.24589745 59752340.338799804 262.8763440860215
164.74166666666667 580.1112720157553 59752340.338799804 38531910.288235 172.86111111111111
325.56451612903226 563.8045153812043 38531910.288235 46228089.26360205 322.6209677419355
252.93055555555554 569.8485854575707 46228089.26360205 61603572.92976182 246.94444444444446
245.76075268817203 581.2436749304394 61603572.92976182 47578767.25451632 250.92741935483872
216.91397849462365 570.8839247993036 47578767.25451632 52271903.3854638 215.08064516129033
224.9361111111111 574.4813688275349 52271903.3854638 58969715.90593184 222.25
213.002688172043 579.6154635952283 58969715.90593184 53104389.047958985 215.08064516129033
223.7138888888889 575.1194966149185 53104389.047958985 56797685.5154077 222.25
234.83333333333334 577.9505304802474 56797685.5154077 45736750.126092434 238.9784946236559
244.6236559139785 569.4719577619846 45736750.126092434 60942450.435872436 238.9784946236559
290.5386904761905 580.8392648942837 60942450.435872436 59803722.80367589 291.0416666666667
75.71236559139786 580.1427027788443 59803722.80367589 38502586.982709505 83.64247311827957
83.41666666666667 563.7748233511221 38502586.982709505 62520147.48019221 74.08333333333333
146.71774193548387 581.8043455330962 62520147.48019221 39252209.52896047 155.33602150537635
52.041666666666664 564.5013429756059 39252209.52896047 45990969.580694735 49.388888888888886
204.5779569892473 569.6668253799915 45990969.580694735 49678510.93182381 203.13172043010752
205.56182795698925 572.493447758362 49678510.93182381 55969997.00118851 203.13172043010752
215.65 577.3160798656405 55969997.00118851 38598671.72210027 222.25
205.59677419354838 563.8721163036489 38598671.72210027 44901584.8718075 203.13172043010752
216.51944444444445 568.8317759788905 44901584.8718075 61950851.08152168 209.90277777777777
227.5215053763441 581.4561057147606 61950851.08152168 63309936.680339366 227.02956989247312
156.50537634408602 582.2931423199409 63309936.680339366 34522683.93409674 167.28494623655914
242.10714285714286 559.7448751946844 34522683.93409674 44233909.37502626 238.125
329.76344086021504 568.3199806331614 44233909.37502626 63301472.90134924 322.6209677419355
327.0 582.2878626899131 63301472.90134924 46600247.38775465 333.375
326.0 570.1338569655634 46600247.38775465 55462492.61879896 322.6209677419355
326.0 576.9270609753319 55462492.61879896 36205174.57434758 333.375
326.0 561.4485222361031 36205174.57434758 45067612.74086637 322.6209677419355
326.0 568.9590418304236 45067612.74086637 53898501.60644311 322.6209677419355
293.77777777777777 575.7282101492274 53898501.60644311 47008710.88692813 296.3333333333333
214.4220430107527 570.4469577439879 47008710.88692813 44944620.58403132 215.08064516129033
222.375 568.8647642753347 44944620.58403132 45166853.38054909 222.25
235.54032258064515 569.0351130622445 45166853.38054909 35999607.20289047 238.9784946236559
326.755376344086 561.2403699671889 35999607.20289047 47159537.66175025 322.6209677419355
330.0 570.5625714541472 47159537.66175025 45473986.63110115 330.7291666666667
328.0 569.2705408545014 45473986.63110115 59818417.973636 322.6209677419355
188.9611111111111 580.1516918455752 59818417.973636 37365997.0814819 197.55555555555554
325.5994623655914 562.6239414524601 37365997.0814819 45155781.31713472 322.6209677419355
326.0 569.0266259595271 45155781.31713472 57902606.3335471 321.02777777777777
326.0 578.7974888228092 57902606.3335471 34760366.89519338 334.5698924731183
257.9731182795699 559.9855468892429 34760366.89519338 53413736.461724594 250.92741935483872
221.14166666666668 575.3566216364923 53413736.461724594 50276785.625789806 222.25
209.16666666666666 572.952045093917 50276785.625789806 34136188.67825871 215.08064516129033
217.625 559.3535199720291 34136188.67825871 54051433.892031774 209.90277777777777
225.61827956989248 575.8454378030103 54051433.892031774 50312901.214780204 227.02956989247312
235.16666666666666 572.979728887081 50312901.214780204 40188835.02715706 238.9784946236559
310.36607142857144 565.2192973905562 40188835.02715706 55012715.911784135 304.2708333333333
154.00537634408602 576.5822922570289 55012715.911784135 51387086.77718451 155.33602150537635
114.60277777777777 573.8031276398258 51387086.77718451 60226794.58041909 111.125
325.4301075268817 580.4014966848308 60226794.58041909 35558131.43218847 334.5698924731183
59.925 560.7933428797144 35558131.43218847 62729442.021186456 49.388888888888886
202.5483870967742 581.93237144913 62729442.021186456 60981391.879312426 203.13172043010752
206.04032258064515 580.86308545809 60981391.879312426 36550804.360559985 215.08064516129033
215.46666666666667 561.7984981281646 36550804.360559985 50709232.59735321 209.90277777777777
205.26344086021504 573.2835299969692 50709232.59735321 56119113.40480033 203.13172043010752
215.49444444444444 577.4303825197117 56119113.40480033 38507685.651860885 222.25
227.13440860215053 563.7799861332543 38507685.651860885 38829901.4652539 227.02956989247312
97.78494623655914 564.1062536345721 38829901.4652539 44789353.08929731 95.59139784946237
135.95238095238096 568.7457466065255 44789353.08929731 53722386.35946892 132.29166666666666
222.59677419354838 575.5932119889717 53722386.35946892 41787337.239700586 227.02956989247312
163.325 566.4446021927564 41787337.239700586 48898816.726264045 160.51388888888889
326.55913978494624 571.8957863683287 48898816.726264045 59258572.22178835 322.6209677419355
115.70277777777778 579.8092330080088 59258572.22178835 38981877.939944275 123.47222222222223
209.2258064516129 564.2601411304532 38981877.939944275 55118282.36075997 203.13172043010752
212.68817204301075 576.663212430843 55118282.36075997 48493274.083816715 215.08064516129033
221.87222222222223 571.5849245231661 48493274.083816715 47249527.54643163 222.25
207.5779569892473 570.631551676373 47249527.54643163 58858346.99389637 203.13172043010752
215.74444444444444 579.530095641614 58858346.99389637 41895109.07657424 222.25
228.02956989247312 566.5272128693179 41895109.07657424 44614983.63724157 227.02956989247312
235.64247311827958 568.6120866558014 44614983.63724157 35765529.52136348 238.9784946236559
202.36309523809524 561.0033488866222 35765529.52136348 45339940.32785672 198.4375
237.69086021505376 569.1677899306717 45339940.32785672 41828897.53917044 238.9784946236559
163.83333333333334 566.4764595365384 41828897.53917044 50258004.16466549 160.51388888888889
327.55913978494624 572.937648482935 50258004.16466549 63295879.695727445 322.6209677419355
74.41388888888889 582.2843736980118 63295879.695727445 32010825.903059658 86.43055555555556
203.6290322580645 557.2014319203715 32010825.903059658 33156821.704105467 203.13172043010752
207.0188172043011 558.3618379929063 33156821.704105467 43351585.97384408 203.13172043010752
217.375 567.643650571133 43351585.97384408 62455360.92949439 209.90277777777777
207.4005376344086 581.7647154621907 62455360.92949439 41585409.85125942 215.08064516129033
215.86666666666667 566.2898181725585 41585409.85125942 56942778.8557187 209.90277777777777
234.65591397849462 578.0617493232713 56942778.8557187 45406640.06903514 238.9784946236559
249.4811827956989 569.2189174877874 45406640.06903514 41618687.963887446 250.92741935483872
221.41369047619048 566.3153269462664 41618687.963887446 33272573.673890196 224.89583333333334
302.7043010752688 558.479045480511 33272573.673890196 43873330.05342698 298.7231182795699
211.3 568.043584660192 43873330.05342698 47319414.925458014 209.90277777777777
326.69086021505376 570.685122663302 47319414.925458014 58032036.50244143 322.6209677419355
147.20555555555555 578.8967013270218 58032036.50244143 55402329.04146203 148.16666666666666
217.4220430107527 576.8809436039263 55402329.04146203 61486870.84030753 215.08064516129033
219.04301075268816 581.1722880140179 61486870.84030753 39878514.01987372 227.02956989247312
224.1027777777778 564.981426077358 39878514.01987372 44417130.51351762 222.25
210.14247311827958 568.4604256942295 44417130.51351762 62894100.177790895 203.13172043010752
217.11944444444444 582.0337472095504 62894100.177790895 49495056.18263619 222.25
240.46505376344086 572.3528236269706 49495056.18263619 53518150.41817066 238.9784946236559
326.76612903225805 575.4366583866739 53518150.41817066 64706783.21225352 322.6209677419355
327.0 583.1644827581272 64706783.21225352 55763457.48412204 330.7291666666667
328.0 577.1577604963461 55763457.48412204 38103922.41645993 334.5698924731183
326.1777777777778 563.3711457956213 38103922.41645993 51275156.36082303 321.02777777777777
325.8494623655914 573.7173292745788 51275156.36082303 59733987.16396348 322.6209677419355
326.0 580.1000453396585 59733987.16396348 40476995.702527136 333.375
326.0 565.4401820765864 40476995.702527136 49339289.47144194 322.6209677419355
326.0 572.2334232922376 49339289.47144194 58170011.54969569 322.6209677419355
326.0 579.0024637630434 58170011.54969569 38787471.00260402 333.375
239.3548387096774 564.0632896320213 38787471.00260402 39494876.62287838 238.9784946236559
221.24444444444444 564.6873553271562 39494876.62287838 36787489.62886662 222.25
235.03225806451613 562.038159584491 36787489.62886662 58263335.760382 227.02956989247312
247.09677419354838 579.0739998564051 58263335.760382 48089014.8360161 250.92741935483872
320.4672619047619 571.2750464424372 48089014.8360161 55345778.23927698 317.5
326.23387096774195 576.8375955441352 55345778.23927698 64959787.96240993 322.6209677419355
162.86111111111111 583.3223048701686 64959787.96240993 38864910.73283796 172.86111111111111
325.56182795698925 564.1417031245811 38864910.73283796 46553513.80530822 322.6209677419355
262.18333333333334 570.0980341293194 46553513.80530822 53908347.73912756 259.2916666666667
229.9811827956989 575.7357575355036 53908347.73912756 61626744.277955085 227.02956989247312
214.53763440860214 581.2578488934299 61626744.277955085 59955237.99340773 215.08064516129033
222.0638888888889 580.235384942776 59955237.99340773 59208690.534380175 222.25
208.66129032258064 579.77872027369 59208690.534380175 41715581.4422351 215.08064516129033
216.725 566.3895990013125 41715581.4422351 59297635.99999653 209.90277777777777
248.97043010752688 579.8331284042532 59297635.99999653 54097524.9131963 250.92741935483872
326.7903225806452 575.8807680947848 54097524.9131963 33347061.749433864 334.5698924731183
334.0 558.5544702029343 33347061.749433864 57502024.37013278 324.04761904761904
326.0 578.490429502156 57502024.37013278 34485676.02045114 334.5698924731183
326.0 559.7074019267309 34485676.02045114 47196180.20130037 321.02777777777777
1175.77688172043 570.5906591723394 47196180.20130037 59803163.63120787 1170.994623655914
933.0277777777778 580.1423607318559 59803163.63120787 45758415.519645184 938.3888888888889
476.68279569892474 569.4885650025336 45758415.519645184 42154924.31273023 477.9569892473118
327.76344086021504 566.7263698389164 42154924.31273023 55709127.06531429 322.6209677419355
326.0 577.1161144338331 55709127.06531429 36326173.00874057 333.375
284.2204301075269 561.5710421597439 36326173.00874057 61188585.45837844 274.8252688172043
231.18055555555554 580.9898262112422 61188585.45837844 52231794.246256605 234.59722222222223
244.6478494623656 574.4506238460784 52231794.246256605 35454263.247321226 250.92741935483872
275.89516129032256 560.688168609134 35454263.247321226 38405637.151723586 274.8252688172043
332.83035714285717 563.6766544289458 38405637.151723586 43567181.33802636 330.7291666666667
210.9731182795699 567.8089115466835 43567181.33802636 32503425.33470397 215.08064516129033
128.40277777777777 557.7002255209114 32503425.33470397 45109799.71544408 123.47222222222223
325.46774193548384 568.9913795413975 45109799.71544408 52546364.81211713 322.6209677419355
305.85833333333335 574.6917525864425 52546364.81211713 45090430.74299439 308.68055555555554
209.56720430107526 568.9765325835579 45090430.74299439 62140725.15030109 203.13172043010752
216.13978494623655 581.5722520866203 62140725.15030109 32755726.76113769 227.02956989247312
223.48055555555555 557.955699500027 32755726.76113769 35681600.79780406 222.25
210.68548387096774 560.9183648051887 35681600.79780406 55613738.47355202 203.13172043010752
221.43055555555554 577.0429959241155 55613738.47355202 53388988.89436772 222.25
230.56451612903226 575.3376518078069 53388988.89436772 62898513.42527994 227.02956989247312
273.002688172043 582.0365001540672 62898513.42527994 58102694.68576023 274.8252688172043
326.8392857142857 578.9508631609284 58102694.68576023 48770629.726279974 330.7291666666667
283.4758064516129 571.7975267941925 48770629.726279974 39873732.94225963 286.7741935483871
218.67222222222222 564.9777612232751 39873732.94225963 62428347.89822149 209.90277777777777
325.7096774193548 581.7481915334865 62428347.89822149 38508920.915255725 334.5698924731183
166.9611111111111 563.7812369294119 38508920.915255725 55081177.450610675 160.51388888888889
320.40860215053766 576.6347702902978 55081177.450610675 48967484.99244706 322.6209677419355
222.48387096774192 571.9484228649519 48967484.99244706 36574615.9286093 227.02956989247312
227.05 561.8226091136812 36574615.9286093 48752235.53892735 222.25
212.247311827957 571.7834270413621 48752235.53892735 40863507.73420067 215.08064516129033
220.19722222222222 565.7364563293221 40863507.73420067 35441580.06070536 222.25
232.88440860215053 560.6753259383714 35441580.06070536 51164529.44284903 227.02956989247312
276.13709677419354 573.6325300839474 51164529.44284903 54763944.77260294 274.8252688172043
327.8452380952381 576.3916009529471 54763944.77260294 47865548.053469926 330.7291666666667
237.57258064516128 571.1037517644334 47865548.053469926 44037669.8846344 238.9784946236559
188.025 568.1695565748951 44037669.8846344 51163055.16925009 185.20833333333334
325.6263440860215 573.6314000044853 51163055.16925009 59024446.19763643 322.6209677419355
279.15 579.657416173539 59024446.19763643 46348909.738918416 283.9861111111111
325.71505376344084 569.9411983469665 46348909.738918416 54448028.98331024 322.6209677419355
230.26075268817203 576.149441054341 54448028.98331024 62884405.66064551 227.02956989247312
224.97222222222223 582.0276998560118 62884405.66064551 37672515.89679636 234.59722222222223
212.23387096774192 562.9343145745191 37672515.89679636 61751418.0112058 203.13172043010752
219.69166666666666 581.3341120813227 61751418.0112058 55019505.025333956 222.25
234.23655913978496 576.5874963370546 55019505.025333956 42360267.4088104 238.9784946236559
273.93817204301075 566.8837721119638 42360267.4088104 40070131.30765802 274.8252688172043
328.8363095238095 565.1283070644873 40070131.30765802 35569369.34282918 330.7291666666667
145.15860215053763 560.8047221009456 35569369.34282918 43974592.06839397 142.0
104.41666666666667 568.1212053430074 43974592.06839397 58415993.78320871 98.77777777777777
325.4032258064516 579.1910172787121 58415993.78320871 33675617.714810416 334.5698924731183
63.03333333333333 558.8871575801853 33675617.714810416 36900778.25779877 61.736111111111114
204.7258064516129 562.1528727560769 36900778.25779877 40984406.71999543 203.13172043010752
206.8951612903226 565.8291293995957 40984406.71999543 50846951.12455724 203.13172043010752
217.0222222222222 573.3890958018901 50846951.12455724 37031391.14073762 222.25
208.4516129032258 562.2851280247046 37031391.14073762 50981005.65456791 203.13172043010752
216.23333333333332 573.4918530318081 50981005.65456791 35284655.51692085 222.25
235.18817204301075 560.516428154129 35284655.51692085 57178051.227720484 227.02956989247312
