0.38496663771532447
1.4958356209263215
0.6228298733055819
0.5347759584331655
0.8421452825211242
2.912647698477274
2.635088539746503
0.859036313701254
0.7422604504629344
1.0165312680340408
0.5017521936987923
0.02610249562301359
0.048380409214551
0.7346624467881204
1.2301834447085058
0.890194137487156
0.6724362829869532
1.0335415299270139
1.3512778113247519
0.17495353342333742
0.445704285083766
0.4586006096367625
0.7569326078171401
0.5041911087083695
0.11398154898098012
0.07142893855587351
1.4101307936322511
1.01322850794722
0.47157326490348117
0.979372332874485
0.3608441491966796
1.061935504138539
0.414777894038723
0.807230391070278
0.7008715296594072
0.5029131894422871
0.3594962885388089
1.1192075284368421
1.1920436419172482
0.22923302867753081
0.24440002709053577
0.600731695236794
0.6306605782052817
0.5450131225152597
0.06147071675822646
0.7261360947414905
0.6594072373749524
0.5513405071025654
0.08850852107942675
0.26454524488692766
0.8519138651857201
0.06688818290690746
0.8338480182501993
0.20458689814982067
0.5901717922978391
0.7182795048698316
0.7431727976183162
0.9627083392277229
0.8763867113211155
0.9425017754212943
0.022229477573349588
0.5019553802016063
0.09817930756031013
0.7070618759248095
0.6228685566419587
0.37769320312972443
0.31688092430639836
0.8362776767236806
0.736834202926953
1.0675276877482625
1.3735216455094683
0.9999424200273412
1.9206314989832065
0.7169099611340504
0.9215491471976032
0.03181239480345921
0.3409392785195404
1.1183735739911844
0.9337118767908463
1.4293406730522233
1.5054616218211987
0.9486106788060393
2.1020236040972966
2.789562888515882
2.1350064067687757
0.3044740631459253
0.7055015778927904
0.5192423675037796
0.48497943171385804
0.7170228759147008
0.5144981850107988
0.906693905839691
0.06121613883092669
0.6401559156517553
0.6980090688517024
0.6230423066551745
0.5406449705193466
0.7078826741996398
0.7666171978986549
0.5255691728349547
0.4913061299169552
0.7221768604427607
0.4293423294051433
0.18383999530574036
0.6352246804622426
0.9871988577542194
0.8996664642503891
0.6217989936924879
0.8252338994450201
0.17883832708660652
0.16917159506397494
0.11438963757041343
1.1890935212629357
0.5909540287611024
1.054978586644134
1.1402984139303878
1.3675347657887875
1.0820662506455867
0.7765717020719793
0.9160222572321617
2.3719201335773485
1.8611947423082673
0.8376136307891184
0.26985600682966826
1.1830625256408238
0.224946761288511
0.6318998637834636
1.4576711817774513
0.9491175124426992
1.1648847983093567
1.1223439949352807
0.6433187556410771
0.47149331976901365
1.2235580915674955
1.2646846267648706
0.8359762205300214
0.7926911528394855
0.8529081309024771
0.7696586024076688
1.3101564864955684
1.375333789418018
1.2338756423289574
1.4602666249516756
0.21907017655493943
0.6177094695740397
0.9586920284847484
0.47161312911012754
0.6798413132793568
0.7148024438147109
0.1303550556708255
0.38298126681385813
0.8802833878311707
0.7084015169475761
1.7500716303157988
1.6029490916430367
1.925170920891187
0.4463500637534845
0.6666764046381068
1.0414133124261147
0.20278035933882954
0.217946250155443
0.5807065952150774
0.4556009829969132
0.8572728316991745
0.685080516294061
0.5419922396778021
0.8400701238298662
0.7121634524061342
0.6445757444582316
0.2588123400604938
1.6255648931941629
0.8195921802033901
0.8547116536678576
0.5734274960582635
0.5695889064105151
0.6979766749463301
0.6729294097015526
0.6252000067078525
0.9535804587710812
0.38503186349390583
0.697948181913219
1.0401827977257785
1.378373510425562
0.07772461043556245
3.2900915443984333
2.6024426050754608
3.1749890180300744
0.8892148556615478
0.548656092261691
0.40022168904209554
0.9124983554609067
0.19831370142437788
0.4882913927360435
0.6758972674979615
0.790346395314331
0.7449578027091128
0.3936677211502806
0.19162336377081646
0.4716226384378208
0.42471082878271416
0.9676855605774772
1.1120233219723574
1.2364890238388333
1.2633018359005055
0.48903336648006857
0.3141169693998265
0.3657932081701083
0.9522888664620615
1.0566523896806048
0.7326055156978493
0.3281833168206383
0.4933706044415529
0.5387648662437892
1.0240422534749394
0.5972222699916139
1.4825516279844093
0.11134291682859843
1.3880421763797308
1.0794508190491996
0.3777733325999879
0.5352310052583107
0.6462259624715285
0.29016807039037396
0.8468896948047582
0.4651572809778419
1.0538374927691851
0.6441313153029062
1.4408295410964904
0.38265112569404636
1.5197935055046277
0.08972185282022016
0.6772119015830507
0.8852906150673157
0.19548127668312887
0.6304748528027426
0.9850224129486955
0.9208906757613731
1.349442886268167
1.0584459723637965
1.0204087357755336
