383.0 582.0 62840000.0 1018231.8881910671 406.0860215053763
247.29464285714286 506.4052669321367 1018231.8881910671 -8792994.987453789 251.35416666666666
285.4005376344086 477.44785945450525 -8792994.987453789 -12479847.74511319 286.7741935483871
236.03055555555557 466.5662746163648 -12479847.74511319 -8784309.853862751 234.59722222222223
377.6182795698925 477.4734932468516 -8784309.853862751 12488016.59600515 369.6666666666667
616.0833333333334 533.029426628495 12488016.59600515 -14040045.270812752 626.3083333333333
502.4193548387097 461.96141978323215 -14040045.270812752 -5299682.785043163 499.14516129032256
367.28494623655916 487.7582177994842 -5299682.785043163 -8361641.505742928 368.4166666666667
362.5027777777778 478.72098041023435 -8361641.505742928 8105331.719118495 356.1361111111111
94.52150537634408 524.4087554479225 8105331.719118495 6479838.926203423 95.11827956989248
152.05277777777778 521.2138213377102 6479838.926203423 -13402625.276550423 159.71944444444443
182.33602150537635 463.842737047851 -13402625.276550423 -2713446.7177078235 178.34677419354838
199.73387096774192 495.39138056132833 -2713446.7177078235 -11804579.749406047 203.13172043010752
328.58035714285717 468.55929860369463 -11804579.749406047 -16992638.399149213 330.7291666666667
204.08870967741936 453.24697016173417 -16992638.399149213 -14436166.929653106 203.13172043010752
474.2472222222222 460.79228401345085 -14436166.929653106 -1366064.9904971593 469.19444444444446
379.0 499.36811886299864 -1366064.9904971593 -9023991.657377984 381.8494623655914
366.0 476.7660828753115 -9023991.657377984 -15522881.191046257 368.5
341.03494623655916 457.5848943487565 -15522881.191046257 6606993.495340868 332.76344086021504
91.23655913978494 521.46374583567 6606993.495340868 -3866902.442177887 95.13978494623656
95.3 491.98700638425163 -3866902.442177887 -11639837.622978546 98.28888888888889
88.06451612903226 469.0455277923739 -11639837.622978546 1285462.344004396 83.22849462365592
125.23611111111111 507.19398594735276 1285462.344004396 7358935.9386635 122.88888888888889
152.16397849462365 522.9417016725455 7358935.9386635 645472.9098977998 154.6720430107527
194.11290322580646 505.3050850932906 645472.9098977998 8502952.837609937 191.18279569892474
321.3095238095238 525.190286611854 8502952.837609937 -14274864.363994349 330.7291666666667
286.08870967741933 461.26836148879323 -14274864.363994349 -16118512.742088418 286.7741935483871
205.425 455.8269138485932 -16118512.742088418 4260420.8777134875 197.55555555555554
381.5268817204301 515.9744460856787 4260420.8777134875 2909675.233785696 382.02150537634407
449.4222222222222 511.987779330785 2909675.233785696 -9963545.171931751 454.38055555555553
368.7903225806452 473.99303172556057 -9963545.171931751 -8986257.676507864 368.4166666666667
305.55645161290323 476.87745307127767 -8986257.676507864 -18223519.514133442 308.994623655914
93.49166666666666 449.6140783272176 -18223519.514133442 1215778.957242105 85.98333333333333
80.09677419354838 506.98831847574365 1215778.957242105 -7199523.779510345 83.22849462365592
128.67777777777778 482.15092010707616 -7199523.779510345 7866979.220106732 122.86111111111111
152.73655913978496 523.9402695015891 7866979.220106732 2686946.056868803 154.6720430107527
195.80913978494624 511.33040389600114 2686946.056868803 -16916379.199725684 203.13172043010752
383.05357142857144 453.4720458571201 -16916379.199725684 13665329.827474365 370.4166666666667
190.91397849462365 534.908755720001 13665329.827474365 -19065502.303870797 203.13172043010752
376.6166666666667 447.1290029089637 -19065502.303870797 -3018511.0052250177 370.4166666666667
379.991935483871 494.49099664477274 -3018511.0052250177 -8019706.046300359 381.8494623655914
367.0 479.7301879798513 -8019706.046300359 -12143358.833132865 368.5833333333333
365.0 467.55940693910287 -12143358.833132865 10510835.348451365 356.53225806451616
253.03494623655914 529.1368143055769 10510835.348451365 -12231112.146217115 261.51612903225805
93.21944444444445 467.3004068694173 -12231112.146217115 6499914.344402105 85.98333333333333
82.5241935483871 521.2532799183076 6499914.344402105 4586409.224526166 83.22849462365592
124.3 516.9365864490869 4586409.224526166 8305683.190348447 122.86111111111111
147.73387096774192 524.8025497189608 8305683.190348447 -10086176.953409653 154.6021505376344
198.24193548387098 473.6310893802277 -10086176.953409653 8830567.468602108 191.18279569892474
320.9583333333333 525.8342188175973 8830567.468602108 -14797015.956418151 330.7291666666667
129.47043010752688 459.7272538762026 -14797015.956418151 -20073571.2470942 131.43817204301075
133.25277777777777 444.15373146488685 -20073571.2470942 5261344.046130752 123.47222222222223
369.0725806451613 518.818848642395 5261344.046130752 2305069.1928035636 370.1666666666667
352.55555555555554 510.20331101565324 2305069.1928035636 -8038581.347156841 356.5388888888889
154.70698924731184 479.6744783540224 -8038581.347156841 -7683696.373601843 154.56720430107526
88.14784946236558 480.7219058487867 -7683696.373601843 5471245.940583203 83.22849462365592
91.62777777777778 519.2314144349394 5471245.940583203 -11876307.116106901 98.31111111111112
78.34677419354838 468.347598414597 -11876307.116106901 6823061.652135108 71.35483870967742
123.28333333333333 521.8884315231621 6823061.652135108 7691526.699755852 122.94444444444444
141.09139784946237 523.595414547796 7691526.699755852 3101962.9762874874 142.80645161290323
222.1478494623656 512.5553082018582 3101962.9762874874 -9963824.14189922 227.02956989247312
345.1220238095238 473.9922083578896 -9963824.14189922 -7138329.227620797 343.9583333333333
185.13709677419354 482.3315331534298 -7138329.227620797 8666322.48728286 179.23387096774192
124.84166666666667 525.5113924750043 8666322.48728286 -19805769.016786132 135.81944444444446
376.3225806451613 444.9441380475437 -19805769.016786132 -2003603.396968923 369.6666666666667
368.0 497.4864521099169 -2003603.396968923 -3751637.770572575 368.6666666666667
280.13440860215053 492.32720502665956 -3751637.770572575 -17757869.340066347 285.35483870967744
85.45698924731182 450.988424472037 -17757869.340066347 -11757304.310711956 83.20967741935483
92.11111111111111 468.6988299955685 -11757304.310711956 4050100.100732099 86.00277777777778
80.22849462365592 515.3536935011899 4050100.100732099 -4111735.02773743 83.26612903225806
128.69722222222222 491.2643937045419 -4111735.02773743 10860699.494993549 122.91666666666667
150.82258064516128 529.824478317746 10860699.494993549 367141.44022654044 154.74193548387098
171.43279569892474 504.4836019206686 367141.44022654044 11486000.070011478 167.28494623655914
230.14880952380952 531.055757713659 11486000.070011478 -7801477.308978131 238.125
54.62903225806452 480.3742805637926 -7801477.308978131 10494552.757352585 47.795698924731184
35.53611111111111 529.1048105920379 10494552.757352585 6580365.578865315 37.041666666666664
82.8252688172043 521.4114082067352 6580365.578865315 4374882.603627624 83.64247311827957
0.23055555555555557 516.3122748689592 4374882.603627624 4928796.163442842 0.0
73.13709677419355 517.9471265406469 4928796.163442842 9425134.995579166 71.45161290322581
102.65860215053763 527.0028515430349 9425134.995579166 -2567749.308945772 107.12903225806451
107.56666666666666 495.8214000978687 -2567749.308945772 -10520768.587052085 110.625
89.81182795698925 472.3484111605452 -10520768.587052085 7083067.6310813725 83.22849462365592
127.525 522.3994777576427 7083067.6310813725 -12683676.784872929 135.1472222222222
139.53494623655914 465.96468211066616 -12683676.784872929 10828643.05179313 130.75806451612902
195.23387096774192 529.7614708259382 10828643.05179313 -10316052.285919586 203.13172043010752
366.41964285714283 472.9526223794217 -10316052.285919586 12029145.816177819 357.1875
345.0 532.1255902439866 12029145.816177819 7952982.070262693 346.51881720430106
261.3666666666667 524.1093095863785 7952982.070262693 -18692691.786737174 271.6388888888889
371.7016129032258 448.22933686244545 -18692691.786737174 -11928014.972305052 369.1666666666667
368.0 468.1949849361092 -11928014.972305052 -13675173.657541348 368.6666666666667
365.0 463.03832240880985 -13675173.657541348 8979343.434438897 356.53225806451616
365.0 526.1266405435523 8979343.434438897 -201422.43475444848 368.4166666666667
168.3388888888889 502.8055104838315 -201422.43475444848 -9633026.434263911 171.96666666666667
78.65322580645162 474.96854333964814 -9633026.434263911 9970900.85349874 71.3225806451613
125.35555555555555 528.075563746532 9970900.85349874 -15418837.636905575 135.1472222222222
145.54301075268816 457.89197435321057 -15418837.636905575 -7653191.496375888 142.6451612903226
256.56182795698925 480.8119396611818 -7653191.496375888 7448155.330823799 250.92741935483872
380.13988095238096 523.117063926102 7448155.330823799 -1022963.7100515538 383.6458333333333
222.2688172043011 500.3807673023721 -1022963.7100515538 -13781364.725582082 227.02956989247312
465.3222222222222 462.72490411090325 -13781364.725582082 8159248.511673983 456.84722222222223
381.0 524.5147298332903 8159248.511673983 5627874.330556143 381.93548387096774
366.0 519.5392702359208 5627874.330556143 -871731.8123085238 368.5
201.6505376344086 500.8271216413418 -871731.8123085238 -2044984.134270007 202.08064516129033
76.58602150537635 497.3643186716691 -2044984.134270007 -19859125.44911381 83.22849462365592
86.24722222222222 444.7866588686348 -19859125.44911381 -19199382.30523563 85.98333333333333
77.38440860215054 446.7338619340616 -19199382.30523563 -2986834.40292512 71.3225806451613
119.61944444444444 494.5844887525316 -2986834.40292512 -11472072.598255295 122.88888888888889
136.61559139784947 469.54067893330466 -11472072.598255295 4062456.635726628 130.81720430107526
161.96505376344086 515.3901632743776 4062456.635726628 -10177620.1550627 167.28494623655914
241.13690476190476 473.3611987656401 -10177620.1550627 -2882229.9362319983 238.125
114.95698924731182 494.8932242658783 -2882229.9362319983 -15027720.42345374 119.48924731182795
69.66666666666667 459.0463397210684 -15027720.42345374 5512854.940463596 61.736111111111114
286.26881720430106 519.3131976416009 5512854.940463596 4136425.005844361 286.7741935483871
0.7972222222222223 515.6084776871523 4136425.005844361 6157716.314265226 0.0
107.70161290322581 520.5806837901075 6157716.314265226 7219785.898732372 107.29838709677419
121.60752688172043 522.6681998699223 7219785.898732372 -18023770.87954047 131.0241935483871
122.83333333333333 450.2036276953367 -18023770.87954047 -18191849.893225554 122.88888888888889
99.47311827956989 449.70754982970305 -18191849.893225554 -6553742.124833783 95.11827956989248
122.53888888888889 484.0569164470924 -6553742.124833783 -7398917.38621213 122.86111111111111
140.13709677419354 481.562418588267 -7398917.38621213 -14112193.755571777 142.6451612903226
182.91666666666666 461.7484766825841 -14112193.755571777 -4239293.602293555 179.23387096774192
261.4970238095238 490.88791014468694 -4239293.602293555 -11694844.047311328 264.5833333333333
173.86021505376345 468.88317873414894 -11694844.047311328 5909816.139007051 167.28494623655914
123.34722222222223 520.0934317214967 5909816.139007051 5569790.583369836 123.47222222222223
332.2231182795699 519.4251056293821 5569790.583369836 -740091.5622242359 334.5698924731183
0.925 501.21565208819254 -740091.5622242359 1627947.7220726043 0.0
215.44086021505376 508.2048165777677 1627947.7220726043 2571972.7811141056 215.08064516129033
178.73387096774192 510.99106529571543 2571972.7811141056 1641947.7338341307 179.07258064516128
172.48888888888888 508.2461370008308 1641947.7338341307 1858820.6075306404 172.39444444444445
130.7741935483871 508.88622781251763 1858820.6075306404 1397261.6976355654 130.93548387096774
149.76944444444445 507.5239568551574 1397261.6976355654 7355415.619338349 147.46666666666667
155.05913978494624 522.9347824242168 7355415.619338349 8677229.373653615 154.56720430107526
224.45967741935485 525.5328301482158 8677229.373653615 1803723.4496041525 227.02956989247312
330.9613095238095 508.72361095805496 1803723.4496041525 2375494.99240619 330.7291666666667
151.9784946236559 510.4111696863251 2375494.99240619 -6623562.242895225 155.33602150537635
123.76388888888889 483.8508454190276 -6623562.242895225 -5884679.158339392 123.47222222222223
299.56720430107526 486.0316265617943 -5884679.158339392 -3647063.6287812092 298.7231182795699
0.8333333333333334 492.63585103738353 -3647063.6287812092 -1506489.7002409366 0.0
194.86290322580646 498.95366146725 -1506489.7002409366 8329817.339285456 191.18279569892474
184.5994623655914 524.8499858048025 8329817.339285456 -9325928.115789855 191.18279569892474
178.3111111111111 475.8749306097075 -9325928.115789855 6284011.3673291495 172.27777777777777
144.56451612903226 520.8289188944055 6284011.3673291495 10788688.983340356 142.8709677419355
140.95555555555555 529.6829404155311 10788688.983340356 -6184069.242913656 147.5
165.65591397849462 485.14798980732274 -6184069.242913656 -8224515.667561393 166.41935483870967
236.2016129032258 479.1257013306925 -8224515.667561393 -15651931.402859602 238.9784946236559
326.6904761904762 457.20400828670546 -15651931.402859602 6591621.889246598 317.5
211.44086021505376 521.433532678864 6591621.889246598 -3164049.7226092815 215.08064516129033
174.20833333333334 494.06144547890074 -3164049.7226092815 310025.272897871 172.86111111111111
363.4005376344086 504.31502604816455 310025.272897871 13496317.41504272 358.46774193548384
5.294444444444444 534.6768975368817 13496317.41504272 -4730675.114491928 12.330555555555556
138.16397849462365 489.43761907955775 -4730675.114491928 -17617052.233658686 142.96774193548387
136.23655913978496 451.40404000939554 -17617052.233658686 -3281546.7234669654 130.8763440860215
120.15 493.7146582142334 -3281546.7234669654 -10551253.349313583 122.94444444444444
88.39247311827957 472.2584367165889 -10551253.349313583 3201696.3162816563 83.24731182795699
133.09166666666667 512.8496667975692 3201696.3162816563 -2136355.3593627205 135.1472222222222
156.48387096774192 497.09464049275465 -2136355.3593627205 3095136.1869250406 154.53225806451613
257.89247311827955 512.5351592313127 3095136.1869250406 -10243607.74228153 262.8763440860215
345.7232142857143 473.1664392849165 -10243607.74228153 -5963767.307899486 343.9583333333333
259.7741935483871 485.7982013436752 -5963767.307899486 -14280228.571156334 262.8763440860215
347.9194444444444 461.2525292657132 -14280228.571156334 -8608324.687079437 345.72222222222223
376.9220430107527 477.9929057779402 -8608324.687079437 11021494.550684988 369.5833333333333
539.175 530.1408225998341 11021494.550684988 7968080.31349255 540.3444444444444
378.36021505376345 524.1389854437613 7968080.31349255 2744065.116203663 380.3010752688172
365.0 511.4989883041351 2744065.116203663 -6437604.563044382 368.4166666666667
148.8972222222222 484.3996913867427 -6437604.563044382 -2583851.29890936 147.4
79.99731182795699 495.77387577797623 -2583851.29890936 -11215999.697035111 83.20967741935483
124.225 470.296466913605 -11215999.697035111 -7618432.956821641 122.83333333333333
146.03225806451613 480.91452797209917 -7618432.956821641 1371325.1508961895 142.67741935483872
170.02956989247312 507.4474062706062 1371325.1508961895 8731599.57873972 167.28494623655914
249.02380952380952 525.6396957237298 8731599.57873972 3102876.0603615725 251.35416666666666
255.2741935483871 512.5580031296108 3102876.0603615725 -17266205.689876188 262.8763440860215
122.83055555555555 452.43954825512253 -17266205.689876188 -18946794.034044564 123.47222222222223
375.3198924731183 447.4793651810722 -18946794.034044564 -3606916.217698231 369.5833333333333
367.0 492.7543443671819 -3606916.217698231 -7945915.748270414 368.6666666666667
288.4220430107527 479.9479768206387 -7945915.748270414 245718.86227821652 285.35483870967744
83.99462365591398 504.12522848672404 245718.86227821652 2226963.986631118 83.24731182795699
89.24444444444444 509.97278691199864 2226963.986631118 10602806.74998826 86.00277777777778
78.8736559139785 529.3175856810115 10602806.74998826 -1084699.5224785109 83.22849462365592
122.71388888888889 500.1985567491896 -1084699.5224785109 -1475744.293562595 122.86111111111111
164.95967741935485 499.0444051918152 -1475744.293562595 -5481747.940493502 166.45698924731184
285.31182795698925 487.22086044747545 -5481747.940493502 -9387991.905400082 286.7741935483871
514.3720238095239 475.69175204619773 -9387991.905400082 -13162750.676771272 515.9375
437.21774193548384 464.55071644914096 -13162750.676771272 5728509.0666949395 430.16129032258067
434.30555555555554 519.7370695448832 5728509.0666949395 11282427.129082227 432.15277777777777
1214.008064516129 530.6547807087983 11282427.129082227 13845758.74801312 1213.032258064516
919.9861111111111 535.1562755387905 13845758.74801312 11078074.3057587 921.0416666666666
443.7795698924731 530.2522675719489 11078074.3057587 -9915169.421528677 451.60752688172045
365.14784946236557 474.1358106393716 -9915169.421528677 13130589.266157556 356.53225806451616
260.7527777777778 534.1751766106132 13130589.266157556 -11475190.619782593 270.23333333333335
83.88440860215054 469.53147622899104 -11475190.619782593 -9695424.826238947 83.20967741935483
133.16666666666666 474.7843772118772 -9695424.826238947 -14760050.259003628 135.11666666666667
155.64247311827958 459.83635651711535 -14760050.259003628 -11782297.17654349 154.53225806451613
198.83333333333334 468.625064643988 -11782297.17654349 8718356.645918565 191.18279569892474
308.92559523809524 525.6136665109434 8718356.645918565 -12015085.291382296 317.5
151.6021505376344 467.9380006933958 -12015085.291382296 9981601.60673213 143.38709677419354
293.81388888888887 528.096596261508 9981601.60673213 3429546.0973850875 296.3333333333333
383.758064516129 513.5221554718938 3429546.0973850875 7363611.516206231 382.2795698924731
324.7138888888889 522.9508916008192 7363611.516206231 -11410578.325302286 331.95
117.68548387096774 469.7221765932824 -11410578.325302286 -14748091.597488914 118.9247311827957
88.25 459.87165198411026 -14748091.597488914 -1317363.0643795754 83.22849462365592
93.75555555555556 499.51186047018064 -1317363.0643795754 -13151060.450186143 98.31111111111112
78.91666666666667 464.5852196421689 -13151060.450186143 7117766.521848122 71.33870967741936
129.40277777777777 522.4676790257015 7117766.521848122 -8019058.916242809 135.23888888888888
143.57258064516128 479.73209795594346 -8019058.916242809 -5876469.395318526 142.7741935483871
202.69892473118279 486.0558573186715 -5876469.395318526 -7026291.732569492 203.13172043010752
267.4672619047619 482.6622069252317 -7026291.732569492 -40253.76978408336 264.5833333333333
174.65322580645162 503.2811927571421 -40253.76978408336 -12315673.054084087 179.23387096774192
181.54722222222222 467.05082904425655 -12315673.054084087 10179441.292580443 172.86111111111111
375.71774193548384 528.4854535750719 10179441.292580443 -7190885.40086565 382.19354838709677
371.0 482.1764159042411 -7190885.40086565 -1809966.045803363 368.9166666666667
369.0 498.0579642919978 -1809966.045803363 -1163999.5926556638 368.75
151.49462365591398 499.9645060566279 -1163999.5926556638 -9509799.975782175 154.6021505376344
99.39444444444445 475.33224084817675 -9509799.975782175 -6669414.354347769 98.28888888888889
83.47311827956989 483.715514915323 -6669414.354347769 -6092725.7025022395 83.24731182795699
126.18611111111112 485.41758627610983 -6092725.7025022395 2443461.3504039533 122.88888888888889
145.88440860215053 510.61176942255145 2443461.3504039533 10691870.629388902 142.80645161290323
201.9731182795699 529.4926422715575 10691870.629388902 7598598.196213756 203.13172043010752
278.1815476190476 523.4127619718685 7598598.196213756 8500999.945906268 277.8125
195.78494623655914 525.18644816954 8500999.945906268 -11183125.94102853 203.13172043010752
149.0888888888889 470.39349236822636 -11183125.94102853 -8810149.020539701 148.16666666666666
376.38709677419354 477.3972300753002 -8810149.020539701 9387113.144581394 369.5833333333333
370.0 526.9281189393497 9387113.144581394 12175857.728307033 368.9166666666667
367.0 532.414568252726 12175857.728307033 7910076.648863466 368.5833333333333
127.16666666666667 524.0249782408696 7910076.648863466 -1809173.1587610613 130.78763440860214
93.19166666666666 498.06030446346244 -1809173.1587610613 -15047168.539384233 98.28888888888889
81.45430107526882 458.98893945657454 -15047168.539384233 -19778257.24588243 83.20967741935483
122.68611111111112 445.02533783739534 -19778257.24588243 11668762.12912404 110.55
144.23655913978496 531.4157435876685 11668762.12912404 -16183876.911572712 154.63709677419354
195.90860215053763 455.6339943580765 -16183876.911572712 -3517444.5444784528 191.18279569892474
276.9642857142857 493.01841610173346 -3517444.5444784528 -5560029.894609965 277.8125
113.26881720430107 486.98981467998607 -5560029.894609965 9776898.597364152 107.54032258064517
58.53333333333333 527.694248967233 9776898.597364152 1462812.239194937 61.736111111111114
286.7016129032258 507.71742641471127 1462812.239194937 1763374.1988830476 286.5806451612903
0.7972222222222223 508.60452190738295 1763374.1988830476 3792381.0275255507 0.0
16.79032258064516 514.593046916192 3792381.0275255507 -14972587.95937941 23.79032258064516
76.79301075268818 459.2090607800839 -14972587.95937941 -382086.76279463584 71.33870967741936
89.35 502.2722876127226 -382086.76279463584 8217051.169437 86.02222222222223
74.69354838709677 524.628341953721 8217051.169437 -14820564.155014215 83.28494623655914
123.20555555555555 459.6577523968511 -14820564.155014215 -14009516.899324134 122.88888888888889
152.18010752688173 462.05152293791696 -14009516.899324134 11187664.063136991 142.7741935483871
