2.1928287527738837
1.5960826116574085
1.761347900056861
2.293185099047688
1.2868998924063075
1.3120814097299487
1.1983697639666002
1.002008974877724
1.3967906614150465
2.512356218017474
1.9955040018245853
2.56800759360416
1.9584261205026832
1.8977090029814807
2.6182432565266764
1.3882186607828197
0.5728826513545173
1.3809694165318862
2.007957674571287
2.533750556861579
2.750043687904155
2.978478711785345
2.4479297554722708
1.9739529242922347
1.8971574510760434
0.5938553929121513
2.118958983153574
2.6262259073803653
0.08265562226145207
0.28332606290908835
1.3928743647046176
1.6479460012137805
3.103193245423595
2.7350862235291804
2.6776369075295743
1.9620488602849755
1.7088831650315421
2.1064556450867165
1.3397381129316446
2.189292255428546
0.7164189303609341
1.2990245814728794
1.634418495825456
0.8638512800560503
2.9897659993873944
2.64358044870736
2.3588648926038207
1.9524240176831402
2.363878645060902
0.5790297054108628
2.8285863779514986
3.0239767976332637
0.1044546963737707
0.5573056062083528
2.490364554755643
2.9035779820871572
2.5501197282082266
3.04248377589517
2.3127496296086294
2.076173003352216
1.488469220417629
1.7075196558084378
2.3084601307001087
2.162165546702787
2.2137118050257847
0.8102898084282657
1.4422128519106652
3.0943791889655015
2.9807026820816147
2.681099635518968
2.5937575373482074
1.891220829620269
2.0956316221792757
1.2824047428921177
3.1162927125226427
3.0526393264830585
2.638797539073593
3.4002180544350757
2.768852226960134
2.3788253445279888
2.6368026801004025
2.9572916302101495
2.1996621087491004
2.768683401759617
1.420324523914695
1.6682657710440574
0.04038701899733699
0.9525204108391532
2.121842816052289
1.6157432096445348
1.7586544551705807
0.08747055938828074
2.1239061287940606
3.006249564881313
2.1424455792521977
2.800023975541502
1.9011457309509256
0.2002078914918073
1.7014992759119443
1.3753119006177563
0.167999023956813
0.2053289449515927
1.8812243015666938
2.796821515454274
3.134152802311964
3.1614581720058403
2.5635079241693246
2.732342573701729
1.9550104968731226
2.2388102085273527
2.5566929080982446
3.143520903811485
0.8360096129835877
3.4002180544350757
2.4303212146942927
2.19477693737361
2.970301198075259
3.0599991143340914
2.660170567003726
2.539786813523091
2.592798724424515
1.7869414105718429
2.554637115066472
2.3246123273337345
0.4057558219650179
3.4002180544350757
1.6612058880220415
1.913890166390634
2.0507731885528138
2.33467624993275
2.253842694824961
1.9750020946284144
1.2613886065993345
0.9729788243089912
2.1178496745623177
2.6583873763010244
1.495431757152727
3.4002180544350757
1.990746654190911
1.6091603357442925
2.4676483293821967
2.1060383381543852
2.0097984013994115
2.3503911154757064
2.0035888534496715
2.2087922866198744
1.4419128279290703
2.2300071892740103
0.6093331834488249
3.279390198785252
2.451063835883224
2.9149870218680642
2.5711061023957242
2.957768780198201
2.295926866111209
2.283089803144941
1.187022376355837
1.7272923863529477
1.7287355029564107
1.9058240625265297
1.272580759545848
1.207155583953936
0.14171611227377845
0.32788474086755803
2.508593321182385
2.8071578817280844
2.7864086190015485
2.546716871760978
2.0574185237187086
1.259518673295883
1.1865595398722397
2.9476688078608424
2.1417629970935925
0.9404127638163104
1.7144733729880979
2.7533059245667584
2.715941685509196
2.5918501618651937
2.5122503531801366
2.1718703975266354
1.5453378929721002
0.945959872412248
1.3695059368916604
0.3529153154111606
1.3800260518763352
1.3893371969542816
1.0186139949115454
1.4537039311520197
0.7622980516284321
2.9754575434199286
2.679798516448778
2.7268495041802296
2.4376431887951786
0.6967520475660733
2.685879899871882
0.6418725204488434
0.1526680301564145
0.4377475557795285
2.7913949258905917
3.0373265830070304
2.6947186697555945
3.0632514528741135
2.1981598503640383
2.559149574792391
2.104584013111725
1.9384501617382581
2.0190572055727394
2.5782620750323755
0.28737577870652453
1.229812629636672
0.7071110328955039
2.248387942572678
2.8721416374642312
2.884258181999191
2.647531401432515
2.2190789581445816
1.4245333308513948
1.0772505483149706
1.491951539639149
2.6587433645099057
1.2895486606791127
0.001599040415446673
0.2676761606111464
2.183276610621018
2.7055196601757197
3.0430697055188833
3.056166098906664
1.8732777799641274
2.62906860571791
1.6650738292635496
2.706553022260607
2.8274154377319345
1.0938654640079264
3.4002180544350757
3.1961503757202707
3.0928113694704167
2.765194714161499
2.621402469714123
2.883645052889438
2.753708860057485
