238.0 582.0 62840000.0 60304786.907298975 238.9784946236559
236.0 580.4492047571243 60304786.907298975 55241551.81834106 238.125
242.0 576.7577025461231 55241551.81834106 63271965.4308402 238.9784946236559
243.0 582.2694561923519 63271965.4308402 52871851.66350343 246.94444444444446
396.10483870967744 574.9412490206214 52871851.66350343 57477825.656644404 394.31451612903226
712.3027777777778 578.4718803881092 57477825.656644404 47388562.1280699 716.1388888888889
535.2956989247311 570.7381262805345 47388562.1280699 40752688.70298212 537.7016129032259
261.31451612903226 565.6515098775363 40752688.70298212 36351986.69114675 262.8763440860215
245.0 561.5971804351123 36351986.69114675 63051217.66003401 234.59722222222223
245.0 582.1317556970231 63051217.66003401 46875115.75695548 250.92741935483872
241.0 570.3445526593897 46875115.75695548 63369740.361004226 234.59722222222223
244.0 582.3304473238372 63369740.361004226 44856741.135287546 250.92741935483872
237.0 568.797401772039 44856741.135287546 39643271.03779474 238.9784946236559
239.0 564.801104553019 39643271.03779474 41837936.33109558 238.125
243.0 566.483388069427 41837936.33109558 52546844.08060773 238.9784946236559
243.0 574.6921199615881 52546844.08060773 42146434.0511918 246.94444444444446
244.0 566.7198617727071 42146434.0511918 55409070.81313936 238.9784946236559
244.0 576.8861113948414 55409070.81313936 47636996.867509745 246.94444444444446
245.0 570.9285597230911 47636996.867509745 63577940.19391301 238.9784946236559
245.0 582.4603205271508 63577940.19391301 47484477.50868146 250.92741935483872
245.0 570.811648591324 47484477.50868146 42179662.13853728 246.94444444444446
245.0 566.7453322003818 42179662.13853728 58006682.12481189 238.9784946236559
245.0 578.8772663581975 58006682.12481189 52865521.474060245 246.94444444444446
245.0 574.9363967210983 52865521.474060245 37031088.94926424 250.92741935483872
241.0 562.2848220333384 37031088.94926424 42530938.118032716 238.9784946236559
239.0 567.014596854003 42530938.118032716 44725346.58309683 238.125
239.0 568.6966835030752 44725346.58309683 44720761.55109959 238.9784946236559
245.0 568.69316892444 44720761.55109959 39504131.57284583 246.94444444444446
248.0 564.6944495523317 39504131.57284583 63480481.480418466 238.9784946236559
255.1888888888889 582.3995266488104 63480481.480418466 52706105.595660046 259.2916666666667
252.88709677419354 574.814199179038 52706105.595660046 57767791.71198264 250.92741935483872
246.0 578.6941489575819 57767791.71198264 44352232.44351613 250.92741935483872
247.0 568.4106791776451 44352232.44351613 44231161.66988135 246.94444444444446
246.0 568.3178744263118 44231161.66988135 62736770.558418795 238.9784946236559
245.0 581.9368543309477 62736770.558418795 57595702.522461414 246.94444444444446
245.0 578.56223690349 57595702.522461414 41761172.06619742 250.92741935483872
242.0 566.4245457220852 41761172.06619742 49939569.05782978 238.9784946236559
239.0 572.693557444128 49939569.05782978 52134246.73563846 238.125
244.0 574.3758504536708 52134246.73563846 33517395.641333703 250.92741935483872
256.0 558.7269459505233 33517395.641333703 56813207.867362484 246.94444444444446
244.0 577.9624288762849 56813207.867362484 38072174.28068183 250.92741935483872
254.0 563.3389984443701 38072174.28068183 56219547.829803556 246.94444444444446
248.0 577.5073688274547 56219547.829803556 48192080.14800927 250.92741935483872
250.0 571.3540494120512 48192080.14800927 45490151.44767465 250.92741935483872
248.0 569.2829317209129 45490151.44767465 47961588.383129045 246.94444444444446
246.0 571.1773698527993 47961588.383129045 34462757.67773246 250.92741935483872
246.0 559.6841953983658 34462757.67773246 63917386.581874296 234.59722222222223
245.0 582.6720641637417 63917386.581874296 48082782.52613097 250.92741935483872
233.0 571.2702691708319 48082782.52613097 64159665.86629718 227.02956989247312
236.0 582.8231958256882 64159665.86629718 59096576.34913599 238.125
238.0 579.7101397880353 59096576.34913599 56413558.113226674 238.9784946236559
240.0 577.6560841248681 56413558.113226674 38237173.82982699 246.94444444444446
244.0 563.5060727727566 38237173.82982699 51499915.80821038 238.9784946236559
244.0 573.8896148229268 51499915.80821038 43727831.174212314 246.94444444444446
245.0 567.9320549581888 43727831.174212314 59668872.154797465 238.9784946236559
237.66666666666666 580.0602143500091 59668872.154797465 55937857.282265045 238.9784946236559
240.88611111111112 577.2914437083494 55937857.282265045 39970377.75196679 246.94444444444446
234.06182795698925 565.0518426655857 39970377.75196679 58505429.763857216 227.02956989247312
242.28055555555557 579.2595729151811 58505429.763857216 46315580.90641512 246.94444444444446
244.99462365591398 569.9156506947971 46315580.90641512 62470743.74476703 238.9784946236559
238.0 581.7741251630224 62470743.74476703 59935311.34491833 238.9784946236559
233.0 580.2231957694979 59935311.34491833 47614388.171649344 238.125
237.0 570.911229410132 47614388.171649344 42252965.59291789 238.9784946236559
245.0 566.8015217220262 42252965.59291789 37036282.371892124 246.94444444444446
249.0 562.2900807604202 37036282.371892124 63691070.594119735 238.9784946236559
245.0 582.5308902642236 63691070.594119735 58511204.81235492 246.94444444444446
235.11290322580646 579.2639996808132 58511204.81235492 47971034.017830506 238.9784946236559
216.86290322580646 571.1846102441286 47971034.017830506 52526456.2750003 215.08064516129033
239.30833333333334 574.6764920344441 52526456.2750003 64472816.76911339 234.59722222222223
232.95430107526883 583.0185365726094 64472816.76911339 48037336.909478925 238.9784946236559
245.96666666666667 571.2354336029573 48037336.909478925 45401779.48041656 246.94444444444446
246.0 569.2151916858904 45401779.48041656 64249787.43478955 238.9784946236559
238.0 582.8794128582584 64249787.43478955 61714327.52867068 238.9784946236559
237.0 581.3114237542401 61714327.52867068 59070340.767094456 238.125
237.80107526881721 579.6925958785845 59070340.767094456 55854619.56886474 238.9784946236559
96.61666666666666 577.2276392486789 55854619.56886474 50078851.270876616 98.77777777777777
147.747311827957 572.8003218659525 50078851.270876616 61571518.64615272 143.38709677419354
144.73611111111111 581.2240672569551 61571518.64615272 52541207.15969779 148.16666666666666
145.00806451612902 574.6877990753195 52541207.15969779 56697709.46509001 143.38709677419354
193.94354838709677 577.8738955318576 56697709.46509001 63874737.387799196 191.18279569892474
211.4388888888889 582.6454599759481 63874737.387799196 35589226.90971228 222.25
183.88709677419354 560.8248293658901 35589226.90971228 47753968.38962495 179.23387096774192
42.03611111111111 571.0182222625882 47753968.38962495 60599254.8052562 37.041666666666664
49.56182795698925 580.6293313968323 60599254.8052562 33366408.404678203 59.744623655913976
98.15053763440861 558.5740601318053 33366408.404678203 40304870.95197226 95.59139784946237
235.58928571428572 565.3082427637863 40304870.95197226 34248419.0261845 238.125
248.0 559.4671615553027 34248419.0261845 58349508.286758944 238.9784946236559
241.0 579.1400539472652 58349508.286758944 42765276.21347389 246.94444444444446
249.0 567.1942247528132 42765276.21347389 37415742.53951018 250.92741935483872
265.0 562.6743124324623 37415742.53951018 52071682.730544314 259.2916666666667
251.0 574.3278930750164 52071682.730544314 52079327.59431847 250.92741935483872
250.0 574.3337531158854 52079327.59431847 49377600.104620665 250.92741935483872
248.0 572.2627896593535 49377600.104620665 51848811.16907579 246.94444444444446
246.0 574.1570546536502 51848811.16907579 38349943.422846794 250.92741935483872
245.0 563.6202603818369 38349943.422846794 33208545.965279575 246.94444444444446
245.0 558.4142126584235 33208545.965279575 49377945.42029208 238.9784946236559
239.0 572.2630543552339 49377945.42029208 49521043.855947584 238.9784946236559
241.0 572.3727440378757 49521043.855947584 56554023.44948552 238.125
249.0 577.763755449756 56554023.44948552 51329321.80739914 250.92741935483872
250.0 573.7588488804212 51329321.80739914 59072674.39647484 246.94444444444446
246.0 579.6943846826687 59072674.39647484 45688183.94367197 250.92741935483872
254.0 569.4347301772635 45688183.94367197 63836235.13503663 246.94444444444446
247.0 582.6214426132482 63836235.13503663 53130374.595839486 250.92741935483872
247.0 575.1394153966104 53130374.595839486 42393048.21759779 250.92741935483872
247.0 566.908899685834 42393048.21759779 42272598.24152145 246.94444444444446
246.0 566.8165707963566 42272598.24152145 60777800.98246613 238.9784946236559
245.0 580.7385484733171 60777800.98246613 55636738.90292519 246.94444444444446
246.0 577.0606265137653 55636738.90292519 42480736.976709016 250.92741935483872
243.0 566.9761160192209 42480736.976709016 53337430.63066412 238.9784946236559
240.0 575.2981306938458 53337430.63066412 57951441.042545095 238.125
241.0 578.8349222420311 57951441.042545095 63303528.328099854 238.9784946236559
190.76944444444445 582.2891448468321 63303528.328099854 45539039.54319007 197.55555555555554
246.70430107526883 569.3204060626657 45539039.54319007 34040775.9480014 250.92741935483872
221.05555555555554 559.2569074787837 34040775.9480014 62808995.45324805 209.90277777777777
172.88172043010752 581.9810344527847 62808995.45324805 45610336.57671621 179.23387096774192
201.21236559139786 569.3750575963807 45610336.57671621 40252429.53371832 203.13172043010752
225.68055555555554 565.2680446826598 40252429.53371832 48880600.249524 222.25
217.23655913978496 571.881822836559 48880600.249524 54354743.37845627 215.08064516129033
156.11944444444444 576.0779345536263 54354743.37845627 42864141.877582066 160.51388888888889
51.446236559139784 567.2700085534572 42864141.877582066 52682517.37208497 47.795698924731184
86.8010752688172 574.7961180256964 52682517.37208497 61227331.32655141 83.64247311827957
135.92857142857142 581.0135271412415 61227331.32655141 38098670.67148273 145.52083333333334
192.54569892473117 563.3658280128184 38098670.67148273 41687180.66982439 191.18279569892474
208.82222222222222 566.3678288701559 41687180.66982439 38710372.734573945 209.90277777777777
249.88978494623655 563.9852218953661 38710372.734573945 35744106.18634504 250.92741935483872
218.79722222222222 560.981656164863 35744106.18634504 58658674.969382904 209.90277777777777
195.38172043010752 579.3770404324429 58658674.969382904 37714933.11569326 203.13172043010752
204.04032258064515 562.977265166784 37714933.11569326 39931405.99845981 203.13172043010752
226.96666666666667 565.0219695278774 39931405.99845981 51893146.125180185 222.25
226.51075268817203 574.1910388634898 51893146.125180185 50203309.16828946 227.02956989247312
236.72222222222223 572.8957229596607 50203309.16828946 55610265.62882009 234.59722222222223
244.9784946236559 577.040333873795 55610265.62882009 39718164.304845616 250.92741935483872
123.84139784946237 564.8585127186442 39718164.304845616 51459399.69734812 119.48924731182795
202.0625 573.8585578842398 51459399.69734812 60306240.98177606 198.4375
197.9784946236559 580.4500942175758 60306240.98177606 46441926.13020127 203.13172043010752
164.73333333333332 570.0124984865771 46441926.13020127 57204227.12936789 160.51388888888889
244.78494623655914 578.2621580701067 57204227.12936789 40565239.74597779 250.92741935483872
216.51666666666668 565.5078240537805 40565239.74597779 57568751.39612148 209.90277777777777
189.86021505376345 578.5415779739809 57568751.39612148 53840705.35842303 191.18279569892474
195.50806451612902 575.6839074140216 53840705.35842303 33203866.58243498 203.13172043010752
221.4 558.4094744348945 33203866.58243498 62741284.03648861 209.90277777777777
220.3548387096774 581.9396152350861 62741284.03648861 44563989.43594868 227.02956989247312
238.825 568.5729979143293 44563989.43594868 55421213.17185436 234.59722222222223
244.98387096774192 576.8954189142972 55421213.17185436 39543552.95133132 250.92741935483872
195.21236559139786 564.7246673424534 39543552.95133132 50421554.21157868 191.18279569892474
205.84821428571428 573.0630150018615 50421554.21157868 36423274.13701838 211.66666666666666
227.1021505376344 561.669364281693 36423274.13701838 36555503.457158 227.02956989247312
212.11111111111111 561.8032563133368 36555503.457158 42104108.410826296 209.90277777777777
248.9005376344086 566.6874177698218 42104108.410826296 36488220.294385545 250.92741935483872
288.0 561.7351271015287 36488220.294385545 46751694.68620499 283.9861111111111
235.38172043010752 570.249946327602 46751694.68620499 36931181.35708663 238.9784946236559
228.69623655913978 562.1836581577384 36931181.35708663 41177897.90280428 227.02956989247312
235.4138888888889 565.9774467892237 41177897.90280428 43030283.883703694 234.59722222222223
244.03225806451613 567.3973618948229 43030283.883703694 56265355.735064164 238.9784946236559
245.99444444444444 577.5424821015272 56265355.735064164 53701807.016234756 246.94444444444446
246.0 575.5774372419035 53701807.016234756 40545783.96568782 250.92741935483872
243.0 565.4929105548608 40545783.96568782 51402523.435677245 238.9784946236559
238.0 573.8149603489911 51402523.435677245 51178066.62999188 238.125
250.0 573.6429067855148 51178066.62999188 48631759.56874336 250.92741935483872
258.0 571.6910782265418 48631759.56874336 45107139.46140459 259.2916666666667
258.0 568.989340368712 45107139.46140459 63862991.81281092 250.92741935483872
258.5138888888889 582.6381331907766 63862991.81281092 61706572.46106972 259.2916666666667
290.6532258064516 581.3066799628884 61706572.46106972 39904694.8086827 298.7231182795699
272.0241935483871 565.0014945176775 39904694.8086827 64187714.76284368 262.8763440860215
247.0 582.8406924777893 64187714.76284368 64065691.60041321 246.94444444444446
246.0 582.7645755147645 64065691.60041321 50567877.5631015 250.92741935483872
246.0 573.1751766891509 50567877.5631015 48018494.427806675 246.94444444444446
246.0 571.2209902177075 48018494.427806675 34862473.2732673 250.92741935483872
250.0 560.0889371992713 34862473.2732673 64468075.83397978 238.9784946236559
241.0 583.0155792194554 64468075.83397978 39497031.27269841 251.35416666666666
259.0 564.6890069374892 39497031.27269841 61056320.11228496 250.92741935483872
246.0 580.9089192176211 61056320.11228496 58431645.337314665 246.94444444444446
249.0 579.2030147124707 58431645.337314665 53082322.323028214 250.92741935483872
257.0 575.1025817405978 53082322.323028214 47002112.991186745 259.2916666666667
254.0 570.4419002387353 47002112.991186745 55044606.241522424 250.92741935483872
225.4220430107527 576.6067372492632 55044606.241522424 50521792.76333152 227.02956989247312
236.42777777777778 573.1398511662811 50521792.76333152 55002211.611751996 234.59722222222223
229.61021505376345 576.5742403637178 55002211.611751996 61613181.50584395 227.02956989247312
241.69722222222222 581.2495525168727 61613181.50584395 47911282.2558404 246.94444444444446
245.98655913978496 571.1388085428035 47911282.2558404 34719240.14545495 250.92741935483872
249.0 559.9439029930815 34719240.14545495 61646424.59465609 238.9784946236559
261.9434523809524 581.2698873850289 61646424.59465609 55338218.216079146 264.5833333333333
396.0 576.8318005363733 55338218.216079146 59789489.98830009 394.31451612903226
256.71666666666664 580.1339965353964 59789489.98830009 52938719.08975302 259.2916666666667
1065.2096774193549 574.9925051138888 52938719.08975302 57439929.95449279 1063.4543010752689
931.7833333333333 578.4428320793457 57439929.95449279 40169671.01996038 938.3888888888889
479.48118279569894 565.2046075453603 40169671.01996038 44061291.15114972 477.9569892473118
267.01075268817203 568.187663056743 44061291.15114972 54916693.737533435 262.8763440860215
249.0 576.5086880853838 54916693.737533435 59979630.53707306 246.94444444444446
246.0 580.2503059136351 59979630.53707306 46481311.17237857 250.92741935483872
246.0 570.042688423717 46481311.17237857 43932038.66087302 246.94444444444446
246.0 568.0885867490659 43932038.66087302 62779950.451966055 238.9784946236559
239.0 581.9632675637026 62779950.451966055 62923122.979722925 238.9784946236559
239.0 582.0518513751656 62923122.979722925 33113730.74334188 251.35416666666666
253.0 558.3182051868386 33113730.74334188 38602656.47888615 250.92741935483872
251.0 563.8761511665757 38602656.47888615 48938565.15686284 246.94444444444446
244.0 571.9262548547094 48938565.15686284 62200983.12260784 238.9784946236559
245.0 581.6091120164888 62200983.12260784 57021083.17890758 246.94444444444446
245.0 578.1217721762167 57021083.17890758 40958260.03393716 250.92741935483872
244.36290322580646 565.8090871001622 40958260.03393716 55162067.58697707 238.9784946236559
232.71666666666667 576.6967752545465 55162067.58697707 50023540.5238994 234.59722222222223
231.6236559139785 572.757924349482 50023540.5238994 62027165.691683054 227.02956989247312
244.9638888888889 581.5027875241678 62027165.691683054 56792557.58609002 246.94444444444446
245.0 577.9465997528646 56792557.58609002 40958012.38689852 250.92741935483872
238.0 565.8088972705184 40958012.38689852 38422771.03405677 238.9784946236559
242.0 563.6940037604943 38422771.03405677 47874954.484933294 238.125
241.0 571.1109621051843 47874954.484933294 53227121.72982609 238.9784946236559
240.0 575.2135752738646 53227121.72982609 35050485.97388583 246.94444444444446
252.0 560.279314056946 35050485.97388583 37736605.46569397 250.92741935483872
270.0 562.999210034753 37736605.46569397 33348159.22100782 271.6388888888889
236.31720430107526 558.5555814746142 33348159.22100782 58037737.29444807 227.02956989247312
218.66129032258064 578.901071172598 58037737.29444807 35405984.332421325 227.02956989247312
246.92222222222222 560.6392826132394 35405984.332421325 35083847.92978207 246.94444444444446
235.0779569892473 560.3130955212221 35083847.92978207 56340206.147036575 227.02956989247312
244.96666666666667 577.5998574173176 56340206.147036575 51112670.97427098 246.94444444444446
245.0 573.5927788530233 51112670.97427098 35278269.21707893 250.92741935483872
243.0 560.5099615500535 35278269.21707893 46134883.791707695 238.9784946236559
238.0 569.7771403814193 46134883.791707695 45910302.39751411 238.125
249.0 569.6049913167317 45910302.39751411 40685576.14198241 250.92741935483872
218.0 565.6000658803773 40685576.14198241 61497310.43849502 209.90277777777777
245.0 581.1786739384411 61497310.43849502 45434914.47980318 250.92741935483872
272.0 569.2405907585666 45434914.47980318 46230533.208552286 271.6388888888889
249.5994623655914 569.8504588221869 46230533.208552286 42486693.515777625 250.92741935483872
197.42741935483872 566.9806819033766 42486693.515777625 58995178.61652113 191.18279569892474
231.05833333333334 579.6349816048483 58995178.61652113 49557961.98300847 234.59722222222223
235.15322580645162 572.4010430030075 49557961.98300847 39011431.34110422 238.9784946236559
243.66944444444445 564.2900661494966 39011431.34110422 62425335.729370244 234.59722222222223
244.997311827957 581.7463489833914 62425335.729370244 46583559.78032738 250.92741935483872
235.0 570.1210653626758 46583559.78032738 36013296.633683346 238.9784946236559
243.0 561.2542315350996 36013296.633683346 47884520.057991676 238.125
237.0 571.1182944332301 47884520.057991676 42523018.49780989 238.9784946236559
169.58055555555555 567.008526203231 42523018.49780989 33844213.66890469 172.86111111111111
245.61827956989248 559.0578735363496 33844213.66890469 51441772.02297905 238.9784946236559
175.18333333333334 573.8450456889569 51441772.02297905 57321694.20761655 172.86111111111111
213.80107526881721 578.3522004697662 57321694.20761655 53708470.81338302 215.08064516129033
181.94086021505376 575.5825452627636 53708470.81338302 60741994.01815556 179.23387096774192
219.98333333333332 580.7166452770632 60741994.01815556 54603398.409810185 222.25
220.40860215053763 576.2685368572193 54603398.409810185 36568956.54318119 227.02956989247312
236.19722222222222 561.8168785645713 36568956.54318119 40615123.45990559 234.59722222222223
245.9731182795699 565.5460615699677 40615123.45990559 59390987.89368833 238.9784946236559
