2.195272360048123
0.3643341954060517
0.3258655590213895
0.17837161615097674
2.686656729133265
2.476553660869036
3.3292769566791716
2.140313839768856
0.4316565293083392
0.10633938075635907
0.0987758967300536
1.0393852175946288
2.780874305654577
2.478653455330348
2.867620847839855
1.398014203405649
1.4019519265148679
2.291494097225149
1.412130775527577
0.5931338506410953
0.25109653042545776
0.086698840454833
0.196832406540572
0.995389103012676
3.2005298232086563
2.730605543931077
0.7272656887158777
0.9798406627785798
2.140077402013472
1.1428037284756845
1.0230418278338824
1.029672084622518
0.042452039402509634
0.35390002748890437
0.20214329706841738
0.7902750500622213
2.275698892304863
1.9429351964003727
0.9182275037730374
0.7285250279362212
1.4391032253658649
2.1460311646407906
0.019709861125633665
0.6871029647199958
0.5248617885400755
0.0678657297393861
0.10882339260494334
1.5602610133784074
3.1450332544603707
2.732710949802991
0.2041715381249536
1.5851529600146903
1.3562491660171823
2.5159442627158457
2.645253577511549
0.36658992386563716
0.26792061989541827
0.7730222918254563
0.6339483448487471
1.084006072509422
1.7675659738113805
0.7621300625558436
0.6461492818762475
1.1690669538709186
1.1856584743363845
2.4600995471689373
2.603854273386816
0.6209504590080148
0.003088305896415733
0.055412659058139635
0.33852666464096437
1.1327724943024977
1.8817733146906646
0.16966462589929776
1.4827139580803301
2.342534523981355
1.6065154041561833
2.5936970891365534
0.17198872189481618
1.8453770837744499
2.7505501928398712
2.9526398916379635
2.947439508446789
2.5944254210074913
2.2612766297768747
0.6891713192537319
1.158726098936362
1.2128956985872632
2.7483168436250525
0.08436408343290713
2.631810308007509
0.1563066473226109
0.3152848349953614
0.12422761594709408
0.10978056929892066
0.5671008075539037
3.1887687751620506
2.5859888729184872
2.620976853884975
1.7842763283281489
1.0854563863729165
2.474195489108362
1.3380797632514856
1.206059959770979
0.11548189174637713
0.22209922712628583
0.07116140768530732
0.35722161741758374
1.6742955006861235
2.218667170365615
1.6737613036274273
1.771836737396552
0.7521986369103644
2.787560504171491
2.0924384115959533
0.07824675741809939
0.3771569173920337
1.500897541775245
2.940077473053088
2.607415653350608
2.3996090462038238
1.8783839183875122
0.3896889023847283
1.4865454532278102
1.5964860526499134
2.4778889504970607
2.6343081076167167
0.6789414467378556
0.12698000067597226
0.6452631807024174
0.6859947342741233
0.2678856883215861
1.9781799531424227
1.147750242876001
1.4484910944801888
1.11404149135634
0.9826684142716422
2.607651971857071
2.7812930498789568
0.5026644001065996
0.10544812409618487
0.48941139496554564
0.7397276769859591
1.4111665921366991
1.6475159576091227
0.9796901100423341
1.0211140283009748
0.7588231612597971
2.2533032074201795
2.524868772487451
2.444141104156292
0.28470001078103513
0.1273334505520336
0.19428714289584503
0.19608240170265967
0.8920235908917862
2.9844663666249547
2.360640229878519
0.5074585248835985
1.801331448899914
2.4773580634768644
2.135342317985307
2.832419579441389
0.48340786257781954
0.1798719543926377
0.12451788932709906
0.38831017746554686
0.6473024252346171
2.862983821999638
2.1119003248666592
2.2394801963460678
1.525244166967771
1.3540856843110625
2.475464271732374
2.649467877543017
0.8674121293904551
0.1726341567115801
0.44777683237187427
0.1043085419004286
1.409154392301276
1.8538314754778948
2.1279699379091657
3.4002180544350757
2.8215482724076475
3.400722207540702
3.1185640635642633
3.4589430037156763
0.16666375593283433
0.22012972858284252
0.05176959607064324
0.34062045891102377
1.8093466674742187
2.5218174665412
2.031851610313381
1.6179085624019187
1.5756961083271808
1.3243866279548415
2.4648493926781745
2.6537352334444715
0.5198776526003375
1.0684666264951925
0.9637569606802714
0.20132048218986842
2.577862996220625
1.9749639766427465
1.906428143887314
0.9282056312186673
0.5825721278353582
1.9590886118193076
2.109214244560597
2.6655577427728785
0.6058119572761251
0.05612183565799933
0.3976584072720031
0.2199442850591562
1.5689317382847543
2.6293408486274616
0.732012909779769
1.515081910157826
1.080201231476305
2.1685558348360443
2.3174254105907766
2.636330389633822
0.05851653617685448
0.6873228645295661
0.1036190147947238
0.5536995857733475
1.58676551929939
0.2578891020451364
1.280401853573065
0.6812272337859255
1.9975516046028627
0.6697205965935202
2.6414539599262836
0.6742453342870371
1.6567554291553552
2.638220705981406
2.7477484540764214
2.9564974786799114
2.611581103126883
