2.1841280299034844
1.1071563330501557
0.02561743426162888
1.224056432877672
1.3954932412508079
1.2476256496490592
1.2143901178030356
1.594045086443991
1.3207820839975524
2.120173397336651
1.772824849958795
1.5580097469177303
1.3726806592802059
0.26855125231624033
1.442039043320865
0.7677073150707212
1.4195297725610567
0.7345659092734378
1.7018065091191514
1.961103876226017
2.024087757718892
2.2025789082713083
1.9660794790276628
1.5474365793879612
1.214187408947665
0.5809969535714905
0.8036014286895856
1.696295472997306
1.002268678776689
1.3639266199939737
0.7830523369781632
2.091588906540389
2.1449819107575285
2.1842101121231665
1.8698418239448578
1.8355649525847093
1.3108430463532685
0.14437687309385794
1.5354021165123874
1.7573321504388617
1.139774252711704
1.3206584709995495
0.03049204806450101
2.080231618850065
2.27936787938064
2.4161238939538565
2.014774112740035
1.8473643891400229
1.5554338905376803
0.6841660697691667
2.103490941935301
2.5786059150541747
0.2534571142958
0.3056806975866575
1.7720099952180566
2.2407611778370526
2.4181834688803603
2.5015394107234865
2.050119112219379
1.8851373324643592
1.1956277250449086
0.2918009116913658
1.4878563853690898
2.30372767348038
0.3717151017630842
0.6269128177651133
1.6748953451845516
1.8580447756620613
1.7398719460156895
1.9139355610492441
1.751698559035366
1.7071613623336412
1.5569353561737926
1.3392526708485901
2.8485883247821207
3.0342507746684517
2.514886529547942
2.8809948954767712
1.8039307081216094
1.989011777969604
1.9657489224932343
2.251267917445939
2.306492696372142
2.0925075670859643
1.591222029915015
1.1361210969134783
0.5760862315783637
0.7491115790148117
0.5170753849756284
0.2065139365938955
1.3472688279655278
1.897693540973039
2.21933056945129
2.25888893483278
2.021054508356779
1.8933258439741842
1.0037863169745047
0.04241869921654828
1.572349176843716
0.04090955705180521
0.8221191678757576
0.3329681458902045
2.2786829043325487
2.2465345698193384
2.2448533107950563
2.3486995556155152
2.1774783001560514
2.0073711595453787
1.8669076372066382
1.2629597365156622
2.300636893779789
2.6922941562660987
0.7913155349920733
2.9777571830588023
1.2834489624969083
1.7004654021247743
1.938559248133814
2.150179591585208
2.204600755650798
1.9166493057488783
1.6355467546655849
1.2314569503626003
0.9220864869780265
2.1534591271410726
0.2199737148447718
3.2693387120982695
2.0775898885648845
2.1918708691159683
2.2157005466620823
2.2851101945860135
2.261421283118973
1.936918194609948
1.313228627704349
0.7037097314651146
1.315986645263242
2.2432508161781195
0.47626024553667046
3.3674245715779745
1.8283808056617168
1.9639118157749005
2.0556382754551965
2.2774219372275395
2.1289044899093885
1.8022435669013184
1.343671039578504
0.5208574235065786
0.7069027836256017
1.8055023437584001
0.12760667664106773
3.1940719370855613
1.6942944951038748
1.6711404618531203
1.7234390476643373
1.9278017826592675
1.8446121752116527
1.734796123309128
0.9742279647828753
0.4583292498226208
0.9763110088203333
1.3368327174683485
0.8668880674163981
1.2751104945629432
1.4431777619607233
1.4681436612880239
2.282841364356499
2.3197640934234447
1.994989772754598
1.7055908153791968
1.6401646722403527
1.3106216142184164
1.0384701471556972
2.3423333120219896
0.4306820112616858
0.6298676348496111
1.558926469822922
1.6653412635521214
1.7826916591116249
1.8531387010413176
1.662595008252174
1.5947783483495672
0.2843243287441939
0.6715595468286981
0.5463602902015277
1.3791241558456093
1.4036328779166496
1.3458455124506852
1.5871101532971679
1.596830487929366
2.1163751342919284
2.331039588216135
1.9773758099455203
1.8470566159560402
1.2692983860104592
0.5237265619120484
1.8068693831672442
1.9430924392316922
0.5205054204082176
0.6909104865578102
2.071858092718976
2.2506537346393287
2.2737128154039183
2.269030813868872
2.030645145907462
1.8777049144414486
1.4526948027420965
0.9288331040917193
1.8649729982327379
1.6117419793807812
0.013194115911691728
0.5997621405212934
0.10659235803627443
1.8843924370819451
2.205354375651568
2.2097857607778684
1.9130022645119649
1.9215313859945493
1.387419638357143
0.8389024245593628
1.437935650111835
2.1647107478288357
0.18848119753641956
0.4820618747740917
0.6807162520571985
2.0372586663662613
2.0274124014812918
2.1614824633088174
1.779218635188031
1.6084746704814583
1.3181639613454221
0.7850461439365328
2.416560257751482
2.836216097601396
1.0004857915812702
3.4002180544350757
2.0154776467553432
2.1893146826517826
1.8610257299815514
2.123531095673318
1.9221830004951628
1.6861332576828683
