0.10875310473907529
0.46360720668949496
0.20531067790816548
0.10379000673904892
1.8161748155769004
2.9627358222789244
2.8845488924334983
0.11084069169669641
0.6303347864665154
0.058368283325511694
0.4772733112329073
0.062210957369886355
0.3519309968053994
0.7230065128788037
0.3945526811661382
0.2433565238941715
0.39019708572197764
0.20294552276106526
0.3126773219416408
0.06472269072994097
0.31483070130616575
0.38972794738988537
0.16627055481870334
0.08078916190797436
0.4718858258039078
0.6863133450410879
0.3537861207678432
0.35385085558815943
0.4275030360971974
0.06354694385977178
0.08315244882997641
0.008114650073453245
0.35905401787256874
0.36076338321212464
0.10991618115995427
0.010665814581624744
0.3956364949536768
0.5921729434753837
0.0916300646025272
0.537418139301097
0.02226603535944438
0.4524690115470129
0.031066846275885407
0.1500713618835463
0.34298804879898714
0.1534883249805552
0.6638081890286691
0.06881778919702564
0.4610751283664922
0.4242534430982112
0.1509299073545498
0.18876343964352227
0.4493916791694068
0.2581378195620774
0.3678697696488187
0.14448190427387209
0.19547973035540656
0.569885124113914
0.15922887248881779
0.3313340346660958
0.11291348027869441
0.46735376849688093
0.31299652797226196
0.3886929958452132
0.4717889656143739
0.09897466771150576
0.1591473361490392
0.6171868334460933
0.40147305781186926
0.08999273860182111
0.3070250297225199
0.3442357485805623
0.09255525023840638
0.4493141610981599
0.15125304760658143
2.1187928090620556
1.5270080878408745
1.4339142007687473
1.5061488878028835
0.8278448780500716
0.42719977878792337
1.2241375232459162
2.936839221192799
2.5836633834142306
2.2562244863974126
0.714599658481192
0.5237841509499526
0.16143028543632232
0.23052190981807952
0.31793651321506067
0.09255755499125806
0.09244422245023642
0.28810221802421987
0.09586155112884853
0.44728846421150203
0.5431783556947711
0.28809734260613107
0.5974910826688085
0.026108357412319094
0.2605463898831255
0.011229798007604153
0.34019208182363014
0.06783877402016003
0.07686280322128747
0.3867152073491704
0.38841580781676477
0.13198770734577536
0.039706793116442096
0.38547715359768686
0.5489968080286811
0.16705048864180183
0.7627855009290516
0.18940179890043884
0.9585409954815862
0.9318813361498317
0.8001302176547362
0.715266023996389
0.6056291069244151
1.3316666544256481
2.7961872363544296
2.294646081734025
1.5999057146492062
1.041623482310801
0.847211693624935
0.2925836694722457
0.9315381562528526
0.6435381664935402
0.9002947006252486
0.7193452236173266
0.40996751495831063
0.43263294613584513
0.040099250524718855
1.9123496102872506
1.0440869052464716
0.6267383283040147
1.4042839495714476
0.01646930596572105
0.860676015691074
0.8180064746666291
0.7013582291795708
0.9718084926108479
0.27438296453696687
0.5082719672616829
0.042901889782510416
1.0216007759839427
0.8987339419187101
0.6290717138816984
0.9186751015373438
0.24032350070680986
0.04427951048650547
0.32517666276786716
0.6200726022224683
0.5536889078087324
0.3777182502135341
0.19085586873161065
0.06839150927314863
0.4127962291384737
0.5735833938376675
0.10580511392277847
0.14355326195948237
0.19580457273412843
0.06816156793997585
0.698150355676848
0.12401054648748167
0.09326843868358381
0.07060694847406968
0.27129701416783814
0.15264471195706486
0.5123317013769406
0.2555557521441161
0.2789725447482265
0.1288496584743135
0.001726757235629428
0.0775751620468128
0.16771222581475076
0.3676976367405156
0.4283611920029009
0.36826626708052546
0.12257555346488003
0.1542340964426625
0.5150030780203698
0.12220100670610501
1.8736310477089182
0.01973184252333038
3.0442364144171377
2.961680669771292
2.564005123291169
0.059456107331500974
0.20989726083760463
0.021981253009526913
0.3289941340951459
0.36498661965897483
0.10942967735569509
0.27241905712172976
0.40218314461904425
0.44257522666859295
0.29430083309886346
0.11595284786713655
0.019184353596549908
0.4069725916635134
0.3661221521764193
0.4350441455244525
0.11791123253288172
0.022572168852272867
0.4069760881247273
0.7413589757156136
0.30931766303061137
0.2337518687000424
0.36425551639340714
0.1645785045980186
0.6835566697963174
0.32755139327673755
0.5021949210730678
0.6528036978385239
0.18979907611324398
0.1067745825821853
0.5045768782456137
0.6405185287386246
0.18389795162340228
0.85923186835885
0.03993578773124362
0.03812291154175185
0.17915063726962766
0.9883580547605173
0.3147094322203867
0.2855557376950908
0.5832146857652765
0.05091456019310492
0.3275505137960564
0.7818031966927568
0.3091826093050254
1.2894815509374444
0.5313228032650881
1.2013365314319802
0.49836934714881975
1.020271387492711
0.4591738323875565
0.37361546550138147
0.626490509701005
0.4118172436697267
