130.79706129032255 976.4455239431677 673917419.4 2571161.2012843685 383.0
246.72363571428556 972.4028464480514 2571161.2012843685 1585283.031264765 247.29464285714286
287.585732258064 972.3634113212505 1585283.031264765 1834344.9033113557 285.4005376344086
239.57729333333333 972.3733737961325 1834344.9033113557 1517531.0051282719 236.03055555555557
922.5364913978491 972.3607012402051 1517531.0051282719 1174704376.1774719 377.6182795698925
863.2414244444444 976.9968672777352 1174704376.1774719 1377273489.872305 616.0833333333334
691.9730989247312 977.1195401858863 1377273489.872305 1316511237.52615 502.4193548387097
350.1731956989247 977.0830901244908 1316511237.52615 744185058.9753084 367.28494623655916
155.27300888888888 976.5462961302308 744185058.9753084 962044.997421431 362.5027777777778
99.88259032258063 972.3384817998968 962044.997421431 606619.0445069664 94.52150537634408
154.80637000000002 972.3242647617802 606619.0445069664 980188.5124667435 152.05277777777778
183.04278064516132 972.3392075404986 980188.5124667435 1172703.2073832545 182.33602150537635
199.67856774193547 972.3469081282952 1172703.2073832545 1287260.094631738 199.73387096774192
328.7525142857144 972.3514904037852 1287260.094631738 2108785.4737854637 328.58035714285717
205.83378279569897 972.3843514189514 2108785.4737854637 1312733.617043141 204.08870967741936
598.3147533333333 972.3525093446817 1312733.617043141 266668931.54807165 474.2472222222222
588.1371258064516 975.5134887189267 266668931.54807165 619025189.8377054 379.0
402.78348222222223 976.3602875618599 619025189.8377054 515039629.6256395 366.0
183.54393763440856 976.1840792592512 515039629.6256395 1160579.8590964265 341.03494623655916
95.04006236559147 972.3464231943639 1160579.8590964265 586769.8116218635 91.23655913978494
100.32301999999999 972.3234707924648 586769.8116218635 613560.1671324391 95.3
93.52988709677419 972.3245424066853 613560.1671324391 566984.2688102003 88.06451612903226
127.91654 972.3226793707523 566984.2688102003 806313.2192465616 125.23611111111111
152.8570258064516 972.3322525287698 806313.2192465616 977646.387133256 152.16397849462365
194.11620967741933 972.3391058554853 977646.387133256 1248732.9753206891 194.11290322580646
321.4813392857146 972.3499493190128 1248732.9753206891 2068579.738347425 321.3095238095238
288.095609677419 972.3827431895339 2068579.738347425 1838894.3220245594 286.08870967741933
208.86063333333334 972.373555772881 1838894.3220245594 1320995.0641562925 205.425
903.1178623655912 972.3528398025662 1320995.0641562925 1124049345.3166482 381.5268817204301
691.8506366666667 976.9487161077154 1124049345.3166482 1328977292.09522 449.4222222222222
304.0457838709678 977.0905682616049 1328977292.09522 707089175.3835124 368.7903225806452
92.62885053763435 976.4970328810303 707089175.3835124 574091.3225401543 305.55645161290323
98.51183666666665 972.3229636529015 574091.3225401543 600803.3203334481 93.49166666666666
85.53395483870969 972.3240321328133 600803.3203334481 515166.8033251931 80.09677419354838
131.39037 972.320606672133 515166.8033251931 830624.5905718298 128.67777777777778
153.4237129032258 972.3332249836228 830624.5905718298 985839.4566696163 152.73655913978496
195.81316451612898 972.3394335782667 985839.4566696163 1258989.6245849396 195.80913978494624
383.3807571428576 972.3503595849834 1258989.6245849396 2461957.6460307357 383.05357142857144
192.486719354839 972.3984783058412 2461957.6460307357 1226095.6386289059 190.91397849462365
380.8998366666667 972.3490438255451 1226095.6386289059 2419964.219929464 376.6166666666667
625.779574193548 972.3967985687972 2419964.219929464 534068389.11612964 379.991935483871
560.6498211111111 976.2221367782323 534068389.11612964 798799761.646175 367.0
333.24007526881724 976.6159228018994 798799761.646175 434751054.3837846 365.0
114.11118172043007 976.0235021087676 434751054.3837846 710267.5906358459 253.03494623655914
98.18748666666667 972.3284107036254 710267.5906358459 603068.6181568174 93.21944444444445
87.97024516129031 972.3241227447262 603068.6181568174 530132.2188288997 82.5241935483871
126.99036000000001 972.3212052887532 530132.2188288997 797107.0108844258 124.3
148.4200483870968 972.3318842804354 797107.0108844258 952284.4518405951 147.73387096774192
198.26318709677417 972.3380913780736 952284.4518405951 1271763.1861002394 198.24193548387098
321.118157142857 972.3508705274439 1271763.1861002394 2062552.8967310523 320.9583333333333
131.008006451613 972.3825021158692 2062552.8967310523 833545.2084961828 129.47043010752688
136.81971555555555 972.3333418083398 833545.2084961828 860395.2273675035 133.25277777777777
373.4029204301075 972.3344158090947 860395.2273675035 2371203.676364646 369.0725806451613
355.4628666666667 972.3948481470545 2371203.676364646 2262902.006976873 352.55555555555554
157.76827741935486 972.3905160802791 2262902.006976873 994619.91636227 154.70698924731184
92.00162365591393 972.3397847966545 994619.91636227 565772.5197881969 88.14784946236558
96.64549333333335 972.3226309007915 565772.5197881969 593513.2130562328 91.62777777777778
83.77965483870966 972.3237405285222 593513.2130562328 504482.4851811633 78.34677419354838
125.98207 972.3201792994072 504482.4851811633 795269.2459815057 123.28333333333333
141.7609516129032 972.3318107698392 795269.2459815057 909383.2974628847 141.09139784946237
222.2437774193548 972.3363753318985 909383.2974628847 1430766.4708119817 222.1478494623656
345.27867857142815 972.3572306588325 1430766.4708119817 2216729.6101615676 345.1220238095238
186.78264516129 972.3886691844065 2216729.6101615676 1185316.1071234562 185.13709677419354
128.24170333333333 972.3474126442849 1185316.1071234562 803327.4148294769 124.84166666666667
481.696929032258 972.3321330965931 803327.4148294769 232932303.19411394 376.3225806451613
419.6543633333333 975.3554437653563 232932303.19411394 286636156.90556717 368.0
186.47175806451617 975.5868976356822 286636156.90556717 1177997.2737345146 280.13440860215053
89.23201290322584 972.3471198909493 1177997.2737345146 547375.3829263543 85.45698924731182
97.1360666666667 972.3218950153171 547375.3829263543 592204.6119110354 92.11111111111111
85.669835483871 972.3236881844764 592204.6119110354 517224.61249709077 80.22849462365592
131.4077 972.3206889844998 517224.61249709077 827145.2388323853 128.69722222222222
151.5062677419355 972.3330858095533 827145.2388323853 974057.0577144345 150.82258064516128
171.384764516129 972.3389622823086 974057.0577144345 1105849.2307126764 171.43279569892474
230.14001071428575 972.3442339692285 1105849.2307126764 1478043.266107029 230.14880952380952
56.1590516129032 972.3591217306442 1478043.266107029 352039.8033182606 54.62903225806452
38.93895333333333 972.3140815921327 352039.8033182606 230412.88207623246 35.53611111111111
86.3960193548387 972.309216515283 230412.88207623246 534363.8356155658 82.8252688172043
0.5016899999999964 972.3213745534246 534363.8356155658 -4758693.694016763 0.23055555555555557
78.53186129032261 972.1096522522392 -4758693.694016763 486921.72578030976 73.13709677419355
106.75717741935483 972.3194768690312 486921.72578030976 665039.5695841301 102.65860215053763
112.60957333333334 972.3266015827834 665039.5695841301 693714.4623943401 107.56666666666666
95.25610322580644 972.3277485784957 693714.4623943401 582448.2646727726 89.81182795698925
130.20734 972.3232979305868 582448.2646727726 821916.3186674904 127.525
140.190435483871 972.3328766527467 821916.3186674904 899133.3685413887 139.53494623655914
195.26790967741934 972.3359653347417 899133.3685413887 1252623.2866661164 195.23387096774192
366.7066249999996 972.3501049314666 1252623.2866661164 2356381.9387235222 366.41964285714283
347.075725806452 972.394255277549 2356381.9387235222 2214192.1125889574 345.0
264.8552233333333 972.3885676845035 2214192.1125889574 1674992.4515516646 261.3666666666667
432.68252365591417 972.366999698062 1674992.4515516646 133130099.44417866 371.7016129032258
895.9059355555555 974.7049083281868 133130099.44417866 1252495175.491105 368.0
502.7818107526882 977.0446881676612 1252495175.491105 1097455374.049388 365.0
153.50959569892473 976.9234366673473 1097455374.049388 208403388.9798343 365.0
98.14483444444443 975.2341670059747 208403388.9798343 599189.6457790186 168.3388888888889
84.08584516129031 972.3239675858312 599189.6457790186 507876.01656472724 78.65322580645162
128.06024 972.3203150406625 507876.01656472724 809782.3853784372 125.35555555555555
146.2187677419355 972.332391295415 809782.3853784372 938180.9604354653 145.54301075268816
256.72649354838734 972.3375272384174 938180.9604354653 1646398.3132711288 256.56182795698925
380.2992214285714 972.3658559325308 1646398.3132711288 2442971.528901042 380.13988095238096
223.943296774194 972.397718861156 2442971.528901042 1427932.8545813677 222.2688172043011
537.188771111111 972.3571173141833 1427932.8545813677 153039091.65208802 465.3222222222222
662.1514892473118 974.8674929035319 153039091.65208802 703123685.9227097 381.0
313.08258 976.4908752887 703123685.9227097 379208647.4996 366.0
74.846488172043 975.8810017595098 379208647.4996 460974.66269632516 201.6505376344086
80.59687096774192 972.3184389865078 460974.66269632516 491512.0128222327 76.58602150537635
91.27062999999998 972.3196604805129 491512.0128222327 555935.9098428551 86.24722222222222
82.82820000000001 972.3222374363937 555935.9098428551 500472.2115124486 77.38440860215054
122.30777 972.3200188884605 500472.2115124486 771768.1649162368 119.61944444444444
137.2812193548387 972.3308707265966 771768.1649162368 877641.5430586928 136.61559139784947
161.92863870967741 972.3351056617223 877641.5430586928 1039797.6731747971 161.96505376344086
241.1832071428571 972.341591906927 1039797.6731747971 1546583.0892427033 241.13690476190476
116.6417677419355 972.3618633235697 1546583.0892427033 735736.0362340398 114.95698924731182
73.04239333333334 972.3294294414493 735736.0362340398 447181.3252976925 69.66666666666667
290.4672741935484 972.3178872530119 447181.3252976925 1844193.9591227365 286.26881720430106
0.21332999999999913 972.3737677583649 1844193.9591227365 -5505315.846663377 0.7972222222222223
113.49568709677419 972.0797873661334 -5505315.846663377 708157.5714960601 107.70161290322581
125.69248709677416 972.3283263028598 708157.5714960601 786341.1411100584 121.60752688172043
127.89102 972.3314536456444 786341.1411100584 791522.282913548 122.83333333333333
104.91966774193548 972.3316608913165 791522.282913548 642327.1363207896 99.47311827956989
125.18152 972.3256930854528 642327.1363207896 789188.6226012541 122.53888888888889
140.8049870967742 972.331567544904 789188.6226012541 899333.7771748345 140.13709677419354
182.92154516129037 972.335973351087 899333.7771748345 1173747.3403800777 182.91666666666666
261.54169285714283 972.3469498936151 1173747.3403800777 1678980.1349849878 261.4970238095238
175.674987096774 972.3671592053994 1678980.1349849878 1119392.2838048022 173.86021505376345
126.76669333333334 972.3447756913522 1119392.2838048022 792137.0886807968 123.34722222222223
336.4524967741935 972.3316854835472 792137.0886807968 2139176.309274437 332.2231182795699
0.7895800000000008 972.3855670523709 2139176.309274437 -4266511.147965898 0.925
221.15174193548393 972.1293395540813 -4266511.147965898 1396015.7266899056 215.44086021505376
182.76779677419358 972.3558406290675 1396015.7266899056 1146105.2318338426 178.73387096774192
177.6064966666667 972.3458442092733 1146105.2318338426 1106161.423760907 172.48888888888888
136.2299387096774 972.3442464569504 1106161.423760907 838227.0117151538 130.7741935483871
152.42457 972.3335290804686 838227.0117151538 961128.8695165829 149.76944444444445
155.7034516129032 972.3384451547806 961128.8695165829 1000422.8696680827 155.05913978494624
224.52742580645162 972.3400169147867 1000422.8696680827 1446515.0035133024 224.45967741935485
331.075382142857 972.3578606001405 1446515.0035133024 2127798.070322059 330.9613095238095
153.557690322581 972.3851119228128 2127798.070322059 973266.7908216113 151.9784946236559
127.24092333333334 972.3389306716329 973266.7908216113 793877.8060147371 123.76388888888889
303.6809193548387 972.3317551122406 793877.8060147371 1925590.3545696733 299.56720430107526
0.699860000000001 972.3770236141828 1925590.3545696733 -4446229.526561621 0.8333333333333334
200.56991290322583 972.1221508189375 -4446229.526561621 1266868.9161951705 194.86290322580646
188.70329677419352 972.3506747566478 1266868.9161951705 1184581.3062523217 184.5994623655914
183.43886666666668 972.3473832522501 1184581.3062523217 1147502.8497517167 178.3111111111111
150.0625129032258 972.3459001139901 1147502.8497517167 929710.6930401542 144.56451612903226
143.54877 972.3371884277216 929710.6930401542 910455.7422837734 140.95555555555555
166.3441903225806 972.3364182296913 910455.7422837734 1062037.89645289 165.65591397849462
236.2736645161291 972.342481515858 1062037.89645289 1520582.9267666654 236.2016129032258
326.7636250000003 972.3608233170706 1520582.9267666654 2102365.483723918 326.6904761904762
213.209683870968 972.384094619349 2102365.483723918 1357968.5160802447 211.44086021505376
177.71687333333335 972.3543187406432 1357968.5160802447 1117531.652289984 174.20833333333334
367.614990322581 972.3447012660915 1117531.652289984 2334399.870548139 363.4005376344086
7.060460000000006 972.3933759948219 2334399.870548139 33337.17912794133 5.294444444444444
142.00088279569897 972.301333487165 33337.17912794133 890201.3453634072 138.16397849462365
140.30435483870968 972.3356080538146 890201.3453634072 873565.1999312693 136.23655913978496
125.16185333333334 972.3349426079972 873565.1999312693 771152.7580801229 120.15
93.8011193548387 972.3308461103231 771152.7580801229 571220.9206750871 88.39247311827957
135.79752 972.322848836827 571220.9206750871 860225.8939047978 133.09166666666667
157.1675387096774 972.3344090357562 860225.8939047978 1004192.4524708261 156.48387096774192
258.03785161290324 972.3401676980988 1004192.4524708261 1660850.3217624337 257.89247311827955
345.7853250000004 972.3664340128705 1660850.3217624337 2218163.6422825735 345.7232142857143
261.645441935484 972.3887265456913 2218163.6422825735 1668505.1930983523 259.7741935483871
351.9294211111111 972.3667402077239 1668505.1930983523 2235623.516540232 347.9194444444444
883.3126806451611 972.3894249406616 2235623.516540232 1091932361.9993427 376.9220430107527
809.0171922222223 976.9181866558929 1091932361.9993427 1362011003.3501449 539.175
438.8186655913978 977.1103845251051 1362011003.3501449 1007490920.6330721 378.36021505376345
147.47771397849462 976.837919126077 1007490920.6330721 143944089.0472191 365.0
101.04394333333335 974.7964381956814 143944089.0472191 618972.0233281368 148.8972222222222
85.42676774193549 972.3247588809331 618972.0233281368 513092.29227740713 79.99731182795699
126.92429999999999 972.320523691691 513092.29227740713 803412.5368705638 124.225
146.7113129032258 972.3321365014748 803412.5368705638 940425.0425001093 146.03225806451613
169.9910032258065 972.3376170017 940425.0425001093 1097454.5947854328 170.02956989247312
249.06852857142857 972.3438981837913 1097454.5947854328 1601334.133913963 249.02380952380952
257.362893548387 972.3640533653565 1601334.133913963 1641558.0200364757 255.2741935483871
126.04682333333335 972.3656623208014 1641558.0200364757 788861.7550148164 122.83055555555555
550.6468935483871 972.3315544702006 788861.7550148164 384514935.1320312 375.3198924731183
409.38285777777776 975.8954210193805 384514935.1320312 367943270.5013694 367.0
169.60466236559142 975.8503893220146 367943270.5013694 1067873.4295037207 288.4220430107527
87.805935483871 972.3427149371801 1067873.4295037207 539085.0204304375 83.99462365591398
94.26059666666669 972.3215634008171 539085.0204304375 572618.1404383648 89.24444444444444
84.3161806451613 972.3229047256175 572618.1404383648 506665.16553076444 78.8736559139785
125.40862999999999 972.3202666066212 506665.16553076444 788175.8581865719 122.71388888888889
165.6946193548387 972.3315270343275 788175.8581865719 1065112.6094099414 164.95967741935485
285.4983225806455 972.3426045043764 1065112.6094099414 1834068.8780648035 285.31182795698925
514.8025250000002 972.3733627551226 1834068.8780648035 3302398.777828446 514.3720238095239
439.216364516129 972.4320959511131 3302398.777828446 2801961.7601432395 437.21774193548384
1077.070841111111 972.4120784704057 2801961.7601432395 1348666217.0770643 434.30555555555554
1521.2818806451614 977.1023792543954 1348666217.0770643 1548609452.464071 1214.008064516129
1050.7177277777778 977.2223212072371 1548609452.464071 1430252055.4561853 919.9861111111111
602.5193129032258 977.15132096908 1430252055.4561853 1291458480.907868 443.7795698924731
227.93269247311832 977.0680614762496 1291458480.907868 475439969.751474 365.14784946236557
110.54724222222222 976.1048799395029 475439969.751474 678639.8097349053 260.7527777777778
89.30756451612902 972.3271455923893 678639.8097349053 537936.8866476871 83.88440860215054
135.88332 972.3215174754658 537936.8866476871 854759.006955249 133.16666666666666
156.3279451612903 972.3341903602782 854759.006955249 1003981.821495468 155.64247311827958
198.8368935483871 972.3401592728598 1003981.821495468 1276124.528529894 198.83333333333334
309.0530250000004 972.3510449811412 1276124.528529894 1987133.3701814485 308.92559523809524
153.233235483871 972.3794853348072 1987133.3701814485 972268.6596167422 151.6021505376344
297.8983477777778 972.3388907463847 972268.6596167422 1885709.2872378058 293.81388888888887
437.10089032258065 972.3754283714895 1885709.2872378058 115785105.79048048 383.758064516129
286.1453744444445 974.544306535097 115785105.79048048 1816299.4318872532 324.7138888888889
120.78519784946238 972.3726519772755 1816299.4318872532 757946.5833456981 117.68548387096774
92.19411720430108 972.3303178633338 757946.5833456981 570855.418925868 88.25
98.77780666666666 972.322834216757 570855.418925868 601683.3695156347 93.75555555555556
84.34813548387098 972.3240673347806 601683.3695156347 505890.0662517087 78.91666666666667
132.12122 972.32023560265 505890.0662517087 835060.6473253077 129.40277777777777
144.2319935483871 972.3334024258929 835060.6473253077 920707.8071903017 143.57258064516128
202.74497419354842 972.3368283122876 920707.8071903017 1306962.193558285 202.69892473118279
267.4736357142857 972.3522784877423 1306962.193558285 1720248.6549606188 267.4672619047619
176.452732258065 972.3688099461984 1720248.6549606188 1118486.6146993914 174.65322580645162
185.17529333333334 972.344739464588 1118486.6146993914 1166912.8731955301 181.54722222222222
379.956206451613 972.3466765149278 1166912.8731955301 2412510.721980914 375.71774193548384
465.5126655555556 972.3965004288792 2412510.721980914 212708509.70418194 371.0
362.5985666666667 975.2582139889624 212708509.70418194 130820823.3785949 369.0
108.55416344086018 974.6835261423944 130820823.3785949 675257.4193375251 151.49462365591398
104.40101222222225 972.3270102967734 675257.4193375251 642884.4892176309 99.39444444444445
88.90831935483871 972.3257153795687 642884.4892176309 536516.3642080255 83.47311827956989
128.88055 972.3214606545682 536516.3642080255 810213.860576131 126.18611111111112
146.5590838709677 972.332408554423 810213.860576131 935553.5627521353 145.88440860215053
202.01041935483875 972.33742214251 935553.5627521353 1298312.1798677174 201.9731182795699
278.2185285714286 972.3519324871946 1298312.1798677174 1786898.486280296 278.1815476190476
197.624422580645 972.3714759394512 1786898.486280296 1257417.6970499484 195.78494623655914
152.54799333333335 972.350296707882 1257417.6970499484 959862.0341107113 149.0888888888889
438.81918387096766 972.3383944813644 959862.0341107113 135823085.18800414 376.38709677419354
507.9107555555556 974.7298433813703 135823085.18800414 404962277.3323332 370.0
285.6654397849462 975.9509844492726 404962277.3323332 90139039.14215872 367.0
98.52086236559137 974.2732504254583 90139039.14215872 605396.8649046322 127.16666666666667
98.20038000000002 972.3242158745961 605396.8649046322 603707.6884198724 93.19166666666666
86.897064516129 972.3241483075368 603707.6884198724 526862.8825370625 81.45430107526882
125.37306000000001 972.3210745153015 526862.8825370625 788249.3531193818 122.68611111111112
144.9164193548387 972.3315299741247 788249.3531193818 928339.5127432145 144.23655913978496
195.93422903225803 972.3371335805097 928339.5127432145 1259353.2797810612 195.90860215053763
277.0137285714287 972.3503741311912 1259353.2797810612 1777941.914298265 276.9642857142857
114.86169354838711 972.3711176765719 1777941.914298265 723688.0405446149 113.26881720430107
61.873813333333345 972.3289475216218 723688.0405446149 375318.50722783053 58.53333333333333
290.9267193548387 972.315012740289 375318.50722783053 1842690.0262271229 286.7016129032258
0.9187000000000012 972.3737076010491 1842690.0262271229 -3958280.8983382243 0.7972222222222223
21.672977419354794 972.1416687640664 -3958280.8983382243 123287.71787793754 16.79032258064516
80.93139032258065 972.3049315087151 123287.71787793754 494746.8367484637 76.79301075268818
94.38500333333334 972.3197898734699 494746.8367484637 576657.6912728306 89.35
80.11697096774193 972.3230663076508 576657.6912728306 478824.0055961691 74.69354838709677
125.91431 972.3191529602238 478824.0055961691 795753.6633392341 123.20555555555555
152.8782419354839 972.3318301465335 795753.6633392341 980710.0650221556 152.18010752688173
