0.5553098501812537
0.09404211628566816
0.5003565182253062
0.04834243798437576
0.5003216089324836
0.33458314857483096
0.5040336658547062
0.5018809376750992
1.641426205633453
3.124697759598936
2.0183487171159054
1.4598040242170311
1.0995163431089883
0.010301529881207472
0.5005386026882404
0.33044043543534496
0.501555106653166
0.3313359987556188
0.912057313443682
3.1801959497072825
3.160112593774258
3.306998855476527
2.642377728910714
2.0289332665893074
1.257446513260562
0.010326043194583967
0.5004907516430865
0.33059329203143495
0.5004201026302306
0.3352880576186825
0.5018776719726441
2.9223705782445597
3.236949130530605
3.4530484767478864
2.61290695088702
2.1005495303575947
1.1817846716405427
0.010314712942236959
0.5007057425182682
0.3302491542471895
0.501115047202175
0.3314678252188408
0.5014322573547334
2.354764085784731
3.2617317566975643
3.485679534605583
2.7018536109007303
2.184326936530197
1.1308798746680635
0.010305986071325712
0.500583982216324
0.4083852441278548
0.5002438649211767
0.33062515140191007
1.4522413590821093
3.446507524868526
3.4218361731898415
3.5942635658690456
2.823432613779675
2.365377015284758
0.7726943816187513
0.010254398700137557
0.4973560497521543
1.095634493241688
0.5001255868105616
0.3312664789495656
0.8501172659675786
3.4017544059193154
3.350050340255681
3.533839372718809
2.6531368084806037
2.2241544865048883
1.7527806200752805
1.1574984288184988
2.2137130939460703
3.9500643971137803
2.9362481336570694
4.490108995302024
3.393583570861557
3.5933639732555616
3.4538531496436784
3.6261067844676127
2.778597464037234
2.39800354215739
1.234365976361231
0.010322009875260107
0.5006718651167246
0.33076088713853924
0.5004083067255287
0.33174880628876835
0.5047823956839821
1.5242905353814087
3.2589929057133995
3.50413215817777
2.6803075850562093
2.188431118819568
0.06953611271921734
0.010125420505584515
0.5007162703650216
0.3303585446271873
0.5016055295026769
0.3315825465792397
3.142306175444764
3.5113308361924687
3.4470425302595853
3.614179870047304
2.8168512971853827
2.417135919872037
1.9715920345354698
0.7828289014933367
0.8880075813739099
3.2787657081603543
0.49975397365556784
4.757841378077346
3.438508710245035
3.623630400242436
3.499366424022875
3.695755091788894
2.8600055477073383
2.36453609636542
1.4718331604959158
0.3539446927319654
0.47026098707885033
2.2113075713897663
0.49993390007936966
3.4018457926389116
2.773123663740099
3.0178689497490785
2.8487135191557855
3.2499938368158796
2.450251201642164
2.094233413266763
0.6435455548798705
0.010235255649128305
0.5005441401790716
2.200637610885624
0.49993584105675737
1.6227843824357064
2.990964179303777
3.0762208781691873
3.105761803589988
2.92061338925133
2.547892818133936
1.9767721179878617
0.39727691907402995
0.01019867308482425
0.5005390201573343
1.1996239680296288
0.5001084826653459
0.33091468978774685
0.5015141952004774
3.2565818570442433
3.1998341955082297
3.3848621750395615
2.7256432799330046
1.9809528154205922
0.11772895800696404
0.010120478237064745
0.5006007129989243
0.33054515825979536
0.5012513533849612
0.33418815433591753
0.5028030389775724
1.653399909648579
3.2008817371452993
3.4343696528654695
2.68283420277439
2.2199374940624956
1.7010779167864643
0.5917335329591014
0.5002645037710582
2.221346061388752
0.49993208833051117
0.33141332679020685
1.2025659667780912
3.413583765447271
3.3246213777946942
3.4994652528703023
2.713668574648356
1.823705743688413
0.49998428185909205
0.010031043155553476
0.5011746247405791
0.3311221270940967
0.5275177811630432
0.3878068520917921
0.5525751823915561
0.012403422616698911
2.5298546353278684
3.391920916169243
2.501906143324445
1.9769928048163465
1.098111121142038
0.010302942121127145
0.0998852744787957
0.3301296371830036
0.5006895560812312
0.3308352647826416
2.2272829947310613
3.426454357453363
3.3996135879526284
3.582392466162451
2.6994399087423906
2.3134968491332284
1.1587979868595286
0.3665611785493228
0.36121830074506533
1.0528882442913674
0.5001326574479705
0.3306460590755167
0.5015701319290313
2.469227118295519
3.3026943087395013
3.549646907021902
2.7244162650079375
2.2649470352704317
1.0932513024803265
0.20552909666592178
0.5003326987464609
1.6899783495909109
0.5000226981223976
0.33117599587584223
0.5012472706125983
2.9404536295322323
3.3472729270596586
3.5499292611722906
2.77504854836673
2.2367656296490552
1.1392115746205613
0.1657583800442648
0.7982391498145414
3.503923351748486
0.49971365026873293
3.519989559758451
3.35854873198079
3.6259357157590024
3.5304210537655063
3.6500754307134193
2.845094326951825
2.2377272647186452
