151.79706129032255 976.4455239431677 673917419.4 361177827.0021888 271.0
252.72363571428556 975.8320049646799 361177827.0021888 1624096.1596665303 402.38988095238096
343.585732258064 972.3649638463867 1624096.1596665303 2191682.185398874 341.247311827957
529.9772933333334 972.387667287416 2191682.185398874 462342375.4325638 312.0
657.0768139784943 976.0786847508651 462342375.4325638 1040471477.7218044 309.0
885.2414244444444 976.869269465515 1040471477.7218044 1383526903.884418 586.2166666666667
725.9730989247312 977.1232914840339 1383526903.884418 1326015954.1086388 534.2930107526881
406.1731956989247 977.0887918141024 1326015954.1086388 989454402.634792 311.98655913978496
234.86189777777778 976.8207741469912 989454402.634792 387489502.9630956 304.0
220.7454935483871 975.9035040841388 387489502.9630956 1384628.5201947198 331.93817204301075
237.80637000000002 972.3553851408078 1384628.5201947198 1507393.8907323435 235.08333333333334
263.0427806451613 972.3602957556293 1507393.8907323435 1687523.3223315745 262.3252688172043
263.16243870967736 972.3675009328932 1687523.3223315745 1691900.741505038 263.26075268817203
384.7882285714287 972.3676760296602 1691900.741505038 80149577.06684013 352.73214285714283
369.094535483871 974.1467049614058 80149577.06684013 3457807.346018929 393.0
356.4730866666667 972.4383122938408 3457807.346018929 91528023.13644871 313.0
487.9301365591398 974.2883480775702 91528023.13644871 405975514.7310281 330.0
445.78070444444444 975.9537378117691 405975514.7310281 538745726.9767973 330.0
249.54662580645157 976.2314914539536 538745726.9767973 119005240.87714978 356.0
219.12339569892475 974.5741226007143 119005240.87714978 1381141.0492636294 256.81720430107526
227.08968666666667 972.3552456419706 1381141.0492636294 1429147.1359331377 221.86111111111111
216.5298870967742 972.3571658854373 1429147.1359331377 1353090.990475508 210.86559139784947
210.91654 972.3541236396189 1353090.990475508 1341613.3722379562 208.26666666666668
229.8570258064516 972.3536645348895 1341613.3722379562 1473300.6887141373 229.16397849462365
245.05169354838708 972.3589320275486 1473300.6887141373 1575621.598319455 245.11290322580646
329.909910714286 972.3630248639328 1575621.598319455 2115667.5804207907 329.8541666666667
430.095609677419 972.3846267032168 2115667.5804207907 205238243.69556913 344.9596774193548
461.1273 975.2148673396072 205238243.69556913 426685580.34180117 323.0
407.558722580645 976.0073711606836 426685580.34180117 431969785.61068934 332.0
631.3617477777777 976.0179395712214 431969785.61068934 970161867.076063 327.0
360.04309569892484 976.8024352348632 970161867.076063 726699364.1997911 307.0
218.32777526881716 976.523288637105 726699364.1997911 222056559.189676 319.0
220.07850333333332 975.3031565345657 222056559.189676 1381290.9762547433 292.9222222222222
207.5339548387097 972.3552516390502 1381290.9762547433 1299632.359067185 201.88709677419354
226.39037 972.3519852943626 1299632.359067185 1440368.17639929 223.66944444444445
227.4237129032258 972.357614727056 1440368.17639929 1456666.530052555 226.7741935483871
243.8454225806451 972.358266661202 1456666.530052555 1568018.652795091 243.90322580645162
398.45218571428614 972.3627207461118 1568018.652795091 89157547.20552279 362.6458333333333
340.486719354839 974.2625820348427 89157547.20552279 2168485.171863889 369.255376344086
388.02483666666666 972.3867394068745 2168485.171863889 169690738.5872373 309.0
435.51344516129 974.9975838952128 169690738.5872373 394899409.49037826 306.0
431.7275988888889 975.9236396997021 394899409.49037826 552722171.0771497 306.0
387.24007526881724 976.2573325637844 552722171.0771497 515082315.9857819 309.0
218.36118172043007 976.1841646319716 515082315.9857819 104082491.41092266 318.0
223.83748666666668 974.4248096892492 104082491.41092266 1405975.2685020517 254.94444444444446
210.9702451612903 972.3562390107401 1405975.2685020517 1318298.7726748646 205.31989247311827
210.99036 972.352731950907 1318298.7726748646 1339606.8974095804 208.32777777777778
215.4200483870968 972.3535842758963 1339606.8974095804 1381073.3046940137 214.76344086021504
248.23092903225808 972.3552429321877 1381073.3046940137 1596508.056507412 248.25
324.01101428571417 972.3638603222603 1596508.056507412 2078054.4122106868 323.9791666666667
303.008006451613 972.3831221764884 2078054.4122106868 1934878.0955021894 300.9596774193548
336.23082666666664 972.3773951238201 1934878.0955021894 61064768.88703412 305.9861111111111
369.6986193548387 973.87601201386 61064768.88703412 186844768.84616262 304.0
238.9712 975.1027120051596 186844768.84616262 1513340.0968540371 299.61944444444447
219.5747290322581 972.3605336038742 1513340.0968540371 1385332.656516489 216.0215053763441
206.56345161290318 972.3554133062606 1385332.656516489 1300777.6641453416 202.43817204301075
213.04549333333333 972.3520311065657 1300777.6641453416 1334035.3489006076 207.84444444444443
199.77965483870966 972.353361413956 1334035.3489006076 1247910.114756225 194.1478494623656
197.98207 972.3499164045902 1247910.114756225 1252992.5540223462 195.3361111111111
191.7609516129032 972.3501197021609 1252992.5540223462 1226144.0167010427 191.13440860215053
258.6308741935484 972.349045760668 1226144.0167010427 1664012.1557645418 258.56720430107526
358.13582142857103 972.3665604862306 1664012.1557645418 3122076.978243802 357.70535714285717
288.78264516129 972.4248830791297 3122076.978243802 1843179.5441648117 287.1666666666667
352.8417033333333 972.3737271817665 1843179.5441648117 6581769.435172538 346.8333333333333
377.3340258064516 972.5659070597989 6581769.435172538 103164842.1022814 331.0
248.52103 974.4148352402423 103164842.1022814 1577765.1398856419 282.7111111111111
224.5846612903226 972.3631106055954 1577765.1398856419 1418630.3215385305 221.03763440860214
210.43362580645163 972.3567452128615 1418630.3215385305 1326260.8408954 206.30645161290323
214.5694 972.3530504336358 1326260.8408954 1343571.7183659032 209.37222222222223
179.669835483871 972.3537428687346 1343571.7183659032 1119566.321733114 174.1236559139785
183.4077 972.3447826528693 1119566.321733114 1163503.4988477186 180.75833333333333
173.5062677419355 972.3465401399538 1163503.4988477186 1111853.4578336463 172.89247311827958
119.77186129032253 972.3444741383133 1111853.4578336463 771580.011025735 119.99462365591398
241.67572500000003 972.330863200441 771580.011025735 1555516.0466494958 241.51488095238096
192.1590516129032 972.362220641866 1555516.0466494958 1221577.0314773514 190.25
277.13895333333335 972.3488630812591 1221577.0314773514 1758485.118582975 273.22222222222223
294.3960193548387 972.3703394047433 1758485.118582975 1864823.6978053658 290.6747311827957
170.50169 972.3745929479122 1864823.6978053658 1075272.4120445212 168.01388888888889
193.5318612903226 972.3430108964817 1075272.4120445212 1224725.5250926882 189.90322580645162
156.66040322580645 972.3489890210037 1224725.5250926882 983384.7712370146 152.65591397849462
175.24290666666667 972.3393353908494 983384.7712370146 1090910.1185514678 170.07222222222222
184.25610322580644 972.343636404742 1090910.1185514678 1149404.0019296645 178.59677419354838
95.91567333333333 972.3459761600772 1149404.0019296645 602354.9346595495 93.56388888888888
51.190435483871 972.3240941973863 602354.9346595495 329317.38344898855 50.68279569892473
98.17113548387094 972.3131726953379 329317.38344898855 631925.9785462833 98.15322580645162
242.17091071428527 972.3252770391418 631925.9785462833 1555463.0966999042 241.95238095238096
391.333790322581 972.3622185238679 1555463.0966999042 122863259.19220059 339.73655913978496
461.9885566666667 974.6098449925204 122863259.19220059 408693938.1677903 308.0
462.147577419355 975.9611248319777 408693938.1677903 596430066.7770824 304.0
269.20038 976.3252019670452 596430066.7770824 344988442.45486367 304.0
477.6823483870968 975.7880120718883 344988442.45486367 590780267.0542434 304.0
224.50959569892473 976.3164289861091 590780267.0542434 190947804.6184976 303.0
220.5615011111111 975.1277305159665 190947804.6184976 1383474.2176816303 277.525
207.0858451612903 972.3553389687072 1383474.2176816303 1291876.7189475575 201.44354838709677
210.06024 972.3516750687579 1291876.7189475575 1330633.2232629284 207.39166666666668
221.2187677419355 972.3532253289305 1330633.2232629284 1420427.0975032444 220.54301075268816
313.40391290322606 972.3568170839001 1420427.0975032444 73194869.15849067 286.8225806451613
423.0492214285714 974.0551956468223 73194869.15849067 328159280.7025412 319.0
374.943296774194 975.7395561790535 328159280.7025412 310743882.56918526 353.0
314.6609933333333 975.6755289800338 310743882.56918526 223541938.7976497 308.0
544.1084784946237 975.310297782681 223541938.7976497 658797993.7596698 304.0
361.08535777777774 976.4220465741611 658797993.7596698 592136149.2707801 302.0
216.41638064516127 976.3185343932777 592136149.2707801 191963488.2030194 304.0
203.08074193548387 975.133923708555 191963488.2030194 1281475.5876003657 262.78225806451616
208.70396333333332 972.351259023504 1281475.5876003657 1311174.3482059124 203.51111111111112
199.8282 972.3524469739282 1311174.3482059124 1246848.92220052 194.18817204301075
204.30777 972.349873956888 1246848.92220052 1298236.3862473655 201.63888888888889
197.2812193548387 972.3519294554499 1298236.3862473655 1265197.1115811875 196.65591397849462
208.99315483870967 972.3506078844632 1265197.1115811875 1344676.5015103887 209.06182795698925
290.36177857142854 972.3537870600604 1344676.5015103887 1864439.7708049966 290.3125
242.6417677419355 972.3745775908321 1864439.7708049966 1545121.592410659 240.69623655913978
250.4423933333333 972.3618048636964 1545121.592410659 1582694.3955766703 246.74722222222223
339.4672741935484 972.363307775823 1582694.3955766703 2153333.338168816 335.5241935483871
207.21332999999998 972.3861333335267 2153333.338168816 1313260.4590754579 204.7138888888889
185.4956870967742 972.352530418363 1313260.4590754579 1165518.153922214 181.98655913978496
168.75700322580641 972.3466207261569 1165518.153922214 1056160.3648639037 164.68817204301075
164.72435333333334 972.3422464145946 1056160.3648639037 1028001.9288878323 159.62222222222223
184.91966774193548 972.3411200771554 1028001.9288878323 1154665.8104819672 179.23387096774192
213.18152 972.3461866324193 1154665.8104819672 1350243.769391044 210.45
187.51197634408604 972.3540097507756 1350243.769391044 1198651.5213731108 186.93279569892474
86.79251290322584 972.3479460608548 1198651.5213731108 558290.9422432984 87.1263440860215
135.8988357142857 972.3223316376897 558290.9422432984 875972.1160192325 135.92559523809524
196.11584731182776 972.3350388846408 875972.1160192325 1248211.3603562512 193.94086021505376
237.70002666666664 972.3499284544142 1248211.3603562512 1500334.0767722838 233.9361111111111
383.4524967741935 972.3600133630708 1500334.0767722838 127792996.58926135 324.755376344086
236.78958 974.6554907091597 127792996.58926135 1498842.2408750276 281.3277777777778
206.1517419354839 972.359953689635 1498842.2408750276 1298958.2508335765 202.63978494623655
148.34844193548386 972.3519583300333 1298958.2508335765 926636.1805654502 144.40322580645162
182.53983000000002 972.3370654472226 926636.1805654502 1140899.3897316218 177.31666666666666
182.2299387096774 972.3456359755892 1140899.3897316218 1138469.6772834961 176.59677419354838
201.42457 972.3455387870913 1138469.6772834961 1275360.6801722469 198.725
235.7034516129032 972.3510144272069 1275360.6801722469 1511109.1760018931 234.97043010752688
209.3016193548387 972.36044436704 1511109.1760018931 1344013.9478652265 209.46236559139786
202.11109642857127 972.3537605579146 1344013.9478652265 1297385.8586533435 202.29166666666666
171.557690322581 972.3518954343461 1297385.8586533435 1093047.1708310628 169.61290322580646
331.37425666666667 972.3437218868332 1093047.1708310628 2101251.479004562 327.21666666666664
352.6809193548387 972.3840500591601 2101251.479004562 2240755.7978878473 348.88440860215053
220.69986 972.3896302319155 2240755.7978878473 1400785.4432196824 218.1888888888889
192.5699129032258 972.3560314177288 1400785.4432196824 1215489.2893983657 189.06720430107526
151.34845806451608 972.3486195715759 1215489.2893983657 948485.8140008226 147.36021505376345
183.20553333333334 972.33793943256 948485.8140008226 1142971.8911057445 177.98888888888888
170.0625129032258 972.3457188756441 1142971.8911057445 1057257.785149484 164.4811827956989
168.54877 972.3422903114059 1057257.785149484 1065548.2032092577 165.925
233.3441903225806 972.3426219281283 1065548.2032092577 1492292.5613092845 232.54032258064515
229.89732043010753 972.3596917024523 1492292.5613092845 1475144.9061945262 230.002688172043
216.55231547619076 972.3590057962477 1475144.9061945262 1396024.383781372 216.7470238095238
290.1532322580648 972.3558409753513 1396024.383781372 1850588.0544353796 287.88978494623655
393.71687333333335 972.3740235221774 1850588.0544353796 188754264.0214194 305.95
412.614990322581 975.1143552684233 188754264.0214194 361032265.0944381 305.0
244.06046 975.8316094160175 361032265.0944381 127486310.76607412 306.0
226.3584096774194 974.6526510256117 127486310.76607412 1428073.3562530994 266.0430107526882
212.67532258064514 972.3571229342501 1428073.3562530994 1341838.669491767 208.54301075268816
210.62851999999998 972.3536735467796 1341838.669491767 1319437.5858607863 205.45277777777778
136.8011193548387 972.3527775034344 1319437.5858607863 843414.3307618853 131.4220430107527
158.79752 972.3337365732305 843414.3307618853 1005626.1830915705 156.12222222222223
108.1675387096774 972.3402250473237 1005626.1830915705 692325.3730648037 107.66397849462365
205.39269032258062 972.3276930149226 692325.3730648037 1323221.4925342367 205.25537634408602
381.8924678571433 972.3529288597014 1323221.4925342367 31879617.92017485 369.51190476190476
362.645441935484 973.3154458618222 31879617.92017485 2310980.8132287953 370.7768817204301
483.11830999999995 972.3924392325291 2310980.8132287953 372689757.8734371 309.0
444.038487096774 975.8632873855256 372689757.8734371 531772148.95563716 306.0
687.9838588888888 976.2175442979112 531772148.95563716 1213047701.0159078 306.0
485.8186655913978 977.0210244157264 1213047701.0159078 1167407693.5939186 304.0
221.4158860215054 976.9899312676748 1167407693.5939186 514288861.2419938 304.0
223.47727666666668 976.182577722484 514288861.2419938 70090094.05591664 333.0
208.4267677419355 974.014343342841 70090094.05591664 1300642.4215854704 227.2284946236559
211.9243 972.3520256968634 1300642.4215854704 1343233.2236022635 209.25277777777777
217.7113129032258 972.353729328944 1343233.2236022635 1393266.5449094207 217.05107526881721
217.05551935483876 972.3557306617963 1393266.5449094207 1395622.5176771884 217.15322580645162
261.7113857142857 972.355824900707 1395622.5176771884 1685007.0752030313 261.7559523809524
405.362893548387 972.3674002830081 1685007.0752030313 10294460.256675936 399.6290322580645
337.6468233333334 972.7206025106948 10294460.256675936 34635072.67651495 322.0
373.1549580645161 973.3780698335572 34635072.67651495 157509375.39550656 312.0
238.93008 974.9024169952773 157509375.39550656 1517200.1414153674 291.4277777777778
219.60197419354841 972.3606880056566 1517200.1414153674 1389702.8541921615 216.0483870967742
208.12045161290325 972.3555881141676 1389702.8541921615 1308528.3516097346 203.99193548387098
216.86059666666668 972.3523411340643 1308528.3516097346 1359175.8014836963 211.6472222222222
203.3161806451613 972.3543670320593 1359175.8014836963 1268019.7085985434 197.68010752688173
203.40863 972.3507207883439 1268019.7085985434 1287449.5630562257 200.75277777777777
230.6946193548387 972.3514979825222 1287449.5630562257 1480509.7115342908 229.9784946236559
295.72412903225836 972.3592203884614 1480509.7115342908 1897488.1055600885 295.6693548387097
528.7668107142858 972.3758995242224 1897488.1055600885 394685331.1010948 367.7857142857143
579.216364516129 975.9230579649486 394685331.1010948 805721968.7597723 366.0
669.1041744444444 976.6239099639536 805721968.7597723 1278156099.6554096 306.69166666666666
1521.2818806451614 977.0600816434646 1278156099.6554096 1548613122.5049486 1188.4139784946237
1065.7177277777778 977.2223234088212 1548613122.5049486 1434564132.408579 933.0277777777778
640.5193129032258 977.1539076979057 1434564132.408579 1302113010.294496 478.4193548387097
291.9326924731183 977.0744529155936 1302113010.294496 740239652.3838106 306.7069892473118
227.84446444444447 976.5411048057682 740239652.3838106 239138294.70520285 309.0
211.2995 975.3852802630057 239138294.70520285 1318525.3248808 280.7930107526882
219.88332 972.3527410129952 1318525.3248808 1396913.055421369 217.19166666666666
232.3279451612903 972.3558765222168 1396913.055421369 1485402.6026997908 231.6505376344086
247.8368935483871 972.3594161041079 1485402.6026997908 1588626.6639886862 247.8978494623656
352.9101678571433 972.3635450665595 1588626.6639886862 75369400.53264576 322.7738095238095
320.233235483871 974.0838079017453 75369400.53264576 2040543.6246328214 343.56451612903226
304.32057000000003 972.3816217449853 2040543.6246328214 1933619.855339227 300.6222222222222
359.9960516129032 972.3773447942135 1933619.855339227 119723799.28393221 304.98924731182797
231.52593000000002 974.5807759192957 119723799.28393221 1466375.943749292 271.30555555555554
220.4438 972.3586550377499 1466375.943749292 1395520.8197832063 216.86827956989248
207.8446548387097 972.3558208327913 1395520.8197832063 1310936.0782155248 203.71774193548387
215.17780666666667 972.3524374431286 1310936.0782155248 1347572.845555588 209.97222222222223
202.34813548387098 972.3539029138221 1347572.845555588 1267216.6309447573 196.70967741935485
181.12122 972.3506886652377 1267216.6309447573 1149252.5133028594 178.5361111111111
154.2319935483871 972.3459701005321 1149252.5133028594 984901.3723999963 153.66397849462365
214.9707806451613 972.3393960548959 984901.3723999963 1379319.493163195 214.9220430107527
297.93792142857137 972.3551727797264 1379319.493163195 1911371.0493661072 297.88392857142856
306.452732258065 972.3764548419746 1911371.0493661072 1953094.5765956894 304.3333333333333
403.04196 972.3781237830638 1953094.5765956894 143104822.9189213 335.9111111111111
426.956206451613 974.789881429054 143104822.9189213 339922191.2583788 316.0
260.03211 975.7742450849413 339922191.2583788 94406762.58712666 330.0
229.5044806451613 974.3196387237732 94406762.58712666 1454808.4259939909 258.77150537634407
217.96814193548383 972.3581923370398 1454808.4259939909 1371873.6473436465 213.8279569892473
221.84545666666668 972.3548749458937 1371873.6473436465 1391242.556263742 216.63611111111112
205.9083193548387 972.3556497022505 1391242.556263742 1283226.6493710855 200.2741935483871
202.88055 972.3513290659748 1283226.6493710855 1288677.2782438153 200.23055555555555
160.5590838709677 972.3515470911298 1288677.2782438153 1032325.0897094129 160.0241935483871
250.04267741935485 972.3412930035884 1032325.0897094129 1607677.6103996744 249.92741935483872
171.39710000000002 972.364307104416 1607677.6103996744 1104569.4710941801 171.76488095238096
344.624422580645 972.3441827788438 1104569.4710941801 2199214.513740774 342.08870967741933
389.21466 972.3879685805496 2199214.513740774 139061479.83221406 324.0
403.649829032258 974.7582928111892 139061479.83221406 294174146.50379235 313.0
255.3802 975.6146108327346 294174146.50379235 79821480.6328777 317.0
227.8159774193548 974.1423879030642 79821480.6328777 1443354.7655898347 252.07258064516128
214.2278516129032 972.3577341906235 1443354.7655898347 1348630.4898388577 210.09677419354838
218.73371333333336 972.3539452195935 1348630.4898388577 1371781.0001082914 213.52777777777777
204.897064516129 972.3548712400043 1371781.0001082914 1281478.587148587 199.25806451612902
206.37306 972.3512591434859 1281478.587148587 1310582.1476048513 203.7111111111111
155.9164193548387 972.3524232859041 1310582.1476048513 998523.9807971729 155.40322580645162
236.2245516129032 972.3399409592319 998523.9807971729 1519918.8367568143 236.1290322580645
171.299442857143 972.3607967534703 1519918.8367568143 1104541.23611862 171.63095238095238
286.8616935483871 972.3441816494447 1104541.23611862 1827775.958467284 284.5
322.27381333333335 972.3731110383386 1827775.958467284 20630173.520814743 309.93055555555554
339.9267193548387 973.0175048200226 20630173.520814743 80390041.21883906 308.0
221.9187 974.1498689634058 80390041.21883906 1405705.7042285916 248.53333333333333
205.6729774193548 972.3562282281691 1405705.7042285916 1300250.0380586328 202.1263440860215
186.02816451612904 972.3520100015223 1300250.0380586328 1168075.8767165781 181.94623655913978
185.95167 972.3467230350686 1168075.8767165781 1161038.7475288636 180.80833333333334
160.11697096774193 972.3464415499011 1161038.7475288636 992813.8967223761 154.58333333333334
183.91431 972.3397125558689 992813.8967223761 1168256.1832512585 181.2138888888889
196.8782419354839 972.34673024733 1168256.1832512585 1258537.4996476886 196.20698924731184
