0.259231400436315
0.2705242282232314
0.340043657950158
0.19625495744133836
0.550050351698232
0.39218179125419095
0.5644378557089693
0.5639726944607624
0.24619625146505797
0.4062481022754314
0.14956902816114503
0.377058490405795
0.23293221861784197
0.20813636181145156
0.3725941252854028
0.2034802364038164
0.3839259249272988
0.22237957151815024
0.4127427207431804
0.4070142721157799
0.23267258634239862
0.3924475976975481
0.21713623890454858
0.38032413536162757
0.3031337882356553
0.21761405606293316
0.2818576830585755
0.2433851609680886
0.468636201444129
0.38398191694878303
0.5636742257467331
0.4342008168121625
0.2796609711893625
0.41930996597117076
0.2221312350169482
0.3864811108622366
0.3274913751179591
0.2160145933603621
0.3905461790757778
0.38428612114449656
0.37783081306030475
0.38167119453518517
0.473447404974241
0.5156564018958356
0.29597911653519215
0.4133813987818229
0.2348925668774582
0.37701880978681146
0.12984856924019095
0.2750054177793162
0.26086622239749424
0.13078167809277108
0.3600082160716713
0.2114505849925168
0.38395595774764324
0.21923055778752776
0.10500508917108231
0.12487862370548175
0.13329888705324322
0.35371218209643374
0.21978055998256174
0.33425855927606385
0.23985789914109645
0.23968304682746933
0.479121579092153
0.23506037023822124
0.1672039640341909
0.23518204298475265
0.0730391902241676
0.10169483049238348
0.20795768411348092
0.37678612054191873
0.2233696413852675
0.2666685419754433
0.24661527863686583
2.817273024977358
1.6819996326523632
1.8426340894031656
1.739232445583197
0.7150637308888674
0.4915132322077751
0.9253652026462054
3.922687803198092
3.736894048209411
2.7200400331645413
0.3207553868957369
0.42398613411334996
0.14946483333273886
0.4829080713933749
0.38334760241193244
0.5342301527586564
0.5189875285330787
0.30019878808960954
0.41900441701658586
0.22182214064457106
0.3856069613861157
0.26277815228208645
0.17368700722349928
0.4985696929247361
0.3459523873743855
0.420728228602961
0.38668617902212077
0.4525316580327461
0.4456320708490935
0.2689129634922587
0.4078501788327955
0.20743360253872645
0.3921746225155269
0.3333205132853365
0.21100996097108737
0.3152296672186914
0.8853715681944108
0.38913900967630255
0.26401093888966454
1.1558574623044007
0.562856318794573
0.20303543350675746
0.2273236192451904
1.6119335300124678
3.6973773076189405
2.957556006109259
2.204661077772363
0.7443422742633787
0.5445156867200627
0.456052980946561
0.30558217583226277
0.6850411362727131
0.5036055434281828
0.17697599152387333
0.03321135762121852
0.020689042746931285
0.35335430089587483
2.1814261862478634
0.9544515743646076
0.6304612595789756
1.4375015480564666
0.3490623361332723
0.35482043102046745
0.8005555410810672
0.6821995329899373
0.2897516880994111
0.1620713900787143
0.06326240751943857
0.35347426302211726
0.676417873949613
0.8827417246567593
0.020897043344255906
0.4778044761305553
0.43536095426230403
0.37537409185043824
0.17492732130828426
0.012477165907547771
0.00580279069959122
0.33354688472441474
0.2085548653089333
0.3760639560108059
0.33139161016761065
0.23476804206279756
0.5166369450406139
0.38512046405981515
0.5520295150544712
0.3844455321976481
0.5636660409304177
0.5634278492069926
0.2808381913700604
0.42063406908461154
0.24531524088316825
0.40930715487368996
0.4962401141474002
0.1813314786640019
0.5526137101686066
0.25995119464315053
0.48498638210886647
0.38003245096565497
0.5395582891393866
0.040659553795426184
0.014673156318311342
0.031693319819926735
0.1214657547894582
0.3744691410334857
0.4612261641816202
0.034837908988678556
0.5639652497696179
0.39147962356310906
0.5605237373282508
0.3934521588712139
0.5648514366614821
0.5637796449779335
0.32458623103129014
0.42407002298150775
0.24806521076433263
0.41321298092736924
0.2687342756027764
0.21333118775611393
0.5588712836383118
0.36195704311195964
0.37320205422070263
0.23418911447745128
0.3923143212424218
0.36418506731538436
0.060465463621712345
0.07382286863581022
0.1876398630255771
0.35434289663759966
0.2188921220500033
0.16637378374198608
0.31885458349571394
0.12741650501455926
0.5351189012250126
0.37903911853564054
0.17798856912302163
0.19748492834294673
0.22726418856789454
0.14887064040368525
0.1877011811703415
0.3605699417442487
0.33327640959011084
0.2404225987819011
0.48958063348433445
0.31680136796479363
0.3935412820522748
0.37953177037773234
0.4885823017396058
0.6420494453531749
0.09412247528789397
0.14769176268704864
0.16143336693983734
0.35377232420066207
0.1591274727927754
0.14574294309278635
0.2356223282731209
1.315383964179611
0.36630018484606186
1.1997378993525518
0.2995978897602045
0.9660951135198221
0.318485833341434
0.16094908922836826
0.010034859293289067
0.3741708230695764
