147.79706129032255 976.4455239431677 673917419.4 202026456.7689404 326.0
250.72363571428556 975.1952832729813 202026456.7689404 1612558.0322327323 333.9017857142857
460.585732258064 972.3645023212893 1612558.0322327323 84750375.47596659 424.53225806451616
719.5106266666667 974.2072417825785 84750375.47596659 873393616.5074177 328.0
555.743480645161 976.7019926344316 873393616.5074177 1040427552.5156186 330.0
643.3775355555555 976.8692277115167 1040427552.5156186 1314807971.0201433 379.3222222222222
710.9730989247312 977.0820683689384 1314807971.0201433 1321699359.5046406 496.34139784946234
389.1731956989247 977.0862023752278 1321699359.5046406 913323204.8577632 328.9139784946237
209.27300888888888 976.7480652363743 913323204.8577632 267546335.79076388 322.0
183.77775161290322 975.516714469819 267546335.79076388 1147988.2138455166 262.80645161290323
207.80637000000002 972.3459195285537 1147988.2138455166 1318341.2867351307 205.0888888888889
226.04278064516132 972.3527336514694 1318341.2867351307 1445515.181790882 225.3521505376344
234.03340645161285 972.3578206072716 1445515.181790882 1505185.2587301114 234.11021505376345
357.21680000000015 972.3602074103492 1505185.2587301114 13060155.016202401 352.6458333333333
361.094535483871 972.8072265282278 13060155.016202401 89624735.59731892 327.0
351.7591977777778 974.2676601695362 89624735.59731892 77132323.50518958 343.0
609.1371258064516 974.1070042566472 77132323.50518958 662309747.395305 325.0
431.78070444444444 976.4274996077568 662309747.395305 525917569.1501394 404.0
234.54662580645157 976.2058351383002 525917569.1501394 145630814.7055865 325.0
233.04543870967746 974.8096157398874 145630814.7055865 1467717.1106615472 277.6532258064516
186.18968666666666 972.3587086844265 1467717.1106615472 1161989.3485071694 181.1611111111111
173.5298870967742 972.3464795739402 1161989.3485071694 1080904.9580947678 167.94086021505376
182.91654 972.3432361983238 1080904.9580947678 1156124.3256151497 180.25555555555556
198.8570258064516 972.3462449730246 1156124.3256151497 1274968.1153843887 198.1747311827957
228.47104838709674 972.3509987246154 1274968.1153843887 1469578.313526533 228.497311827957
344.409910714286 972.358783132541 1469578.313526533 2212920.4084529197 344.2708333333333
495.095609677419 972.3885168163381 2212920.4084529197 353219840.3721057 347.991935483871
404.5939666666667 975.8103800010111 353219840.3721057 374489550.8084281 336.0
393.558722580645 975.8681781271969 374489550.8084281 380191567.66634727 329.0
665.5145255555556 975.8836727382238 380191567.66634727 966914443.5349498 346.0
344.0457838709678 976.7993483303565 966914443.5349498 644752881.453533 328.0
193.76863548387092 976.4002373935614 644752881.453533 112754185.55006418 325.0
186.44517 974.5162424587968 112754185.55006418 1164241.0746796024 221.64166666666668
173.5339548387097 972.3465696429871 1164241.0746796024 1079621.5952459874 167.94623655913978
185.39037 972.3431848638098 1079621.5952459874 1175394.7105642145 182.71944444444443
197.4237129032258 972.3470157884225 1175394.7105642145 1264750.6737233636 196.752688172043
232.10348709677413 972.3505900269489 1264750.6737233636 1490367.8829914846 232.11827956989248
405.20218571428614 972.3596147153196 1490367.8829914846 151726317.82861543 343.6666666666667
401.486719354839 974.857236858036 151726317.82861543 276252255.0322665 337.0
350.0915033333333 975.5487215258539 276252255.0322665 231960660.47101885 329.0
401.51344516129 975.3507724061107 231960660.47101885 290374278.8805091 340.0
508.7664877777778 975.6006407311784 290374278.8805091 603311244.554476 327.0
371.24007526881724 976.3358870257058 603311244.554476 344022597.30319047 389.0
182.40150430107525 975.7853874926717 344022597.30319047 1149139.232161453 287.5833333333333
229.57082 972.3459655692865 1149139.232161453 1441304.3179258574 224.24444444444444
171.9702451612903 972.357652172717 1441304.3179258574 1070478.5641877202 166.49193548387098
180.99036 972.3428191425675 1070478.5641877202 1146590.733645204 178.33055555555555
192.4200483870968 972.3458636293458 1146590.733645204 1235904.2369835107 191.75
233.58576774193546 972.3494361694793 1235904.2369835107 1500582.5431770538 233.58602150537635
346.26101428571417 972.3600233017271 1500582.5431770538 47043986.42024445 327.7202380952381
314.008006451613 973.6354612773124 47043986.42024445 2004796.8229237138 327.56451612903226
275.03082666666666 972.380191872917 2004796.8229237138 1741019.9530628978 271.425
356.6986193548387 972.3696407981225 1741019.9530628978 4352102.973885154 351.78225806451616
226.9712 972.4740841189554 4352102.973885154 1438253.234604425 225.25277777777777
201.5747290322581 972.3575301293841 1438253.234604425 1268732.9967832284 198.05645161290323
176.1118387096774 972.3507493198713 1268732.9967832284 1105867.5620999953 172.05376344086022
179.41216 972.344234702484 1105867.5620999953 1116703.5235598742 174.2722222222222
171.77965483870966 972.3446681409423 1116703.5235598742 1064948.1123781991 166.18279569892474
177.98207 972.3425979244951 1064948.1123781991 1125771.5973447654 175.33055555555555
187.7609516129032 972.3450308638937 1125771.5973447654 1201804.9725712887 187.09677419354838
251.69539032258058 972.3480721989029 1201804.9725712887 1617525.7079296766 251.63978494623655
363.77867857142815 972.3647010283172 1617525.7079296766 60554006.30657169 339.73809523809524
385.78264516129 973.8680313485402 60554006.30657169 133357075.01364453 350.0
315.90837 974.70700995383 133357075.01364453 49453986.66052275 334.0
363.3340258064516 973.6818074357793 49453986.66052275 104434748.79879194 330.0
209.52103 974.4286385739 104434748.79879194 1327370.6133274634 245.04166666666666
190.5846612903226 972.3530948245331 1327370.6133274634 1201726.8372464664 187.06182795698925
180.91749677419358 972.3480690734898 1201726.8372464664 1135946.8070543206 176.81720430107526
190.2360666666667 972.3454378722821 1135946.8070543206 1186670.7918457119 185.0638888888889
171.669835483871 972.3474668316738 1186670.7918457119 1071333.744355011 166.09677419354838
186.4077 972.3428533497741 1071333.744355011 1181121.1179146569 183.73055555555555
194.5062677419355 972.3472448447166 1181121.1179146569 1248282.943800964 193.84408602150538
207.67508709677415 972.349931317752 1248282.943800964 1332550.309858671 207.74193548387098
249.64001071428575 972.3533020123944 1332550.309858671 1606246.3866671482 249.6904761904762
261.1590516129032 972.3642498554667 1606246.3866671482 1663051.362285567 259.06182795698925
225.33895333333334 972.3665220544914 1663051.362285567 1424084.2333822188 221.77777777777777
213.3960193548387 972.3569633693353 1424084.2333822188 1346410.2265544296 209.83064516129033
217.50169 972.3538564090621 1346410.2265544296 1382988.0323946043 214.65555555555557
198.5318612903226 972.3553195212958 1382988.0323946043 1251308.1874747693 195.002688172043
170.66040322580645 972.3500523274989 1251308.1874747693 1071174.7758694733 166.61559139784947
198.54290666666668 972.3428469910348 1071174.7758694733 1243116.6190620405 193.3111111111111
118.61094193548385 972.3497246647624 1243116.6190620405 729543.364479839 113.27688172043011
40.20734 972.3291817345792 729543.364479839 247078.43346405716 37.875
47.190435483871 972.3098831373385 247078.43346405716 300162.1791893834 46.56182795698925
95.17113548387094 972.3120064871675 300162.1791893834 616933.2187721 95.14784946236558
241.17091071428527 972.3246773287508 616933.2187721 1547548.1093646188 240.94940476190476
433.081102150538 972.3619019243746 1547548.1093646188 248566225.5247488 329.76075268817203
444.58855666666665 975.4306068534844 248566225.5247488 389457652.1258361 338.0
448.147577419355 975.9088523155593 389457652.1258361 510304086.62219334 325.0
236.20038 976.1746081732443 510304086.62219334 173679019.18982518 324.0
432.44578924731195 975.0224330438405 173679019.18982518 343126580.1778207 329.0
209.50959569892473 975.7829526635267 343126580.1778207 1322994.8279977157 310.9623655913978
188.0115011111111 972.3529197931199 1322994.8279977157 1174488.4249481233 182.91944444444445
172.0858451612903 972.3469795369979 1174488.4249481233 1069979.4425145788 166.50806451612902
182.06024 972.3427991777005 1069979.4425145788 1152189.6175172015 179.3972222222222
193.2187677419355 972.3460875847006 1152189.6175172015 1234795.8842162197 192.55107526881721
290.0490741935486 972.3493918353686 1234795.8842162197 1866445.1468565997 289.9139784946237
409.87065 972.3746578058742 1866445.1468565997 175185279.58916223 338.85714285714283
418.943296774194 975.0316175584705 175185279.58916223 316495502.2267053 345.0
278.6609933333333 975.6966746405394 316495502.2267053 117481282.45122883 324.0
619.5358978494623 974.5600118745483 117481282.45122883 684054939.160363 337.0
347.08258 976.4612654334788 684054939.160363 500437689.4645353 338.0
189.5212193548387 976.1548753789291 500437689.4645353 33295122.01588907 324.0
179.40332258064515 973.347616409452 33295122.01588907 1128672.757557082 187.0994623655914
176.10396333333333 972.3451469103022 1128672.757557082 1102703.668622126 170.98333333333332
167.8282 972.3441081467448 1102703.668622126 1040538.5215934039 162.24193548387098
179.30777 972.3416215408637 1040538.5215934039 1136376.9808180628 176.64166666666668
187.2812193548387 972.3454550792327 1136376.9808180628 1202102.0948657375 186.6209677419355
195.31573548387095 972.3480840837946 1202102.0948657375 1258901.6042005655 195.39247311827958
269.54035 972.350356064168 1258901.6042005655 1733023.6614344674 269.50892857142856
298.6417677419355 972.3693209464574 1733023.6614344674 1905142.4113184588 296.47849462365593
302.90905999999995 972.3762056964528 1905142.4113184588 1923996.233015317 299.1638888888889
326.4672741935484 972.3769598493205 1923996.233015317 2070888.512043018 322.6962365591398
213.21332999999998 972.3828355404817 2070888.512043018 1354539.1302802311 210.6611111111111
191.4956870967742 972.3541815652112 1354539.1302802311 1203855.0292383865 187.9811827956989
179.85377741935483 972.3481542011695 1203855.0292383865 1129358.475138355 175.75806451612902
185.92435333333333 972.3451743390056 1129358.475138355 1159700.0054625683 180.76666666666668
181.91966774193548 972.3463880002184 1159700.0054625683 1134171.2299429632 176.29569892473117
192.18152 972.3453668491977 1134171.2299429632 1221814.8035717781 189.50833333333333
89.65713763440861 972.3488725921428 1221814.8035717781 573330.0089947949 89.28225806451613
83.79251290322584 972.3229332003598 573330.0089947949 544713.997886747 83.89784946236558
134.8988357142857 972.3217885599154 544713.997886747 869478.0610558537 134.92261904761904
260.09434193548367 972.3347791224422 869478.0610558537 1655136.1910770882 257.7258064516129
375.03336 972.3662054476431 1655136.1910770882 15862697.716123989 364.7027777777778
369.4524967741935 972.885074936559 15862697.716123989 78126963.58012478 337.0
244.78958 974.1200916260543 78126963.58012478 1552444.1972200854 270.31111111111113
204.1517419354839 972.3620977678888 1552444.1972200854 1286263.4086624 200.66666666666666
179.7032806451613 972.3514505363464 1286263.4086624 1125956.9046955232 175.63978494623655
191.30649666666667 972.3450382761878 1125956.9046955232 1196674.0884706876 186.125
183.2299387096774 972.3478669635388 1196674.0884706876 1139188.225352953 177.61559139784947
176.8773477777778 972.345567529014 1139188.225352953 1117874.5133988815 174.25833333333333
48.7034516129032 972.344714980536 1117874.5133988815 312099.965679969 48.395161290322584
119.55968387096775 972.3124839986272 312099.965679969 771487.5637058653 119.48387096774194
201.11109642857127 972.3308595025482 771487.5637058653 1293514.6525400497 201.05654761904762
356.18403440860254 972.3517405861015 1293514.6525400497 21858568.729347322 345.61021505376345
366.1742566666667 973.0516269091486 21858568.729347322 42443890.137024805 351.0
338.6809193548387 973.5469978872505 42443890.137024805 41150832.0909845 331.0
220.69986 973.5221313863651 41150832.0909845 1397711.828292542 232.9611111111111
186.5699129032258 972.3559084731316 1397711.828292542 1179093.7984569124 183.08602150537635
182.73555483870962 972.3471637519383 1179093.7984569124 1145610.7819879719 178.6209677419355
194.0722 972.3458244312795 1145610.7819879719 1216808.9315008668 188.88611111111112
175.0625129032258 972.34867235726 1216808.9315008668 1086546.3328277231 169.48924731182797
118.12377000000001 972.3434618533131 1086546.3328277231 745112.0310760561 115.675
55.3441903225806 972.3298044812431 745112.0310760561 356123.7661471179 54.87903225806452
128.37043870967744 972.3142449506458 356123.7661471179 827732.3456751021 128.29032258064515
199.01362500000027 972.333109293827 827732.3456751021 1279312.957464001 198.98809523809524
432.04839354838737 972.3511725182985 1279312.957464001 241328134.3692549 331.64247311827955
353.98354 975.3958083383137 241328134.3692549 199420359.86470887 338.0
398.614990322581 975.1793924381994 199420359.86470887 291727828.34772474 327.0
216.06046 975.6056170159843 291727828.34772474 1373313.8466587053 314.46944444444443
191.3584096774194 972.3549325538663 1373313.8466587053 1208042.0119412707 187.8494623655914
187.03016129032258 972.3483216804776 1208042.0119412707 1171582.9074282711 182.91129032258064
182.16185333333334 972.3468633162971 1171582.9074282711 1134297.447170251 177.0361111111111
172.8011193548387 972.3453718978868 1134297.447170251 1077731.7417256837 167.20430107526883
177.79752 972.343109269669 1077731.7417256837 1128633.207906844 175.15
204.1675387096774 972.3451453283162 1128633.207906844 1306013.2909190527 203.46236559139786
294.2636580645161 972.3522405316368 1306013.2909190527 1893541.0104319763 294.14516129032256
376.46389642857184 972.3757416404172 1893541.0104319763 115684776.70511116 329.8958333333333
484.645441935484 974.5433775620843 115684776.70511116 460721219.5758659 329.0
406.9849766666666 976.0754424391517 460721219.5758659 408803427.34766704 352.0
430.038487096774 975.961422356923 408803427.34766704 483594356.1099406 325.0
244.90885888888886 976.1211887122199 483594356.1099406 1558503.9550943216 402.56388888888887
469.58210645161284 972.3623401582038 1558503.9550943216 319886386.2072335 324.7795698924731
237.75459569892473 975.7091411257619 319886386.2072335 17300647.536961354 323.0
187.77727666666667 972.9250179871378 17300647.536961354 1174287.3609878907 188.7722222222222
172.4267677419355 972.3469714944395 1174287.3609878907 1073961.3601023376 166.84677419354838
180.9243 972.3429584544041 1073961.3601023376 1144597.1378589466 178.26666666666668
194.7113129032258 972.3457838855144 1144597.1378589466 1249682.4853858415 194.03494623655914
208.2168096774194 972.3499872994154 1249682.4853858415 1337737.92788089 208.28225806451613
277.42567142857143 972.3535095171152 1337737.92788089 1780156.2459801203 277.4077380952381
421.362893548387 972.3712062498391 1780156.2459801203 149936904.02260256 358.7795698924731
324.91349 974.8432570626766 149936904.02260256 57091274.93201854 345.0
360.1549580645161 973.8139261708128 57091274.93201854 70445457.80820233 344.0
210.93008 974.0190191816869 70445457.80820233 1340088.8095302053 234.0361111111111
195.60197419354841 972.3536035523812 1340088.8095302053 1231863.0531783965 192.06720430107526
170.89464516129033 972.3492745221271 1231863.0531783965 1073490.7757938036 166.84139784946237
177.02726333333334 972.3429396310318 1073490.7757938036 1104028.6643140842 171.88333333333333
165.3161806451613 972.3441611465726 1104028.6643140842 1028078.752519601 159.73924731182797
175.40863 972.3411231501008 1028078.752519601 1112562.2987842346 172.75
207.6946193548387 972.3445024919513 1112562.2987842346 1331864.3042830052 206.9731182795699
321.72412903225836 972.3532745721712 1331864.3042830052 2067690.2064399368 321.5510752688172
542.159667857143 972.3827076082575 2067690.2064399368 490732736.5590464 341.9404761904762
618.216364516129 976.1354654731181 490732736.5590464 1010202209.9319931 350.0
731.9125077777778 976.8404963972738 1010202209.9319931 1326465527.0634446 405.44444444444446
1521.2845688172044 977.0890615039373 1326465527.0634446 1548611911.1695595 1205.9516129032259
1056.7177277777778 977.2223226821653 1548611911.1695595 1431978615.2589853 925.2027777777778
625.5166247311828 977.1523566978159 1431978615.2589853 1297849369.1777127 464.44354838709677
275.9353806451614 977.0718952424581 1297849369.1777127 663973396.2420775 325.4032258064516
192.28335333333334 976.4300829134194 663973396.2420775 99359367.35719487 327.0
175.2995 974.3734713843174 99359367.35719487 1093546.323548531 204.2768817204301
192.88332 972.3437418529419 1093546.323548531 1220528.1997297874 190.19444444444446
202.3279451612903 972.3488211279891 1220528.1997297874 1295657.9961305957 201.66129032258064
235.12721612903226 972.3518263198451 1295657.9961305957 1513070.5164474782 235.1451612903226
337.51731071428617 972.3605228206578 1513070.5164474782 23344668.133969568 328.7232142857143
350.233235483871 973.0929074481659 23344668.133969568 64368117.5490666 330.0
259.0539033333333 973.9276268367041 64368117.5490666 1642840.1444442482 278.5472222222222
345.9960516129032 972.3657136057777 1642840.1444442482 41899693.87235953 324.81451612903226
207.52593000000002 973.5365325744685 41899693.87235953 1317761.8327185195 220.14166666666668
185.4438 972.3527104733087 1317761.8327185195 1167860.9976023866 181.93548387096774
185.10271935483874 972.3467144399041 1167860.9976023866 1166785.6301352482 180.9731182795699
178.44447333333332 972.3466714252054 1166785.6301352482 1113971.9061524435 173.33055555555555
173.34813548387098 972.3445588762461 1113971.9061524435 1079740.9166214375 167.74193548387098
184.12122 972.3431896366649 1079740.9166214375 1164547.539507602 181.45555555555555
190.2319935483871 972.3465819015803 1164547.539507602 1219309.8488022292 189.5752688172043
235.16432903225808 972.348772393952 1219309.8488022292 1514526.6029640087 235.15322580645162
288.18792142857137 972.3605810641185 1514526.6029640087 1851045.415188113 288.2142857142857
345.452732258065 972.3740418166075 1851045.415188113 2203230.3739780346 343.19354838709677
367.04196 972.3881292149591 2203230.3739780346 2832210.73873625 362.94444444444446
410.956206451613 972.4132884295494 2832210.73873625 168310640.80797613 335.0
244.03211 974.9868018813123 168310640.80797613 1550126.4631033316 300.4583333333333
198.5044806451613 972.3620050585241 1550126.4631033316 1251393.4088970076 195.03763440860214
180.74233548387093 972.3500557363559 1251393.4088970076 1134634.0295555207 176.66129032258064
182.01212333333334 972.3453853611821 1134634.0295555207 1134575.1278297326 176.87222222222223
174.9083193548387 972.3453830051131 1134575.1278297326 1089057.1329025119 169.30376344086022
179.88055 972.343562285316 1089057.1329025119 1142053.468757879 177.23055555555555
192.5590838709677 972.3456821387502 1142053.468757879 1236502.9804389335 191.88709677419354
237.33300000000003 972.3494601192175 1236502.9804389335 1522861.7399574742 237.3252688172043
297.82567142857147 972.3609144695982 1522861.7399574742 1912959.0130000964 297.83035714285717
364.624422580645 972.37651836052 1912959.0130000964 2326209.7794320844 362.3306451612903
328.01466000000005 972.3930483911772 2326209.7794320844 2079180.6594959842 324.34444444444443
389.649829032258 972.3831672263798 2079180.6594959842 135076599.7668891 327.98924731182797
218.3802 974.722931479323 135076599.7668891 1384957.7872916737 264.72777777777776
251.7864075268817 972.3553983114916 1384957.7872916737 1594584.8242956884 248.07258064516128
186.25742150537636 972.3637833929718 1594584.8242956884 1168380.9885567594 182.28494623655914
180.96704666666668 972.3467352395422 1168380.9885567594 1127669.3601621848 175.84444444444443
171.897064516129 972.3451067744064 1127669.3601621848 1065756.4661574725 166.30376344086022
178.37306 972.3426302586463 1065756.4661574725 1131131.1117620647 175.71944444444443
190.9164193548387 972.3452452444704 1131131.1117620647 1225934.8968140741 190.24462365591398
234.16003548387096 972.3490373958725 1225934.8968140741 1502372.7414141349 234.15591397849462
298.83515714285727 972.3600949096565 1502372.7414141349 1922759.895018797 298.82738095238096
276.8616935483871 972.3769103958007 1922759.895018797 1761882.5948481674 274.8360215053763
246.20714666666663 972.3704753037939 1761882.5948481674 1561475.6374923547 242.60833333333332
326.9267193548387 972.3624590254997 1561475.6374923547 2074222.9501226346 323.01881720430106
220.9187 972.3829689180048 2074222.9501226346 1398088.831797141 218.34444444444443
180.6729774193548 972.3559235532719 1398088.831797141 1141553.7070292097 177.20967741935485
169.0926806451613 972.3456621482811 1141553.7070292097 1059062.1610593707 165.01344086021504
181.28500333333335 972.3423624864423 1059062.1610593707 1128902.9242876144 176.11944444444444
174.11697096774193 972.3451561169715 1128902.9242876144 1084235.395046004 168.51344086021504
184.91431 972.3433694158018 1084235.395046004 1171156.812299902 182.24722222222223
197.8782419354839 972.3468462724919 1171156.812299902 1268122.632698068 197.20430107526883
