0.5553098501812537
0.09386344713142325
0.5003560296879996
0.112714405375681
0.5003302450581346
0.38119267532620604
0.56138497729824
0.5602561188181063
0.19112740394416772
2.129988550639904
0.9863426934790267
0.3090175119143952
0.08422498861415484
0.010150445090575388
0.6832814736592097
0.3300339693540737
0.5011984841097954
0.3458695540139862
0.7657995873256747
1.6268404498677707
1.6218607511396343
1.8232642304000861
1.346653319154799
0.8148632297075955
0.16126731362209767
0.010161399896094103
0.5006646242086168
0.49133356766134373
0.5002297529685649
0.36829575484269483
0.5498120997390217
1.8375423813044254
2.0126123976735
1.907581095456285
1.2767875839173812
0.8654316463753773
0.10574426428355732
0.010154374093466423
0.5890693060339878
1.315354364951201
0.5000881469180962
0.3581892994581377
0.5253326478306848
2.0127612710964202
2.124809577858376
2.2947735004267242
1.6895516576094782
1.1797593829053006
0.19682069076345954
0.010167536114551012
2.000723299481392
2.4610202392614364
0.49989314778029836
0.330471056425802
1.2873479859180925
2.3942981557139755
2.322650322272382
2.486803205855707
1.8921040751824965
1.444487614914924
0.08022652382486672
0.01012453573254568
0.8359990903269687
2.0838656438350074
0.4999570249602261
0.330752753930156
0.68309574015941
1.1630033094756818
1.2680410984881632
1.5901961967495577
1.0737630643536114
0.8631553779039902
0.6562711030308375
0.21531204699731177
3.3380144435616685
3.811530239760112
2.7690432520050705
3.641892489702945
0.596821081889285
1.3572687896425246
1.7687332546289163
2.350442382756368
1.8871960105540464
1.581650053685574
0.46242981202551814
0.010207514633533421
0.5004731085183751
0.33074293824413825
0.500422469818635
0.3307930361126248
0.5007484467694105
1.3572045832458914
1.83484275155802
2.166588918558609
1.58692085035999
1.141881624521369
0.5000977606231185
0.009987970440584526
0.05788259389559691
0.3301343725672572
0.500836435667356
0.36860792000947384
2.041101023578174
2.3093459793252804
2.222388324001322
2.381364727928769
1.7641026041200485
1.412461511761399
1.0779610317966242
0.010299016045514975
2.2837672856307596
3.1611366167397295
0.4997752693514137
3.718380251008523
0.1390693795879212
0.9221878832055088
1.4169975372454444
2.1689721498050303
1.8468977899444279
1.5060879067676263
0.6998418953367525
0.010242144219802185
0.5003969088531628
2.109785207335048
0.4999524983329131
4.451462404184853
1.5870920879496402
1.937986199432594
2.039849906605553
2.476712413142922
1.9840877580705478
1.5711964425547094
0.026591280466231382
0.010133996286948665
0.01434724792338038
2.101967937325835
0.49995284183734956
4.697129459432172
0.9325301233040046
1.4486729540689058
1.6506493441427659
2.270825031148073
1.9204952377107518
1.3697764013777842
0.23197608609965492
0.01010436385405633
0.5006611867832547
1.1006853340587615
0.5001248687780251
4.303131086076007
1.102768610115909
1.0568266610032273
0.7851341169489556
1.3360646640140534
1.1460307221269757
0.7243102179197471
0.5001666632805755
0.009968137159566126
0.5007646301367714
0.14174164166401582
0.5003349828434001
0.3308084785961656
0.5522356680848928
0.7371238142588687
2.025296984232104
2.0765874408146927
1.4884558234038363
1.0269856678286122
0.6453206000044753
0.010235792734177629
0.5004357116710851
2.124592512190395
0.49994937028026243
0.3307047321463603
0.9467493409654981
1.0304259875146924
0.8887093264112305
1.2838622401633133
0.9720076334437655
0.3162759071400565
0.5002348006748143
0.009858675597066657
0.5013571812534154
0.33089527979878586
0.528403613079595
0.39349290912646406
0.5648169410114825
0.560500057334349
2.0753454914316367
2.3503550304621634
1.469805910233557
0.9722960950731179
0.16416019731022402
0.01016084966671027
1.5373780574463694
0.9203352538989913
0.5001567396198094
0.33085078398533074
1.740572760137277
2.1083594291001764
2.070413691840431
2.26596436039995
1.5858607856903446
1.2251503693178267
0.20442393226449784
0.010168011109231934
1.0344055525553797
0.9554938129339452
0.5001491592846499
0.3306597652875931
0.5005837461615874
1.7219126558700895
1.7689381335745566
2.003370235673651
1.4689825402002765
1.0510065843287792
0.057666741311752645
0.010144881301743958
0.6129480809343715
1.6129279204006033
0.500037764981669
0.33058778734488303
0.5009137779386066
1.73416039720047
1.6649689694418885
1.8365469506092635
1.2971474878050966
0.8761255374098407
0.0022222124237591956
0.01013698465006918
2.3188678245543275
3.366372862420509
0.4997383529691177
4.757559990623328
1.6299707712021236
1.6749689479910232
1.5124959601823016
1.873270453865624
1.427618284320118
1.0651231555043505
