0.5553098501812537
0.03678543118232547
0.5003664256798679
0.3659234938918656
0.5003889891271047
0.37896820766023076
0.5605121701077129
0.5597156206764158
0.36428989263925704
0.12468433500404874
0.3301659923059086
0.5004230210088885
0.5004970290042872
1.3143985318784548
0.5539432635286232
1.7944786262911534
0.500005338930519
0.33124990091544415
0.11741832030416788
0.05041810559080595
0.050015388416177586
0.08887743023749373
0.07086700712204053
0.5003230895044819
0.5004042501098551
0.822873929820827
0.5517534620039619
0.36986953592795935
0.5002881208514696
0.3306667639543903
0.5231556573401059
0.03475233697155389
0.034257893874217515
0.10969729597969113
0.18131065418543013
0.5003444667518107
0.500394511682785
1.2198773845077775
0.5561236307436532
0.38506428796730496
0.5001508607855385
0.3306953373172794
0.5008784010212359
0.05515612143167026
0.02672089158826818
0.12139986164089933
0.09240995716276323
0.5003292498738432
0.5003864767741968
2.5810676871273843
0.5566888681940538
1.5654837745527632
0.49996702817387995
3.6196493658054987
0.15795642484721473
0.17152544774613343
0.10817585235153615
0.2299526882354721
0.00893610209527651
0.4392072916622851
0.5003570174855856
0.009869892577182071
0.5490025321041312
1.4424133793922524
0.5000256682331443
3.6283084069530585
0.1577894651300733
0.1311840113614462
0.05646298280479112
0.16963067815073885
0.1411868020281668
0.5003352041777323
0.500381324048444
0.010012740558303257
2.0342309654605573
3.306951887940981
2.1003831499479553
4.043959154262581
0.26423105379242706
0.30567134858466716
0.22347678586203212
2.2947340662742626
4.127903456071218
3.9043762389280157
2.845728415027643
0.238465216593978
0.5003272739775992
0.36026430481556115
0.5004729477203638
0.3308523200006741
0.5005921953797383
0.07654213994351888
0.02284180010207848
0.13991208830235102
0.11401571204448047
0.5003331548920569
0.5003831648491799
1.3709922461015367
0.5566784854218962
0.6503283268300333
0.4999311012920318
0.3310796326455874
0.2540553735136504
0.20406077344067963
0.1332737640534587
0.24987520700866472
0.0024125586572383284
0.3874455333381821
0.500349288123255
0.010033801290906474
0.9178126874779999
2.6964747778073384
0.49985461722651525
4.020124789951306
0.22321677419117414
0.29548212494346604
0.14380670419055708
0.22720369641180937
2.94638723608802
3.8677188951096233
3.0832437504415013
2.24270185110284
0.006278383327330772
1.7078962663967312
0.5000218627596809
2.4113280049906525
0.06580207893774226
0.13570714568261177
0.09742465439749459
0.24143032033772283
0.10088955210593742
3.030473730235734
2.334457520461621
0.9924970455490012
0.5001916318128918
1.6958156750222106
0.5000221544521679
3.0002147978008784
0.010408424783211245
0.23418237097860306
0.16759822963308668
0.2867896201966582
0.05823045200338761
2.684178382895502
2.1287476710572046
1.0315172383543305
0.5001836472784591
0.7356612127152751
0.5001850663877043
3.5348741761859115
0.00458432763064387
0.06386877449369077
0.05234390291388458
0.22944055642456096
0.007551530557067032
0.5003140264503285
0.5003976258303169
0.9739639801158377
0.5539578647871757
0.3716244643555413
0.5003930045642369
0.3307903046940819
0.501275364770672
0.11832704759645196
0.08215010795885647
0.11177052874871052
0.0911190908001327
0.5003297644298872
0.5003807975910934
2.2975293570684414
0.5526131550819997
0.309608735533093
0.5000199878945013
3.5295613504846646
0.11411873022034769
0.17928258816638465
0.09377403295559628
0.2812634160180556
0.02064690544779424
0.5003077196680454
0.5004352294926306
2.1082820430770655
0.5625523156490448
0.38475850496563346
0.54266074626626
0.3935026151877148
0.5648308925018775
0.5606102701091755
0.16805211693569522
0.051725458100648325
0.29238518647695866
0.5003625487984555
0.5004162895619242
4.017882251233157
0.5593270784796438
1.3184716474535754
0.49990202763328817
2.975223638388374
0.15330387763655562
0.14479896095167444
0.08589054967726995
0.21807950179233782
0.09481542071979643
0.4911026874586355
0.5003655881272691
0.6149023730522263
0.5469090827541656
0.06763560209524844
0.5002123188666774
3.332967772094979
0.008159491588719092
0.033486119642925694
0.013689654200272017
0.1853780914750578
0.06989793247174347
0.5003251055251496
0.5003742872250472
1.5979789200100787
0.5513874284809406
0.3721668966327396
0.5001038250391163
3.4481144395821217
0.027358107855159908
0.07192052690853235
0.05566705274435524
0.1857238263370462
0.03945734425537051
0.5003178663367178
0.5003819244583987
4.11241056524091
0.5581331029050975
2.0445217316435897
0.4998179267676912
3.9856892264019717
0.49054316302766576
0.31875547226881285
0.21661403217847397
0.26496640984962383
0.03054395332243942
0.5003066242895748
