0.5553098501812537
0.010379183044954665
0.5003731816070323
0.3302851141740657
0.5004593342435575
0.3358404850431853
0.5044403462061133
0.5019799792644477
0.3677643552069423
1.6594198443289234
2.297782072059268
2.389190967251954
0.9141349002340848
0.01027436014312233
0.5007785499046093
0.33071148357271873
0.5016222359157814
0.3314406561379295
0.34160419347112203
1.822138191709433
2.5718403073598632
3.0868849086715415
3.733717365484144
3.4090763207734285
2.7433100829111803
0.6146545437415751
0.5002583282967272
0.3309457177381683
0.5017559813828694
0.3356405877726365
0.5019694894682498
1.4390175093930284
2.498618254765889
3.1736893157868478
3.6759992914657365
3.4390593624768604
2.6675324201942616
0.010534514568484532
0.5005052964543264
0.33067457345460216
0.502693386554399
0.3315583525821042
0.5015356284972468
0.9340544295294482
2.331539550327638
3.085352728981115
3.7887939730630626
3.5230002637187594
2.616568428537938
0.9704211996941994
0.5001961407703508
0.3305018088726328
0.5014666945129678
0.3307625803910659
0.15676074473705448
2.1655035975334527
3.260147982744881
3.8569825911029643
3.9139331577753733
3.683168199584041
2.2584467063368794
0.8120629855162584
0.5002252624615044
0.33063553182852434
0.501711933310454
0.33136884150605006
0.4034393876823019
2.1504350626371864
3.090128898721125
3.6617610500674003
3.763215182283937
3.542013673019542
3.2384409021015905
3.0081617265231744
1.4505583910865596
0.5776345119030948
1.6911162605797276
1.4648445780729658
2.921865534021206
3.8015033041644712
3.9435795704289296
4.023354633406081
3.93013962808389
3.7368942177206534
2.7200403686699426
0.20047447451249312
0.5003343147878168
0.3306085439655462
0.504215097307859
0.3427236165409573
0.5051662128660874
0.187391546773104
2.1629180314874614
3.129507753113648
3.7806381863215215
3.527218854684672
1.4579441649824307
0.010353004735540239
0.5004082093107138
0.33142373362526634
0.5020884603875864
0.3316749017559646
1.7008888203273456
2.9876545953380558
3.548117351546555
3.925400247927284
3.9076907678973765
3.7349809655412756
3.4363062513306244
2.6334965550031915
1.978171996646258
0.3298310208711239
0.5004315460705762
0.3305088143723758
2.5045344296646186
3.7401682825316414
3.9470657732993004
4.030330340329126
3.9912910111250754
3.7033105013699057
2.957556253672097
2.2046614279936523
0.7869881616347656
0.3300215168396621
0.5008208315820788
0.33127763610044525
0.5010500803524938
2.34829192114893
3.4116637944775214
3.978503997544463
3.9660303450387064
3.7053915756672042
2.2107981850392786
0.9544514099549994
0.5001957307576772
0.3304375601151053
0.5016288032671801
0.3309435660405091
1.5371471051241672
3.432446038995071
3.9268053050612997
4.006533499918566
3.983751622253159
3.545960412345763
2.0055574025862697
0.9934712927130609
0.5001880394808431
0.33068397700730134
0.5017713672283444
0.3317704138578925
0.5016177862333437
1.731534319576015
2.8430664397076706
3.564649250053838
3.915950619085991
3.424217705929931
1.450508728703448
0.6125739498630614
0.5002582644941755
0.3314670554729302
0.5021914454245113
0.3345822926111186
0.503280103689816
0.29550195273554714
2.0464617834418397
2.923139009305375
3.6056677414032805
3.5367751659738937
3.1866833966490598
2.2907551836592353
0.4999515997978632
0.3306124529774461
0.5007990824845736
0.33269256580357354
0.05114974478107026
2.420530620414903
3.336109783489623
3.9350149279442856
3.9258057597576848
3.2253495620872803
0.8362627236626468
0.010263075392189513
0.5008300491669191
0.3348689182631297
0.519329242177708
0.3545889551520336
0.5085563616309985
0.5016876857069219
1.1752259153777969
2.336387134716715
3.0778739224194185
3.3120586260804794
2.3502864467563387
0.010489292055773092
0.5004057552434507
0.3305909620532175
0.5013099750170662
0.33095922361317864
0.8690775357823455
2.4883943316054262
3.1812875087607857
3.756109662539715
3.8096859523648163
3.6313514700005767
2.644479363853779
2.2173515605446186
0.4999673234180202
0.33050327029378757
0.5011169228148074
0.3314240905983006
0.501732466543551
1.0485528841421607
2.5803957620979903
3.372288653182708
3.8317837254112175
3.582802483790454
2.578937133167167
2.056331524485269
0.4999971206902334
0.3306691280506655
0.5011027754758111
0.3315701618946907
0.5013631954186533
1.4570603175492907
2.7912902774987547
3.5011314900424924
3.863517059029244
3.554619581872994
2.6248404748337544
2.0165616076845567
0.5000032424264003
0.3303549114503035
0.5008348757924388
0.0007463792876762909
2.4128134647992585
3.5419069435539843
3.934234043543518
3.9636655115042543
3.9359325486663383
3.555521990808817
