151.79706129032255 976.4455239431677 673917419.4 980390.5770547192 403.4139784946237
252.72363571428556 972.3392156230822 980390.5770547192 1622337.671876909 252.6220238095238
273.585732258064 972.3648935068751 1622337.671876909 1743105.9192187248 271.4569892473118
284.3828488888889 972.3697242367688 1743105.9192187248 1803956.719201087 280.64166666666665
965.1816526881718 972.372158268768 1803956.719201087 12950686.800656267 955.8037634408602
888.2414244444444 972.8041857444626 12950686.800656267 9259309.128772965 885.8777777777777
729.9730989247312 972.6774712136988 9259309.128772965 4656177.451639353 727.5349462365591
408.1731956989247 972.4862470980655 4656177.451639353 2589850.5753680794 404.53494623655916
293.15912 972.4035940230146 2589850.5753680794 1851607.4463659658 288.13055555555553
281.7454935483871 972.3740642978546 1851607.4463659658 1774517.1053553042 275.9704301075269
302.80637 972.3709806842141 1774517.1053553042 1928609.5884288938 300.01944444444445
348.0427806451613 972.3771443835371 1928609.5884288938 2230608.99625445 347.26344086021504
480.87211612903224 972.3892243598501 2230608.99625445 3087388.687260567 480.65860215053766
844.3596571428574 972.4234955474905 3087388.687260567 878114103.5630296 485.98511904761904
211.094535483871 976.707439350265 878114103.5630296 1340549.9334449514 525.8978494623656
164.53975333333335 972.3536219973378 1340549.9334449514 1038113.498558534 161.06944444444446
376.6048677419355 972.3415245399423 1038113.498558534 2396468.3799863174 372.3279569892473
80.36126 972.3958587351995 2396468.3799863174 504237.24728297046 78.375
182.91490537634408 972.3201694898913 504237.24728297046 1149294.4220152602 179.11290322580646
196.08307311827963 972.3459717768806 1149294.4220152602 1231753.0088412154 191.90860215053763
284.9563533333333 972.3492701203536 1231753.0088412154 1796064.1741714047 279.43888888888887
271.5298870967742 972.3718425669668 1796064.1741714047 1706380.9359124156 265.7768817204301
273.91654 972.3682552374364 1706380.9359124156 1744858.428250307 271.1972222222222
324.8570258064516 972.36979433713 1744858.428250307 2079684.612587464 324.0698924731183
479.1807258064516 972.3831873845035 2079684.612587464 3078904.115651132 478.9139784946237
688.6241964285716 972.423156164626 3078904.115651132 4417044.979364488 688.2559523809524
303.095609677419 972.4766817991746 4417044.979364488 286242676.1541029 185.0
246.86063333333334 975.5854510152725 286242676.1541029 1562964.3217966252 349.4222222222222
409.558722580645 972.3625185728719 1562964.3217966252 2601455.34997139 405.36559139784947
167.68952555555555 972.4040582139988 2601455.34997139 1058691.5194521088 165.49444444444444
363.0457838709678 972.342347660778 1058691.5194521088 2305215.2096129633 358.8252688172043
197.34928064516126 972.3922086083845 2305215.2096129633 1244711.1837005322 193.5994623655914
283.14517 972.349788447348 1244711.1837005322 1787180.4166944735 277.6388888888889
271.5339548387097 972.3714872166678 1787180.4166944735 1708412.9670975537 265.7768817204301
279.39037 972.3683365186839 1708412.9670975537 1775651.7553777606 276.65555555555557
322.4237129032258 972.3710260702151 1775651.7553777606 2067105.398793276 321.6532258064516
438.29703548387096 972.3826842159517 2067105.398793276 2813022.3182801995 438.1236559139785
755.059328571429 972.4125208927312 2813022.3182801995 4844397.919630554 754.4077380952381
209.486719354839 972.4937759167852 4844397.919630554 1331391.6035914272 208.752688172043
206.29150333333334 972.3532556641436 1331391.6035914272 1304362.7034679076 202.66944444444445
417.51344516129 972.3521745081387 1304362.7034679076 2652559.08182583 413.1962365591398
93.73871 972.406102363273 2652559.08182583 585950.1615272089 91.80833333333334
294.6029784946237 972.3234380064611 585950.1615272089 1866435.3703354888 290.44354838709677
226.10311720430104 972.3746574148134 1866435.3703354888 1426219.7154904255 222.08602150537635
295.17082 972.3570487886196 1426219.7154904255 1864104.6361954338 289.68611111111113
272.9702451612903 972.3745641854478 1864104.6361954338 1716293.234780018 267.23655913978496
277.99036 972.3686517293912 1716293.234780018 1764900.08184704 275.2638888888889
356.4200483870968 972.3705960032738 1764900.08184704 2281083.0103824455 355.55913978494624
625.5535096774194 972.3912433204152 2281083.0103824455 4016728.870470695 625.016129032258
761.0526809523808 972.4606691548188 4016728.870470695 4880780.586675114 760.8839285714286
272.8735978494625 972.495231223467 4880780.586675114 1739221.4658178224 271.9623655913978
152.69749333333334 972.3695688586326 1739221.4658178224 957158.2107433449 149.425
371.6986193548387 972.3382863284297 957158.2107433449 2357742.934872822 367.41129032258067
77.97120000000001 972.3943097173949 2357742.934872822 482237.4107799374 75.98055555555555
63.574729032258105 972.3192894964311 482237.4107799374 387263.9116866259 60.17741935483871
244.30538709677415 972.3154905564675 387263.9116866259 1538839.0633343856 239.6720430107527
306.11216 972.3615535625333 1538839.0633343856 1931695.2059929518 300.6277777777778
310.7796548387097 972.3772678082397 1931695.2059929518 1957518.7431071156 304.9166666666667
338.98207 972.3783007497243 1957518.7431071156 2161201.793559768 336.14722222222224
184.27708064516128 972.3864480717424 2161201.793559768 1180387.6955940947 184.00806451612902
120.27603548387094 972.3472155078238 1180387.6955940947 772130.9500152918 120.5241935483871
209.67153571428528 972.3308852380005 772130.9500152918 1347784.0260976537 209.5952380952381
203.78264516129 972.3539113610439 1347784.0260976537 1297024.5340613937 201.76075268817203
170.24170333333333 972.3518809813625 1297024.5340613937 1069935.2244780713 166.73611111111111
379.3340258064516 972.3427974089791 1069935.2244780713 2407848.2628258886 375.06182795698925
77.52103 972.396313930513 2407848.2628258886 482319.92439177155 75.55
65.5846612903226 972.3192927969757 482319.92439177155 400951.4317512897 62.18010752688172
202.75620645161294 972.31603805727 400951.4317512897 1278517.3795897814 198.2768817204301
278.6694 972.3511406951835 1278517.3795897814 1757988.5660604585 273.19444444444446
271.669835483871 972.3703195426424 1757988.5660604585 1711289.4557478565 265.9005376344086
286.4077 972.3684515782298 1711289.4557478565 1823378.6780030157 283.65
327.5062677419355 972.3729351471201 1823378.6780030157 2095720.2888455559 326.741935483871
430.32024838709674 972.3838288115538 2095720.2888455559 2759182.441163028 430.1774193548387
290.7650107142858 972.4103672976465 2759182.441163028 1864161.3030595595 291.30059523809524
158.84453548387094 972.3745664521224 1864161.3030595595 1008551.6568777324 157.1505376344086
88.93895333333333 972.3403420662751 1008551.6568777324 550654.6762440171 85.61111111111111
153.3960193548387 972.3220261870497 550654.6762440171 963529.5653496555 149.71236559139786
56.501689999999996 972.338541182614 963529.5653496555 345595.34630855464 54.044444444444444
271.5318612903226 972.3138238138523 345595.34630855464 1718209.1475014181 267.36290322580646
126.94803763440859 972.3687283659 1718209.1475014181 790523.3018618546 123.23655913978494
46.99290666666666 972.3316209320744 790523.3018618546 276688.97970190155 42.26111111111111
42.25610322580645 972.311067559188 276688.97970190155 242066.01909576726 36.873655913978496
45.20734 972.3096826407638 242066.01909576726 275291.46860883967 42.672222222222224
51.190435483871 972.3110116587443 275291.46860883967 326314.6893218305 50.56182795698925
99.17113548387094 972.3130525875729 326314.6893218305 636202.0850192894 99.15053763440861
242.17091071428527 972.3254480834007 636202.0850192894 1559733.0485950757 241.95238095238096
429.04615591397885 972.3623893219437 1559733.0485950757 202752063.79613456 344.7258064516129
300.8552233333333 975.199707706074 202752063.79613456 1910897.7489666676 372.60833333333335
464.147577419355 972.3764359099587 1910897.7489666676 2950710.658988986 459.89516129032256
300.05038 972.4180284263596 2950710.658988986 1908811.039705127 297.55
549.7844989247312 972.3763524415882 1908811.039705127 3500465.3577252743 545.233870967742
242.18163870967746 972.440018614309 3500465.3577252743 1530049.2338499743 238.71505376344086
282.57539 972.3612019693539 1530049.2338499743 1778585.4975247236 277.18333333333334
269.0858451612903 972.3711434199009 1778585.4975247236 1691802.0906557252 263.3360215053763
276.06024 972.3676720836262 1691802.0906557252 1752698.67802206 273.3305555555556
316.2187677419355 972.3701079471208 1752698.67802206 2024027.9477791425 315.4569892473118
514.661977419355 972.3809611179112 2024027.9477791425 3299834.4003632553 514.2930107526881
740.9063642857143 972.4319933760145 3299834.4003632553 552323600.6563491 515.9940476190476
240.943296774194 976.2567136656155 552323600.6563491 1533623.6652572942 433.91129032258067
143.26099333333335 972.3613449466103 1533623.6652572942 899619.4530827703 139.94166666666666
350.6461129032258 972.3359847781232 899619.4530827703 2227391.5960934837 346.40860215053766
78.52424666666667 972.3890956638437 2227391.5960934837 488133.877267088 76.48055555555555
152.846488172043 972.3195253550906 488133.877267088 957391.3593909717 149.14247311827958
188.62912903225805 972.3382956543757 957391.3593909717 1188359.736899867 184.40860215053763
269.67063 972.347534389476 1188359.736899867 1700170.1195908554 264.1972222222222
264.8282 972.3680068047836 1700170.1195908554 1662700.33720935 259.06720430107526
270.30777 972.3665080134883 1662700.33720935 1721819.3479347352 267.5833333333333
301.2812193548387 972.3688727739174 1721819.3479347352 1930492.9428046457 300.5456989247312
393.7996064516129 972.3772197177121 1930492.9428046457 2528583.467123782 393.6801075268817
545.1117785714285 972.401143338685 2528583.467123782 3495839.561094462 544.889880952381
135.6417677419355 972.4398335824437 3495839.561094462 859817.5193116376 134.6263440860215
119.04239333333334 972.3343927007725 859817.5193116376 743528.2983376095 115.55
341.4672741935484 972.3297411319335 743528.2983376095 2166107.554269816 337.2043010752688
57.21333 972.3866443021708 2166107.554269816 351823.9629826385 55.21666666666667
89.4956870967742 972.3140729585193 351823.9629826385 553702.7433011425 85.95967741935483
279.9505516129032 972.322148109732 553702.7433011425 1773088.860403835 275.247311827957
333.32435333333336 972.3709235544161 1773088.860403835 2102252.39182432 327.8222222222222
146.03525913978496 972.384090095673 2102252.39182432 906588.7473869734 140.90860215053763
42.18152 972.3362635498954 906588.7473869734 259405.0465634336 39.91111111111111
52.8049870967742 972.3103762018625 259405.0465634336 335641.9573532461 52.166666666666664
87.79251290322584 972.313425678294 335641.9573532461 566534.8612394824 87.8010752688172
135.8988357142857 972.3226613944495 566534.8612394824 877016.7181909799 135.92857142857142
223.51100860215035 972.3350806687276 877016.7181909799 1420288.416396701 221.25537634408602
168.76669333333334 972.3568115366559 1420288.416396701 1060556.3619962812 165.3138888888889
385.4524967741935 972.3424222544799 1060556.3619962812 2453336.0195091227 381.1532258064516
75.78958 972.3981334407804 2453336.0195091227 471756.05607798253 73.84166666666667
62.1517419354839 972.3188702422431 471756.05607798253 378154.5210454426 58.755376344086024
220.86457096774194 972.3151261808417 378154.5210454426 1391909.1319335208 216.31182795698925
294.2064966666666 972.3556763652773 1391909.1319335208 1854166.6531606698 288.7138888888889
302.2299387096774 972.3741666661264 1854166.6531606698 1901289.0978763911 296.3736559139785
328.42457 972.376051563915 1901289.0978763911 2092800.4492073718 325.60277777777776
215.8808709677419 972.3837120179683 2092800.4492073718 1380990.5055087814 215.50537634408602
122.55968387096775 972.3552396202203 1380990.5055087814 789447.0133809156 122.8763440860215
202.11109642857127 972.3315778805352 789447.0133809156 1297193.403916478 202.0625
376.75661505376377 972.3518877361566 1297193.403916478 2405037.217661329 374.1962365591398
169.24092333333334 972.3962014887064 2405037.217661329 1068727.867645339 166.1638888888889
354.6809193548387 972.3427491147057 1068727.867645339 2254797.713719759 350.491935483871
61.69986 972.3901919085488 2254797.713719759 381345.42347338796 59.72222222222222
54.5699129032258 972.3152538169389 381345.42347338796 328304.0108793948 51.166666666666664
215.18716774193544 972.3131321604351 328304.0108793948 1354028.895433369 210.63709677419354
294.8722 972.3541611558173 1354028.895433369 1861744.742241425 289.3611111111111
288.0625129032258 972.3744697896897 1861744.742241425 1813079.7776503244 282.26612903225805
343.54877 972.372523191106 1813079.7776503244 2187395.534400909 340.64444444444445
139.693652688172 972.387495821376 2187395.534400909 890828.0852868516 139.55107526881721
132.37043870967744 972.3356331234114 890828.0852868516 851567.8208108401 132.4811827956989
200.01362500000027 972.3340627128324 851567.8208108401 1288866.2353528244 199.99404761904762
320.4354903225809 972.3515546494141 1288866.2353528244 2046666.3046316523 318.0403225806452
216.71687333333335 972.3818666521853 2046666.3046316523 1371259.959174488 213.33333333333334
414.614990322581 972.3548503983669 1371259.959174488 2639665.3132466907 410.3306451612903
83.06046 972.4055866125299 2639665.3132466907 516107.05538768927 81.16111111111111
69.3584096774194 972.3206442822154 516107.05538768927 429667.80365988344 65.95161290322581
262.03016129032255 972.3171867121464 429667.80365988344 1655812.1533543551 257.3467741935484
278.86185333333333 972.3662324861341 1655812.1533543551 1754442.3149791984 273.53333333333336
268.8011193548387 972.3701776925991 1754442.3149791984 1691015.3185628087 263.0430107526882
271.79752 972.3676406127424 1691015.3185628087 1727751.552781737 269.0805555555556
322.1675387096774 972.3691100621112 1727751.552781737 2067616.483460027 321.3790322580645
514.0378516129032 972.3827046593384 2067616.483460027 3298910.6984069394 513.6854838709677
691.9281821428576 972.4319564279363 3298910.6984069394 4436841.871701389 691.6428571428571
435.2153344086023 972.4774736748681 4436841.871701389 364647313.2247494 284.0
276.25164333333333 975.8414329163716 364647313.2247494 1750862.3235552472 408.2
446.038487096774 972.3700344929422 1750862.3235552472 2838857.9188589193 441.7876344086022
101.64497 972.4135543167544 2838857.9188589193 634124.0749092834 99.7611111111111
467.49070860215056 972.3253649629963 634124.0749092834 2973419.400126098 462.75
227.19814408602153 972.418936776005 2973419.400126098 1429055.4600670927 223.59139784946237
284.4772766666666 972.3571622184027 1429055.4600670927 1790212.335377548 279.0388888888889
271.4267677419355 972.3716084934151 1790212.335377548 1705674.816649679 265.6720430107527
275.9243 972.368226992666 1705674.816649679 1752920.5073172967 273.2
339.7113129032258 972.3701168202927 1752920.5073172967 2179421.1544176075 338.88709677419354
547.9264870967743 972.3871768461767 2179421.1544176075 3518317.228778972 547.5349462365591
698.0328142857143 972.4407326891511 3518317.228778972 4478101.831707999 697.8214285714286
396.362893548387 972.4791240732683 4478101.831707999 2531765.576518784 394.9301075268817
168.04682333333335 972.4012706230608 2531765.576518784 1055622.9734694124 165.025
375.1549580645161 972.3422249189388 1055622.9734694124 2386845.9331209026 370.88978494623655
73.93008 972.3954738373249 2386845.9331209026 456822.17351130024 71.96388888888889
62.6019741935484 972.3182728869405 456822.17351130024 380020.03460763145 59.19892473118279
211.0881935483871 972.3152008013842 380020.03460763145 1327027.2693260375 206.57258064516128
292.3272633333333 972.353081090773 1327027.2693260375 1843849.174384133 286.81666666666666
284.3161806451613 972.3737539669753 1843849.174384133 1785888.9397821568 278.5295698924731
295.40863 972.3714355575912 1785888.9397821568 1881798.383223139 292.65
358.6946193548387 972.3752719353289 1881798.383223139 2297015.4974818686 357.8709677419355
393.59509677419385 972.3918806198992 2297015.4974818686 2527341.0244623516 393.61290322580646
462.9066916666668 972.4010936409785 2527341.0244623516 2974423.2876458694 462.8958333333333
452.216364516129 972.4189769315058 2974423.2876458694 1070011352.9620854 0.0
340.0930633333333 976.8973491948309 1070011352.9620854 2160581.0275538117 721.775
1062.5318806451614 972.3864232411021 2160581.0275538117 18849457.89800351 1050.5456989247311
1068.7177277777778 972.9680404971667 18849457.89800351 19328421.0183126 1063.9472222222223
644.5193129032258 972.9813450282865 19328421.0183126 4108504.593030607 646.1236559139785
294.9326924731183 972.4643401837212 4108504.593030607 1863306.9583224757 291.502688172043
286.52502000000004 972.3745322783328 1863306.9583224757 1806470.7524720798 281.24444444444447
274.2995 972.3722588300989 1806470.7524720798 1727952.5050939114 268.5376344086022
286.88332 972.3691181002038 1727952.5050939114 1826392.7256679388 284.13055555555553
374.3279451612903 972.3730557090267 1826392.7256679388 2396275.1656762892 373.44354838709677
670.6110870967741 972.395851006627 2396275.1656762892 4304096.659856029 670.010752688172
954.5530250000004 972.4721638663942 4304096.659856029 12643150.655679135 951.3392857142857
355.84882688172047 972.7956430737689 12643150.655679135 2271446.5680961474 357.5779569892473
133.85390333333334 972.3908578627238 2271446.5680961474 838553.214513582 130.8527777777778
361.9960516129032 972.3335421285805 838553.214513582 2300761.5138349426 357.6962365591398
72.52593 972.3920304605534 2300761.5138349426 449366.3648593945 70.53055555555555
64.4438 972.3179746545943 449366.3648593945 397085.1571298625 61.02956989247312
235.9414290322581 972.3158834062851 397085.1571298625 1487143.863054399 231.34139784946237
346.51114 972.3594857545221 1487143.863054399 2190424.7821588577 340.84444444444443
352.348135483871 972.3876169912863 2190424.7821588577 2224250.78746411 346.41129032258067
307.1517755555556 972.3889700314985 2224250.78746411 1953920.4029158314 304.525
56.24274623655914 972.3781568161166 1953920.4029158314 356533.9484794404 56.22849462365591
102.77723225806454 972.3142613579391 356533.9484794404 662882.1673545331 102.75806451612904
135.18792142857137 972.3265152866942 662882.1673545331 873438.1992220043 135.25892857142858
194.452732258065 972.3349375279688 873438.1992220043 1236310.8956545237 192.28225806451613
224.17529333333334 972.3494524358262 1236310.8956545237 1419329.8583126492 220.45277777777778
426.956206451613 972.3567731943325 1419329.8583126492 2716700.3230995745 422.64784946236557
93.03211 972.408668012924 2716700.3230995745 584121.6293929005 91.12777777777778
72.5044806451613 972.3233648651757 584121.6293929005 447821.5499943111 69.11290322580645
197.74233548387093 972.3179128619997 447821.5499943111 1247322.0900954134 193.2983870967742
300.41212333333334 972.3498928836037 1247322.0900954134 1894120.9993050902 294.8388888888889
269.9083193548387 972.3757648399721 1894120.9993050902 1695250.8670847616 264.1989247311828
285.88054999999997 972.3678100346833 1695250.8670847616 1817392.9816168235 283.11944444444447
349.5590838709677 972.3726957192647 1817392.9816168235 2241470.525321927 348.73387096774195
528.6878387096774 972.3896588210129 2241470.525321927 3393258.1832251204 528.3655913978495
354.1232904761905 972.435730327329 3393258.1832251204 2270835.913786631 354.7559523809524
399.62979892473095 972.3908334365515 2270835.913786631 2554530.693481795 397.36290322580646
193.54799333333335 972.4021812277392 2554530.693481795 1218192.5844384807 190.44444444444446
405.649829032258 972.3487277033774 1218192.5844384807 2577091.428450648 401.34139784946234
87.3802 972.403083657138 2577091.428450648 545566.264591297 85.44166666666666
69.8159774193548 972.3218226505836 545566.264591297 430614.16029207874 66.41935483870968
254.8730129032258 972.3172245664116 430614.16029207874 1612605.8873613898 250.21505376344086
306.63371333333333 972.3645042354945 1612605.8873613898 1936934.2238185804 301.175
276.897064516129 972.3774773689527 1936934.2238185804 1740722.9948078627 271.1747311827957
291.37306 972.3696289197923 1740722.9948078627 1853585.2777366843 288.6111111111111
395.9164193548387 972.3741434111095 1853585.2777366843 2534178.2292467863 394.98655913978496
292.10627204301073 972.4013671291699 2534178.2292467863 1879228.0443429323 292.4516129032258
167.8053952380954 972.3751691217736 1879228.0443429323 1081860.6708188485 168.29464285714286
312.54717741935485 972.3432744268327 1081860.6708188485 1993434.357795204 310.0994623655914
108.87381333333335 972.3797373743117 1993434.357795204 675772.824608679 105.85555555555555
341.9267193548387 972.3270309129844 675772.824608679 2168697.9934386755 337.63709677419354
59.9187 972.3867479197376 2168697.9934386755 369695.84109905537 57.91388888888889
235.6729774193548 972.3147878336439 369695.84109905537 1489265.2850784862 231.63709677419354
398.73784193548386 972.3595706114031 1489265.2850784862 2533338.047466323 393.9516129032258
71.94611444444445 972.4013335218987 2533338.047466323 434296.41498307744 67.78611111111111
45.165358064516134 972.3173718565993 434296.41498307744 258349.05209124397 39.83064516129032
44.91431 972.3103339620836 258349.05209124397 274308.216081942 42.38611111111111
59.8782419354839 972.3109723286433 274308.216081942 384712.5922462822 59.225806451612904
