0.5553098501812537
0.03660744879051059
0.5003650370490833
0.3309186849812349
0.5010183379712521
0.33134218826227
0.5041689781694876
0.5019302604337597
0.33065386406550434
0.20830849629086057
0.33017925276023874
0.5004278452896296
0.5004979752160752
0.009922767120326803
0.5009815582885997
0.330721689135113
0.500650361964647
0.33056720398862005
0.39853395715973594
0.07538841125534823
0.06757382247878585
0.04718348238850112
0.01044829694784255
0.5003123818808186
0.5003907752657399
0.009957682464497353
0.5009180335647763
0.33085353388623684
0.5008540039162339
0.3306742072950293
0.5006258651608633
0.07989336959384996
0.05187564342594442
0.06794745986362827
0.14103057766542193
0.5003361410291607
0.5003870157171448
0.009949498112675315
0.5011373717168635
0.3305425967134541
0.5007412926335473
0.33070024433887824
0.48424183670544885
0.1255324027572069
0.0860910107427566
0.037894756487101944
0.1128483608482318
0.5003324168048637
0.5003857647849026
0.009924401238472491
0.5009436027697669
0.3305333106958601
0.5006251174881804
0.3305535183567798
0.24911363322586855
0.08577864004119107
0.028549837666767885
0.14644830391428165
0.011501756422525489
0.4392102267469742
0.5003599855380543
0.7896325113592431
0.5002276024715977
0.33070289253803153
0.5006715048470527
0.330574764898083
0.24916114689600377
0.10597638386688057
0.03957927094054803
0.14869760554768519
0.1209889664632735
1.8079637154976176
3.2968122669663344
2.4250524481109603
1.5749948500805244
0.9272567708083974
1.9433192592321502
1.4407912026439766
2.940486796571752
3.8440353089515047
4.165851923897035
4.232296415299294
4.031631762611665
3.8206071788119766
2.8037562666946667
0.23840518373888742
0.5003277896204752
0.33069931178900003
0.5010418884962826
0.330858975860969
0.5004757585569299
0.1550787247664811
0.061394151028233424
0.07728602182765343
0.11419280275164656
0.5003304660646553
0.5003807537306875
0.00975754022778208
0.5011548683754263
0.330785889883737
0.5005584672497463
0.23071895201656556
0.17131750344044594
0.13839542317860776
0.0745812652577893
0.2080638763011491
0.06288895245405257
0.28289871882161943
0.5003342789869771
0.010061735278456219
0.5006499547529728
0.3302741611523583
0.5003781680523263
0.30514331541159656
0.23437344570659224
0.5726371805145734
3.176691018470236
4.23689239468153
4.092669744679761
3.787080518227424
3.020400418837196
2.22368204277246
0.5921610662757066
0.08668615712747929
0.5002988644867186
0.0691371273985677
0.3660512871051722
0.5754677560766064
0.6035140276895135
0.5762683886305249
0.3440861372094801
3.5853687138156847
2.2939929046619993
0.992380893923579
0.11282020613196941
0.3301631686582329
0.5003830528887949
0.49658615058567435
0.35846070730735224
0.5525670194437886
0.4024276991834963
0.6417308321436268
0.5360083179561101
3.6207658235386884
2.0892765665756907
1.0314581916991896
0.5001836971838864
0.33051608579839886
0.5007898236800656
0.33069061539272493
0.3281759059149376
0.03884146832923996
0.09802747672980594
0.2295599600975331
0.07318658342139361
0.5002988474287333
0.5003835569618387
0.009759145880703812
0.5008186624249653
0.3309011406279332
0.5010166773768949
0.33079734039741293
0.50047495914158
0.17117140914382034
0.14146074318441215
0.04908284388698192
0.09129786915193083
0.5003289535926339
0.5003802588121662
0.010011896185310398
0.5007040593164094
0.3309015954698804
0.5006461000569375
0.31677821522670246
0.18669187601724246
0.1341735120777443
0.09764831385452766
0.26050415420502926
0.1013224309227514
0.5002956071930189
0.5004203489065446
0.009671253007191183
0.5012486541029224
0.3314364583000833
0.5012328999342408
0.3317242023060878
0.5083300831992918
0.5016307805915554
0.2477954325945264
0.031897529063413366
0.3127656462602788
0.500367166976246
0.5004206315510729
0.009919399745368374
0.5009180902724761
0.3306031753711025
0.5005514893936596
0.3305158828962984
0.26693226701726314
0.0589925433017191
0.006321201286105804
0.13451592544068625
0.11525305339895553
0.4911050703288584
0.5003679744328382
0.009929228925545708
0.5007463699928651
0.33059249642917177
0.5008585596165105
0.3307346306985659
0.4151977320417739
0.0522651394827891
0.02492285513815684
0.12275157353693711
0.07007552141644613
0.5003230522943163
2.6202908685606556
1.7594565124247121
0.5000515316088805
0.3306931071099948
0.5007449434098765
0.3306665354947036
0.3797338002879673
0.013886329592086355
0.023845482032286647
0.12297523129992438
0.039637728787996984
1.6886918867060294
2.703819067231233
1.8359212589789418
0.500036596103123
0.33040136758972327
0.5004672031163535
0.11292380707895333
0.8416281493512261
3.603790903390518
3.9866674856487885
4.192407337150644
4.037425263986097
3.6392924064144716
