0.5553098501812537
0.022956987616779223
0.5003686640942586
0.36965281250083937
0.5004324390565227
0.3880630260737039
0.5644318439134457
0.5639680551106139
0.3876429175797931
0.5465122863371894
0.2909270824693335
0.5003609901264863
0.5004253067041642
0.009992753812793964
0.5347067351770471
0.33017548993537105
0.5004094092226818
0.38258985666226497
0.5559304877353988
0.5432396276440894
0.11170406193411697
0.23518588074331248
0.31309559598506276
0.25253059681374523
0.5003264352535703
0.010012959481437989
0.5331867233871455
0.34627592293768394
0.5003278539778986
0.377745156232022
0.562616913998446
0.5577538289743256
0.37155766446849015
0.25600619265764735
0.20265291790593043
0.24377317709502222
0.5003270901219707
0.010000784696647003
0.5441915452838204
0.7094407369014268
0.5001898232653579
0.3711702949961957
0.5571759745448208
0.5540562491119339
0.3643266527677058
0.26782531815501187
0.2914940638272734
0.1599252286058066
0.5003145414375076
0.009993084765295812
0.2733841334894329
1.7936094778998712
0.5000050881268745
2.596787377320866
0.5524993523946513
0.2774675929622328
0.2697779410676846
0.3763195780459867
0.37269846004028473
0.00015820197801730274
0.5002852393792399
0.00993911285996063
0.5378630938807722
1.4373268429554953
0.5000667513269379
0.3574622093967861
0.369649202164827
0.2340146518189039
0.2180657106779451
0.31594209092917236
0.24283543453907264
0.14097094831484647
0.3459220147289912
0.010088196359387958
3.1893686032849393
3.0846711379189093
1.7035743398111212
3.7200570710086485
0.492755373998949
0.4717354635117408
0.40618643790093234
0.47097183359448724
0.388575222549953
0.012085918165465337
1.4984280421713247
0.1973736445845402
0.5003347875838351
0.3743359403409441
0.5349696909194623
0.3767612813560728
0.5448046799925139
0.555116386447299
0.366781884052906
0.2862229532722962
0.26994940141845536
0.15576387156703575
0.5003134973162107
0.005859502120790339
0.5447773030438743
0.9369681549804603
0.50010879173671
0.3854492482688885
0.5543185049940353
0.5315122647906136
0.2949333959755984
0.39624004186246964
0.36617294188840877
0.051917555032042983
0.1479564967808482
0.010115269584513698
1.5505790047217403
2.452942246490547
0.49989391440053765
3.5583700497876936
0.5352286641496846
0.46172494280720233
0.40989860285263635
0.4779490616637485
0.40933976753396806
0.020191666608882386
2.7274535797816473
2.2041948718681987
0.11540598597808582
1.4659736316873753
0.5000628422289228
2.4173134426321456
0.39543320927459114
0.32256848774487157
0.28013792281239436
0.42948879381601657
0.4042683212706386
0.0014565501312571172
0.1579218233327504
0.9484849098403942
0.20070924060453876
1.4556451390979532
0.500065653665982
3.262026631078699
0.512601554380332
0.44124234477176216
0.3712444000300996
0.4332145192416528
0.40179282030350283
0.13723480050764358
0.44758884020017575
0.5883009726578141
0.5002613425645492
0.4940230481141823
0.5002292967432354
1.771648229887925
0.22388161564488396
0.18953940141226067
0.23494011403407633
0.37580929467635293
0.37641117585436223
0.25882127125313126
0.5003286031123722
0.005391106060008255
0.5405386259966471
0.36462030120774
0.5004324027436224
0.37073953623397404
0.5624437944897531
0.5614433558210834
0.3778800529817534
0.2564665030852362
0.2928449082029472
0.14512822250597246
0.3976869615615879
0.010080875803167189
0.5006064756768485
1.4751480010371534
0.5000605681929393
0.35610021040910134
0.03942705585996453
0.28379890012835585
0.2762501862751128
0.40681431676026136
0.3844059601663705
0.43684000954742963
0.500359138160003
0.01313042399655373
0.5559028183055323
0.3874601217871172
0.5633021701326824
0.3935142745936302
0.5648470558027077
0.563772701865715
0.38373693872408765
0.53896588444388
0.09158138484574074
0.34641377992118993
0.5003433177523462
0.009990081684735586
0.33349597771237693
2.173411774637931
0.49994136853295146
0.3511590230170105
0.38768087533021234
0.25032692425391634
0.2475517212547338
0.36444569641951396
0.28908893193789265
0.051617173195027455
0.5002958664753923
0.009998711207672706
0.5072893749699166
0.34476351998970944
0.5002529281574182
1.3672661039312333
0.4998030478019482
0.11720730739027196
0.1752332748944827
0.33174585056925476
0.31406413757812857
0.10017053627029249
0.5003034077013533
0.009989167664291365
0.211064003093278
0.965672674854479
0.5001460154834927
0.36427012666461867
0.5002581713047309
0.056365730187970975
0.2173255843462023
0.33203108799829995
0.324305278862254
0.1284676352059897
0.5003068438083078
0.009994353117167343
1.7276481161293535
2.6592819117655755
0.499857699078774
3.495211827022101
0.4896514310371902
0.44382732291671534
0.37839022260610644
0.4112166087961615
0.39436516436891456
0.1483742219265407
