151.79706129032255 976.4455239431677 673917419.4 450160871.5159205 238.0
252.72363571428556 976.0543217430319 450160871.5159205 499518828.62356573 236.0
303.585732258064 976.1530376572472 499518828.62356573 528674881.7104494 242.0
297.84396 976.2113497634209 528674881.7104494 450435648.95970225 243.0
919.004233333333 976.0548712979194 450435648.95970225 1378125777.346624 396.10483870967744
886.2414244444444 977.1200514561168 1378125777.346624 1383895248.4615428 712.3027777777778
726.9730989247312 977.1235124465877 1383895248.4615428 1326300145.06276 535.2956989247311
405.1705075268817 977.0889622945788 1326300145.06276 1098526524.5955846 261.31451612903226
268.6118977777778 976.9244548712886 1098526524.5955846 623609094.3014162 245.0
258.7454935483871 976.367405425934 623609094.3014162 330365463.43813294 245.0
279.80637 975.7476671449932 330365463.43813294 331088769.99701893 241.0
297.0427806451613 975.750241222818 331088769.99701893 442368658.47378564 244.0
333.8075999999999 976.0387373169476 442368658.47378564 708940092.9932216 237.0
447.8953714285716 976.4999069766976 708940092.9932216 1232175927.7400143 239.0
243.094535483871 977.0324990568326 1232175927.7400143 953334554.7284576 243.0
223.20642 976.7864396908066 953334554.7284576 565419164.774722 243.0
468.36562043010747 976.2770483925074 565419164.774722 837724701.398504 244.0
445.78070444444444 976.6608361939213 837724701.398504 1034486195.137565 244.0
248.54662580645157 976.8635800334007 1034486195.137565 661304794.2041894 245.0
236.46479354838715 976.4259391214351 661304794.2041894 370316102.9859915 245.0
252.95635333333337 975.856837236375 370316102.9859915 224120045.6043488 245.0
246.5298870967742 975.3130771423286 224120045.6043488 125075597.10287999 245.0
247.91654 974.6303296028044 125075597.10287999 100592151.14117895 245.0
270.8570258064516 974.3868712080564 100592151.14117895 160745761.42373618 245.0
296.30975806451613 974.9277012611229 160745761.42373618 311450607.42908585 241.0
418.48133928571457 975.6781272331951 311450607.42908585 755558106.1696664 239.0
363.095609677419 976.5612606660128 755558106.1696664 873863681.7568765 239.0
253.26063333333332 976.7025350174117 873863681.7568765 572828400.9973623 245.0
407.558722580645 976.2885534176978 572828400.9973623 703010027.0878186 248.0
616.7923033333333 976.4906987998259 703010027.0878186 1289344494.7110248 255.1888888888889
360.04309569892484 977.0667933381591 1289344494.7110248 1057482797.3157785 252.88709677419354
237.5159473118279 976.8854399214028 1057482797.3157785 603262085.7360886 246.0
253.21183666666667 976.3358106921369 603262085.7360886 331896477.4509492 247.0
244.5339548387097 975.7524360800297 331896477.4509492 174043678.48332986 246.0
253.39037000000002 975.0246565761179 174043678.48332986 151728081.0655686 245.0
267.4237129032258 974.8572506333247 151728081.0655686 199877972.36829075 245.0
298.9744548387096 975.1821827583433 199877972.36829075 355586592.05350226 242.0
480.38075714285753 975.8168113914497 355586592.05350226 951708624.9636049 239.0
238.486719354839 976.7848941301935 951708624.9636049 719675665.4960971 244.0
205.29150333333334 976.5140469282844 719675665.4960971 352891141.8492833 256.0
414.51344516129 975.8094867985035 352891141.8492833 588795717.55067 244.0
444.1025988888889 976.313347387501 588795717.55067 829782798.8702953 254.0
387.24007526881724 976.651672460235 829782798.8702953 822648329.4306823 248.0
225.01709569892472 976.6434403801123 822648329.4306823 429372298.6400932 250.0
239.40415333333334 976.0127445972802 429372298.6400932 221680326.9604433 248.0
237.9702451612903 975.3013477257714 221680326.9604433 104067316.00316748 246.0
246.99036 974.4246447391649 104067316.00316748 79210720.31649084 246.0
261.4200483870968 974.1343515831118 79210720.31649084 116013602.5886301 245.0
303.3599612903226 974.546422246191 116013602.5886301 306746665.1785758 233.0
421.43958571428556 975.6608333278624 306746665.1785758 765311585.3912693 236.0
149.008006451613 976.5740941913043 765311585.3912693 378862295.60041744 238.0
170.29749333333334 975.8800605858708 378862295.60041744 105691518.8341268 240.0
369.6986193548387 974.4422991177623 105691518.8341268 347382591.6926184 244.0
186.9712 975.7945179122082 347382591.6926184 128748123.11968341 244.0
233.5747290322581 974.6643344733303 128748123.11968341 59427938.86073538 245.0
222.95054838709677 973.8504365446989 59427938.86073538 1408348.7042124134 237.66666666666666
246.17882666666668 972.3563339481684 1408348.7042124134 1545916.589563716 240.88611111111112
239.77965483870966 972.3618366635825 1545916.589563716 1507262.9072158977 234.06182795698925
244.98207 972.3602905162886 1507262.9072158977 1559331.944077398 242.28055555555557
257.7609516129032 972.362373277763 1559331.944077398 33088499.29211549 244.99462365591398
321.50184193548387 973.3429204384572 33088499.29211549 258321728.52552998 238.0
442.27867857142815 975.4775083102189 258321728.52552998 774135241.6569704 233.0
260.78264516129 976.5857042653382 774135241.6569704 651216350.5161026 237.0
169.24170333333333 976.4102738362052 651216350.5161026 260427910.8130262 245.0
377.3340258064516 975.4876341866011 260427910.8130262 445669702.2102985 249.0
129.52103 976.0453394044206 445669702.2102985 67720196.1458474 245.0
216.5846612903226 973.9800030647789 67720196.1458474 1368413.6498912896 235.11290322580646
221.0465290322581 972.3547365459956 1368413.6498912896 1391623.407819477 216.86290322580646
244.60273333333333 972.3556649363128 1391623.407819477 1540012.1002681965 239.30833333333334
238.669835483871 972.3616004840108 1540012.1002681965 1500357.8378717338 232.95430107526883
250.4077 972.3600143135149 1500357.8378717338 5405930.302798919 245.96666666666667
262.5062677419355 972.5169137626166 5405930.302798919 46509517.65714841 246.0
270.6750870967742 973.6251830318683 46509517.65714841 135070307.07083368 238.0
321.4971535714286 974.7228732136188 135070307.07083368 343377026.658994 237.0
124.1590516129032 975.7836332246169 343377026.658994 782864.3696487593 237.80107526881721
100.07228666666667 972.3313145747859 782864.3696487593 624923.1950077121 96.61666666666666
151.3960193548387 972.3249969278003 624923.1950077121 949882.7522275391 147.747311827957
147.50169 972.337995310089 949882.7522275391 931562.0659950611 144.73611111111111
148.5318612903226 972.3372624826397 931562.0659950611 929913.5831993585 145.00806451612902
198.20879032258063 972.337196543328 929913.5831993585 1248659.5530656213 193.94354838709677
216.67624 972.3499463821225 1248659.5530656213 1361729.036431473 211.4388888888889
189.4657806451613 972.3544691614572 1361729.036431473 1179895.269770285 183.88709677419354
44.20734 972.3471958107908 1179895.269770285 271234.1752853194 42.03611111111111
50.190435483871 972.3108493670113 271234.1752853194 322773.9428136167 49.56182795698925
98.17113548387094 972.3129109577125 322773.9428136167 632582.0364809647 98.15053763440861
242.17091071428527 972.3253032814592 632582.0364809647 17071411.38088276 235.58928571428572
379.46282258064554 972.9186503161357 17071411.38088276 328090966.06098604 248.0
298.8552233333333 975.739305022283 328090966.06098604 339194193.6650331 241.0
462.147577419355 975.7722668306116 339194193.6650331 671657149.5507442 249.0
358.6531577777778 976.4420142073769 671657149.5507442 677219712.8638613 265.0
546.7844989247312 976.4506517280495 677219712.8638613 1065269083.6320446 251.0
241.13325161290325 976.892841334251 1065269083.6320446 607141332.7072129 250.0
249.54205666666667 976.3418343675578 607141332.7072129 325339054.7661503 248.0
244.0858451612903 975.7291877013462 325339054.7661503 170041870.2184155 246.0
251.06024000000002 975.0002553062099 170041870.2184155 143179843.89922988 245.0
263.2187677419355 974.7904675304627 143179843.89922988 180993416.66839588 245.0
360.7910096774196 975.0670330284659 180993416.66839588 511316335.8572997 239.0
488.37065 976.1766326717146 511316335.8572997 1124936348.6873605 241.0
255.94329677419398 976.949559266813 1124936348.6873605 885230300.7634171 249.0
158.06099333333333 976.7156503470347 885230300.7634171 371607982.58621377 250.0
542.197188172043 975.8603477787669 371607982.58621377 870154308.6462168 246.0
360.08258 976.6982549715149 870154308.6462168 845789674.4309413 254.0
230.32229462365586 976.6701419320357 845789674.4309413 496648363.4708027 247.0
229.14525806451613 976.1472967269416 496648363.4708027 261790703.30279046 247.0
248.0372966666667 975.4941860735711 261790703.30279046 154703030.91318032 247.0
235.8282 974.8804924290092 154703030.91318032 60319090.699418046 246.0
248.30777 973.8643607921784 60319090.699418046 49764690.441113874 245.0
255.2812193548387 973.687782508483 49764690.441113874 69561369.04530345 246.0
262.1867032258064 974.0073864348067 69561369.04530345 122037800.11618812 243.0
342.50463571428566 974.6022018529276 122037800.11618812 374106645.73117334 240.0
180.6417677419355 975.8671376242695 374106645.73117334 152515605.8868597 241.0
140.4423933333333 974.8634031709911 152515605.8868597 881702.8948272319 190.76944444444445
339.4672741935484 972.335268115793 881702.8948272319 204921106.42491838 246.70430107526883
151.21332999999998 975.2129335757618 204921106.42491838 953226.9203756442 221.05555555555554
176.4956870967742 972.338129076815 953226.9203756442 1112616.3946647982 172.88172043010752
205.43442258064513 972.3445046557865 1112616.3946647982 1291422.1655499868 201.21236559139786
230.95768666666666 972.351656886622 1291422.1655499868 1449923.7532871605 225.68055555555554
222.91966774193548 972.3579969501315 1449923.7532871605 1395466.1235934556 217.23655913978496
158.58152 972.3558186449437 1395466.1235934556 1004924.0762265524 156.11944444444444
51.8049870967742 972.340196963049 1004924.0762265524 332733.5341122846 51.446236559139784
86.79251290322584 972.3133093413644 332733.5341122846 563547.2965075654 86.8010752688172
135.8988357142857 972.3225418918603 563547.2965075654 874028.988526894 135.92857142857142
194.71799784946217 972.3349611595411 874028.988526894 1241298.3814035608 192.54569892473117
212.50002666666666 972.3496519352561 1241298.3814035608 1341243.702621821 208.82222222222222
382.4524967741935 972.3536497481049 1341243.702621821 293225194.3901392 249.88978494623655
118.78958 975.611122038199 293225194.3901392 745826.5290722118 218.79722222222222
199.1517419354839 972.3298330611628 745826.5290722118 1258122.8166713044 195.38172043010752
208.21940967741935 972.3503249126668 1258122.8166713044 1312280.0716295976 204.04032258064515
232.23983 972.3524912028652 1312280.0716295976 1455389.9376359035 226.96666666666667
232.2299387096774 972.3582155975054 1455389.9376359035 1454955.1811657923 226.51075268817203
239.42457 972.3581982072466 1454955.1811657923 1520565.269689434 236.72222222222223
246.57441935483868 972.3608226107875 1520565.269689434 3965122.5933324588 244.9784946236559
122.55968387096775 972.4586049037333 3965122.5933324588 789010.9069140012 123.84139784946237
202.11109642857127 972.3315604362765 789010.9069140012 1296755.5692308068 202.0625
200.00930322580683 972.3518702227692 1296755.5692308068 1276155.7064607008 197.9784946236559
168.24092333333334 972.3510462282584 1276155.7064607008 1059955.3528415228 164.73333333333332
351.6809193548387 972.3423982141136 1059955.3528415228 236647872.5358252 244.78494623655914
135.69986 975.3733070794991 236647872.5358252 851406.5258292668 216.51666666666668
193.5699129032258 972.3340562610331 851406.5258292668 1218294.9790607344 189.86021505376345
199.67103870967736 972.3487317991624 1218294.9790607344 1257870.113890478 195.50806451612902
226.6722 972.3503148045556 1257870.113890478 1421016.5556036222 221.4
226.0625129032258 972.3568406622242 1421016.5556036222 1418015.1597661148 220.3548387096774
241.54877 972.3567206063906 1418015.1597661148 1534764.739160164 238.825
260.34419032258063 972.3613905895663 1534764.739160164 39845801.75820964 244.98387096774192
180.65538494623658 973.4964954945048 39845801.75820964 1159750.9348903245 195.21236559139786
205.75469642857172 972.3463900373956 1159750.9348903245 1324144.1272030377 205.84821428571428
229.209683870968 972.3529657650881 1324144.1272030377 1461191.4624761527 227.1021505376344
215.71687333333335 972.358447658499 1461191.4624761527 1365250.0342078928 212.11111111111111
412.614990322581 972.3546100013683 1365250.0342078928 360452993.371425 248.9005376344086
205.06046 975.8300353080746 360452993.371425 80012598.451604 288.0
212.3584096774194 974.1449026112053 80012598.451604 1345197.1335876354 235.38172043010752
232.9333870967742 972.3538078853435 1345197.1335876354 1472131.5081418182 228.69623655913978
240.66185333333334 972.3588852603257 1472131.5081418182 1515836.3558678683 235.4138888888889
249.8011193548387 972.3606334542346 1515836.3558678683 1568254.155855722 244.03225806451613
249.79752 972.3627301662342 1568254.155855722 4049156.2946684104 245.99444444444444
268.1675387096774 972.4619662517867 4049156.2946684104 59963814.06478906 246.0
356.29591612903226 973.8588095947623 59963814.06478906 365777522.2333248 243.0
448.32103928571473 975.8445041365036 365777522.2333248 886273032.4751495 238.0
286.645441935484 976.7168534990097 886273032.4751495 768343839.1712466 250.0
275.25164333333333 976.5780839989096 768343839.1712466 523937466.9551874 258.0
444.038487096774 976.2018749339104 523937466.9551874 728974294.0072998 258.0
611.0949700000001 976.5262819657992 728974294.0072998 1288331071.20735 258.5138888888889
485.8186655913978 977.0661854056433 1288331071.20735 1258838767.2109532 290.6532258064516
233.70352043010757 977.0484935616144 1258838767.2109532 662627571.7568285 272.0241935483871
257.6439433333333 976.427993123846 662627571.7568285 368971506.0178952 247.0
254.42676774193552 975.853183440266 368971506.0178952 210034323.12238345 246.0
249.9243 975.244111726356 210034323.12238345 168892764.7302656 246.0
262.7113129032258 974.9913497244552 168892764.7302656 201118313.5601347 246.0
274.12003548387105 975.1897458143911 201118313.5601347 268251312.7597271 250.0
352.6042428571428 975.5193062969108 268251312.7597271 545633201.5784116 241.0
353.362893548387 976.2452664031568 545633201.5784116 641277903.3238297 259.0
240.64682333333334 976.3948414647886 641277903.3238297 396685996.08365947 246.0
373.1549580645161 975.9284945545752 396685996.08365947 516785679.8584631 249.0
186.93008 976.1875713597169 516785679.8584631 216317848.2043397 257.0
209.60197419354841 975.2755665779055 216317848.2043397 46854898.397558056 254.0
213.89464516129033 973.6318249691839 46854898.397558056 1348737.8558225639 225.4220430107527
241.72726333333333 972.3539495142329 1348737.8558225639 1521919.2610466063 236.42777777777778
235.3161806451613 972.3608767704418 1521919.2610466063 1471862.2944833483 229.61021505376345
244.40863 972.3588744917793 1471862.2944833483 1550653.1241144177 241.69722222222222
276.6946193548387 972.3620261249646 1550653.1241144177 79824399.69331756 245.98655913978496
386.65961290322616 974.1424263117542 79824399.69331756 451592315.44510037 249.0
616.2310964285716 976.0571846308902 451592315.44510037 1325378362.0080853 261.9434523809524
501.216364516129 977.0884093353378 1325378362.0080853 1288287106.796743 396.0
338.0930633333333 977.0661590322717 1288287106.796743 1002093793.3903713 256.71666666666664
1493.147472043011 976.8327887769871 1002093793.3903713 1540662646.064229 1065.2096774193549
1067.7205055555555 977.2175540768233 1540662646.064229 1435103808.5372863 931.7833333333333
641.5166247311828 977.1542314388347 1435103808.5372863 1302397240.494745 479.48118279569894
291.9353806451614 977.074623419613 1302397240.494745 825589509.1146805 267.01075268817203
274.21946444444444 976.6468340489785 825589509.1146805 480307856.0185573 249.0
252.29950000000002 976.1146157120371 480307856.0185573 254747381.80539683 246.0
257.88332 975.4603239509875 254747381.80539683 219014921.18595308 246.0
272.3279451612903 975.2885332749324 219014921.18595308 272109621.2075448 246.0
302.96592580645165 975.5334912544396 272109621.2075448 447740339.50320244 239.0
412.69588214285756 976.0494806790064 447740339.50320244 880378150.7270856 239.0
231.233235483871 976.7100517123774 880378150.7270856 625779510.2099135 253.0
179.45390333333336 976.370775636972 625779510.2099135 253517380.56671768 251.0
358.9960516129032 975.4544104834938 253517380.56671768 414373579.7971883 244.0
209.52593000000002 975.9765586407532 414373579.7971883 222002183.5971891 245.0
214.4438 975.302895113448 222002183.5971891 82477714.27073215 245.0
223.26400967741938 974.1773383456675 82477714.27073215 1408679.4191105287 244.36290322580646
237.97780666666665 972.3563471767644 1408679.4191105287 1497191.7794502955 232.71666666666667
237.34813548387098 972.359887671178 1497191.7794502955 1487455.5859580499 231.6236559139785
248.12122 972.3594982234383 1487455.5859580499 2549038.737036565 244.9638888888889
256.2319935483871 972.4019615494815 2549038.737036565 30014174.210343055 245.0
300.0998129032258 973.2730494138715 30014174.210343055 197595175.4984323 238.0
363.3664928571428 975.1682632652344 197595175.4984323 497334860.17360747 242.0
201.452732258065 976.1486697203472 497334860.17360747 292611116.4620373 241.0
223.17529333333334 975.6088643987575 292611116.4620373 163066006.3474948 240.0
423.956206451613 974.9458281745898 163066006.3474948 478665802.6429695 252.0
120.03211 976.111331605286 478665802.6429695 13861413.570354208 270.0
235.5044806451613 972.8294837102876 13861413.570354208 1490482.966388154 236.31720430107526
222.8068516129032 972.3596193186555 1490482.966388154 1405788.027408671 218.66129032258064
254.97879 972.3562315210963 1405788.027408671 6889750.623161394 246.92222222222222
238.9083193548387 972.5787396092984 6889750.623161394 1497432.1060074675 235.0779569892473
253.88054999999997 972.3598972842402 1497432.1060074675 15596989.003292546 244.96666666666667
266.5590838709677 972.8776941389804 15596989.003292546 69303185.07617876 245.0
303.2362258064516 974.0039892773182 69303185.07617876 232248460.34168825 243.0
371.8971 975.352156059335 232248460.34168825 563357389.8387536 238.0
257.624422580645 976.2738468786316 563357389.8387536 453141311.3092879 249.0
191.54799333333335 976.0602826226186 453141311.3092879 241499503.51761514 218.0
403.649829032258 975.39663222845 241499503.51761514 497571686.678419 245.0
205.3802 976.1491433733569 497571686.678419 210785677.96395475 272.0
185.8159774193548 975.2486931583169 210785677.96395475 1168016.1523992484 249.5994623655914
201.61494838709677 972.346720646096 1168016.1523992484 1266899.2504258284 197.42741935483872
236.36704666666668 972.350675970017 1266899.2504258284 1485961.1713412956 231.05833333333334
240.897064516129 972.3594384468536 1485961.1713412956 1512197.7457460759 235.15322580645162
246.37306 972.3604879098298 1512197.7457460759 1566738.4470124918 243.66944444444445
260.9164193548387 972.3626695378805 1566738.4470124918 41337211.6630182 244.997311827957
301.9987451612903 973.5257156089042 41337211.6630182 222213736.60256013 235.0
375.12087142857155 975.3039121952046 222213736.60256013 548768374.0904136 243.0
133.8616935483871 976.2511931274696 548768374.0904136 183352575.89794782 237.0
107.87381333333335 975.0814181457192 183352575.89794782 672849.7543331888 169.58055555555555
339.9267193548387 972.3269139901732 672849.7543331888 208219422.61747268 245.61827956989248
102.9187 975.2330452598627 208219422.61747268 641616.1169743689 175.18333333333334
217.6729774193548 972.3256646446789 641616.1169743689 1373584.9646133527 213.80107526881721
185.9959064516129 972.3549433985845 1373584.9646133527 1169413.9673575188 181.94086021505376
225.28500333333335 972.3467765586943 1169413.9673575188 1414713.325459008 219.98333333333332
226.11697096774193 972.3565885330183 1414713.325459008 1413301.7956331414 220.40860215053763
238.91431 972.3565320718253 1413301.7956331414 1518318.6225328343 236.19722222222222
257.8782419354839 972.3607327449013 1518318.6225328343 30795730.62023563 245.9731182795699
