131.79706129032255 976.4455239431677 673917419.4 846389.190108319 383.56720430107526
247.72363571428556 972.3338555676042 846389.190108319 1595743.3855301265 247.57738095238096
308.585732258064 972.3638297354212 1595743.3855301265 1968762.6454013528 306.34139784946234
241.57729333333333 972.378750505816 1968762.6454013528 1530920.6290016656 238.075
902.4235881720426 972.3612368251601 1530920.6290016656 9782460.983576842 894.4731182795699
864.2414244444444 972.699269207649 9782460.983576842 8286853.98762137 861.1416666666667
693.9730989247312 972.6369522494842 8286853.98762137 4426424.354691873 691.2983870967741
353.1731956989247 972.4770569741877 4426424.354691873 2241638.2318307785 349.64784946236557
159.27300888888888 972.3896655292732 2241638.2318307785 991909.0542632017 154.65
84.09495591397848 972.3396763621705 991909.0542632017 506668.63234576077 78.80913978494624
138.80637000000002 972.3202667452938 506668.63234576077 877279.2457044914 136.06666666666666
159.04278064516132 972.3350911698282 877279.2457044914 1017338.5784648212 158.36021505376345
175.5172774193548 972.3406935431385 1017338.5784648212 1129981.9711819044 175.57258064516128
301.07394285714304 972.3451992788472 1129981.9711819044 1933854.4113874063 300.9077380952381
318.7450731182796 972.3773541764555 1933854.4113874063 2032743.9583875786 316.5967741935484
599.3147533333333 972.3813097583355 2032743.9583875786 3821391.617098931 594.5638888888889
589.1371258064516 972.452855664684 3821391.617098931 3751139.672450708 585.1639784946236
404.78070444444444 972.450045586898 3751139.672450708 2578848.508430507 402.2416666666667
187.54662580645157 972.4031539403372 2578848.508430507 1185103.586243489 184.5
79.89490107526888 972.3474041434497 1185103.586243489 488846.3084335538 76.15591397849462
84.68968666666666 972.3195538523373 488846.3084335538 513746.1701585568 79.69166666666666
75.52988709677419 972.3205498468063 513746.1701585568 448618.2980650591 70.10215053763442
107.91654 972.3179447319226 448618.2980650591 678823.547527062 105.25555555555556
131.8570258064516 972.3271529419011 678823.547527062 846564.5992843637 131.16935483870967
168.01943548387095 972.3338625839714 846564.5992843637 1079586.4287986394 168.02956989247312
287.159910714286 972.3431834571519 1079586.4287986394 1845000.2296260279 287.00892857142856
364.095609677419 972.3738000091851 1845000.2296260279 2326043.285907505 361.7768817204301
270.11896666666667 972.3930417314363 2326043.285907505 1713812.7036441015 266.65277777777777
934.7307655913976 972.3685525081457 1713812.7036441015 11121393.239562858 926.1693548387096
692.8506366666667 972.7533720344323 11121393.239562858 4420360.300741998 692.1944444444445
307.0457838709678 972.4768144120296 4420360.300741998 1950955.4563689083 304.27150537634407
91.96487204301073 972.3780382182547 1950955.4563689083 565784.210392133 88.46774193548387
80.85072555555553 972.3226313684156 565784.210392133 490543.5544830766 75.89722222222223
68.53395483870969 972.3196217421793 490543.5544830766 410719.30434269994 63.123655913978496
109.39036999999999 972.3164287721737 410719.30434269994 685168.3110447882 106.71111111111111
128.4237129032258 972.3274067324418 685168.3110447882 824442.4296985856 127.74731182795699
171.65187419354834 972.3329776971879 824442.4296985856 1102879.6574022484 171.6451612903226
349.059328571429 972.3441151862961 1102879.6574022484 2244214.880819549 348.7559523809524
261.486719354839 972.3897685952328 2244214.880819549 1665716.0035023266 259.6263440860215
472.2887255555555 972.3666286401401 1665716.0035023266 3004249.1217117463 467.85
627.779574193548 972.4201699648685 3004249.1217117463 4004086.643672197 623.3655913978495
562.6498211111111 972.4601634657469 4004086.643672197 3593273.8433485264 559.6833333333333
336.24007526881724 972.443730953734 3593273.8433485264 2136998.698428639 333.05645161290323
119.11118172043007 972.3854799479371 2136998.698428639 743253.2165637104 115.58333333333333
79.55137555555558 972.3297301286625 743253.2165637104 480407.4190084201 74.67222222222222
66.97024516129031 972.3192162967603 480407.4190084201 395326.3812223234 61.564516129032256
104.99036000000001 972.3158130552489 395326.3812223234 657325.4114338423 102.31944444444444
124.42004838709681 972.3262930164573 657325.4114338423 796054.9466373124 123.74462365591398
174.10189677419356 972.3318421978654 796054.9466373124 1120820.7405254138 174.0779569892473
290.118157142857 972.3448328296209 1120820.7405254138 1864772.712373205 289.9761904761905
206.008006451613 972.374590908495 1864772.712373205 1312089.7962755954 204.1720430107527
219.21693777777773 972.352483591851 1312089.7962755954 1386558.4632573116 215.54166666666666
375.4029204301075 972.3554623385303 1386558.4632573116 2387174.648075253 371.26075268817203
357.4628666666667 972.395486985923 2387174.648075253 2274490.36733649 354.55555555555554
161.76827741935486 972.3909796146934 2274490.36733649 1016258.641210465 158.69892473118279
67.18979569892474 972.3406503456483 1016258.641210465 411121.46296999225 63.43279569892473
71.74549333333334 972.3164448585187 411121.46296999225 431243.7312479956 66.76944444444445
61.77965483870966 972.3172497492499 431243.7312479956 363533.6079809029 56.376344086021504
98.98207 972.3145413443192 363533.6079809029 623645.7391039429 96.31666666666666
115.7609516129032 972.3249458295642 623645.7391039429 743941.812788027 115.09408602150538
191.27603548387094 972.3297576725115 743941.812788027 1226876.3157543994 191.19354838709677
307.63582142857103 972.3490750526302 1226876.3157543994 1979624.822533909 307.49107142857144
253.78264516129002 972.3791849929013 1979624.822533909 1616076.7992284317 251.84677419354838
185.04170333333332 972.3646430719691 1616076.7992284317 1166928.887663343 181.60555555555555
567.7990795698925 972.3466771555065 1166928.887663343 3617745.936845087 562.9086021505376
421.6515855555555 972.4447098374737 3617745.936845087 2685914.952916462 419.00555555555553
190.47175806451617 972.4074365981166 2685914.952916462 1198184.3002200087 187.45698924731184
69.26427096774196 972.3479273720087 1198184.3002200087 418147.406631596 65.56989247311827
75.30273333333335 972.3167258962652 418147.406631596 457386.5218612459 70.31388888888888
64.669835483871 972.3182954608744 457386.5218612459 384809.68614458304 59.263440860215056
107.4077 972.3153923874457 384809.68614458304 672285.3128184933 104.725
122.50626774193549 972.3268914125127 672285.3128184933 783717.1612436705 121.84139784946237
144.32024838709674 972.3313486864497 783717.1612436705 927763.8782575114 144.36290322580646
191.2828678571429 972.3371105551303 927763.8782575114 1230599.5641236466 191.31845238095238
124.1590516129032 972.3492239825649 1230599.5641236466 785202.8970512532 122.33333333333333
43.93895333333333 972.331408115882 785202.8970512532 260155.6808993452 40.68611111111111
91.3960193548387 972.310406227236 260155.6808993452 564073.7666384152 87.81989247311827
16.501689999999996 972.3225629506655 564073.7666384152 91809.4661804318 14.022222222222222
69.53186129032261 972.3036723786472 91809.4661804318 426829.21017036954 65.96774193548387
60.370080645161295 972.3170731684068 426829.21017036954 364010.5319485102 56.41935483870968
70.17624 972.3145604212779 364010.5319485102 420144.2464679655 65.18888888888888
60.25610322580644 972.3168057698587 420144.2464679655 353666.8803645222 54.854838709677416
101.20733999999999 972.3141466752145 353666.8803645222 638651.7992580839 98.53055555555555
114.190435483871 972.3255460719703 638651.7992580839 729254.4823361554 113.53494623655914
169.17113548387096 972.3291701792934 729254.4823361554 1087878.3031658363 169.13440860215053
340.135196428571 972.3435151321266 1087878.3031658363 2181308.234066114 339.8511904761905
415.075725806452 972.3872523293626 2181308.234066114 2647622.6842857134 412.73118279569894
266.8552233333333 972.4059049073715 2647622.6842857134 1691908.99271915 263.525
712.639512903226 972.3676763597088 1691908.99271915 4543229.611418527 707.4435483870968
896.9698244444444 972.4817291844568 4543229.611418527 9621551.382033397 891.1972222222222
504.7818107526882 972.692564640918 9621551.382033397 3214866.878768905 503.26075268817203
158.50959569892473 972.4285946751507 3214866.878768905 991403.831508421 155.24193548387098
79.58927888888888 972.3396561532603 991403.831508421 480631.00170458935 74.80555555555556
66.08584516129031 972.3192252400681 480631.00170458935 392359.6285700079 60.68279569892473
106.06024 972.3156943851427 392359.6285700079 667673.7878553957 103.38333333333334
124.2187677419355 972.3267069515142 667673.7878553957 793006.8192730212 123.54838709677419
231.59746129032283 972.3317202727709 793006.8192730212 1492035.332408256 231.43548387096774
352.62065 972.3596814132962 1492035.332408256 2263763.946174203 352.4702380952381
293.943296774194 972.390550557847 2263763.946174203 1875612.8984466356 291.991935483871
614.22766 972.3750245159379 1875612.8984466356 3915021.359581998 609.3638888888889
663.1488010752688 972.4566008543833 3915021.359581998 4224212.557229468 658.9543010752689
316.08535777777774 972.4689685022892 4224212.557229468 2012707.7965204832 314.02222222222224
80.846488172043 972.3805083118608 2012707.7965204832 498912.2312085872 77.95967741935483
64.27697849462362 972.3199564892483 498912.2312085872 389629.9600721348 60.33870967741935
70.50396333333333 972.3155851984028 389629.9600721348 422452.06913763797 65.525
60.82820000000001 972.3168980827654 422452.06913763797 359525.70081718446 55.424731182795696
99.30777 972.3143810280327 359525.70081718446 620706.4148740525 96.64166666666667
113.2812193548387 972.324828256595 620706.4148740525 724530.2202159252 112.62096774193549
133.86412258064516 972.3289812088086 724530.2202159252 862867.2298204685 133.90860215053763
211.1832071428571 972.3345146891928 862867.2298204685 1358930.6633004104 211.13988095238096
187.6417677419355 972.354357226532 1358930.6633004104 1194945.8052454193 185.6720430107527
77.04239333333334 972.3477978322098 1194945.8052454193 476883.7128412404 73.82777777777778
292.4672741935484 972.3190753485136 476883.7128412404 1853700.2728900395 288.2741935483871
0.21332999999999913 972.3741480109155 1853700.2728900395 -5508796.562773526 0.8027777777777778
69.49568709677419 972.079648137489 -5508796.562773526 429027.6904234687 63.85752688172043
58.91829354838708 972.3171611076169 429027.6904234687 356152.5457507223 54.973118279569896
67.92435333333333 972.31424610183 356152.5457507223 409027.78890095116 62.94166666666667
56.919667741935484 972.316361111556 409027.78890095116 334812.8245461505 51.526881720430104
97.18152 972.3133925129817 334812.8245461505 611596.2951089577 94.5111111111111
115.8049870967742 972.3244638518044 611596.2951089577 741815.8089323022 115.13440860215054
157.79251290322586 972.3296726323573 741815.8089323022 1014245.6402506031 157.78763440860214
233.8631214285714 972.34056982561 1014245.6402506031 1501823.2200423651 233.82440476190476
252.67498709677398 972.3600729288016 1501823.2200423651 1608042.2569130806 250.56451612903226
129.76669333333334 972.3643216902765 1608042.2569130806 810987.4949573544 126.525
338.4524967741935 972.3324394997983 810987.4949573544 2152214.432118728 334.2231182795699
69.78958 972.3860885772847 2152214.432118728 436065.8193579062 67.74444444444444
99.1517419354839 972.3174426327743 436065.8193579062 617530.0540031333 95.61290322580645
87.89682903225807 972.3247012021601 617530.0540031333 541205.4703925477 83.91666666666667
100.10649666666669 972.3216482188157 541205.4703925477 612585.4618654338 95.06666666666666
78.22993870967741 972.3245034184746 612585.4618654338 472990.58751171146 72.8252688172043
117.42456999999999 972.3189196235004 472990.58751171146 740274.7612033708 114.74166666666666
128.7034516129032 972.3296109904481 740274.7612033708 822283.4668007159 128.0483870967742
197.43065161290323 972.332891338672 822283.4668007159 1266231.4377513716 197.36290322580646
302.2896678571427 972.35064925751 1266231.4377513716 1944136.9290491664 302.17559523809524
273.55769032258104 972.3777654771619 1944136.9290491664 1744892.242932042 271.5483870967742
130.24092333333334 972.3697956897173 1744892.242932042 814591.6786730618 127.05
306.6809193548387 972.3325836671469 814591.6786730618 1944853.801500261 302.56451612903226
157.99152666666666 972.37779415206 1944853.801500261 998074.6736882492 155.575
88.4919559139785 972.3399229869475 998074.6736882492 551343.1792104202 85.1989247311828
85.12265161290318 972.3220537271684 551343.1792104202 520727.12615462946 81.12903225806451
87.37219999999999 972.3208290850462 520727.12615462946 532812.924450691 82.375
94.06251290322581 972.321312516978 532812.924450691 571302.4366552362 88.56451612903226
112.54876999999999 972.3228520974661 571302.4366552362 709789.9159392548 109.91944444444445
134.3441903225806 972.3283915966375 709789.9159392548 863436.9753326136 133.66129032258064
209.2091483870968 972.3345374790133 863436.9753326136 1341439.4743549202 209.1290322580645
301.2993392857146 972.3536575789742 1341439.4743549202 1934629.6060483793 301.2202380952381
320.209683870968 972.3773851842419 1934629.6060483793 2044415.8880221632 318.05645161290323
179.71687333333335 972.3817766355209 2044415.8880221632 1135168.351965611 176.4638888888889
462.51283978494655 972.3454067340786 1135168.351965611 2942737.28671485 457.9758064516129
586.9576822222223 972.4177094914686 2942737.28671485 3745423.5030972245 583.5027777777777
319.42292580645164 972.4498169401239 3745423.5030972245 2028014.116499201 316.35483870967744
75.91188172043013 972.3811205646599 2028014.116499201 467957.25029556913 72.5
82.72852 972.3187182900118 467957.25029556913 500620.89438187913 77.73055555555555
71.8011193548387 972.3200248357753 500620.89438187913 430201.3822129696 66.38172043010752
103.79751999999999 972.3172080552885 430201.3822129696 648427.4483670286 101.14444444444445
134.1675387096774 972.3259370979347 648427.4483670286 861846.0578735634 133.46236559139786
233.87656129032257 972.3344738423149 861846.0578735634 1502195.8643113663 233.73655913978496
319.21389642857184 972.3600878345724 1502195.8643113663 2049186.4969681897 319.1547619047619
349.645441935484 972.3819674598788 2049186.4969681897 2233684.80603735 347.4462365591398
511.3071988888888 972.3893473922415 2233684.80603735 3257354.8647867036 506.9472222222222
884.3126806451611 972.4302941945914 3257354.8647867036 9054867.371612879 877.3790322580645
810.0144144444444 972.6689528071505 9054867.371612879 6093119.449234697 807.7194444444444
440.8213537634408 972.5455466437181 6093119.449234697 2807341.347445015 438.2069892473118
152.47771397849462 972.4122936538978 2807341.347445015 951141.0703329713 149.08064516129033
82.48561000000001 972.3380456428133 951141.0703329713 498727.7139604684 77.675
69.42676774193549 972.3199491085584 498727.7139604684 415649.074406317 64.01612903225806
105.92429999999999 972.3166259629762 415649.074406317 662903.9558388836 103.25833333333334
122.7113129032258 972.3265161582335 662903.9558388836 783462.0611634366 122.04301075268818
146.79745483870974 972.3313384824465 783462.0611634366 945861.3755667367 146.83333333333334
221.2828142857143 972.3378344550226 945861.3755667367 1424882.560731759 221.2470238095238
339.362893548387 972.3569953024293 1424882.560731759 2165912.9861556594 336.9623655913978
129.04682333333335 972.3866365194463 2165912.9861556594 807623.2745550658 126.02222222222223
611.359259139785 972.3323049309822 807623.2745550658 3899515.7394524766 606.1827956989247
411.38285777777776 972.4559806295781 3899515.7394524766 2617491.711367365 408.88055555555553
173.60466236559142 972.4046996684547 2617491.711367365 1095280.486190779 170.6209677419355
68.73873118279573 972.3438112194476 1095280.486190779 421314.42464410065 65.00537634408602
76.56059666666667 972.3168525769858 421314.42464410065 461300.5066360333 71.56944444444444
66.3161806451613 972.3184520202655 461300.5066360333 391200.4530615081 60.905913978494624
104.40862999999999 972.3156480181224 391200.4530615081 658453.2499915845 101.73611111111111
141.6946193548387 972.3263381299996 658453.2499915845 904540.9753165004 140.9758064516129
262.3047741935487 972.3361816390126 904540.9753165004 1686060.4187007532 262.11290322580646
484.909667857143 972.367442416748 1686060.4187007532 3114878.1248854855 484.4940476190476
523.216364516129 972.4245951249954 3114878.1248854855 3340765.3994095507 520.8951612903226
1160.2541744444443 972.4336306159763 3340765.3994095507 100075006.88740984 1112.0722222222223
1521.2845688172044 974.3812500748633 100075006.88740984 951050263.2830426 1109.0
1051.7177277777778 976.7842683111055 951050263.2830426 544202363.8218695 1109.0
603.5166247311828 976.2424047276437 544202363.8218695 3842748.839514135 786.6478494623656
231.9353806451614 972.4537099535805 3842748.839514135 1462453.2477878414 228.63440860215053
115.54724222222222 972.3584981299115 1462453.2477878414 711710.4329009467 110.8
71.38283333333334 972.328468417316 711710.4329009467 429646.6320841165 66.04301075268818
114.88332 972.3171858652834 429646.6320841165 725022.8822550602 112.19166666666666
134.3279451612903 972.3290009152902 725022.8822550602 863967.9070855562 133.6505376344086
175.64334516129034 972.3345587162834 863967.9070855562 1127078.6265536824 175.64247311827958
281.374453571429 972.3450831450621 1127078.6265536824 1806042.1251411939 281.25892857142856
225.233235483871 972.3722416850056 1806042.1251411939 1436388.1534191575 223.31720430107526
348.29279222222226 972.3574555261367 1436388.1534191575 2214158.4293057905 344.2055555555556
439.10089032258065 972.3885663371722 2214158.4293057905 2790337.578875886 435.0483870967742
289.1453744444445 972.411613503155 2790337.578875886 1838699.3446010235 286.61944444444447
124.78250967741937 972.373547973784 1838699.3446010235 783217.6026692215 121.6774193548387
68.2398161290323 972.3313287041067 783217.6026692215 416807.43503476155 64.39247311827957
72.84447333333333 972.3166722974014 416807.43503476155 437020.03785864543 67.86666666666666
62.348135483870976 972.3174808015143 437020.03785864543 369957.21108167747 56.943548387096776
105.12122 972.3147982884432 369957.21108167747 661261.2037095749 102.43888888888888
118.2319935483871 972.3264504481483 661261.2037095749 760294.0255069534 117.5725806451613
172.77723225806454 972.3304117610203 760294.0255069534 1108178.5211729195 172.74462365591398
233.1522071428571 972.3443271408469 1108178.5211729195 1495831.1961168118 233.1547619047619
247.452732258065 972.3598332478447 1495831.1961168118 1576977.5635904307 245.3548387096774
187.17529333333334 972.3630791025436 1576977.5635904307 1180058.291621027 183.71666666666667
381.956206451613 972.3472023316648 1180058.291621027 2427292.031074182 377.71505376344084
602.8515544444444 972.397091681243 2427292.031074182 3849291.918721229 599.1444444444444
364.5985666666667 972.4539716767489 3849291.918721229 2313532.337758525 361.4139784946237
113.55416344086018 972.3925412935104 2313532.337758525 706211.9322083277 110.11290322580645
77.53434555555557 972.3282484772883 706211.9322083277 464992.5085460556 72.65
63.90831935483871 972.3185997003418 464992.5085460556 379286.6341005228 58.50806451612903
103.88055 972.315171465364 379286.6341005228 654189.3396235295 101.20555555555555
120.5590838709677 972.3261675735849 654189.3396235295 771308.2194795164 119.89247311827957
175.91364516129033 972.3308523287791 771308.2194795164 1132006.052857331 175.8763440860215
241.6828142857143 972.3452802421143 1132006.052857331 1551513.2063170772 241.67261904761904
271.624422580645 972.3620605282526 1551513.2063170772 1728802.832523467 269.4758064516129
155.54799333333335 972.3691521133009 1728802.832523467 975875.7942597094 152.26111111111112
540.5449903225806 972.3390350317703 975875.7942597094 3444128.145044233 535.6774193548387
509.9079777777779 972.4377651258018 3444128.145044233 3249773.600957894 506.90277777777777
289.6654397849462 972.4299909440383 3249773.600957894 1836148.799640203 286.51612903225805
91.14183010752686 972.3734459519856 1836148.799640203 560801.7664709531 87.60483870967742
75.38371333333333 972.3224320706588 560801.7664709531 456479.6185390258 70.45
63.89706451612901 972.3182591847415 456479.6185390258 376701.09325853374 58.494623655913976
101.37306000000001 972.3150680437303 376701.09325853374 637221.7996539245 98.70555555555555
121.9164193548387 972.3254888719861 637221.7996539245 781951.4084346729 121.23924731182795
173.70842258064516 972.3312780563374 781951.4084346729 1118410.2605714235 173.68010752688173
243.799442857143 972.3447364104228 1118410.2605714235 1568308.249034014 243.77678571428572
191.8616935483871 972.3627323299613 1568308.249034014 1223077.654830655 189.95698924731184
65.87381333333335 972.3489231061932 1223077.654830655 402007.5731146573 62.71111111111111
292.9267193548387 972.3160803029245 402007.5731146573 1856353.6309498055 288.7043010752688
64.05203333333333 972.374254145238 1856353.6309498055 394110.01738407667 61.91388888888889
71.0977086021505 972.3157644006953 394110.01738407667 439722.9004708858 67.63978494623656
58.80235806451614 972.3175889160188 439722.9004708858 351745.4928774521 54.86290322580645
66.38500333333334 972.3140698197151 351745.4928774521 395326.092698454 61.40833333333333
59.116970967741935 972.3158130437079 395326.092698454 350293.0912227504 53.70967741935484
97.91431 972.3140117236488 350293.0912227504 617019.630771963 95.24722222222222
121.87824193548391 972.3246807852308 617019.630771963 781920.4176498137 121.19354838709677
