0.5553098501812537
0.010374293870826001
0.5003708401668483
0.3302894869652633
0.5004686482954241
0.33595011255890483
0.5045791873900463
0.5020046676515415
0.33073077848471666
0.5004943098574586
0.3303058572959836
0.5005357781699642
0.5006984152795964
0.009349411460205737
0.558836112458148
1.511690544296627
0.500056215275329
3.18646974791175
1.025616780782829
0.7575630858692888
0.3300229890297155
0.5004643978873844
0.33027034728298776
0.500436821824989
0.5006171372873345
0.0093535385109913
0.9008643310202284
0.3721873881192215
0.5003388655675733
1.4216319827402581
0.5000672972501734
0.7216960928333709
0.3300297423438723
0.5004596136772133
0.3302714063013399
0.5004534050949907
0.5006103629463254
0.009482868279305556
0.4033774000228352
0.6690992698337332
0.5001995996661792
2.9143037838411203
0.4998127097044227
0.1256263031672349
0.33012433777498273
0.5005010400257275
0.3302755132009523
0.5004476149475225
0.5007255972791524
0.008897363400629743
0.5021256241956618
1.747421959186839
0.5000126180573261
3.2349797924008934
3.514708472206001
0.24170857678495583
0.33018303075021116
0.5005374398815752
0.3304012308778548
0.9225189818838899
2.251590619790459
0.8120646979364707
0.5512775306246596
1.396928975157056
0.5000733523735912
3.243693638820468
3.4727961785245416
0.6245956668427439
0.33004736086374464
0.5004438928576045
0.3302729054192106
0.500479107690909
0.5006257730527359
0.009509056980081532
1.4847897576024205
3.0401344916000648
1.6408981256943487
3.679490904369667
0.4996832703365941
2.194680510960509
3.9181646039262805
4.002426117685868
3.909886545072548
3.7159660484208246
2.699111611390296
0.20047203699342653
0.5003371254153723
0.3671615149176688
0.5005262397327961
0.3309188452099754
0.5005251159678021
0.22326906945231606
0.33017844982114397
0.500454985016443
0.33026274933627775
0.5004410440702278
0.5005871642514226
0.009246073980445857
0.552767828821759
1.9395712599448274
0.49998163144942165
3.224872013107872
1.6528448525714983
0.9146094965219329
0.33000037408579974
0.5004127556276181
0.3302475825951552
0.5004244144846632
0.5005367924213306
0.009621224537924356
1.9557734392524408
2.4337876708473614
0.4998975709725162
3.6556114933682475
2.9751610149360843
0.49979534335615217
0.33030511294834497
1.8246774537068866
3.965750872700838
3.6823824449486207
2.9366277675748953
2.2046602939143014
0.14348034123613207
1.425693375414896
0.5000683015322771
3.2782922255152926
3.544470321907041
0.24717376114716672
0.33010645638719627
0.500495688078689
0.3303719260981852
0.2632613411636564
2.202308598362229
0.9544514042711536
0.5001957387508034
1.4081383451832132
0.500072702170244
3.5643342145292953
3.7032966474484983
0.3659557826897357
0.33008671463033856
0.5004997691413449
0.3303259547127526
1.853067100870506
2.001418741578108
0.9935280278786132
0.5001912542829823
0.4527901296999719
0.5002356261484451
3.129991025739075
3.3938613049134565
0.49972854625803276
0.33024399273238014
0.5004419830789395
0.3302623393002051
0.5004276091818225
0.5006106381830673
0.00924652328596931
0.5018865478677412
0.3755225919870204
0.5004400551299364
2.753162718209554
0.4998386530202996
0.09358837175462842
0.3301258156585707
0.5004612464701212
0.33026997928014357
0.5004411635329635
0.5006708488591691
0.009139799937397441
0.5019087677809768
1.4311654430550749
0.5000656447321976
3.3163402497883654
3.535189635031119
0.4509938589412963
0.33007264239672285
0.5004901317600892
0.33031178386907367
0.5005105687194957
0.50073417747363
0.009621828884754713
4.774102245227668
0.389280189851827
0.5006607028002747
0.3380849861676607
0.5086703509500348
0.5017097269051707
0.33035213123328333
0.5004700021891546
0.3302815895748328
0.5004807308596595
0.5007876322325462
0.008757582452894042
0.5061701780727779
2.1234678503596194
0.49994874517123833
3.3453876306221977
3.496878942396626
0.06737127859782799
0.3301560891529851
0.5006767746926828
0.3305402416035621
3.5971747762722535
2.6236078103811336
2.2172933203831082
0.7498560311655851
0.30894704808044526
0.5002615134490629
2.9280779842219986
3.3276915077516165
0.7287654373643022
0.33003110305024386
0.5005172048737752
0.33026454670905014
0.5004758841867112
0.500704264588065
0.00920063094405954
0.5007200788637887
0.9162308817506015
0.5001531940814905
3.043289255350201
3.3840681806065875
0.4623738760100977
0.3302214752489441
0.5005402612735832
0.3302882450745379
0.500495374987949
0.5008618977942891
1.592421790830647
0.5000797746382517
2.629887829795466
0.4998610823102112
3.6009751774690035
0.07354605731633423
0.5002991760913549
3.400948348011685
3.9405300937162
3.9156795596615472
3.534650155945954
