146.79706129032255 976.4455239431677 673917419.4 948249.725086534 398.5241935483871
250.72363571428556 972.3379299890034 948249.725086534 1611561.913919501 250.61309523809524
461.585732258064 972.3644624765567 1611561.913919501 2950403.2140827547 458.88709677419354
444.37729333333334 972.4180161285633 2950403.2140827547 2824670.607706695 440.53333333333336
590.6493946236556 972.4129868243083 2824670.607706695 3763016.020511291 586.2983870967741
870.2414244444444 972.4505206408204 3763016.020511291 8528063.816466236 864.7083333333334
707.9730989247312 972.6470026590193 8528063.816466236 4518011.34822357 705.3387096774194
385.1731956989247 972.4807204539289 4518011.34822357 2442268.1483818707 381.56720430107526
259.83412 972.3976907259353 2442268.1483818707 1636962.0965829005 254.88333333333333
243.74549354838712 972.3654784838633 1636962.0965829005 1531589.903359485 238.04569892473117
271.80637 972.3612635961343 1531589.903359485 1728189.979276112 269.02777777777777
290.0427806451613 972.3691275991711 1728189.979276112 1858413.6183033793 289.33870967741933
296.87211612903224 972.3743365447322 1858413.6183033793 1908659.0302483109 296.9543010752688
429.1810857142858 972.3763463612099 1908659.0302483109 2756374.740873482 429.0029761904762
403.094535483871 972.410254989635 2756374.740873482 2572410.044864386 401.0
337.1397533333334 972.4028964017946 2572410.044864386 2141379.221501493 333.53055555555557
358.6048677419355 972.38565516886 2141379.221501493 2275985.8751716157 354.8037634408602
272.78348222222223 972.3910394350069 2275985.8751716157 1732903.1552646419 270.1138888888889
250.71329247311826 972.3693161262106 1732903.1552646419 1590935.227962208 247.13172043010752
235.8518903225807 972.3636374091185 1590935.227962208 1489605.8429644944 231.69623655913978
244.28968666666668 972.3595842337186 1489605.8429644944 1533158.3678886613 239.0361111111111
231.5298870967742 972.3613263347155 1533158.3678886613 1453409.6638513491 225.84139784946237
238.91654 972.3581363865541 1453409.6638513491 1513786.998520253 236.21666666666667
258.8570258064516 972.3605514799408 1513786.998520253 1659354.9803760983 258.1532258064516
285.50330645161284 972.366374199215 1659354.9803760983 1836878.5377541229 285.5376344086022
410.83848214285746 972.3734751415101 1836878.5377541229 2638416.24406923 410.67857142857144
442.095609677419 972.4055366497628 2638416.24406923 2825392.106685961 439.83870967741933
396.0606333333333 972.4130156842674 2825392.106685961 2519520.157030631 392.3388888888889
390.558722580645 972.4007808062812 2519520.157030631 2481302.4831233993 386.7876344086022
329.4450811111111 972.3992520993249 2481302.4831233993 2095891.3236068247 326.6666666666667
341.0457838709678 972.3838356529443 2095891.3236068247 2166273.172940383 337.2876344086022
235.8385279569892 972.3866509269176 2166273.172940383 1488479.0435529621 231.8978494623656
243.51183666666668 972.3595391617421 1488479.0435529621 1527931.225959022 238.26111111111112
230.5339548387097 972.3611172490383 1527931.225959022 1442025.9158495807 224.8494623655914
245.39037000000002 972.357681036634 1442025.9158495807 1557905.150558623 242.6638888888889
257.4237129032258 972.3623162060223 1557905.150558623 1652373.9078985823 256.73924731182797
289.1357451612903 972.3660949563159 1652373.9078985823 1853704.2863865423 289.16129032258067
473.9521857142862 972.3741481714554 1853704.2863865423 3045703.3152271747 473.63392857142856
349.486719354839 972.4218281326091 3045703.3152271747 2228769.742910421 347.66129032258067
363.95817 972.3891507897164 2228769.742910421 2310227.5748900836 360.1222222222222
398.51344516129 972.3924091029955 2310227.5748900836 2531262.037679785 394.63709677419354
276.73870999999997 972.4012504815072 2531262.037679785 1762434.0066977288 274.15277777777777
254.8099677419355 972.3704973602679 1762434.0066977288 1615625.432587831 251.2258064516129
238.24559032258065 972.3646250173035 1615625.432587831 1502442.7441892524 234.09139784946237
245.2041533333333 972.3600977097675 1502442.7441892524 1543794.9610501255 239.95
231.97024516129028 972.361751798442 1543794.9610501255 1453754.8566553288 226.28494623655914
243.99036 972.3581501942662 1453754.8566553288 1550989.6714590595 241.2722222222222
257.4200483870968 972.3620395868584 1550989.6714590595 1650051.0629041106 256.73387096774195
296.42447741935484 972.3660020425161 1650051.0629041106 1905299.5386522934 296.4301075268817
418.22529999999983 972.376211981546 1905299.5386522934 2685895.4742594366 418.07440476190476
347.008006451613 972.4074358189704 2685895.4742594366 2210951.8483268777 345.05645161290323
329.89749333333333 972.388438073933 2210951.8483268777 2094502.976830234 326.175
353.6986193548387 972.3837801190732 2094502.976830234 2249726.0557196387 349.89516129032256
261.9712 972.3899890422288 2249726.0557196387 1662712.4790319556 259.3277777777778
243.57472903225812 972.3665084991612 1662712.4790319556 1537417.6197884257 239.99462365591398
228.14409677419354 972.3614967047915 1537417.6197884257 1438123.7409544806 223.997311827957
239.5454933333333 972.3575249496381 1438123.7409544806 1501650.1074389343 234.29166666666666
226.77965483870966 972.3600660042976 1501650.1074389343 1421585.209841813 221.0994623655914
238.98207 972.3568634083937 1421585.209841813 1514866.2505675592 236.26944444444445
249.76095161290323 972.3605946500227 1514866.2505675592 1602181.8078480044 249.08064516129033
265.18732580645155 972.3640872723139 1602181.8078480044 1702174.248688485 265.25
210.4572499999996 972.3680869699475 1702174.248688485 1356360.8647286356 210.76190476190476
397.24232258064484 972.3542544345892 1356360.8647286356 2536343.369140801 394.64247311827955
342.8417033333333 972.4014537347656 2536343.369140801 2180639.252502496 339.1972222222222
360.3340258064516 972.3872255701001 2180639.252502496 2290493.6538184267 356.5403225806452
258.52103 972.3916197461527 2290493.6538184267 1645649.743362496 255.90277777777777
243.58466129032263 972.3658259897345 1645649.743362496 1539703.2049984366 239.997311827957
227.1755612903226 972.3615881281999 1539703.2049984366 1434462.6016615303 223.03225806451613
239.0027333333333 972.3573785040664 1434462.6016615303 1504310.7121557877 233.74722222222223
226.669835483871 972.3601724284862 1504310.7121557877 1418485.8045552142 220.99193548387098
244.40769999999998 972.3567394321822 1418485.8045552142 1552533.0764463297 241.675
142.10304193548387 972.3621013230578 1552533.0764463297 912156.7809079745 141.71505376344086
70.32024838709674 972.3364862712363 912156.7809079745 452769.76291439816 70.58602150537635
124.2560821428572 972.3181107905166 452769.76291439816 798131.6703305637 124.27083333333333
154.93862150537632 972.3319252668132 798131.6703305637 986444.1839092511 152.85752688172042
193.63895333333335 972.3394577673563 986444.1839092511 1219376.005173473 189.93055555555554
138.63526666666667 972.3487750402069 1219376.005173473 867929.0270927092 135.252688172043
167.4405788888889 972.3347171610836 867929.0270927092 1057954.2500249667 164.57777777777778
90.88938817204303 972.3423181700009 1057954.2500249667 567174.5047939646 87.61021505376344
48.29481182795699 972.3226869801917 567174.5047939646 285335.439822706 44.44086021505376
34.909573333333334 972.3114134175929 285335.439822706 194711.21029206214 30.033333333333335
31.25610322580645 972.3077884484117 194711.21029206214 167150.3219756722 25.88978494623656
39.20734 972.306686012879 167150.3219756722 241603.6111683976 36.66111111111111
46.190435483871 972.3096641444467 241603.6111683976 295202.81119714945 45.56182795698925
94.17113548387094 972.3118081124478 295202.81119714945 604694.4775120829 94.15053763440861
240.17091071428527 972.3241877791005 604694.4775120829 1542397.4937711214 239.94642857142858
396.38217741935523 972.3616958997508 1542397.4937711214 2529472.6726199747 393.85483870967744
450.9885566666667 972.4011789069048 2529472.6726199747 2868401.3689658404 446.9583333333333
446.147577419355 972.4147360547586 2868401.3689658404 2835834.099838642 442.31451612903226
286.20038 972.4134333639935 2835834.099838642 1817159.7007880234 283.7027777777778
396.9000903225807 972.3726863880315 1817159.7007880234 2524785.274563271 392.8440860215054
239.29991827956997 972.4009914109826 2524785.274563271 1508555.5843524896 235.4811827956989
243.97539 972.3603422233741 1508555.5843524896 1530599.1760476676 238.73055555555555
230.0858451612903 972.3612239670418 1530599.1760476676 1441961.1902601903 224.40322580645162
244.06024000000002 972.3576784476104 1441961.1902601903 1547367.3592516496 241.3388888888889
256.2187677419355 972.36189469437 1547367.3592516496 1640746.0807337228 255.53494623655914
349.98455806451636 972.3656298432293 1640746.0807337228 2248339.7065273453 349.86021505376345
479.72779285714284 972.3899335882611 2248339.7065273453 3078192.705485396 479.5595238095238
421.943296774194 972.4231277082195 3078192.705485396 2695597.6395073137 419.91129032258067
310.1943266666667 972.4078239055802 2695597.6395073137 1970740.7396391404 306.72777777777776
332.6461129032258 972.3788296295855 1970740.7396391404 2110861.3507722667 328.8709677419355
249.73257999999998 972.3844344540308 2110861.3507722667 1587323.5470120313 247.075
239.8760580645161 972.3634929418804 1587323.5470120313 1516725.170513144 236.27956989247312
225.62912903225805 972.3606690068204 1516725.170513144 1421843.6386719486 221.48387096774192
237.27062999999998 972.3568737455469 1421843.6386719486 1487615.8091749465 232.01944444444445
223.8282 972.359504632367 1487615.8091749465 1400027.7033016959 218.15591397849462
235.30777 972.3560011081321 1400027.7033016959 1495434.793132013 232.59722222222223
242.2812193548387 972.3598173917253 1495434.793132013 1554447.5409282483 241.61290322580646
252.38025161290318 972.3621779016371 1554447.5409282483 1622962.2092996626 252.45430107526883
333.75463571428566 972.3649184883719 1622962.2092996626 2140623.073754592 333.7083333333333
268.6417677419355 972.3856249229501 2140623.073754592 1713698.9408236733 266.7204301075269
258.10906 972.3685479576329 1713698.9408236733 1635944.757491348 254.45
323.4672741935484 972.3654377902997 1635944.757491348 2051013.8946439126 319.5994623655914
223.21332999999998 972.3820405557857 2051013.8946439126 1413530.1303742272 220.62222222222223
220.4956870967742 972.356541205215 1413530.1303742272 1395143.5815366232 216.9005376344086
204.85377741935483 972.3558057432614 1395143.5815366232 1287362.1903037487 200.73924731182797
83.55213111111111 972.3514944876122 1287362.1903037487 505507.23202211567 78.86666666666666
30.919667741935477 972.3202202892809 505507.23202211567 168442.0347140419 25.669354838709676
36.18152 972.3067376813885 168442.0347140419 218370.55687509655 33.647222222222226
47.8049870967742 972.3087348222749 218370.55687509655 304382.91021109 47.163978494623656
83.79251290322584 972.3121753164085 304382.91021109 542159.2530937844 83.79838709677419
134.8988357142857 972.3216863701238 542159.2530937844 866923.2231481576 134.92261904761904
202.01369677419336 972.3346769289259 866923.2231481576 1287070.661837526 199.81720430107526
235.16669333333334 972.3514828264734 1287070.661837526 1488686.6691891192 231.425
366.4524967741935 972.3595474667675 1488686.6691891192 2330941.3618327514 362.3790322580645
234.78958 972.3932376544733 2330941.3618327514 1491049.119170503 232.26666666666668
214.1517419354839 972.3596419647668 1491049.119170503 1354536.107934473 210.60752688172042
204.73553870967743 972.3541814443173 1354536.107934473 1290560.2923863188 200.6048387096774
211.1064966666667 972.3516224116954 1290560.2923863188 1324325.1597022014 205.90833333333333
206.2299387096774 972.3529730063881 1324325.1597022014 1291424.1970550094 200.56720430107526
221.42457 972.3516569678821 1291424.1970550094 1408666.9160817734 218.71666666666667
57.01796774193546 972.3563466766433 1408666.9160817734 368153.86055609514 56.795698924731184
118.55968387096775 972.3147261544221 368153.86055609514 762664.1056013362 118.50806451612904
200.11109642857127 972.330506564224 762664.1056013362 1284573.6218936539 200.05654761904762
235.63295913978533 972.3513829448757 1284573.6218936539 1500727.929309509 233.49193548387098
259.8409233333333 972.3600291171723 1500727.929309509 1645015.3670490696 256.09444444444443
335.6809193548387 972.3658006146819 1645015.3670490696 2129186.3524902076 331.7741935483871
213.69986 972.3851674540996 2129186.3524902076 1355064.8518229034 211.16944444444445
214.5699129032258 972.3542025940728 1355064.8518229034 1358367.2662101556 210.9731182795699
205.83232903225803 972.3543346906483 1358367.2662101556 1297934.0299606943 201.69892473118279
221.0722 972.3519173611984 1297934.0299606943 1389769.1844093928 215.8361111111111
203.0625129032258 972.3555907673764 1389769.1844093928 1268422.6225696777 197.43817204301075
211.92654777777776 972.3507369049028 1268422.6225696777 1345668.8915683297 209.24166666666667
55.3441903225806 972.3538267556627 1345668.8915683297 351761.43426621135 55.104838709677416
128.37043870967744 972.3140704573706 351761.43426621135 823370.4044830472 128.29032258064515
198.01362500000027 972.3329348161793 823370.4044830472 1274833.5250015215 197.98809523809524
341.5914043010755 972.350993341 1274833.5250015215 2177900.9302007 339.1290322580645
378.11687333333333 972.387116037208 2177900.9302007 2400344.4451589882 374.2111111111111
395.614990322581 972.3960137778064 2400344.4451589882 2512786.13606028 391.78225806451616
265.06046 972.4005114454424 2512786.13606028 1682133.7700642515 262.5083333333333
247.3584096774194 972.3672853508025 1682133.7700642515 1564022.1354508882 243.7715053763441
230.385 972.362560885418 1564022.1354508882 1454656.0211718902 226.23924731182797
236.09518666666668 972.3581862408469 1454656.0211718902 1480537.962454486 230.86111111111111
222.8011193548387 972.3592215184982 1480537.962454486 1397039.5952211535 217.1290322580645
234.79752 972.3558815838088 1397039.5952211535 1488654.99436725 232.0888888888889
257.1675387096774 972.3595461997746 1488654.99436725 1645951.3758201718 256.4596774193548
349.3604322580645 972.3658380550328 1645951.3758201718 2245038.734982745 349.23924731182797
382.58889642857184 972.3898015493993 2245038.734982745 2453894.855037761 382.67261904761904
456.3766247311829 972.3981557942014 2453894.855037761 2916739.3280836158 454.008064516129
443.18497666666667 972.4166695731233 2916739.3280836158 2821587.064759961 439.3305555555556
427.038487096774 972.4128634825904 2821587.064759961 2717568.7421411467 423.252688172043
285.64497 972.4087027496856 2717568.7421411467 1815675.2735113162 283.10277777777776
258.05791290322577 972.3726270109404 1815675.2735113162 1632279.0803901772 254.48387096774192
240.42663870967743 972.3652911632156 1632279.0803901772 1514392.1840540546 236.2715053763441
247.94394333333332 972.3605756873621 1514392.1840540546 1561388.130310651 242.68333333333334
231.42676774193552 972.3624555252123 1561388.130310651 1450729.8570103305 225.75
242.92430000000002 972.3580291942803 1450729.8570103305 1544558.8633551649 240.20833333333334
255.7113129032258 972.3617823545342 1544558.8633551649 1639827.0709143076 255.0268817204301
268.15229354838715 972.3655930828365 1639827.0709143076 1725423.5980281406 268.2204301075269
349.38995714285716 972.3690169439211 1725423.5980281406 2241089.3582039387 349.3452380952381
457.362893548387 972.3896435743281 2241089.3582039387 2917612.0731298584 454.9139784946237
335.9801566666667 972.4167044829252 2917612.0731298584 2133465.3228397355 332.5083333333333
357.1549580645161 972.3853386129135 2133465.3228397355 2269770.988206456 353.35483870967744
253.93007999999998 972.3907908395282 2269770.988206456 1615316.8259309423 251.31944444444446
240.60197419354841 972.3646126730372 1615316.8259309423 1521174.903170519 237.01344086021504
225.83012903225807 972.3608469961268 1521174.903170519 1423905.51559335 221.68548387096774
236.1272633333333 972.3569562206237 1423905.51559335 1482520.8267384595 230.88055555555556
221.3161806451613 972.3593008330695 1482520.8267384595 1388297.3058795992 215.6505376344086
233.40863 972.3555318922351 1388297.3058795992 1482638.229381059 230.7
267.6946193548387 972.3593055291752 1482638.229381059 1714270.0119477785 266.9569892473118
377.7886451612907 972.3685708004779 1714270.0119477785 2425732.7506807535 377.6263440860215
506.66562023809536 972.3970293100272 2425732.7506807535 3252342.59188308 506.5
616.7647516129032 972.4300937036753 3252342.59188308 3943900.19170744 614.2123655913979
506.09306333333336 972.4577560076683 3943900.19170744 3223088.8156483476 502.4111111111111
704.9861817204303 972.428923552626 3223088.8156483476 4496019.796733659 700.3870967741935
1053.7177277777778 972.4798407918694 4496019.796733659 18418571.171489943 1043.85
621.5193129032258 972.9560714214302 18418571.171489943 3961909.882787205 622.8655913978495
272.9326924731183 972.4584763953114 3961909.882787205 1725427.3556028062 269.5268817204301
253.1277977777778 972.3690170942241 1725427.3556028062 1594095.2422989402 247.92777777777778
235.29950000000002 972.3637638096919 1594095.2422989402 1477696.3870964637 229.61827956989248
253.88332000000003 972.3591078554838 1477696.3870964637 1615516.956796231 251.14166666666668
267.3279451612903 972.3646206782718 1615516.956796231 1714794.852068237 266.63978494623655
297.96592580645165 972.3685917940827 1714794.852068237 1915581.8270500358 297.991935483871
410.5887392857147 972.3766232730819 1915581.8270500358 2638521.54409686 410.4613095238095
367.233235483871 972.4055408617638 2638521.54409686 2345007.3146260967 365.2016129032258
309.18723666666665 972.3938002925851 2345007.3146260967 1957783.620496001 305.59166666666664
342.9960516129032 972.3783113448198 1957783.620496001 2177511.6041854005 339.1801075268817
256.52593 972.3871004641674 2177511.6041854005 1629036.7383629733 253.87222222222223
244.4438 972.3651614695345 1629036.7383629733 1546467.5950994731 240.84677419354838
229.42530000000005 972.3618587038039 1546467.5950994731 1447406.1441964996 225.2768817204301
240.64447333333334 972.3578962457678 1447406.1441964996 1510981.1164133362 235.38888888888889
227.34813548387098 972.3604392446565 1510981.1164133362 1424418.0167006871 221.66935483870967
244.12122 972.356976720668 1424418.0167006871 1550968.1722954537 241.39166666666668
252.2319935483871 972.3620387268918 1550968.1722954537 1617016.3157890635 251.55913978494624
295.0998129032258 972.3646806526315 1617016.3157890635 1895374.5682991194 295.0967741935484
361.1343499999999 972.375814982732 1895374.5682991194 2319655.678418941 361.1279761904762
363.84520537634455 972.3927862271368 2319655.678418941 2324516.6942194286 361.7043010752688
397.50862666666666 972.3929806677687 2324516.6942194286 2527979.5965069425 393.5888888888889
407.956206451613 972.4011191838603 2527979.5965069425 2597242.1551881344 404.1263440860215
275.03211 972.4038896862075 2597242.1551881344 1750364.0090455664 272.47777777777776
251.50448064516132 972.3700145603618 1750364.0090455664 1593825.0879852332 247.92741935483872
234.74233548387093 972.3637530035194 1593825.0879852332 1483600.1786980487 230.59139784946237
242.17879 972.3593440071479 1483600.1786980487 1521876.366474915 236.93055555555554
227.90831935483868 972.360875054659 1521876.366474915 1428596.4507088738 222.2311827956989
241.88055 972.3571438580283 1428596.4507088738 1533600.794800314 239.1611111111111
253.5590838709677 972.361344031792 1533600.794800314 1625441.482412271 252.8763440860215
102.44859139784947 972.3650176592964 1625441.482412271 662766.4349252698 102.90322580645162
159.47150476190478 972.326510657397 662766.4349252698 1029416.4398287889 159.47916666666666
394.46850860215034 972.3411766575931 1029416.4398287889 2517567.2120337733 391.755376344086
365.1091044444445 972.4007026884814 2517567.2120337733 2317006.669108807 361.38055555555553
387.649829032258 972.3926802667643 2317006.669108807 2466581.928472801 383.81182795698925
270.3802 972.3986632771389 2466581.928472801 1718550.4505722846 267.7916666666667
249.8159774193548 972.3687420180229 1718550.4505722846 1580667.6408208564 246.23387096774192
232.9052709677419 972.3632267056328 1580667.6408208564 1466535.1540694507 228.75806451612902
242.13371333333333 972.3586614061627 1466535.1540694507 1524821.2683404044 236.87777777777777
227.89706451612898 972.3609928507336 1524821.2683404044 1430182.135912794 222.22043010752688
240.37306 972.3572072854365 1430182.135912794 1525954.3414481624 237.65833333333333
147.82502150537633 972.3610381736579 1525954.3414481624 944416.56751824 147.41397849462365
98.70842258064513 972.3377766627007 944416.56751824 634160.4476718453 98.91935483870968
155.4274190476192 972.3253664179068 634160.4476718453 1001682.8315262193 155.4345238095238
307.40201612903223 972.340067313261 1001682.8315262193 1957781.0641347987 304.94086021505376
284.1543688888889 972.3783112425654 1957781.0641347987 1801273.1789889298 280.4972222222222
323.9267193548387 972.3720509271595 1801273.1789889298 2056017.5238532987 320.1182795698925
243.9187 972.3822407009541 2056017.5238532987 1545405.4326518804 241.26111111111112
191.32889139784942 972.361816217306 1545405.4326518804 1207394.220319923 187.88440860215053
59.57386344086022 972.3482957688128 1207394.220319923 359954.92541239195 55.916666666666664
43.76278111111111 972.3143981970164 359954.92541239195 249559.92449084207 38.88055555555555
33.14922903225807 972.3099823969795 249559.92449084207 179064.07331113584 27.795698924731184
38.91431 972.3071625629324 179064.07331113584 236246.60077466458 36.375
54.8782419354839 972.309449864031 236246.60077466458 349224.11122763844 54.225806451612904
