134.79706129032255 976.4455239431677 673917419.4 867080.986498404 387.0430107526882
247.72363571428556 972.3346832394599 867080.986498404 1594836.224933015 247.58630952380952
380.585732258064 972.3637934489973 1594836.224933015 2425757.807868965 378.1263440860215
244.57729333333333 972.3970303123148 2425757.807868965 1546956.9742041016 241.24166666666667
833.0472440860211 972.3618782789681 1546956.9742041016 565143486.2259148 572.1075268817204
865.2414244444444 976.2766203202266 565143486.2259148 1069389344.2077829 559.0
695.9730989247312 976.8967579317565 1069389344.2077829 981182623.8247944 556.0
358.1731956989247 976.8129112393772 981182623.8247944 169176318.2073102 556.0
167.27300888888888 974.9935649859946 169176318.2073102 1044791.5098473796 224.75277777777777
131.7965688172043 972.3417916603938 1044791.5098473796 810267.6464781491 126.33602150537635
189.80637000000002 972.332410705859 810267.6464781491 1205161.5724573191 187.01666666666668
214.04278064516132 972.3482064628982 1205161.5724573191 1374510.9566220222 213.33870967741936
224.00114838709675 972.3549804382649 1374510.9566220222 1440588.695468293 224.0752688172043
353.0025142857144 972.3576235478187 1440588.695468293 2264956.4434338897 352.83035714285717
197.094535483871 972.3905982577373 2264956.4434338897 1252821.9180820768 195.43548387096774
496.6619755555555 972.3501128767233 1252821.9180820768 3159182.376179552 491.97777777777776
592.1371258064516 972.4263672950472 3159182.376179552 43406923.498374715 570.7876344086021
408.78070444444444 973.5655177595842 43406923.498374715 2607261.074706928 421.34722222222223
194.54662580645157 972.4042904429882 2607261.074706928 1229303.7472314746 191.48655913978496
154.36801935483876 972.3491721498892 1229303.7472314746 968590.3020646772 150.3736559139785
160.75635333333332 972.3387436120826 968590.3020646772 1003480.3873347159 155.63611111111112
146.5298870967742 972.3401392154933 1003480.3873347159 909015.7632969219 140.99193548387098
171.91654 972.3363606305319 909015.7632969219 1086218.948032096 169.225
189.8570258064516 972.3434487579212 1086218.948032096 1216898.6934428304 189.1720430107527
220.37427419354836 972.3486759477377 1216898.6934428304 1418067.3268795607 220.3978494623656
338.0884821428574 972.3567226930752 1418067.3268795607 2167862.655955874 337.94642857142856
301.095609677419 972.3867145062383 2167862.655955874 1916878.2803546705 299.08870967741933
214.86063333333334 972.3766751312141 1916878.2803546705 1360354.1034939096 211.43333333333334
667.8678623655912 972.3544141641397 1360354.1034939096 218646563.01120865 569.0376344086021
694.8506366666667 975.2867623221692 218646563.01120865 441587489.9192572 566.0
312.0457838709678 976.0371749798385 441587489.9192572 1982314.7120190084 454.997311827957
143.97024838709672 972.3792925884808 1982314.7120190084 898532.4317825009 140.29569892473117
141.41183666666666 972.3359412972712 898532.4317825009 874511.4099094124 136.34444444444443
142.5339548387097 972.3349804563964 874511.4099094124 881385.5185286775 136.96505376344086
175.39037 972.3352554207411 881385.5185286775 1113110.0658751533 172.675
187.4237129032258 972.344524402635 1113110.0658751533 1200412.2827301656 186.75537634408602
223.03897096774188 972.3480164913092 1200412.2827301656 1432511.2793840005 223.05107526881721
400.9879000000004 972.3573004511753 1432511.2793840005 2572744.1274353475 400.6875
201.486719354839 972.4029097650974 2572744.1274353475 1278850.2361323026 199.93010752688173
174.29150333333334 972.3511540094453 1278850.2361323026 1097407.0830816508 170.76388888888889
624.0779612903223 972.3438962833233 1097407.0830816508 112196284.39476946 571.9193548387096
564.6525988888889 974.5110767073589 112196284.39476946 85640039.33037405 563.0
341.24007526881724 974.218947885926 85640039.33037405 2166506.600385733 367.98924731182797
135.49827849462363 972.3866602640154 2166506.600385733 847649.2595380072 131.9220430107527
135.87082 972.3339059703815 847649.2595380072 840270.5398728506 130.80555555555554
123.97024516129031 972.3336108215949 840270.5398728506 761219.7822534676 118.46505376344086
154.99036 972.3304487912901 761219.7822534676 977533.3775416266 152.29722222222222
172.4200483870968 972.3391013351016 977533.3775416266 1105950.2816261349 171.73924731182797
218.71479999999997 972.344238011265 1105950.2816261349 1405452.2204462904 218.7016129032258
335.51101428571417 972.3562180888179 1405452.2204462904 2154739.5450297487 335.3690476190476
134.008006451613 972.3861895818012 2154739.5450297487 848812.2303914222 132.497311827957
117.69749333333334 972.3339524892156 848812.2303914222 735314.911899647 114.20555555555555
329.6986193548387 972.3294125964759 735314.911899647 2091499.1324450905 325.4731182795699
319.2184222222222 972.3836599652977 2091499.1324450905 2034154.971918813 316.3222222222222
169.76827741935486 972.3813661988768 2034154.971918813 1069977.5624174476 166.58064516129033
117.62527956989248 972.3427991024967 1069977.5624174476 728232.8069563085 113.70698924731182
126.11216000000002 972.3291293122783 728232.8069563085 781191.3382525138 121.03888888888889
114.77965483870966 972.3312476535301 781191.3382525138 701765.4920141242 109.29032258064517
144.98207 972.3280706196805 701765.4920141242 917250.0522539418 142.29722222222222
159.7609516129032 972.3366900020901 917250.0522539418 1022098.2255001063 159.09139784946237
232.0179709677419 972.3408839290199 1022098.2255001063 1493854.2875368015 231.94086021505376
350.7072499999996 972.3597541715014 1493854.2875368015 2251662.4673873796 350.5625
189.78264516129 972.3900664986954 2251662.4673873796 1208168.5313169877 188.13978494623655
136.24170333333333 972.3483267412527 1208168.5313169877 853927.881322381 132.82222222222222
414.1082193548387 972.3341571152529 853927.881322381 2632016.7856198004 409.63440860215053
424.6515855555555 972.4052806714247 2632016.7856198004 2709663.282639666 421.6138888888889
198.47175806451617 972.4083865313056 2709663.282639666 1256433.031761562 195.43548387096774
176.60029247311832 972.3502573212704 1256433.031761562 1111515.385418125 172.53494623655914
178.2360666666667 972.3444606154167 1111515.385418125 1109879.9804649635 173.1027777777778
157.669835483871 972.3443951992185 1109879.9804649635 979391.4052096921 152.1263440860215
185.4077 972.3391756562083 979391.4052096921 1177716.660857751 182.69722222222222
187.5062677419355 972.3471086664342 1177716.660857751 1198073.2884954163 186.86290322580646
196.67508709677415 972.3479229315398 1198073.2884954163 1267071.261369499 196.747311827957
241.10429642857147 972.3506828504547 1267071.261369499 1546956.779421957 241.15178571428572
70.1590516129032 972.3618782711768 1546956.779421957 441088.95720546535 68.61290322580645
50.93895333333333 972.3176435582882 441088.95720546535 307077.94177979056 47.52777777777778
99.3960193548387 972.3122831176712 307077.94177979056 616661.886248617 95.80913978494624
58.501689999999996 972.3246664754499 616661.886248617 361837.5183215773 55.90277777777778
203.53186129032258 972.3144735007328 361837.5183215773 1282483.0028783835 199.6048387096774
167.27330645161288 972.3512993201151 1282483.0028783835 1049029.0185483024 163.252688172043
153.4429066666667 972.3419611607419 1049029.0185483024 956121.6403631029 148.38333333333333
121.25610322580644 972.3382448656145 956121.6403631029 747562.9401306113 115.80376344086021
145.20734 972.3299025176052 747562.9401306113 919998.1905473876 142.5388888888889
153.190435483871 972.3367999276219 919998.1905473876 983321.4483038991 152.53763440860214
206.04210322580644 972.3393328579322 983321.4483038991 1323262.6315983639 206.01344086021504
281.4774583333329 972.3529305052639 1323262.6315983639 1812238.8676766679 281.4404761904762
408.75852150537673 972.372489554707 1812238.8676766679 2613182.569879398 406.2930107526882
270.8552233333333 972.4045273027951 2613182.569879398 1718208.314815471 267.4972222222222
426.147577419355 972.3687283325926 1718208.314815471 2709309.7342483522 421.9543010752688
365.3392688888889 972.4083723893699 2709309.7342483522 2323512.026385642 362.53055555555557
508.7818107526882 972.3929404810553 2323512.026385642 3240818.434320644 504.5268817204301
166.50959569892473 972.4296327373728 3240818.434320644 1041011.0814977799 163.2231182795699
150.16705666666667 972.3416404432598 1041011.0814977799 930223.5972862113 145.11944444444444
130.0858451612903 972.3372089438914 930223.5972862113 801515.1470445356 124.58870967741936
160.06024 972.3320606058818 801515.1470445356 1015669.0867446512 157.36388888888888
174.2187677419355 972.3406267634698 1015669.0867446512 1115258.6867553878 173.5483870967742
276.17810645161313 972.3446103474702 1115258.6867553878 1774611.19106169 276.03225806451616
400.12065 972.3709844476424 1774611.19106169 2566309.7356157894 399.9642857142857
226.943296774194 972.4026523894246 2566309.7356157894 1445474.3495819678 225.30645161290323
391.4554377777777 972.3578189739833 1445474.3495819678 2486897.831350998 387.21944444444443
666.1514892473118 972.399475913254 2486897.831350998 223630065.15723175 565.5188172043011
320.08258 975.3107214671021 223630065.15723175 2033681.896667425 399.1222222222222
133.6314344086021 972.3813472758667 2033681.896667425 835904.2042706839 130.56989247311827
121.79041935483869 972.3334361681708 835904.2042706839 757209.2523760562 117.76881720430107
131.07063 972.330288370095 757209.2523760562 812234.5224293052 125.9888888888889
119.82820000000001 972.3324893808972 812234.5224293052 738953.563369895 114.32795698924731
151.30777 972.3295581425348 738953.563369895 957522.4946839217 148.61666666666667
161.2812193548387 972.3383008997873 957522.4946839217 1036634.9805003471 160.6209677419355
176.54154193548385 972.3414653992199 1036634.9805003471 1135150.0246063017 176.6021505376344
255.46892142857138 972.3454060009842 1135150.0246063017 1643617.1721903011 255.42261904761904
120.6417677419355 972.3657446868876 1643617.1721903011 761348.9165393397 118.98118279569893
83.04239333333334 972.3304539566616 761348.9165393397 516427.501768535 79.63888888888889
297.4672741935484 972.3206571000707 516427.501768535 1885994.324695169 293.27150537634407
54.21333 972.3754397729878 1885994.324695169 330547.5006263433 52.11944444444445
225.4956870967742 972.313221900025 330547.5006263433 1429319.425961521 221.4784946236559
188.07958387096772 972.3571727770384 1429319.425961521 1183211.8955914888 184.03763440860214
170.82435333333333 972.3473284758236 1183211.8955914888 1065475.6207738207 165.74722222222223
129.91966774193548 972.3426190248309 1065475.6207738207 802201.4607763129 124.47311827956989
147.18152 972.332088058431 802201.4607763129 932418.020971526 144.52777777777777
156.8049870967742 972.3372967208388 932418.020971526 1005523.1174358893 156.1478494623656
194.66348064516134 972.3402209246974 1005523.1174358893 1252069.6127075239 194.66935483870967
260.2202642857143 972.3500827845082 1252069.6127075239 1670744.384515097 260.2113095238095
264.46799784946217 972.3668297753806 1670744.384515097 1685565.5158980933 262.38440860215053
134.76669333333334 972.3674226206359 1685565.5158980933 845522.4271737017 131.5361111111111
343.4524967741935 972.3338208970869 845522.4271737017 2179530.360501515 339.2204301075269
17.78958 972.38718121442 2179530.360501515 102492.33715329005 15.927777777777777
156.1517419354839 972.3040996934861 102492.33715329005 984134.4745844787 152.29032258064515
139.54199032258066 972.3393653789833 984134.4745844787 871912.2410879342 135.51075268817203
140.07316333333335 972.3348764896435 871912.2410879342 867666.2305774257 135.0
115.22993870967741 972.3347066492231 867666.2305774257 703059.4788968661 109.77150537634408
140.42457 972.3281223791558 703059.4788968661 886783.5356094327 137.75555555555556
153.7034516129032 972.3354713414243 886783.5356094327 984723.6378151369 153.03763440860214
229.46290967741936 972.3393889455126 984723.6378151369 1474404.865787917 229.3790322580645
338.825382142857 972.3589761946315 1474404.865787917 2178203.739132032 338.70238095238096
230.557690322581 972.3871281495652 2178203.739132032 1466269.9579668178 228.76612903225808
135.24092333333334 972.3586507983186 1466269.9579668178 846160.2775177123 131.925
310.6809193548387 972.3338464111007 846160.2775177123 1972066.8203581318 306.56182795698925
5.699860000000001 972.3788826728143 1972066.8203581318 21240.633920675387 3.8
187.5699129032258 972.3008496253568 21240.633920675387 1183680.9930707626 183.56989247311827
162.92910322580641 972.3473472397228 1183680.9930707626 1021841.6628197394 158.88709677419354
159.30553333333333 972.3408736665127 1021841.6628197394 988559.7479534125 154.2138888888889
125.06251290322581 972.339542389918 988559.7479534125 769763.7356301981 119.60752688172043
143.54877 972.3307905494252 769763.7356301981 909025.9871070414 140.89444444444445
163.3441903225806 972.3363610394842 909025.9871070414 1047743.1222769602 162.66129032258064
239.2736645161291 972.341909724891 1047743.1222769602 1535324.5180902202 239.19086021505376
336.727910714286 972.3614129807236 1535324.5180902202 2161479.7312613367 336.63690476190476
282.209683870968 972.3864591892504 2161479.7312613367 1800685.755011125 280.255376344086
184.71687333333335 972.3720274302004 1800685.755011125 1165595.5794067618 181.3527777777778
373.614990322581 972.3466238231763 1165595.5794067618 2372330.6257120534 369.39784946236557
25.060460000000006 972.3948932250285 2372330.6257120534 145960.0918031075 23.25
179.3584096774194 972.305838403672 145960.0918031075 1132508.6820954108 175.43279569892474
181.7398387096774 972.3453003472838 1132508.6820954108 1142700.9328789543 177.61021505376345
202.16185333333334 972.3457080373151 1142700.9328789543 1262797.9442893695 196.94444444444446
169.8011193548387 972.3505119177715 1262797.9442893695 1054076.944422878 164.26612903225808
181.79752 972.3421630777768 1054076.944422878 1154294.3097197583 179.12777777777777
194.1675387096774 972.3461717723887 1154294.3097197583 1243203.4208715893 193.497311827957
282.32817419354836 972.3497281368349 1243203.4208715893 1815385.3181152993 282.21505376344084
366.71389642857184 972.3726154127246 1815385.3181152993 2353562.7778435973 366.6607142857143
290.645441935484 972.3941425111137 2353562.7778435973 1849854.1902050644 288.73924731182797
246.25164333333333 972.3739941676082 1849854.1902050644 1555754.5256826875 242.6888888888889
430.5008526881718 972.3622301810273 1555754.5256826875 2738940.5788028636 426.23118279569894
812.0171922222223 972.4095576231521 2738940.5788028636 531593541.6665145 571.5972222222222
444.8186655913978 976.217187083333 531593541.6665145 97754420.43518655 559.0
160.47771397849462 974.3560263090782 97754420.43518655 1006428.8925052417 191.9005376344086
140.74116555555557 972.3402571557002 1006428.8925052417 873601.5936062735 135.71666666666667
134.4267677419355 972.3349440637442 873601.5936062735 831757.7823258076 128.88978494623655
164.9243 972.333270311293 831757.7823258076 1043540.2888823736 162.225
179.7113129032258 972.3417416115552 1043540.2888823736 1149143.0076009126 179.03763440860214
197.2168096774194 972.345965720304 1149143.0076009126 1265127.274803282 197.2715053763441
271.1042428571429 972.3506050909921 1265127.274803282 1742796.993304855 271.07142857142856
259.362893548387 972.3697118797321 1742796.993304855 1650051.9443940604 257.3225806451613
134.04682333333335 972.3660020777758 1650051.9443940604 839713.973918778 130.80555555555554
399.5770010752688 972.3335885589568 839713.973918778 2539873.186624363 395.14784946236557
415.38007999999996 972.401594927465 2539873.186624363 2647052.8484242046 412.3388888888889
185.85466236559142 972.405882113937 2647052.8484242046 1168803.0590352083 182.84139784946237
182.99141935483874 972.3467521223614 1168803.0590352083 1150094.7883586965 178.8709677419355
197.02726333333334 972.3460037915343 1150094.7883586965 1236836.5440248307 191.83055555555555
172.3161806451613 972.3494734617609 1236836.5440248307 1071160.0756598841 166.76075268817203
190.40863 972.3428464030263 1071160.0756598841 1203920.5130541837 187.71944444444443
213.6946193548387 972.3481568205221 1203920.5130541837 1369727.1445038593 212.99193548387098
317.53058064516165 972.3547890857801 1369727.1445038593 2040421.18850912 317.3817204301075
537.9453821428573 972.3816168475404 2040421.18850912 3453865.696023797 537.5386904761905
455.216364516129 972.438154627841 3453865.696023797 2905493.6423094883 453.2258064516129
667.8069522222222 972.4162197456924 2905493.6423094883 106128214.73524539 617.5416666666666
1521.2845688172044 974.4470458123396 106128214.73524539 1545876427.3343573 811.8924731182796
1052.7177277777778 977.2206817200566 1545876427.3343573 1430832643.3529003 920.6916666666667
606.5166247311828 977.1516692521614 1430832643.3529003 1000243486.5205876 571.4758064516129
237.9353806451614 976.8310299301527 1000243486.5205876 1501442.461233907 528.0967741935484
138.06113111111114 972.3600576984493 1501442.461233907 854422.7827345363 133.23888888888888
121.2995 972.3341769113093 854422.7827345363 747462.0255376046 115.80913978494624
165.88332 972.3298984810215 747462.0255376046 1052730.6029551025 163.1472222222222
182.3279451612903 972.3421092241182 1052730.6029551025 1166962.1165909595 181.6505376344086
220.25624838709678 972.3466784846636 1166962.1165909595 1419198.5125272488 220.26075268817203
326.76731071428617 972.3567679405011 1419198.5125272488 2096292.805793275 326.6547619047619
156.233235483871 972.3838517122317 2096292.805793275 990039.1508518866 154.63440860215053
193.98168111111113 972.339601566034 990039.1508518866 1224776.2631267128 190.2722222222222
443.10357849462366 972.348991050525 1224776.2631267128 2820115.631170231 438.6666666666667
294.1453744444445 972.4128046252467 2820115.631170231 1871906.6912034664 291.6138888888889
148.10240215053764 972.3748762676481 1871906.6912034664 929102.3454833177 144.93010752688173
131.3930419354839 972.3371640938193 929102.3454833177 819670.2862734415 127.37096774193549
138.57780666666665 972.3327868114509 819670.2862734415 855658.5684681544 133.49166666666667
125.34813548387098 972.3342263427387 855658.5684681544 774256.9075990114 119.84139784946237
160.12122 972.3309702763039 774256.9075990114 1009529.1134322726 157.41666666666666
170.2319935483871 972.3403811645372 1009529.1134322726 1088987.9410355508 169.56989247311827
218.35787741935485 972.3435595176414 1088987.9410355508 1404475.7055949513 218.33870967741936
279.6522071428571 972.3561790282238 1404475.7055949513 1797595.8189235423 279.6547619047619
180.452732258065 972.3719038327569 1797595.8189235423 1146066.7913317166 178.66935483870967
192.17529333333334 972.3458426716533 1146066.7913317166 1210700.405935253 188.53333333333333
385.956206451613 972.3484280162373 1210700.405935253 2453591.339624816 381.7123655913978
317.4487766666667 972.398143653585 2453591.339624816 2017680.9270542874 314.7
369.60125483870974 972.3807072370821 2017680.9270542874 2348665.5785566797 365.71505376344084
149.37136774193544 972.3939466231423 2348665.5785566797 931400.5752186658 145.81451612903226
153.47879 972.3372560230088 931400.5752186658 953113.0993451311 148.375
137.9083193548387 972.3381245239738 953113.0993451311 853348.892368922 132.38709677419354
165.88055 972.3341339556947 853348.892368922 1050558.570128047 163.1861111111111
178.5590838709677 972.3420223428051 1050558.570128047 1145015.6523905743 177.88978494623655
225.36525806451613 972.3458006260956 1145015.6523905743 1452026.9760292096 225.3494623655914
290.3971 972.3580810790411 1452026.9760292096 1862849.6332829695 290.39285714285717
200.624422580645 972.3745139853313 1862849.6332829695 1278004.4527532991 198.80376344086022
159.54799333333335 972.3511201781101 1278004.4527532991 1003853.3117403165 156.07222222222222
364.649829032258 972.3401541324696 1003853.3117403165 2315480.9621025976 360.4032258064516
412.7135333333333 972.392619238484 2315480.9621025976 2630514.0095453197 409.59444444444443
294.6654397849462 972.4052205603817 2630514.0095453197 1865558.6461267895 291.26881720430106
148.9724752688172 972.3746223458451 1865558.6461267895 929609.2868229678 145.23655913978496
158.63371333333333 972.3371843714729 929609.2868229678 986469.2303828356 153.50833333333333
145.897064516129 972.3394587692153 986469.2303828356 899292.4682760392 140.35752688172042
174.37306 972.335971698731 899292.4682760392 1102648.3559029375 171.66944444444445
186.9164193548387 972.344105934236 1102648.3559029375 1199511.1443933272 186.24462365591398
227.9987451612903 972.3479804457756 1199511.1443933272 1468261.2581115004 227.997311827957
295.83515714285727 972.3587304503244 1468261.2581115004 1902683.1830329658 295.82142857142856
118.86169354838711 972.3761073273213 1902683.1830329658 755391.6311418952 117.3010752688172
72.87381333333335 972.3302156652456 755391.6311418952 447877.7985818094 69.50555555555556
297.9267193548387 972.3179151119432 447877.7985818094 1887787.9860034282 293.7043010752688
0.9187000000000012 972.3755115194401 1887787.9860034282 -3962075.6255427077 0.8166666666666667
155.6729774193548 972.1415169749782 -3962075.6255427077 975178.4012183134 150.30376344086022
152.15719677419355 972.3390071360487 975178.4012183134 949426.6171149764 148.0779569892473
166.18500333333333 972.3379770646845 949426.6171149764 1036861.1381721866 161.0361111111111
144.11697096774193 972.3414744455268 1036861.1381721866 891355.4668202047 138.6021505376344
167.91431 972.3356542186727 891355.4668202047 1063842.4097769565 165.2277777777778
177.8782419354839 972.3425536963911 1063842.4097769565 1142300.1492315873 177.21505376344086
