150.79706129032255 976.4455239431677 673917419.4 183148192.83475706 336.0
251.72363571428556 975.080171907529 183148192.83475706 1618296.9419696145 327.2232142857143
453.585732258064 972.3647318776788 1618296.9419696145 240311054.98965067 353.7258064516129
273.57729333333333 975.3909185336041 240311054.98965067 1736720.10431748 348.6777777777778
791.721975268817 972.3694688041727 1736720.10431748 971734411.1154956 340.80913978494624
884.2414244444444 976.8039300485889 971734411.1154956 1383150882.9622338 561.4694444444444
724.9730989247312 977.1230659165941 1383150882.9622338 1325725712.3200464 533.2903225806451
403.1731956989247 977.0886177038514 1325725712.3200464 937813768.0866628 332.76344086021504
249.19523111111113 976.7716860913371 937813768.0866628 346485148.9587178 326.0
233.7454935483871 975.792079209127 346485148.9587178 1461834.5462120767 324.7123655913978
252.80637000000002 972.3584733818484 1461834.5462120767 1604047.219206483 250.0638888888889
269.0427806451613 972.3641618887682 1604047.219206483 1723476.1024222446 268.3467741935484
274.7753419354838 972.3689390440968 1723476.1024222446 1764777.3251472295 274.86021505376345
400.2882285714287 972.3705910930058 1764777.3251472295 159147427.23729095 335.8184523809524
239.094535483871 974.9152142752913 159147427.23729095 1524369.8419968071 292.6532258064516
267.5591977777778 972.3609747936798 1524369.8419968071 1693956.2099129462 263.7944444444444
620.1371258064516 972.3677582483965 1693956.2099129462 634203318.1888218 326.8306451612903
443.78070444444444 976.3838560841442 634203318.1888218 703604695.6229744 326.0
246.54662580645157 976.4916221981723 703604695.6229744 276328101.16694415 326.0
228.70404086021512 975.5490003719373 276328101.16694415 1445182.1697191487 310.97849462365593
235.42302 972.3578072867888 1445182.1697191487 1481536.1776472048 230.1861111111111
222.5298870967742 972.3592614471058 1481536.1776472048 1392482.3300073687 216.86021505376345
222.91654 972.3556992932002 1392482.3300073687 1413854.863238829 220.24444444444444
240.8570258064516 972.3565541945295 1413854.863238829 1539882.5818643635 240.16397849462365
268.2452419354838 972.3615953032745 1539882.5818643635 1723237.6273166381 268.2768817204301
386.37419642857174 972.3689295050926 1723237.6273166381 144696245.5435015 327.82142857142856
302.095609677419 974.8023144183086 144696245.5435015 45028773.57874832 331.0
243.86063333333334 973.5967071842067 45028773.57874832 1542516.9984984437 256.47777777777776
521.9377548387095 972.3617006799399 1542516.9984984437 429009028.4905494 325.76881720430106
719.8506366666667 976.0120180569811 429009028.4905494 1165650388.4015794 326.0
358.0457838709678 976.9882608254768 1165650388.4015794 808445106.3638577 326.0
227.85196881720427 976.6270520458045 808445106.3638577 273096308.2202499 326.0
234.64517 975.5371187802216 273096308.2202499 1475701.2381075916 314.0888888888889
221.5339548387097 972.3590280495242 1475701.2381075916 1387699.8886533831 215.86559139784947
228.39037 972.3555079955461 1387699.8886533831 1452263.4187645973 225.69722222222222
240.4237129032258 972.3580905367505 1452263.4187645973 1541098.601190602 239.74462365591398
271.87768064516126 972.3616439440476 1541098.601190602 1748267.0826790319 271.9005376344086
448.27361428571476 972.3699306833071 1748267.0826790319 295559670.01327205 327.8333333333333
208.486719354839 975.6197046691665 295559670.01327205 1329190.6679785287 307.6532258064516
204.29150333333334 972.3531676267191 1329190.6679785287 1286208.9914045916 200.67777777777778
445.36559569892444 972.3514483596562 1286208.9914045916 265009425.02442953 325.66129032258067
593.6525988888889 975.5073875920016 265009425.02442953 772939966.6017897 326.0
385.24007526881724 976.5841315350024 772939966.6017897 613953272.9026955 326.0
229.77516021505372 976.3524119144453 613953272.9026955 167712356.16606328 326.0
234.27082000000001 974.9821277825474 167712356.16606328 1467602.0624532409 285.1972222222222
220.9702451612903 972.3587040824981 1467602.0624532409 1384648.9320765713 215.30107526881721
223.99036 972.355385957283 1384648.9320765713 1422330.0601509812 221.3111111111111
236.4200483870968 972.356893202406 1422330.0601509812 1517797.0602022614 235.73924731182797
274.32770322580643 972.360711882408 1517797.0602022614 1764096.938512137 274.3360215053763
389.3324428571427 972.3705638775405 1764096.938512137 151890484.21108082 327.8422619047619
161.008006451613 974.858519407899 151890484.21108082 1020425.6700257683 213.6720430107527
150.69749333333334 972.340817026801 1020425.6700257683 943175.9496066958 147.15555555555557
367.6986193548387 972.3377270379842 943175.9496066958 89342801.85677737 325.51881720430106
75.97120000000001 974.2645956723563 89342801.85677737 471215.0661534975 106.975
205.61505161290324 972.3188486026461 471215.0661534975 1298944.4522024472 201.72043010752688
219.04732258064513 972.351957778088 1298944.4522024472 1381378.773703647 214.84408602150538
227.61216000000002 972.3552551509481 1381378.773703647 1428108.281754796 222.38333333333333
215.77965483870966 972.3571243312701 1428108.281754796 1347976.6896949932 210.11827956989248
219.98207 972.3539190675878 1347976.6896949932 1394063.591936599 217.30277777777778
228.7609516129032 972.3557625436774 1394063.591936599 1463386.3278358292 228.09139784946237
291.50184193548387 972.3585354531134 1463386.3278358292 1875054.7433941967 291.4489247311828
406.8501071428567 972.3750021897357 1875054.7433941967 194543396.33307135 327.89285714285717
202.78264516129 975.1496548556895 194543396.33307135 1293523.1044363722 269.38978494623655
168.24170333333333 972.3517409241774 1293523.1044363722 1057677.7994359739 164.74166666666667
375.3340258064516 972.3423071119774 1057677.7994359739 106884973.78650504 325.56451612903226
216.76825222222223 974.4552714542012 106884973.78650504 1372163.1793880255 252.93055555555554
249.47175806451617 972.3548865271755 1372163.1793880255 1580666.2349867225 245.76075268817203
221.01964731182798 972.3632266493994 1580666.2349867225 1394903.8518486407 216.91397849462365
230.16940000000002 972.3557961540739 1394903.8518486407 1442866.6404973662 224.9361111111111
218.669835483871 972.3577146656198 1442866.6404973662 1364959.9013876293 213.002688172043
226.4077 972.3545983960555 1364959.9013876293 1435319.2339558848 223.7138888888889
235.5062677419355 972.3574127693582 1435319.2339558848 1510178.477581114 234.83333333333334
244.54605483870964 972.3604071391032 1510178.477581114 1568562.3611434516 244.6236559139785
290.4971535714286 972.3627424944457 1568562.3611434516 1868653.812949417 290.5386904761905
77.1590516129032 972.3747461525179 1868653.812949417 484765.7914586041 75.71236559139786
86.93895333333333 972.3193906316583 484765.7914586041 537082.2102042577 83.41666666666667
150.3960193548387 972.3214832884081 537082.2102042577 944159.3130063106 146.71774193548387
54.501689999999996 972.3377663725203 944159.3130063106 337836.37215368147 52.041666666666664
208.5318612903226 972.3135134548861 337836.37215368147 1316110.9775440576 204.5779569892473
209.7249193548387 972.3526444391017 1316110.9775440576 1322301.972686642 205.56182795698925
220.87624000000002 972.3528920789074 1322301.972686642 1389426.0744311924 215.65
211.25610322580644 972.3555770429772 1389426.0744311924 1324357.1513129615 205.59677419354838
219.20734 972.3529742860525 1324357.1513129615 1394291.8898756234 216.51944444444445
228.190435483871 972.355771675595 1394291.8898756234 1462210.6210313512 227.5215053763441
156.23833978494622 972.3584884248412 1462210.6210313512 1006236.129841083 156.50537634408602
242.17091071428527 972.3402494451936 1006236.129841083 1555391.9499261105 242.10714285714286
467.7558333333337 972.362215677997 1555391.9499261105 331130868.9127418 329.76344086021504
297.8552233333333 975.7503556220455 331130868.9127418 161647421.80069336 327.0
460.147577419355 974.9347454828179 161647421.80069336 399633539.71754944 326.0
335.1698244444444 975.9365041840151 399633539.71754944 307946815.57092917 326.0
544.7818107526882 975.6652456454814 307946815.57092917 664663368.8342279 326.0
230.63056344086024 976.431154299432 664663368.8342279 197973556.68530566 326.0
234.07539000000003 975.1705704675934 197973556.68530566 1468941.6459531586 293.77777777777777
220.0858451612903 972.3587576658381 1468941.6459531586 1375571.876721259 214.4220430107527
225.06024 972.3550228750688 1375571.876721259 1426585.1249432263 222.375
236.2187677419355 972.3570634049977 1426585.1249432263 1515858.2406175632 235.54032258064515
329.82326774193575 972.3606343296246 1515858.2406175632 10051613.14987329 326.755376344086
451.83493571428573 972.7104838812447 10051613.14987329 307393719.7456417 330.0
239.943296774194 975.6632122049473 307393719.7456417 33629337.16379915 328.0
180.20266 973.3552122082682 33629337.16379915 1135742.2638415983 188.9611111111111
691.1514892473118 972.3454296905536 1135742.2638415983 787876189.5709916 325.5994623655914
359.08258 976.6033186802742 787876189.5709916 626497893.7706532 326.0
199.53734838709676 976.3718911393954 626497893.7706532 130217835.90604772 326.0
217.50009677419354 974.677942925056 130217835.90604772 1368748.5148308224 257.9731182795699
226.37063 972.3547499405933 1368748.5148308224 1421008.2347236925 221.14166666666668
214.8282 972.3568403293889 1421008.2347236925 1345759.0636086543 209.16666666666666
220.30777 972.3538303625443 1345759.0636086543 1400111.2000829373 217.625
226.2812193548387 972.3560044480033 1400111.2000829373 1452959.7544981185 225.61827956989248
235.08992903225806 972.3581183901799 1452959.7544981185 1512904.0401626506 235.16666666666666
310.3974928571428 972.3605161616065 1512904.0401626506 1991822.8929541605 310.36607142857144
155.6417677419355 972.3796729157182 1991822.8929541605 987133.7934424515 154.00537634408602
118.04239333333334 972.3394853517376 987133.7934424515 736738.4422279453 114.60277777777777
337.4672741935484 972.3294695376891 736738.4422279453 19619166.570093572 325.4301075268817
55.21333 972.9894212936138 19619166.570093572 340024.7181993416 59.925
206.4956870967742 972.3136009887279 340024.7181993416 1306405.7882460153 202.5483870967742
210.20861612903224 972.3522562315299 1306405.7882460153 1324968.0016264254 206.04032258064515
220.69102 972.352998720065 1324968.0016264254 1388109.0242783471 215.46666666666667
210.91966774193548 972.3555243609711 1388109.0242783471 1316454.7260833587 205.26344086021504
218.18152 972.3526581890433 1316454.7260833587 1386405.750541324 215.49444444444444
227.8049870967742 972.3554562300217 1386405.750541324 1458963.2714858484 227.13440860215053
97.37853440860218 972.3583585308594 1458963.2714858484 625041.9033890854 97.78494623655914
135.8988357142857 972.3250016761356 625041.9033890854 877926.6825900367 135.95238095238096
224.85778279569874 972.3351170673036 877926.6825900367 1433315.0086659207 222.59677419354838
166.76669333333334 972.3573326003466 1433315.0086659207 1050419.0299668575 163.325
381.4524967741935 972.3420167611987 1050419.0299668575 118672004.06794655 326.55913978494624
73.78958 974.5710370747032 118672004.06794655 457150.50515841023 115.70277777777778
213.1517419354839 972.3182860202063 457150.50515841023 1347043.8219373056 209.2258064516129
216.86457096774194 972.3538817528774 1347043.8219373056 1364943.5954730269 212.68817204301075
227.1064966666667 972.3545977438189 1364943.5954730269 1427705.6441654759 221.87222222222223
213.2299387096774 972.3571082257666 1427705.6441654759 1333905.3712848867 207.5779569892473
218.42457 972.3533562148514 1333905.3712848867 1385257.2039349675 215.74444444444444
228.7034516129032 972.3554102881574 1385257.2039349675 1466177.6269743426 228.02956989247312
235.56237204301073 972.358647105079 1466177.6269743426 1517155.175494341 235.64247311827958
202.11109642857127 972.3606862070197 1517155.175494341 1297737.0349682474 202.36309523809524
239.83994838709714 972.3519094813987 1297737.0349682474 1528529.1074254555 237.69086021505376
167.24092333333334 972.361141164297 1528529.1074254555 1055639.5625344873 163.83333333333334
350.6809193548387 972.3422255825013 1055639.5625344873 45876327.33592413 327.55913978494624
59.69986 973.6130062949217 45876327.33592413 366871.98003614426 74.41388888888889
207.5699129032258 972.3146748792014 366871.98003614426 1313022.0842977336 203.6290322580645
211.18716774193544 972.3525208833719 1313022.0842977336 1328446.5977501061 207.0188172043011
222.60553333333334 972.35313786391 1328446.5977501061 1399881.0734038288 217.375
213.0625129032258 972.3559952429362 1399881.0734038288 1333747.224407725 207.4005376344086
218.54877 972.3533498889763 1333747.224407725 1389948.5743867715 215.86666666666667
235.3441903225806 972.3555979429755 1389948.5743867715 1506000.1344319356 234.65591397849462
249.41882580645162 972.3602400053772 1506000.1344319356 1605597.2688134175 249.4811827956989
221.17433928571455 972.3642238907526 1605597.2688134175 1419012.544376863 221.41369047619048
305.00269462365617 972.356760501775 1419012.544376863 1942745.7274629616 302.7043010752688
214.71687333333335 972.3777098290985 1942745.7274629616 1359506.9427182884 211.3
410.614990322581 972.3543802777087 1359506.9427182884 185293374.04313636 326.69086021505376
81.06046 975.0932522807509 185293374.04313636 502547.8928117178 147.20555555555555
221.3584096774194 972.3201019157124 502547.8928117178 1396603.3971206553 217.4220430107527
223.22370967741935 972.3558641358848 1396603.3971206553 1404826.5078283949 219.04301075268816
229.32852000000003 972.3561930603131 1404826.5078283949 1436818.4422664652 224.1027777777778
215.8011193548387 972.3574727376906 1436818.4422664652 1349417.309003284 210.14247311827958
219.79752 972.3539766923601 1349417.309003284 1392776.3558399708 217.11944444444444
241.1675387096774 972.3557110542336 1392776.3558399708 1543908.059665092 240.46505376344086
330.16688387096775 972.3617563223866 1543908.059665092 10976044.304593721 326.76612903225805
417.32103928571473 972.7490018460247 10976044.304593721 231463400.01963115 327.0
321.645441935484 975.3483817308636 231463400.01963115 170765181.5107939 328.0
274.25164333333333 975.0046657409196 170765181.5107939 1736652.6752140543 326.1777777777778
442.038487096774 972.3694661070085 1736652.6752140543 257659851.82077888 325.8494623655914
768.6533033333333 975.4743262106768 257659851.82077888 1152123179.8409123 326.0
483.8186655913978 976.9754022622062 1152123179.8409123 1073950924.0083923 326.0
231.70352043010757 976.9010940342285 1073950924.0083923 434185792.46320885 326.0
237.01061 976.0223715849264 434185792.46320885 68275194.82235366 326.0
221.4267677419355 973.9886749190993 68275194.82235366 1383500.190741094 239.3548387096774
223.9243 972.3553400076296 1383500.190741094 1422915.2476428214 221.24444444444444
235.7113129032258 972.3569166099056 1422915.2476428214 1514087.5401484368 235.03225806451613
247.02326129032264 972.360563501606 1514087.5401484368 1583612.2809806936 247.09677419354838
320.49710000000005 972.3633444912392 1583612.2809806936 2059887.1625410025 320.4672619047619
328.362893548387 972.3823954865017 2059887.1625410025 2091379.9084372998 326.23387096774195
166.04682333333335 972.3836551963375 2091379.9084372998 1046196.3926998571 162.86111111111111
371.1549580645161 972.341847855708 1046196.3926998571 97267710.92452002 325.56182795698925
229.6578577777778 974.35073598831 97267710.92452002 1459443.2711522863 262.18333333333334
233.60466236559142 972.3583777308461 1459443.2711522863 1479217.448172574 229.9811827956989
218.67152688172047 972.3591686979269 1479217.448172574 1377089.2503232677 214.53763440860214
227.29393000000002 972.3550835700129 1377089.2503232677 1428321.9902143616 222.0638888888889
214.3161806451613 972.3571328796086 1428321.9902143616 1337309.0403035458 208.66129032258064
219.40863 972.3534923616121 1337309.0403035458 1395721.8819262038 216.725
249.6946193548387 972.355828875277 1395721.8819262038 1600608.3190556818 248.97043010752688
359.56283870967775 972.3640243327621 1600608.3190556818 90032898.8729162 326.7903225806452
584.1239535714287 974.2720967268796 90032898.8729162 702281169.5136381 334.0
488.216364516129 976.4895670334063 702281169.5136381 923054364.4552807 326.0
635.70973 976.7576562399765 923054364.4552807 1243277498.2791073 326.0
1521.2845688172044 977.0391586672341 1243277498.2791073 1548610026.7154214 1175.77688172043
1065.7177277777778 977.222321551719 1548610026.7154214 1434561381.5507658 933.0277777777778
638.5193129032258 977.153906047721 1434561381.5507658 1301537561.6893723 476.68279569892474
289.9326924731183 977.0741077154706 1301537561.6893723 690901251.6587008 327.76344086021504
241.2889088888889 976.4718963535073 690901251.6587008 207976715.21924618 326.0
224.2995 975.2315653367027 207976715.21924618 1403973.1571306977 284.2204301075269
233.88332 972.3561589262852 1403973.1571306977 1482232.4184134866 231.18055555555554
245.3279451612903 972.3592892967365 1482232.4184134866 1571231.5442528818 244.6478494623656
275.86915161290324 972.3628492617701 1571231.5442528818 1770270.802944148 275.89516129032256
380.5887392857147 972.3708108321177 1770270.802944148 118459002.75837432 332.83035714285717
170.233235483871 974.5690648403553 118459002.75837432 1084415.7956942515 210.9731182795699
131.85390333333334 972.3433766318277 1084415.7956942515 824855.6002399591 128.40277777777777
357.9960516129032 972.3329942240096 824855.6002399591 67175516.29140002 325.46774193548384
285.1481522222222 973.9714924420531 67175516.29140002 1813784.6369373184 305.85833333333335
212.98681075268817 972.3725513854774 1813784.6369373184 1346582.993663392 209.56720430107526
220.32852580645164 972.3538633197466 1346582.993663392 1386205.782819278 216.13978494623655
228.71114 972.3554482313127 1386205.782819278 1433164.4420218843 223.48055555555555
216.34813548387098 972.3573265776809 1433164.4420218843 1353664.143286885 210.68548387096774
224.12122 972.3541465657314 1353664.143286885 1420663.0207236256 221.43055555555554
231.2319935483871 972.3568265208289 1420663.0207236256 1483119.688519854 230.56451612903226
273.0030387096774 972.3593247875408 1483119.688519854 1752529.8520489584 273.002688172043
332.3664928571428 972.3701011940819 1752529.8520489584 15635797.250021355 326.8392857142857
280.452732258065 972.878772145834 15635797.250021355 1784132.899777012 283.4758064516129
222.17529333333334 972.371365315991 1784132.899777012 1403387.906330394 218.67222222222222
421.956206451613 972.3561355162532 1403387.906330394 213122173.23274192 325.7096774193548
91.03211 975.2602027559266 213122173.23274192 568009.0604316599 166.9611111111111
324.67921182795703 972.3227203624173 568009.0604316599 2059135.0118631534 320.40860215053766
226.43050752688168 972.3823654004746 2059135.0118631534 1429049.5422207597 222.48387096774192
232.27879000000001 972.3571619816888 1429049.5422207597 1456792.483676186 227.05
217.9083193548387 972.358271699347 1456792.483676186 1365988.526595774 212.247311827957
222.88055 972.3546395410638 1365988.526595774 1416588.9500637038 220.19722222222222
233.5590838709677 972.3566635580025 1416588.9500637038 1497122.9241889108 232.88440860215053
276.13945161290326 972.3598849169675 1497122.9241889108 1772149.8861719219 276.13709677419354
340.8971 972.3708859954469 1772149.8861719219 33961581.03699509 327.8452380952381
227.624422580645 973.3627632053863 33961581.03699509 1447124.2175612433 237.57258064516128
191.54799333333335 972.3578849687024 1447124.2175612433 1204862.709422285 188.025
401.649829032258 972.3481945083769 1204862.709422285 167157032.87321967 325.6263440860215
222.3302 974.977789319322 167157032.87321967 1413123.8601191095 279.15
341.6654397849462 972.3565249544047 1413123.8601191095 29424127.26300994 325.71505376344084
224.18484086021505 973.2596392559775 29424127.26300994 1413609.0663709356 230.26075268817203
230.20038000000002 972.3565443626549 1413609.0663709356 1448151.9252176052 224.97222222222223
217.897064516129 972.3579260770086 1448151.9252176052 1363251.576280988 212.23387096774192
222.37306 972.3545300630512 1363251.576280988 1409748.6639528798 219.69166666666666
234.9164193548387 972.3563899465581 1409748.6639528798 1503503.4007470931 234.23655913978496
273.93422903225803 972.3601401360298 1503503.4007470931 1761489.4052270947 273.93817204301075
343.0137285714287 972.3704595762091 1761489.4052270947 36688965.3275789 328.8363095238095
133.8616935483871 973.4247492119905 36688965.3275789 845499.1914892719 145.15860215053763
107.87381333333335 972.3338199676596 845499.1914892719 669490.532131067 104.41666666666667
337.9267193548387 972.3267796212853 669490.532131067 20698566.50670604 325.4032258064516
57.9187 973.0194046251863 20698566.50670604 360220.4823273999 63.03333333333333
208.6729774193548 972.314408819293 360220.4823273999 1320064.7878096248 204.7258064516129
211.06042258064517 972.3528025915124 1320064.7878096248 1327495.6665954776 206.8951612903226
222.25167000000002 972.3530998266638 1327495.6665954776 1397486.0236791733 217.0222222222222
214.11697096774193 972.3558994409472 1397486.0236791733 1335852.2344455407 208.4516129032258
218.91431 972.3534340893777 1335852.2344455407 1388527.204695228 216.23333333333332
235.8782419354839 972.3555410881878 1388527.204695228 1509139.9254780302 235.18817204301075
