140.79706129032255 976.4455239431677 673917419.4 908243.9511516005 392.38709677419354
249.72363571428556 972.3363297580461 908243.9511516005 1607436.107524678 249.59821428571428
264.585732258064 972.364297444301 1607436.107524678 1685405.4068312945 262.47849462365593
262.3828488888889 972.3674162162732 1685405.4068312945 1664386.2613234613 258.6972222222222
948.1816526881718 972.366575450453 1664386.2613234613 11967574.937819466 939.2096774193549
869.2414244444444 972.7768770816061 11967574.937819466 8490098.468779655 866.8805555555556
701.9730989247312 972.6454207695324 8490098.468779655 4476059.2074139705 699.3467741935484
371.1731956989247 972.4790423682965 4476059.2074139705 2353482.849387516 367.60215053763443
185.27300888888888 972.3941393139755 2353482.849387516 1157392.8235065518 180.5888888888889
114.23742903225806 972.3462957129402 1157392.8235065518 700052.3238592319 108.88978494623656
104.78414777777778 972.3280020929543 700052.3238592319 658164.9636482593 102.23055555555555
98.55622150537636 972.3263265985458 658164.9636482593 634919.7007438492 97.94623655913979
174.50652473118276 972.3253967880297 634919.7007438492 1121872.0945374197 174.4220430107527
368.1900142857144 972.3448748837815 1121872.0945374197 2365606.2644522963 367.8452380952381
392.47356774193554 972.3946242505781 2365606.2644522963 2501755.086212632 390.26612903225805
605.3147533333333 972.4000702034485 2501755.086212632 3855356.7912841216 600.725
599.1371258064516 972.4542142716514 3855356.7912841216 3821062.126881341 595.1397849462365
417.78348222222223 972.4528424850753 3821062.126881341 2663389.476080761 415.22777777777776
211.54393763440856 972.4065355790432 2663389.476080761 1337210.280825274 208.44623655913978
104.87070752688174 972.353488411233 1337210.280825274 650972.2681457124 101.09677419354838
73.6869088888889 972.3260388907258 650972.2681457124 446271.9961158861 68.79444444444445
46.021822580645164 972.3178508798446 446271.9961158861 263634.7562399284 40.68817204301075
33.82765111111111 972.3105453902496 263634.7562399284 200234.01402744267 31.33888888888889
49.87046666666666 972.3080093605611 200234.01402744267 316566.23887771805 49.21774193548387
86.01943548387095 972.312662649555 316566.23887771805 557500.3887958261 86.0241935483871
217.20455357142887 972.3223000155518 557500.3887958261 1393896.2680703432 217.02083333333334
463.22733010752654 972.3557558507227 1393896.2680703432 2958214.6490706373 460.44354838709677
645.5134111111112 972.4183285859629 2958214.6490706373 4115074.366283847 640.9555555555555
938.7334537634406 972.4646029746514 4115074.366283847 11366671.063893914 930.9543010752689
700.8506366666667 972.7601853073304 11366671.063893914 4473987.207748637 700.2611111111111
325.0457838709678 972.4789594883099 4473987.207748637 2060648.6172868952 322.23118279569894
122.96487204301073 972.3824259446915 2060648.6172868952 766183.7978052724 119.39516129032258
77.27017 972.3306473519121 766183.7978052724 467726.3975474945 72.40833333333333
40.84847096774196 972.3187090559019 467726.3975474945 233211.78445716336 35.543010752688176
36.69592555555556 972.3093284713782 233211.78445716336 218524.61882938226 34.18611111111111
48.42908924731182 972.3087409847532 218524.61882938226 312575.2317054268 47.784946236559136
89.65187419354834 972.3125030092682 312575.2317054268 577326.4156545686 89.64784946236558
289.74385238095283 972.3230930566261 577326.4156545686 1862895.499663775 289.3779761904762
380.6157516129035 972.3745158199865 1862895.499663775 2428404.1400654363 378.255376344086
796.1970588888889 972.3971361656025 2428404.1400654363 5486959.26399633 790.6861111111111
636.779574193548 972.5202899693331 5486959.26399633 4060203.587005012 633.260752688172
571.6525988888889 972.4624081434802 4060203.587005012 3643998.0994743933 568.6805555555555
353.24007526881724 972.4457599239789 3643998.0994743933 2246751.0190073345 350.01612903225805
148.11118172043007 972.3898700407602 2246751.0190073345 928834.6211772908 144.5188172043011
86.49026444444445 972.337153384847 928834.6211772908 522679.7116046154 81.65555555555555
46.06701935483869 972.3209071884642 522679.7116046154 266322.07324474613 40.76075268817204
31.09591555555555 972.3106528829297 266322.07324474613 183816.53007060438 28.616666666666667
44.42273655913981 972.3073526612028 183816.53007060438 284514.1373084394 43.776881720430104
92.10189677419353 972.3113805654923 284514.1373084394 595592.6510032329 92.08064516129032
198.32053809523796 972.3238237060401 595592.6510032329 1278369.7237566975 198.19940476190476
329.1585440860216 972.3511347889503 1278369.7237566975 2100867.132080074 326.73387096774195
559.6336044444444 972.3840346852832 2100867.132080074 3567735.1284747133 555.05
389.4029204301075 972.442709405139 3567735.1284747133 2473683.4007411604 386.0268817204301
372.4628666666667 972.3989473360297 2473683.4007411604 2371542.0682671363 369.5388888888889
186.76827741935486 972.3948616827306 2371542.0682671363 1178013.3462311497 183.6478494623656
87.46398924731182 972.3471205338492 1178013.3462311497 540893.0826332552 83.69354838709677
38.60938222222222 972.3216357233052 540893.0826332552 218983.51243742998 33.81666666666667
9.155998924731165 972.3087593404974 218983.51243742998 31256.671520235413 3.8870967741935485
24.990403333333333 972.3012502668607 31256.671520235413 148844.33115952177 22.43888888888889
36.7609516129032 972.3059537732463 148844.33115952177 237799.0675650786 36.12096774193548
109.27603548387094 972.3095119627026 237799.0675650786 707045.785354363 109.19623655913979
206.67153571428528 972.3282818314142 707045.785354363 1332741.7240444203 206.57440476190476
369.78264516129 972.3533096689617 1332741.7240444203 2363318.547163329 367.255376344086
631.6667033333333 972.3945327418866 2363318.547163329 4029211.356294055 626.9277777777778
577.7990795698925 972.4611684542517 4029211.356294055 3683343.2931633573 573.9408602150538
433.6515855555555 972.4473337317265 3683343.2931633573 2761129.531631857 430.9916666666667
214.47175806451617 972.4104451812652 2761129.531631857 1355327.0147190343 211.4005376344086
88.12179784946241 972.3542130805887 1355327.0147190343 540999.7623259203 84.41666666666667
48.033288888888876 972.3216399904929 540999.7623259203 279412.6624827178 43.202777777777776
17.500480645161318 972.3111765064992 279412.6624827178 83750.15481613095 12.220430107526882
32.43547777777778 972.3033500061925 83750.15481613095 194752.7282673893 29.880555555555556
43.5062677419355 972.3077901091307 194752.7282673893 282050.94020111376 42.865591397849464
63.32024838709674 972.311282037608 282050.94020111376 412493.1052202634 63.365591397849464
90.31858214285718 972.3164997242088 412493.1052202634 581078.1390177957 90.4047619047619
151.97894408602147 972.3232431255607 581078.1390177957 961593.5786531055 149.8279569892473
190.94728666666668 972.3384637431461 961593.5786531055 1202224.7279531332 187.23888888888888
117.68365376344084 972.3480889891181 1202224.7279531332 738314.6973969017 114.36559139784946
134.21835666666666 972.3295325878959 738314.6973969017 842974.0022601396 131.41666666666666
51.78454946236559 972.3337189600903 842974.0022601396 313878.530048505 48.56182795698925
9.332446236559143 972.3125551412019 313878.530048505 39968.06917416635 5.524193548387097
4.92346222222222 972.3015987227669 39968.06917416635 6457.487335367259 0.07222222222222222
0.2561032258064486 972.3002582994934 6457.487335367259 -9722716.844959171 0.002688172043010753
24.207340000000002 971.9110913262015 -9722716.844959171 145386.1414469151 18.0
34.190435483871 972.3058154456578 145386.1414469151 219566.00471352017 33.556451612903224
87.17113548387094 972.3087826401885 219566.00471352017 564502.9533274607 87.13709677419355
239.17091071428527 972.322580118133 564502.9533274607 1538081.7080878804 238.93154761904762
362.46819892473155 972.3615232683235 1538081.7080878804 2314382.662933058 360.0403225806452
864.1441122222221 972.3925753065173 2314382.662933058 8240841.646981849 857.1416666666667
1190.7846741935487 972.6350350686242 8240841.646981849 31629279.136288904 1175.1209677419354
901.9698244444444 973.3097563440066 31629279.136288904 9824540.595345853 906.4972222222223
517.7818107526882 972.701022524806 9824540.595345853 3300650.0817674138 516.2903225806451
184.50959569892473 972.4320260032707 3300650.0817674138 1155873.4925840893 181.18010752688173
93.75872333333334 972.3462349397033 1155873.4925840893 573357.544850373 88.98055555555555
43.92724301075266 972.322934301794 573357.544850373 247593.28427250925 38.6505376344086
31.507462222222223 972.3099037313708 247593.28427250925 187079.22604055575 29.019444444444446
44.2187677419355 972.3074831690416 187079.22604055575 281585.560235892 43.575268817204304
148.59746129032283 972.3112634224094 281585.560235892 959647.7580806388 148.44086021505376
260.67124523809525 972.3383859103232 959647.7580806388 1677380.6281944998 260.5386904761905
607.1664150537639 972.3670952251277 1677380.6281944998 3878986.730139453 604.0564516129032
743.513771111111 972.4551594692056 3878986.730139453 4744752.989640701 738.9611111111111
671.1514892473118 972.4897901195857 4744752.989640701 4281199.13456665 667.236559139785
331.08258 972.4712479653826 4281199.13456665 2108757.930804305 328.9916666666667
111.846488172043 972.3843503172321 2108757.930804305 699982.4763226262 108.88709677419355
48.22052688172042 972.3279992990529 699982.4763226262 284054.89089337667 44.416666666666664
25.43174111111111 972.3113621956356 284054.89089337667 138418.03536918398 20.591666666666665
4.9061569892473145 972.3055367214147 138418.03536918398 -821055.2255493163 0.056451612903225805
25.307769999999998 972.267157790978 -821055.2255493163 150101.8722247588 22.427777777777777
34.2812193548387 972.306004074889 150101.8722247588 222583.08288235156 33.64784946236559
53.864122580645144 972.3089033233152 222583.08288235156 347391.1277398419 53.91129032258065
110.21892142857138 972.3138956451096 347391.1277398419 709203.6863493188 110.22619047619048
125.6417677419355 972.328368147454 709203.6863493188 798511.1281785205 123.61559139784946
254.09517111111109 972.3319404451271 798511.1281785205 1611511.574206095 250.09722222222223
313.1688870967742 972.3644604629682 1611511.574206095 1984379.7375869367 309.3279569892473
239.98832999999996 972.3793751895034 1984379.7375869367 1526206.3076146035 237.3138888888889
72.53869784946238 972.3610482523045 1526206.3076146035 443745.57794436655 69.5
11.227433333333323 972.3177498231178 443745.57794436655 47726.85028145645 7.462365591397849
4.743797777777772 972.3019090740112 47726.85028145645 -231533.5757889829 0.019444444444444445
0.9196677419354771 972.2907386569684 -231533.5757889829 -8564517.656409908 0.0
21.18152 971.9574192937434 -8564517.656409908 121179.64491362749 15.422222222222222
35.8049870967742 972.3048471857965 121179.64491362749 227774.6471282733 35.15860215053763
75.79251290322584 972.3091109858851 227774.6471282733 486517.15203062963 75.79032258064517
132.8988357142857 972.3194606860811 486517.15203062963 854243.9342681951 132.9047619047619
183.674987096774 972.3341697573707 854243.9342681951 1167640.5698708158 181.52956989247312
368.4305822222222 972.3467056227948 1167640.5698708158 2339549.0579879675 364.1694444444444
548.820776344086 972.3935819623194 2339549.0579879675 3497878.2710429765 544.4327956989247
426.80624666666665 972.4399151308417 3497878.2710429765 2718082.346020545 424.09722222222223
230.2646451612904 972.4087232938408 2718082.346020545 1453839.1798686401 227.1236559139785
78.59306559139786 972.3581535671947 1453839.1798686401 478845.69802834844 74.95967741935483
32.12038555555556 972.3191538279211 478845.69802834844 175929.52232582698 27.330555555555556
2.342841935483868 972.307037180893 175929.52232582698 -5734191.06649986 0.07258064516129033
22.424570000000003 972.07063235734 -5734191.06649986 128572.40446198106 17.7
35.7034516129032 972.3051428961784 128572.40446198106 229664.89630029726 35.05913978494624
111.55968387096775 972.309186595852 229664.89630029726 717217.9213371399 111.47311827956989
199.11109642857127 972.3286887168534 717217.9213371399 1282209.4323627227 199.03869047619048
309.4179053763445 972.3512883772945 1282209.4323627227 1974981.4848117377 307.0537634408602
607.3687011111111 972.3789992593925 1974981.4848117377 3873566.075763605 602.5666666666667
446.2776935483871 972.4549426430306 3873566.075763605 2841589.122221936 442.81720430107526
412.7776377777778 972.4136635648889 2841589.122221936 2630978.7890569437 409.8611111111111
118.49464408602151 972.4052391515622 2630978.7890569437 742388.9394422293 115.70698924731182
25.872651612903184 972.3296955575777 742388.9394422293 146010.4318385893 22.163978494623656
5.711088888888888 972.3058404172735 146010.4318385893 11898.988570855323 0.8972222222222223
1.0625129032258087 972.3004759595428 11898.988570855323 -8175287.730318744 0.002688172043010753
21.548769999999998 971.9729884907871 -8175287.730318744 126245.54554382648 15.927777777777777
43.3441903225806 972.3050498218217 126245.54554382648 276333.4548179267 42.68010752688172
121.37043870967744 972.3110533381927 276333.4548179267 783386.9306041561 121.27688172043011
197.01362500000027 972.3313354772241 783386.9306041561 1263531.216953388 196.97619047619048
383.5349526881723 972.3505412486782 1263531.216953388 2450620.091891125 380.94086021505376
649.5890955555556 972.3980248036756 2450620.091891125 4138295.820218479 644.8222222222222
700.37305483871 972.4655318328088 4138295.820218479 4465549.105198966 696.1317204301075
595.9549044444444 972.478621964208 4465549.105198966 3800006.8116061697 593.0583333333333
337.42561397849465 972.4520002724643 3800006.8116061697 2145784.122759572 334.31451612903226
108.91188172043013 972.3858313649104 2145784.122759572 676912.1111356299 105.4247311827957
60.23129777777778 972.3270764844453 676912.1111356299 360814.42540792935 55.40277777777778
22.131764516129024 972.3144325770163 360814.42540792935 113639.04936606938 16.862903225806452
24.85585333333333 972.3045455619746 113639.04936606938 149129.89496659575 22.336111111111112
49.1675387096774 972.3059651957986 149129.89496659575 312693.1982576835 48.49731182795699
148.94107741935483 972.3125077279302 312693.1982576835 960721.5484169924 148.79569892473117
217.1424678571433 972.3384288619367 960721.5484169924 1394930.85766757 217.125
620.4465172043012 972.3557972343067 1394930.85766757 3965290.7300796546 617.1908602150538
772.91831 972.4586116292032 3965290.7300796546 4932074.169232336 768.2944444444445
889.3126806451611 972.4972829667693 4932074.169232336 9256882.116041405 882.9005376344086
816.0171922222223 972.6773700881683 9256882.116041405 6341054.8817891255 813.6777777777778
454.8186655913978 972.5558772867412 6341054.8817891255 2892006.8437326704 452.25
178.47771397849462 972.4156802737493 2892006.8437326704 1121726.6448701653 175.01612903225808
99.54394333333332 972.3448690657948 1121726.6448701653 607374.5252542506 94.73055555555555
52.81386451612906 972.3242949810101 607374.5252542506 304566.80304248433 47.513440860215056
39.15207777777778 972.3121826721217 304566.80304248433 235803.99004260343 36.66111111111111
43.7381946236559 972.3094321596017 235803.99004260343 281808.27650409646 43.11290322580645
65.79745483870974 972.3112723310601 281808.27650409646 423400.309512387 65.83870967741936
128.36317142857143 972.3169360123804 423400.309512387 826713.3237064063 128.35416666666666
363.0806354838709 972.3330685329482 826713.3237064063 2313972.8669790043 360.38709677419354
362.7690455555555 972.3925589146792 2313972.8669790043 2304311.431085448 358.96944444444443
801.106570967742 972.3921724572434 2304311.431085448 5691694.757600936 795.5376344086021
424.38285777777776 972.5288206149 5691694.757600936 2701591.1294246623 422.52777777777777
197.60466236559142 972.408063645177 2701591.1294246623 1246955.7168144723 194.56989247311827
75.21184946236562 972.3498782286725 1246955.7168144723 457829.31472092634 71.51344086021506
35.871707777777786 972.3183131725888 457829.31472092634 200675.23172478436 31.058333333333334
5.421019354838705 972.3080270092689 200675.23172478436 6745.856750866942 0.16129032258064516
24.414185555555555 972.30026983427 6745.856750866942 143928.17999845775 21.855555555555554
58.69461935483869 972.3057571271999 143928.17999845775 375146.9003303452 57.99731182795699
178.33703225806485 972.3150058760132 375146.9003303452 1150023.4533113781 178.1451612903226
383.9453821428573 972.3460009381324 1150023.4533113781 2466186.5161272795 383.57142857142856
910.197547311828 972.3986474606451 2466186.5161272795 10188784.69135598 904.510752688172
1352.5819522222223 972.7161993621398 10188784.69135598 54478045.075894356 1325.725
1521.2818806451614 973.7730944543108 54478045.075894356 86836733.9265802 1495.6370967741937
1054.7205055555555 974.234693867455 86836733.9265802 18479902.344815135 1076.2944444444445
614.5166247311828 972.9577750651338 18479902.344815135 3914072.0314105293 615.9112903225806
253.9353806451614 972.4565628812564 3914072.0314105293 1604246.0675432086 250.58064516129033
143.54724222222222 972.3641698427017 1604246.0675432086 891868.6942632897 138.74166666666667
81.85863978494623 972.3356747477704 891868.6942632897 489764.78710389126 76.54569892473118
66.22220888888889 972.3195905914841 489764.78710389126 410045.82369573263 63.71388888888889
54.44084838709675 972.3164018329478 410045.82369573263 345265.3895773254 53.854838709677416
104.8315172043011 972.3138106155831 345265.3895773254 674769.4658234217 104.80376344086021
261.0887392857147 972.3269907786329 674769.4658234217 1675330.4449617383 260.8392857142857
356.7090419354839 972.3670132177984 1675330.4449617383 2278014.292249745 354.3494623655914
513.8177922222222 972.39112057169 2278014.292249745 3271430.0716055282 509.46666666666664
452.10357849462366 972.4308572028642 3271430.0716055282 2873009.2251761 448.4005376344086
305.1453744444445 972.4149203690071 2873009.2251761 1943801.840976381 302.59722222222223
152.78250967741937 972.377752073639 1943801.840976381 958746.6104349549 149.6209677419355
72.06508494623657 972.3383498644174 958746.6104349549 442512.4678340499 68.26881720430107
42.555584444444435 972.3177004987133 442512.4678340499 246284.69881299415 37.708333333333336
12.987920430107529 972.3098513879524 246284.69881299415 51785.39154752594 7.71505376344086
30.143442222222227 972.3020714156619 51785.39154752594 180993.5080956531 27.583333333333332
39.231993548387095 972.3072397403238 180993.5080956531 248683.76183930796 38.5994623655914
90.77723225806454 972.3099473504735 248683.76183930796 582881.7959943431 90.74731182795699
132.18792142857137 972.3233152718398 582881.7959943431 850683.4700506999 132.23511904761904
329.4849903225811 972.334027338802 850683.4700506999 2100872.124636824 326.9005376344086
457.1447377777778 972.3840348849855 2100872.124636824 2906915.56765197 452.9277777777778
593.8809376344086 972.416276622706 2906915.56765197 3786350.9083158486 589.5483870967741
629.8015544444444 972.4514540363326 3786350.9083158486 4017688.645802327 626.5305555555556
381.60125483870974 972.4607075458321 4017688.645802327 2425566.3985169036 378.4193548387097
142.55147526881717 972.3970226559406 2425566.3985169036 894125.0541064675 139.04569892473117
73.17045666666667 972.3357650021642 894125.0541064675 440076.0530591008 68.375
31.330362365591384 972.3176030421223 440076.0530591008 171655.82941305792 26.053763440860216
29.00277222222222 972.3068662331765 171655.82941305792 176154.82510055168 26.491666666666667
41.5590838709677 972.307046193004 176154.82510055168 261935.55522292023 40.91935483870968
93.91364516129033 972.3104774222089 261935.55522292023 608947.7789482472 93.87903225806451
140.71852857142858 972.3243579111579 608947.7789482472 908602.1357047264 140.7529761904762
380.31528279569875 972.3363440854281 908602.1357047264 2427282.2643012037 377.5994623655914
451.93410444444453 972.397091290572 2427282.2643012037 2874452.111146728 447.8611111111111
639.5584311827956 972.4149780844458 2874452.111146728 4076240.1343736923 635.0564516129032
520.9079777777779 972.463049605375 4076240.1343736923 3324397.0449401257 518.1083333333333
308.6654397849462 972.4329758817976 3324397.0449401257 1956715.9371790863 305.47849462365593
122.14183010752686 972.3782686374872 1956715.9371790863 757701.6862867995 118.53763440860214
61.76426888888889 972.3303080674515 757701.6862867995 369307.7602048206 56.96111111111111
26.173946236559104 972.3147723104081 369307.7602048206 137402.52778456168 20.892473118279568
27.445282222222225 972.3054961011113 137402.52778456168 161695.23332937676 24.927777777777777
42.916419354838695 972.3064678093332 161695.23332937676 275082.6269955936 42.266129032258064
91.70842258064513 972.3110033050798 275082.6269955936 590654.5338269972 91.68548387096774
142.8351571428573 972.323626181353 590654.5338269972 920700.4115785429 142.85714285714286
285.29448924731184 972.3368280164631 920700.4115785429 1819528.733859405 282.8682795698925
372.7432577777778 972.3727811493543 1819528.733859405 2370624.618955969 368.71666666666664
310.14177311827956 972.3948249847582 2370624.618955969 1965987.2717775009 306.5940860215054
207.25203333333334 972.378639490871 1965987.2717775009 1312714.0500780987 204.68055555555554
77.01168709677415 972.3525085620031 1312714.0500780987 476330.3205134952 73.8763440860215
21.72440107526883 972.3190532128204 476330.3205134952 116107.35469100272 17.932795698924732
6.357225555555559 972.3046442941876 116107.35469100272 12838.763981528919 1.5305555555555554
3.116970967741942 972.3005135505592 12838.763981528919 -4242817.91484079 0.005376344086021506
23.91431 972.1302872834062 -4242817.91484079 142925.961624394 19.738888888888887
42.8782419354839 972.3057170384649 142925.961624394 276490.4857856948 42.22043010752688
