412.8037634408602
256.91964285714283
256.7903225806452
257.93055555555554
487.0
487.0
487.0
364.01881720430106
184.52777777777777
109.89247311827957
99.36111111111111
96.15591397849462
176.61290322580646
364.7916666666667
394.3494623655914
487.0
487.0
418.7361111111111
206.0483870967742
103.0241935483871
70.97222222222223
34.34139784946237
35.486111111111114
48.07795698924731
84.87096774193549
216.8125
460.64516129032256
487.0
487.0
487.0
322.80913978494624
116.76075268817205
70.97222222222223
34.34139784946237
35.486111111111114
48.07795698924731
91.8736559139785
291.5
373.43548387096774
487.0
487.0
487.0
350.28225806451616
144.23387096774192
78.06944444444444
41.20967741935484
28.38888888888889
48.07795698924731
92.08333333333333
196.67261904761904
324.76612903225805
487.0
384.7741935483871
369.05555555555554
185.44354838709677
82.41935483870968
35.486111111111114
0.0
28.38888888888889
34.34139784946237
106.04838709677419
205.35714285714286
375.21774193548384
487.0
487.0
432.93055555555554
212.91666666666666
82.41935483870968
42.583333333333336
13.736559139784946
28.38888888888889
48.07795698924731
63.62903225806452
92.86607142857143
143.0241935483871
185.06944444444446
116.80645161290323
134.84722222222223
48.07795698924731
6.868279569892473
0.0
0.0
14.194444444444445
34.34139784946237
84.93548387096774
243.0
357.1693548387097
487.0
487.0
487.0
487.0
178.5752688172043
92.26388888888889
41.20967741935484
28.38888888888889
41.20967741935484
148.46774193548387
258.5565476190476
487.0
487.0
487.0
326.47222222222223
109.89247311827957
48.07795698924731
21.291666666666668
0.0
21.291666666666668
34.34139784946237
49.45161290322581
111.80059523809524
126.61021505376344
244.29166666666666
309.19354838709677
241.30555555555554
68.68279569892474
6.868279569892473
0.0
0.0
14.194444444444445
34.34139784946237
77.62096774193549
134.64285714285714
184.63709677419354
360.96666666666664
487.0
425.8333333333333
226.65322580645162
75.5510752688172
28.38888888888889
0.0
14.194444444444445
34.34139784946237
112.94623655913979
197.23809523809524
310.48387096774195
487.0
446.61290322580646
404.5416666666667
116.76075268817205
27.473118279569892
0.0
0.0
14.194444444444445
41.20967741935484
120.23387096774194
201.36904761904762
378.6774193548387
487.0
487.0
487.0
336.5456989247312
103.0241935483871
56.77777777777778
13.736559139784946
28.38888888888889
48.07795698924731
148.5241935483871
217.0625
487.0
487.0
487.0
487.0
453.30645161290323
171.70698924731184
99.36111111111111
48.07795698924731
35.486111111111114
41.20967741935484
63.67741935483871
133.28869047619048
354.48387096774195
361.375
487.0
418.9
199.18010752688173
68.68279569892474
35.486111111111114
0.0
21.291666666666668
54.946236559139784
176.747311827957
387.23809523809524
487.0
487.0
487.0
487.0
487.0
247.25806451612902
141.94444444444446
75.5510752688172
63.875
54.946236559139784
106.29032258064517
261.01190476190476
356.9704301075269
487.0
446.7876344086022
305.18055555555554
151.1021505376344
68.68279569892474
35.486111111111114
6.868279569892473
28.38888888888889
41.20967741935484
91.94354838709677
133.5595238095238
326.4731182795699
444.3333333333333
487.0
487.0
384.6236559139785
137.36559139784947
70.97222222222223
20.60483870967742
28.38888888888889
41.20967741935484
92.01344086021506
143.33333333333334
377.13978494623655
451.56944444444446
487.0
487.0
302.2043010752688
123.62903225806451
56.77777777777778
20.60483870967742
21.291666666666668
41.20967741935484
91.90860215053763
143.58333333333334
290.88709677419354
361.9194444444444
309.19354838709677
205.81944444444446
68.68279569892474
20.60483870967742
0.0
0.0
21.291666666666668
41.20967741935484
