1318.0
1417.0
1600.0
1692.0
1716.0
1719.0
1713.0
1710.0
1708.0
1715.0
1705.0
1689.0
1448.0
1524.0
1626.0
1659.0
1680.0
1656.0
1641.0
1665.0
1596.0
1586.0
1547.0
1559.0
0.0
742.0
1596.0
1693.0
1688.0
1676.0
1646.0
1655.0
1609.0
1585.0
1560.0
1611.0
0.0
1016.0
1656.0
1727.0
1730.0
1729.0
1726.0
1718.0
1704.0
1709.0
1711.0
1699.0
1653.0
1715.0
1725.0
2260
2260
1773.9472222222223
1732.0
1731.0
1729.0
1727.0
1724.0
1719.0
1540.0
1538.0
1583.0
1616.0
1665.0
1628.0
1620.0
1619.0
1644.0
1653.0
1605.0
1626.0
812.0
901.0
692.0
1100.0
1251.0
1254.0
1292.0
1091.0
1229.0
1116.0
1224.0
1271.0
0.0
782.0
1259.0
1657.0
1726.0
1711.0
1691.0
1680.0
1681.0
1673.0
1670.0
1682.0
1084.0
1366.0
1646.0
1709.0
1705.0
1684.0
1671.0
1669.0
1605.0
1567.0
1532.0
1509.0
0.0
321.0
978.0
1089.0
1347.0
1154.0
1136.0
1210.0
1129.0
1322.0
1355.0
1281.0
0.0
0.0
168.0
878.0
759.0
948.0
859.0
1130.0
1230.0
1078.0
1157.0
1389.0
0.0
0.0
1157.0
645.0
1078.0
1177.0
1305.0
1055.0
1123.0
1431.0
1227.0
1298.0
0.0
1126.0
1331.0
1669.0
1658.0
1640.0
1550.0
1589.0
1577.0
1563.0
1609.0
1628.0
1077.0
1361.0
1631.0
1714.0
1723.0
1724.0
1714.0
1686.0
1694.0
1676.0
1674.0
1701.0
1231.0
1352.0
1457.0
1589.0
1666.0
1647.0
1618.0
1629.0
1556.0
1599.0
1598.0
1642.0
590.0
1332.0
1629.0
1724.0
1725.0
1724.0
1717.0
1712.0
1716.0
1712.0
1705.0
1709.0
1592.0
1650.0
1725.0
1710.0
1725.0
1721.0
1722.0
1715.0
1716.0
1714.0
1713.0
1708.0
1453.0
1576.0
1603.0
1680.0
1709.0
1716.0
1701.0
1694.0
1681.0
1688.0
1696.0
1699.0
1485.0
1529.0
1479.0
1715.0
1727.0
1720.0
1710.0
1702.0
1701.0
1695.0
1697.0
1709.0
1463.0
1625.0
1695.0
1727.0
1715.0
1712.0
1717.0
1700.0
1689.0
1674.0
1670.0
1654.0
