1079.5806451612902
0.0
0.0
609.0
1136.0
1253.0
1238.0
1239.0
1235.0
1150.741935483871
855.7
673.0
763.2903225806451
0.0
1066.0
194.0
991.0
1204.0
1245.0
1240.0
1176.2666666666667
811.258064516129
534.4
436.1290322580645
458.93548387096774
318.0
0.0
217.0
970.0
1205.0
1244.0
1242.0
1233.4666666666667
947.1935483870968
626.9333333333333
509.8709677419355
538.7096774193549
662.4642857142857
237.0
312.0
1304.0
1249.0
1262.0
1245.0
1232.0
1131.0
743.0
566.0
1786.232
898.0
364.0
1208.0
1200.0
1312.0
1306.0
1274.8064516129032
907.5333333333333
582.483870967742
375.5
314.4193548387097
371.48387096774195
472.92857142857144
0.0
436.0
1217.0
1227.0
1248.0
1247.0
1092.6333333333334
700.5806451612904
453.46666666666664
395.48387096774195
463.48387096774195
565.3928571428571
672.0
747.9333333333333
775.0322580645161
727.0
599.1935483870968
447.7096774193548
303.8333333333333
171.67741935483872
94.03333333333333
122.41935483870968
226.93548387096774
367.07142857142856
0.0
297.0
966.0
1257.0
1246.0
1240.0
1236.0
1138.8709677419354
785.0
580.8709677419355
545.258064516129
0.0
0.0
443.0
971.0
1204.0
1237.0
1042.0645161290322
678.2666666666667
406.06451612903226
234.53333333333333
195.51612903225808
247.32258064516128
329.14285714285717
365.0
629.8
780.3548387096774
729.9333333333333
548.0645161290323
379.51612903225805
233.7
104.90322580645162
27.733333333333334
57.70967741935484
164.25806451612902
282.60714285714283
393.0967741935484
487.2
572.516129032258
563.3
448.5806451612903
319.93548387096774
197.83333333333334
83.19354838709677
13.8
45.354838709677416
158.90322580645162
321.39285714285717
507.38709677419354
700.3333333333334
910.3548387096774
1011.0666666666667
882.741935483871
643.0967741935484
426.8333333333333
249.25806451612902
138.83333333333334
141.96774193548387
259.5806451612903
451.67857142857144
146.0
1034.0
1111.0
1274.0
1244.0
1247.0
1242.0
1201.0
1045.0
1000.9354838709676
861.0
850.8214285714286
0.0
506.0
1050.0
1238.0
1243.0
1242.0
1237.0
1149.0
812.0
886.0
1309.9032258064517
1095.857142857143
285.0
1167.0
1143.0
1263.0
1276.0
1284.0
1291.0
1060.5483870967741
666.3666666666667
489.4516129032258
500.6774193548388
258.0
0.0
1151.0
957.0
1214.0
1240.0
1244.0
1231.0
1108.0
651.0
505.0
2040
1538.9642857142858
33.0
609.0
1177.0
1310.0
1376.0
1417.0
1411.0
1150.8064516129032
744.1666666666666
551.6129032258065
528.1612903225806
619.75
317.0
684.0
1170.0
1241.0
1278.0
1246.0
1258.0
1150.0
1052.0
840.0
1025.0645161290322
970.75
1085.774193548387
954.0
1111.0
1334.0
1295.0
1261.0
1270.0
1285.0
1014.0
1102.0
1741.4776774193547
1002.0
559.0
1205.0
1648.128
1557.7666666666667
1275.774193548387
935.6774193548387
644.8333333333334
404.61290322580646
242.36666666666667
224.29032258064515
