2260
2260
2260
2260
2240.0
2194.0
2193.0
2193.0
1705.513888888889
385.7016129032258
375.7055555555556
892.6155913978495
2049.314516129032
2260
2260
1482.2222222222222
594.5698924731183
438.40277777777777
373.1801075268817
348.1532258064516
282.64444444444445
273.7795698924731
314.6166666666667
459.1290322580645
1635.8602150537633
2260
2260
1799.7
663.4435483870968
427.0444444444444
355.255376344086
342.6720430107527
325.46666666666664
256.73118279569894
310.625
408.76881720430106
2208.4059139784945
2260
2260
2260
823.5618279569892
513.7861111111112
686.0403225806451
775.3870967741935
419.9583333333333
225.5779569892473
279.25555555555553
1582.1639784946237
2260
2260
2260
2260
1514.0994623655913
309.86944444444447
245.5241935483871
246.08602150537635
389.47222222222223
261.55645161290323
299.69444444444446
356.10215053763443
2049.319892473118
2260
2260
1359.0444444444445
645.0430107526881
630.0138888888889
521.986559139785
424.8440860215054
401.52222222222224
325.96505376344084
368.9277777777778
544.8387096774194
1632.3521505376343
2193.4523809523807
2203.6075268817203
2260
545.4543010752689
218.70277777777778
279.63978494623655
244.90591397849462
317.40555555555557
230.5241935483871
287.2527777777778
1527.4005376344087
2260
2260
2260
2260
2075.6559139784945
568.8527777777778
544.0456989247311
467.59139784946234
402.1138888888889
337.0241935483871
338.8
749.752688172043
2260
2260
2260
1813.7083333333333
774.5268817204301
554.7472222222223
452.4758064516129
339.21774193548384
309.6361111111111
252.7983870967742
281.56388888888887
348.7903225806452
1007.5994623655914
2260
2260
1372.475
583.4543010752689
186.67222222222222
231.44086021505376
236.98924731182797
230.4388888888889
242.69892473118279
307.9222222222222
422.39247311827955
1077.9381720430108
2260
2260
2074.411111111111
790.3602150537635
257.65
233.79032258064515
232.3252688172043
241.43055555555554
238.04569892473117
291.18888888888887
444.6532258064516
1530.4408602150538
2260
2260
1744.1138888888888
619.6451612903226
192.7277777777778
215.8494623655914
203.88172043010752
211.975
234.61827956989248
278.50555555555553
1108.978494623656
2260
2260
2260
2087.1027777777776
734.4704301075269
317.68333333333334
276.7096774193548
255.58870967741936
244.73333333333332
237.80913978494624
291.93055555555554
411.71505376344084
1923.72311827957
2260
2260
2260
922.4408602150538
1599.3694444444445
1305.6747311827958
695.8118279569892
424.1222222222222
307.8790322580645
324.3027777777778
385.1801075268817
904.7741935483871
2260
2260
1297.6
1178.236559139785
1796.1694444444445
1027.0564516129032
444.991935483871
250.375
239.41129032258064
284.7583333333333
766.2150537634409
2064.819892473118
2260
2260
2260
2194.0
2193.0
2193.0
2193.0
2193.0
1259.758064516129
323.64166666666665
470.4139784946237
2038.0564516129032
2260
2260
2260
713.9811827956989
680.3388888888888
485.0698924731183
432.05645161290323
402.2916666666667
252.03494623655914
413.4527777777778
559.1881720430108
1424.771505376344
2260
2260
2260
1237.5994623655913
2158.8972222222224
2193.0
998.7016129032259
495.74444444444447
267.63709677419354
414.2944444444444
651.1586021505376
1734.024193548387
2260
2260
2260
2258.0
2194.0
2193.0
2193.0
1072.6638888888888
257.51881720430106
289.35833333333335
815.516129032258
2260
2260
2260
1901.9694444444444
540.239247311828
146.09722222222223
195.75537634408602
190.33602150537635
212.76388888888889
213.26344086021504
411.4916666666667
651.1586021505376
