40.0
49.43452380952381
612
612
612
389.0388888888889
260.46774193548384
265.0
268.0
297.0
433.0
612
40.0
40.0
315.0
40.0
155.09408602150538
180.13888888888889
265.0
265.0
268.0
302.0
438.0
492.0
40.0
40.0
315.0
124.20555555555555
339.991935483871
182.75833333333333
264.0
266.0
268.0
301.0
392.0
497.0
40.0
40.0
315.0
40.0
266.7930107526882
211.71944444444443
276.0
268.0
271.0
339.0
584.0
555.6505376344086
164.86559139784947
40.0
315.0
40.0
40.0
242.0
294.0
313.0
339.0
172.51612903225808
40.0
40.0
40.0
40.0
315.0
40.0
40.0
195.0
264.0
269.0
278.0
311.0
412.0
218.33870967741936
121.68548387096774
40.0
127.0
40.0
268.0
125.19722222222222
40.08064516129032
40.0
40.0
40.0
40.0
40.0
107.97043010752688
40.0
315.0
240.85
528.5779569892474
229.775
264.0
265.0
268.0
299.0
410.0
481.0
40.0
40.0
315.0
52.791666666666664
135.97043010752688
184.0
258.0
266.0
268.0
294.0
383.0
431.0
40.0
40.0
315.0
40.0
80.0
289.0
328.0
148.11559139784947
40.0
40.0
40.0
40.0
69.83602150537635
40.0
315.0
40.0
40.0
219.0
284.0
307.0
330.0
205.17741935483872
40.0
40.0
247.19892473118279
40.0
315.0
40.0
40.0
219.0
288.0
294.0
347.0
120.34946236559139
40.0
40.0
131.2258064516129
40.0
315.0
40.0
40.0
256.0
265.0
269.0
270.0
300.0
409.0
467.03225806451616
199.56989247311827
40.0
315.0
40.0
442.43279569892474
210.59722222222223
263.0
266.0
269.0
323.0
532.0
560.0
165.0
40.0
315.0
40.0
40.0
206.0
280.0
288.0
295.0
327.0
253.13333333333333
109.51344086021506
40.0
40.0
612
612
612
274.25555555555553
260.03225806451616
267.0
271.0
348.0
612
612
225.61559139784947
40.0
315.0
40.0
40.0
231.0
333.0
355.0
301.03055555555557
40.01075268817204
40.0
40.0
40.0
40.0
315.0
40.0
40.0
185.0
283.0
268.0
281.0
335.0
481.0
230.04301075268816
227.00537634408602
40.0
315.0
40.0
40.0
248.0
292.0
276.0
288.0
381.0
236.74444444444444
59.844086021505376
219.68548387096774
40.0
315.0
40.0
228.0
414.0
63.865591397849464
40.04838709677419
40.0
40.0
40.0
40.0
