0.0
2260
2260
0.0
0.0
0.0
0.0
0.0
0.0
0.0
0.0
0.0
0.0
2260
2260
0.0
0.0
0.0
0.0
0.0
0.0
0.0
0.0
0.0
0.0
2260
2260
0.0
0.0
0.0
0.0
0.0
0.0
0.0
0.0
0.0
0.0
2260
2260
0.0
0.0
0.0
0.0
0.0
0.0
0.0
0.0
0.0
1839.217741935484
2260
2260
2260
1787.3548387096773
603.4694444444444
151.27956989247312
24.134408602150536
87.43888888888888
22.948924731182796
12.65
106.65053763440861
1014.4543010752689
2260
2260
0.0
0.0
0.0
0.0
0.0
0.0
0.0
0.0
0.0
0.0
2260
2260
0.0
0.0
0.0
0.0
0.0
0.0
0.0
0.0
0.0
0.0
2260
2260
0.0
0.0
0.0
0.0
0.0
0.0
0.0
0.0
0.0
61.475806451612904
2260
2260
0.0
38.005376344086024
369.4222222222222
160.9516129032258
33.51075268817204
23.997222222222224
2.2983870967741935
0.0
87.68548387096774
515.005376344086
2260
2260
0.0
0.0
0.0
0.0
0.0
0.0
0.0
0.0
0.0
0.0
2260
2260
0.0
0.0
0.0
0.0
0.0
0.0
0.0
0.0
0.0
0.0
2260
2260
0.0
0.0
0.0
0.0
0.0
0.0
0.0
0.0
0.0
0.0
2260
2260
0.0
0.0
0.0
0.0
0.0
0.0
0.0
0.0
0.0
0.0
2260
2260
0.0
0.0
0.0
0.0
0.0
0.0
0.0
0.0
0.0
0.0
2260
2260
0.0
0.0
0.0
0.0
0.0
0.0
0.0
0.0
0.0
0.0
2260
2260
512.3138888888889
1720.465053763441
1350.7944444444445
842.994623655914
434.73387096774195
260.1666666666667
123.70698924731182
78.39444444444445
148.7983870967742
954.3575268817204
2260
2260
1603.7583333333334
937.1935483870968
516.3916666666667
325.98924731182797
188.3252688172043
143.30833333333334
29.766129032258064
102.95
288.0994623655914
1069.1532258064517
2260
2260
0.0
0.0
0.0
85.79838709677419
253.36827956989248
181.6
45.11021505376344
110.89166666666667
361.78225806451616
1147.8978494623657
2260
2260
296.9888888888889
957.8172043010753
744.9388888888889
314.18548387096774
62.38978494623656
108.44722222222222
37.85752688172043
14.302777777777777
430.89784946236557
1412.774193548387
2260
2260
2094.8611111111113
535.3924731182796
146.89444444444445
8.637096774193548
0.0
0.0
0.0
0.0
160.2768817204301
