1031.0
487.0
645.0
973.0
983.0
985.0
989.0
988.0
989.0
982.3870967741935
787.3666666666667
673.9354838709677
714.9677419354839
803.5
935.258064516129
975.0
985.0
890.0
986.0
987.0
934.2666666666667
637.741935483871
414.73333333333335
355.83870967741933
405.93548387096774
508.1428571428572
685.258064516129
923.2333333333333
982.0
967.0
986.0
985.0
964.2
686.258064516129
450.53333333333336
392.80645161290323
462.03225806451616
610.9642857142857
929.516129032258
984.0
980.0
986.0
909.0
987.0
987.0
988.0
988.0
986.0
951.0
979.0
977.0
972.0
977.0
980.0
983.0
979.0
983.0
870.0322580645161
564.7333333333333
434.2903225806452
447.80645161290323
555.6785714285714
845.2903225806451
971.0
979.0
976.0
977.0
983.0
928.7333333333333
612.516129032258
388.6
350.5483870967742
433.4516129032258
544.7857142857143
657.0322580645161
736.1333333333333
764.516129032258
716.0333333333333
584.5806451612904
426.64516129032256
276.23333333333335
140.25806451612902
64.96666666666667
100.41935483870968
211.51612903225808
355.7857142857143
560.1935483870968
894.8333333333334
987.0
987.0
983.0
987.0
987.0
979.5483870967741
737.9333333333333
547.2903225806451
522.3870967741935
602.0
799.6774193548387
979.7666666666667
978.0
971.0
832.2258064516129
564.9032258064516
353.06666666666666
180.90322580645162
79.3
91.16129032258064
178.38709677419354
282.32142857142856
400.03225806451616
582.8
747.5483870967741
704.0333333333333
522.2903225806451
349.2258064516129
197.3
64.83870967741936
0.8
29.193548387096776
141.5483870967742
266.32142857142856
380.7741935483871
476.76666666666665
562.6451612903226
552.4333333333333
432.9032258064516
296.48387096774195
166.16666666666666
46.61290322580645
0.0
17.903225806451612
133.3548387096774
303.35714285714283
494.2258064516129
690.0333333333333
897.5483870967741
946.0
883.1935483870968
642.3225806451613
412.03333333333336
225.58064516129033
114.33333333333333
122.70967741935483
245.93548387096774
441.64285714285717
832.0967741935484
971.0
983.0
972.0
981.0
976.0
982.0
977.0
979.0
981.0
853.0
962.0
976.0
964.0
987.0
895.0
986.0
988.0
987.0
985.0
986.0
987.0
961.0
926.0
942.0
971.0
977.0
987.0
986.0
987.0
987.0
986.0
983.0
864.4193548387096
741.483870967742
788.6428571428571
951.1290322580645
986.0
987.0
987.0
988.0
988.0
983.0
988.0
988.0
987.0
950.0
975.0
981.0
973.0
986.0
981.0
986.0
983.0
983.0
983.0
984.0
988.0
915.8387096774194
877.0357142857143
937.258064516129
959.0
977.0
983.0
986.0
985.0
987.0
985.0
985.0
987.0
957.0
956.0
941.0
976.0
985.0
981.0
986.0
985.0
987.0
988.0
987.0
988.0
973.0
959.0
967.0
969.0
977.0
979.0
973.0
972.0
973.0
976.0
979.0
980.0
