0.0
2260
2260
0.0
0.0
0.0
0.0
0.0
0.0
279.241935483871
463.68333333333334
900.8655913978495
1628.967741935484
2260
2260
0.0
0.0
0.0
187.58870967741936
737.1155913978495
569.2833333333333
374.5779569892473
299.68611111111113
427.06182795698925
952.6048387096774
2260
2260
0.0
5.091397849462366
1396.6972222222223
1465.6048387096773
975.5322580645161
645.1861111111111
412.81451612903226
324.56666666666666
423.52150537634407
1206.4166666666667
2260
2260
343.6277777777778
2182.6209677419356
2019.2194444444444
1690.534946236559
1436.6129032258063
1335.4833333333333
1312.6693548387098
1221.2527777777777
1921.731182795699
2260
2260
2260
0.0
414.8010752688172
1207.6333333333334
846.3387096774194
559.1102150537635
455.8888888888889
236.66666666666666
171.46666666666667
262.33870967741933
954.5241935483871
2260
2260
0.0
0.0
0.0
164.49193548387098
836.752688172043
649.7555555555556
381.44086021505376
298.8861111111111
479.2043010752688
936.5860215053764
2260
2260
0.0
0.0
0.0
0.0
0.0
0.0
0.0
0.0
0.0
482.6317204301075
2260
2260
514.3805555555556
2260
2260
2018.5510752688172
1496.9462365591398
1000.8222222222222
635.6021505376344
435.31111111111113
691.5241935483871
1434.4139784946237
2260
2260
0.0
0.0
705.1194444444444
819.1397849462365
485.2768817204301
292.0416666666667
109.83602150537635
70.40277777777777
168.8494623655914
353.93817204301075
2260
2260
0.0
0.0
0.0
0.0
0.0
0.0
0.0
0.0
0.0
0.0
2260
2260
0.0
0.0
0.0
0.0
0.0
0.0
0.0
0.0
0.0
0.0
2260
2260
0.0
0.0
0.0
0.0
0.0
0.0
0.0
0.0
0.0
193.0241935483871
2260
2260
0.0
504.36559139784947
1848.2805555555556
1656.4059139784947
1391.2043010752689
1229.3555555555556
895.0456989247311
635.9416666666667
607.0618279569892
1421.6854838709678
2260
2260
0.0
981.9112903225806
2212.5694444444443
1869.0752688172042
1526.532258064516
1292.7805555555556
919.1209677419355
647.4277777777778
578.3655913978495
654.6774193548387
2260
2260
0.0
0.0
0.0
0.0
408.1774193548387
707.3027777777778
445.31720430107526
319.00555555555553
649.5752688172043
1469.9139784946237
2260
2260
113.9
2260
2260
2210.212365591398
1750.6639784946237
1571.4694444444444
1365.258064516129
1054.9666666666667
883.1424731182796
1291.5564516129032
2260
2260
0.0
0.0
122.79444444444445
1284.717741935484
1153.8091397849462
826.3861111111111
464.3709677419355
405.7638888888889
543.4650537634409
1049.5887096774193
2260
2260
0.0
0.0
404.40555555555557
1728.3978494623657
1602.3440860215053
1469.6861111111111
1071.0564516129032
836.1833333333333
896.766129032258
1318.1827956989248
2260
2260
0.0
0.0
458.52777777777777
1505.6048387096773
1368.4059139784947
1418.5722222222223
1369.497311827957
1297.3916666666667
1454.4408602150538
1925.4543010752689
2260
2260
0.0
0.0
0.0
230.33602150537635
546.1236559139785
375.7972222222222
215.97043010752688
267.98333333333335
523.6424731182796
