252
252
252
252
252
252
252
252
217.51944444444445
148.81451612903226
122.26388888888889
113.95430107526882
184.43548387096774
252
252
252
252
252
244.38440860215053
141.03763440860214
108.73333333333333
80.61827956989248
51.36944444444445
65.2258064516129
97.03763440860214
220.04166666666666
252
252
252
252
252
159.33064516129033
112.34722222222223
76.47043010752688
54.21944444444444
63.793010752688176
100.65860215053763
252
252
252
252
252
252
183.4516129032258
120.59444444444445
80.69086021505376
48.65
59.78225806451613
103.09408602150538
201.2202380952381
252
252
252
252
220.58333333333334
124.63440860215054
74.75
43.82258064516129
42.47222222222222
52.12903225806452
120.20698924731182
209.5952380952381
252
252
252
252
247.33602150537635
125.35215053763442
83.14444444444445
53.1505376344086
49.91388888888889
58.873655913978496
73.37903225806451
93.42261904761905
158.80645161290323
207.19166666666666
147.30107526881721
163.38888888888889
88.5
46.473118279569896
41.00833333333333
35.873655913978496
41.672222222222224
49.56182795698925
98.15053763440861
241.95238095238096
252
252
252
252
252
219.0994623655914
128.91666666666666
78.58064516129032
49.05277777777778
59.58064516129032
158.45698924731184
252
252
252
252
252
146.81989247311827
85.35752688172043
60.53333333333333
40.553763440860216
42.78055555555556
49.653225806451616
63.924731182795696
113.24404761904762
133.59408602150538
252
252
252
108.43279569892474
49.403225806451616
40.83611111111111
35.54032258064516
38.65277777777778
51.166666666666664
86.8010752688172
135.92857142857142
190.50806451612902
252
252
252
252
115.89784946236558
67.26944444444445
38.016129032258064
39.9
51.06720430107527
122.48387096774194
202.0625
252
252
252
252
154.63440860215053
64.10483870967742
41.83611111111111
36.67741935483871
39.025
58.685483870967744
132.29032258064515
199.9970238095238
252
252
252
252
252
145.3548387096774
95.34166666666667
57.79032258064516
42.37222222222222
64.50268817204301
158.81182795698925
220.14285714285714
252
252
252
252
252
213.94354838709677
134.66666666666666
88.44086021505376
57.69166666666667
59.123655913978496
75.85215053763442
131.375
252
252
252
252
230.50806451612902
112.4489247311828
71.0
40.094086021505376
41.88611111111111
74.00537634408602
188.16129032258064
252
252
252
252
252
252
252
177.67222222222222
116.47311827956989
83.75
69.86021505376344
115.81720430107526
252
252
252
252
252
186.56182795698925
109.20967741935483
78.64444444444445
48.64247311827957
47.61944444444445
54.604838709677416
101.76075268817205
135.25595238095238
252
252
252
252
252
177.9784946236559
108.30833333333334
66.98118279569893
46.52777777777778
56.924731182795696
104.89247311827957
143.77380952380952
252
252
252
252
252
158.47043010752688
97.89722222222223
60.825268817204304
44.96111111111111
58.27150537634409
102.6989247311828
145.8779761904762
252
252
252
235.6472222222222
112.81720430107526
58.876344086021504
41.46944444444444
38.725806451612904
41.38611111111111
58.22849462365591
