252
250.60416666666666
252
252
252
252
252
252
252
234.05107526881721
252
252
252
183.0
252
147.10833333333332
252
252
233.67741935483872
230.50537634408602
238.16944444444445
223.8494623655914
239.2
252
252
209.0
252
252
252
252
252
229.74193548387098
237.39166666666668
222.8548387096774
244.65277777777777
252
252
188.0
252
215.76111111111112
252
252
252
230.71236559139786
237.01944444444445
222.29569892473117
240.26388888888889
252
252
116.0
252
157.80555555555554
252
56.99166666666667
220.5752688172043
219.90322580645162
230.36111111111111
217.11021505376345
235.26111111111112
249.08064516129033
252
252
252
164.09722222222223
252
56.56388888888889
220.58333333333334
221.83064516129033
232.9138888888889
219.99193548387098
242.67222222222222
252
252
252
130.04301075268816
72.44166666666666
127.75806451612904
36.05
215.5
213.49462365591398
224.66944444444445
118.45967741935483
31.905555555555555
41.55913978494624
92.14516129032258
239.94345238095238
252
252
252
252
252
231.70967741935485
236.82777777777778
221.41129032258064
241.33055555555555
252
252
180.0
252
202.11944444444444
252
252
215.94354838709677
218.3494623655914
229.12222222222223
216.15860215053763
235.58333333333334
246.60752688172042
252
252
183.07258064516128
102.58055555555555
252
37.22222222222222
217.45967741935485
213.9811827956989
228.6027777777778
217.24193548387098
90.23611111111111
43.30913978494624
80.79569892473118
133.91666666666666
228.41129032258064
151.38055555555556
252
116.64166666666667
231.25806451612902
221.61290322580646
230.89166666666668
216.56182795698925
240.68333333333334
83.30645161290323
116.5725806451613
200.05059523809524
252
151.97222222222223
252
87.57222222222222
227.6209677419355
216.90860215053763
227.42777777777778
214.3951612903226
232.82777777777778
99.85215053763442
126.40053763440861
197.98511904761904
252
199.36944444444444
252
61.175
228.34139784946237
225.04569892473117
233.11666666666667
217.13440860215053
236.075
252
252
201.0
252
252
252
252
252
233.71505376344086
239.75555555555556
222.75537634408602
240.2
252
252
131.0
252
248.9777777777778
252
61.43888888888889
222.66935483870967
219.53225806451613
231.07222222222222
214.65860215053763
234.68333333333334
252
252
141.0
252
252
252
252
252
252
243.99166666666667
225.6236559139785
250.13611111111112
252
252
40.0
252
169.55833333333334
252
88.80555555555556
220.79301075268816
221.18010752688173
231.4611111111111
217.67741935483872
240.38333333333333
251.55913978494624
252
220.0
252
237.92222222222222
252
71.14166666666667
228.51075268817203
226.497311827957
235.025
219.23924731182797
239.15277777777777
252
252
168.0
252.0
252
252
65.45833333333333
226.81451612903226
224.66129032258064
232.95277777777778
219.2231182795699
237.65
252
252
35.0
252
134.03055555555557
252
38.922222222222224
204.68548387096774
212.8709677419355
225.00833333333333
215.43817204301075
234.19444444444446
252
