274.8252688172043
410.1041666666667
334.5698924731183
308.68055555555554
310.6720430107527
487.0
487.0
310.6720430107527
308.68055555555554
334.5698924731183
234.59722222222223
262.8763440860215
262.8763440860215
357.1875
382.36559139784947
321.02777777777777
322.6209677419355
333.375
358.46774193548384
250.92741935483872
222.25
215.08064516129033
209.90277777777777
227.02956989247312
250.92741935483872
317.5
346.51881720430106
333.375
322.6209677419355
333.375
298.7231182795699
322.6209677419355
296.3333333333333
203.13172043010752
222.25
227.02956989247312
238.9784946236559
370.4166666666667
370.4166666666667
308.68055555555554
298.7231182795699
308.68055555555554
310.6720430107527
310.6720430107527
259.2916666666667
203.13172043010752
209.90277777777777
215.08064516129033
250.92741935483872
317.5
310.6720430107527
296.3333333333333
310.6720430107527
296.3333333333333
215.08064516129033
203.13172043010752
209.90277777777777
191.18279569892474
197.55555555555554
191.18279569892474
262.8763440860215
357.1875
286.7741935483871
345.72222222222223
322.6209677419355
283.9861111111111
227.02956989247312
203.13172043010752
209.90277777777777
179.23387096774192
172.86111111111111
179.23387096774192
119.48924731182795
238.125
191.18279569892474
271.6388888888889
286.7741935483871
172.86111111111111
191.18279569892474
155.33602150537635
160.51388888888889
179.23387096774192
98.77777777777777
47.795698924731184
95.59139784946237
251.35416666666666
334.5698924731183
308.68055555555554
298.7231182795699
308.68055555555554
298.7231182795699
310.6720430107527
271.6388888888889
203.13172043010752
209.90277777777777
215.08064516129033
286.7741935483871
330.7291666666667
346.51881720430106
308.68055555555554
298.7231182795699
308.68055555555554
298.7231182795699
262.8763440860215
209.90277777777777
191.18279569892474
197.55555555555554
203.13172043010752
203.13172043010752
291.0416666666667
238.9784946236559
246.94444444444446
334.5698924731183
209.90277777777777
179.23387096774192
167.28494623655914
160.51388888888889
179.23387096774192
209.90277777777777
191.18279569892474
83.64247311827957
132.29166666666666
191.18279569892474
234.59722222222223
334.5698924731183
271.6388888888889
203.13172043010752
143.38709677419354
185.20833333333334
179.23387096774192
197.55555555555554
227.02956989247312
217.44623655913978
198.4375
167.28494623655914
333.375
346.51881720430106
209.90277777777777
191.18279569892474
155.33602150537635
172.86111111111111
167.28494623655914
160.51388888888889
238.9784946236559
227.02956989247312
211.66666666666666
286.7741935483871
308.68055555555554
310.6720430107527
296.3333333333333
274.8252688172043
203.13172043010752
209.90277777777777
131.43817204301075
148.16666666666666
107.54032258064517
215.08064516129033
370.4166666666667
370.4166666666667
308.68055555555554
298.7231182795699
308.68055555555554
298.7231182795699
310.6720430107527
333.375
227.02956989247312
209.90277777777777
215.08064516129033
215.08064516129033
264.5833333333333
394.31451612903226
321.02777777777777
310.6720430107527
296.3333333333333
215.08064516129033
203.13172043010752
209.90277777777777
203.13172043010752
197.55555555555554
227.02956989247312
298.7231182795699
370.4166666666667
370.4166666666667
296.3333333333333
487.0
487.0
477.9569892473118
310.6720430107527
308.68055555555554
286.7741935483871
209.90277777777777
238.9784946236559
238.9784946236559
330.7291666666667
334.5698924731183
308.68055555555554
298.7231182795699
271.6388888888889
215.08064516129033
215.08064516129033
209.90277777777777
191.18279569892474
172.86111111111111
155.33602150537635
215.08064516129033
304.2708333333333
298.7231182795699
333.375
322.6209677419355
333.375
250.92741935483872
215.08064516129033
222.25
191.18279569892474
209.90277777777777
155.33602150537635
250.92741935483872
171.97916666666666
346.51881720430106
321.02777777777777
310.6720430107527
321.02777777777777
250.92741935483872
203.13172043010752
222.25
191.18279569892474
209.90277777777777
155.33602150537635
238.9784946236559
171.97916666666666
274.8252688172043
308.68055555555554
310.6720430107527
246.94444444444446
203.13172043010752
179.23387096774192
185.20833333333334
155.33602150537635
185.20833333333334
191.18279569892474
