252
247.58630952380952
252
241.24166666666667
252
252
252
252
224.75277777777777
126.33602150537635
187.01666666666668
213.33870967741936
224.0752688172043
252
195.43548387096774
252
252
252
191.48655913978496
150.3736559139785
155.63611111111112
140.99193548387098
169.225
189.1720430107527
220.3978494623656
252
252
211.43333333333334
252
252
252
140.29569892473117
136.34444444444443
136.96505376344086
172.675
186.75537634408602
223.05107526881721
252
199.93010752688173
170.76388888888889
252
252
252
131.9220430107527
130.80555555555554
118.46505376344086
152.29722222222222
171.73924731182797
218.7016129032258
252
132.497311827957
114.20555555555555
252
252
166.58064516129033
113.70698924731182
121.03888888888889
109.29032258064517
142.29722222222222
159.09139784946237
231.94086021505376
252
188.13978494623655
132.82222222222222
252
252
195.43548387096774
172.53494623655914
173.1027777777778
152.1263440860215
182.69722222222222
186.86290322580646
196.747311827957
241.15178571428572
68.61290322580645
47.52777777777778
95.80913978494624
55.90277777777778
199.6048387096774
163.252688172043
148.38333333333333
115.80376344086021
142.5388888888889
152.53763440860214
206.01344086021504
252
252
252
252
252
252
163.2231182795699
145.11944444444444
124.58870967741936
157.36388888888888
173.5483870967742
252
252
225.30645161290323
252
252
252
130.56989247311827
117.76881720430107
125.9888888888889
114.32795698924731
148.61666666666667
160.6209677419355
176.6021505376344
252
118.98118279569893
79.63888888888889
252
52.11944444444445
221.4784946236559
184.03763440860214
165.74722222222223
124.47311827956989
144.52777777777777
156.1478494623656
194.66935483870967
252
252
131.5361111111111
252
15.927777777777777
152.29032258064515
135.51075268817203
135.0
109.77150537634408
137.75555555555556
153.03763440860214
229.3790322580645
252
228.76612903225808
131.925
252
3.8
183.56989247311827
158.88709677419354
154.2138888888889
119.60752688172043
140.89444444444445
162.66129032258064
239.19086021505376
252
252
181.3527777777778
252
23.25
175.43279569892474
177.61021505376345
196.94444444444446
164.26612903225808
179.12777777777777
193.497311827957
252
252
252
242.6888888888889
252
252
252
191.9005376344086
135.71666666666667
128.88978494623655
162.225
179.03763440860214
197.2715053763441
252
252
130.80555555555554
252
252
182.84139784946237
178.8709677419355
191.83055555555555
166.76075268817203
187.71944444444443
212.99193548387098
252
252
252
252
252
252
252
252
133.23888888888888
115.80913978494624
163.1472222222222
181.6505376344086
220.26075268817203
252
154.63440860215053
190.2722222222222
252
252
144.93010752688173
127.37096774193549
133.49166666666667
119.84139784946237
157.41666666666666
169.56989247311827
218.33870967741936
252
178.66935483870967
188.53333333333333
252
252
252
145.81451612903226
148.375
132.38709677419354
163.1861111111111
177.88978494623655
225.3494623655914
252
198.80376344086022
156.07222222222222
252
252
252
145.23655913978496
153.50833333333333
140.35752688172042
171.66944444444445
186.24462365591398
227.997311827957
252
117.3010752688172
69.50555555555556
252
0.8166666666666667
150.30376344086022
148.0779569892473
161.0361111111111
138.6021505376344
165.2277777777778
177.21505376344086
