89.0
40.0
612
612
612
389.0388888888889
192.83602150537635
136.3494623655914
137.0
134.0
134.0
133.0
162.6505376344086
540.1160714285714
570.5322580645161
418.4194444444444
225.7258064516129
135.51111111111112
137.0
139.0
137.0
135.0
133.0
133.0
115.0
102.41964285714286
612
612
339.991935483871
149.29444444444445
134.03763440860214
134.0
133.0
133.0
133.0
133.0
108.0
359.2827380952381
566.266129032258
559.9111111111112
365.4301075268817
173.49444444444444
133.14247311827958
133.0
133.0
133.0
133.0
133.0
113.0
151.98511904761904
364.7043010752688
374.4916666666667
209.19354838709677
133.38055555555556
133.0
133.0
133.0
133.0
133.0
133.0
106.0
96.57142857142857
546.4650537634409
437.13055555555553
234.88709677419354
133.525
133.0
133.0
133.0
133.0
133.0
133.0
104.0
40.0
127.0
70.0
135.0
137.0
138.0
137.0
136.0
134.0
133.0
133.0
107.0
40.0
601.491935483871
612
528.5752688172043
212.54722222222222
133.36827956989248
133.0
133.0
133.0
133.0
133.0
108.0
579.9642857142857
612
345.35277777777776
135.97043010752688
133.00277777777777
133.0
133.0
133.0
133.0
133.0
133.0
108.0
40.0
315.0
52.0
135.0
135.0
136.0
135.0
135.0
134.0
133.0
133.0
115.0
40.0
315.0
99.0
151.0
156.0
161.0
152.0
153.0
146.0
137.0
135.0
157.0
40.0
315.0
197.29166666666666
149.9220430107527
159.0
153.0
168.0
149.0
144.0
138.0
136.0
145.0
40.0
405.89784946236557
594.8972222222222
356.06451612903226
138.07777777777778
141.0
142.0
137.0
138.0
135.0
134.0
127.0
325.0595238095238
612
612
464.76344086021504
203.65277777777777
133.33064516129033
135.0
134.0
133.0
133.0
133.0
121.0
40.0
593.2043010752689
431.4527777777778
221.002688172043
135.37222222222223
137.0
140.0
138.0
136.0
134.0
133.0
123.0
612
612
612
612
274.2583333333333
158.44086021505376
133.08333333333334
133.0
133.0
133.0
133.0
110.0
308.32738095238096
438.10483870967744
312.61944444444447
173.33870967741936
133.14166666666668
133.0
133.0
133.0
133.0
133.0
133.0
109.0
40.0
315.0
600.8194444444445
397.0940860215054
171.37222222222223
133.11827956989248
133.0
133.0
133.0
133.0
133.0
112.0
40.0
491.89516129032256
514.5277777777778
325.8494623655914
152.17777777777778
133.0483870967742
133.0
133.0
133.0
133.0
133.0
114.0
40.0
315.0
110.13333333333334
133.4247311827957
133.0
133.0
133.0
133.0
133.0
133.0
133.0
