1302.0
1928.0
2260
1751.0
1724.0
1764.0
1766.0
1765.0
1756.0
1145.0
1365.0
1253.0
1519.0
1932.0
2260
1737.0
1552.0
1551.0
1332.0
1142.0
1511.0
1329.0
803.0
681.0
1059.0
1772.0
2016.0
1730.0
1549.0
1581.0
1734.0
1624.0
795.0
1093.0
884.0
800.0
1047.0
1755.0
2260
1790.0
1752.0
1748.0
1728.0
1659.0
1695.0
1641.0
1611.0
1642.0
1664.0
2049.0
1982.0
1796.0
1766.0
1766.0
1767.0
1773.0
1796.0
1880.0
1802.0
1594.0
1214.0
1913.0
2260
1569.0
1548.0
1571.0
1576.0
1411.0
1300.0
1121.0
1216.0
839.0
833.0
1427.0
1530.0
332.0
793.0
971.0
148.0
172.0
387.0
1002.0
568.0
0.0
1234.0
1851.0
2175.0
1816.0
1767.0
1766.0
1766.0
1765.0
1764.0
1765.0
1769.0
1779.0
1700.0
1980.0
2260
1804.0
1760.0
1757.0
1729.0
1691.0
1658.0
1336.0
936.0
1055.0
693.0
1377.0
1663.0
1267.0
1141.0
1129.0
28.0
238.0
0.0
0.0
0.0
0.0
577.0
929.0
1769.0
1637.0
1519.0
968.0
1270.0
785.0
650.0
0.0
0.0
0.0
852.0
1446.0
2104.0
1487.0
1500.0
1455.0
1455.0
918.0
353.0
0.0
0.0
590.0
1156.0
1934.0
2030.0
1787.0
1760.0
1764.0
1784.0
2141.0
1929.0
2165.0
1780.0
1416.0
1363.0
2028.0
2260
1790.0
1754.0
1752.0
1766.0
1766.0
1552.0
1571.0
1613.0
1639.0
1448.0
1776.0
2145.0
1689.0
1699.0
1654.0
1546.0
1420.0
1311.0
1306.0
822.0
859.0
1371.0
1840.0
2138.0
1752.0
1766.0
1766.0
1766.0
1766.0
1731.0
1598.0
1707.0
1655.0
1617.0
1941.0
2260
1777.0
1756.0
1748.0
1749.0
1743.0
1823.0
1920.0
1461.0
1449.0
1272.0
1735.0
2136.0
1598.0
1673.0
1556.0
1599.0
1646.0
1558.0
1662.0
1536.0
1786.0
1272.0
1836.0
2067.0
1720.0
1692.0
1659.0
1664.0
1621.0
1622.0
1754.0
1523.0
1803.0
1391.0
2159.0
2260
1776.0
1720.0
1648.0
1708.0
1587.0
1459.0
690.0
230.0
226.0
