233.0
536.0
376.0
558.2055555555555
612
389.0388888888889
192.83602150537635
180.03225806451613
180.0
180.0
180.0
181.0
196.0
255.5922619047619
570.5322580645161
418.4194444444444
225.7258064516129
239.0
182.0
181.0
184.0
181.0
181.0
182.0
238.0
224.0
315.0
612
339.991935483871
196.625
183.0
182.0
181.0
181.0
181.0
181.0
238.0
208.0
315.0
484.02777777777777
365.4301075268817
183.09444444444443
228.0
181.0
181.0
180.0
180.0
181.0
210.0
185.0
315.0
208.0
200.0
186.0
183.0
186.0
183.0
182.0
182.0
181.0
228.0
210.0
315.0
190.0
186.0
190.0
191.0
183.0
184.0
183.0
184.0
183.0
229.0
199.0
204.0
220.0
210.0
190.0
209.0
134.3548387096774
40.0
40.0
40.0
40.0
117.00537634408602
209.0
315.0
190.0
426.23924731182797
212.54722222222222
185.06720430107526
181.0
181.0
181.0
181.0
182.0
224.0
199.0
608.8897849462365
345.35
190.6451612903226
191.0
181.0
182.0
184.0
184.0
181.0
183.0
208.0
252.0
315.0
215.0
202.0
199.0
196.0
202.0
201.0
82.85215053763442
40.0
40.0
111.41935483870968
276.0
315.0
229.0
204.0
193.0
197.0
201.0
184.45277777777778
40.0
40.0
40.0
230.6263440860215
266.0
315.0
219.0
194.0
202.0
204.0
194.0
124.575
40.0
40.0
40.0
248.83870967741936
201.0
315.0
191.0
183.0
194.0
184.0
187.0
183.0
187.0
185.0
183.0
254.0
194.0
315.0
202.26388888888889
464.5241935483871
241.13888888888889
182.0
180.0
181.0
183.0
182.0
181.0
194.0
222.0
315.0
195.0
194.0
181.0
181.0
181.0
181.0
181.0
183.0
182.0
212.0
479.0922619047619
612
612
612
274.2583333333333
181.41129032258064
181.0
183.0
180.0
180.0
181.0
225.0
187.0
315.0
193.0
182.0
195.0
181.0
187.0
184.0
183.0
183.0
180.0
197.0
207.0
315.0
211.0
188.0
185.0
181.0
187.0
181.0
183.0
182.0
181.0
196.0
198.0
315.0
190.0
245.97043010752688
192.59722222222223
182.0
183.0
181.0
180.0
181.0
180.0
188.0
200.0
315.0
221.0
187.0
186.0
190.0
191.0
191.0
187.0
185.0
184.0
