403.6290322580645
251.35416666666666
305.5698924731183
241.20833333333334
487.0
487.0
487.0
344.0833333333333
160.61111111111111
77.69623655913979
137.6
155.3548387096774
177.93548387096774
300.7797619047619
310.6720430107527
487.0
487.0
401.43055555555554
177.59139784946237
77.71505376344086
80.30555555555556
77.69623655913979
103.2
133.16129032258064
166.69354838709677
289.01190476190476
355.64516129032256
264.3722222222222
487.0
487.0
310.7096774193548
88.7741935483871
68.8
66.58064516129032
103.2
133.16129032258064
166.69354838709677
343.9583333333333
262.8763440860215
471.0444444444444
487.0
487.0
332.9032258064516
110.96774193548387
80.26666666666667
55.483870967741936
103.2
122.06451612903226
178.10752688172042
289.9940476190476
203.13172043010752
218.5
366.19354838709677
355.46666666666664
155.3548387096774
66.58064516129032
68.8
55.483870967741936
91.73333333333333
122.06451612903226
188.91935483870967
304.2708333333333
250.92741935483872
184.04444444444445
487.0
412.8
188.6451612903226
66.58064516129032
68.8
66.58064516129032
103.2
122.06451612903226
144.502688172043
185.20833333333334
131.43817204301075
34.5
88.79569892473118
11.472222222222221
66.61290322580645
55.49731182795699
68.81666666666666
55.483870967741936
91.73333333333333
122.06451612903226
166.65322580645162
343.9583333333333
406.26344086021504
264.30833333333334
487.0
487.0
487.0
155.3548387096774
68.8
66.58064516129032
103.2
122.06451612903226
233.48387096774192
354.375
286.7741935483871
487.0
487.0
321.06666666666666
77.6774193548387
55.483870967741936
68.8
55.483870967741936
91.73333333333333
122.06451612903226
133.32258064516128
210.42857142857142
179.23387096774192
80.55833333333334
288.5860215053763
0.0
66.59677419354838
44.39784946236559
68.81666666666666
55.483870967741936
91.73333333333333
110.96774193548387
155.69354838709677
238.125
250.92741935483872
126.43888888888888
333.46774193548384
68.93333333333334
100.11290322580645
77.80913978494624
91.88888888888889
77.77150537634408
114.72222222222223
122.09408602150538
200.56451612903226
310.35714285714283
266.7876344086022
126.46944444444445
300.0483870967742
160.92222222222222
77.82795698924731
89.05376344086021
80.38333333333334
88.86021505376344
103.25
133.19354838709677
211.55376344086022
302.2857142857143
320.0806451612903
172.25
466.06451612903226
487.0
322.0403225806452
77.73387096774194
68.83333333333333
66.61290322580645
103.225
133.16129032258064
233.70967741935485
317.5
346.2069892473118
487.0
487.0
487.0
432.7741935483871
155.39247311827958
80.26666666666667
55.483870967741936
103.2
122.06451612903226
155.91935483870967
210.66666666666666
346.51881720430106
126.43888888888888
487.0
412.9
166.53225806451613
66.62903225806451
68.83333333333333
66.59677419354838
103.225
133.16129032258064
267.16129032258067
487.0
487.0
487.0
487.0
487.0
487.0
233.03225806451613
103.2
66.58064516129032
114.66666666666667
133.16129032258064
177.80645161290323
274.1875
227.02956989247312
345.1666666666667
432.7741935483871
286.6666666666667
122.06451612903226
66.58064516129032
68.8
55.483870967741936
103.2
122.06451612903226
166.61290322580646
236.94642857142858
238.9784946236559
184.0888888888889
377.56451612903226
487.0
366.19354838709677
110.96774193548387
68.8
66.58064516129032
91.73333333333333
122.06451612903226
177.8494623655914
248.8095238095238
262.8763440860215
149.5361111111111
487.0
487.0
288.51612903225805
88.7741935483871
68.8
55.483870967741936
103.2
110.96774193548387
177.89247311827958
248.8095238095238
191.05376344086022
57.486111111111114
288.51612903225805
57.333333333333336
77.6774193548387
55.483870967741936
57.333333333333336
55.483870967741936
91.73333333333333
122.06451612903226
