252
247.29464285714286
252
236.03055555555557
252
252
252
252
252
94.52150537634408
152.05277777777778
182.33602150537635
199.73387096774192
252
204.08870967741936
252
252
252
252
91.23655913978494
95.3
88.06451612903226
125.23611111111111
152.16397849462365
194.11290322580646
252
252
205.425
252
252
252
252
93.49166666666666
80.09677419354838
128.67777777777778
152.73655913978496
195.80913978494624
252
190.91397849462365
252
252
252
252
252
93.21944444444445
82.5241935483871
124.3
147.73387096774192
198.24193548387098
252
129.47043010752688
133.25277777777777
252
252
154.70698924731184
88.14784946236558
91.62777777777778
78.34677419354838
123.28333333333333
141.09139784946237
222.1478494623656
252
185.13709677419354
124.84166666666667
252
252
252
85.45698924731182
92.11111111111111
80.22849462365592
128.69722222222222
150.82258064516128
171.43279569892474
230.14880952380952
54.62903225806452
35.53611111111111
82.8252688172043
0.23055555555555557
73.13709677419355
102.65860215053763
107.56666666666666
89.81182795698925
127.525
139.53494623655914
195.23387096774192
252
252
252
252
252
252
252
168.3388888888889
78.65322580645162
125.35555555555555
145.54301075268816
252
252
222.2688172043011
252
252
252
201.6505376344086
76.58602150537635
86.24722222222222
77.38440860215054
119.61944444444444
136.61559139784947
161.96505376344086
241.13690476190476
114.95698924731182
69.66666666666667
252
0.7972222222222223
107.70161290322581
121.60752688172043
122.83333333333333
99.47311827956989
122.53888888888889
140.13709677419354
182.91666666666666
252
173.86021505376345
123.34722222222223
252
0.925
215.44086021505376
178.73387096774192
172.48888888888888
130.7741935483871
149.76944444444445
155.05913978494624
224.45967741935485
252
151.9784946236559
123.76388888888889
252
0.8333333333333334
194.86290322580646
184.5994623655914
178.3111111111111
144.56451612903226
140.95555555555555
165.65591397849462
236.2016129032258
252
211.44086021505376
174.20833333333334
252
5.294444444444444
138.16397849462365
136.23655913978496
120.15
88.39247311827957
133.09166666666667
156.48387096774192
252
252
252
252
252
252
252
252
148.8972222222222
79.99731182795699
124.225
146.03225806451613
170.02956989247312
249.02380952380952
252
122.83055555555555
252
252
252
83.99462365591398
89.24444444444444
78.8736559139785
122.71388888888889
164.95967741935485
252
252
252
252
252
252
252
252
252
83.88440860215054
133.16666666666666
155.64247311827958
198.83333333333334
252
151.6021505376344
252
252
252
117.68548387096774
88.25
93.75555555555556
78.91666666666667
129.40277777777777
143.57258064516128
202.69892473118279
252
174.65322580645162
181.54722222222222
252
252
252
151.49462365591398
99.39444444444445
83.47311827956989
126.18611111111112
145.88440860215053
201.9731182795699
252
195.78494623655914
149.0888888888889
252
252
252
127.16666666666667
93.19166666666666
81.45430107526882
122.68611111111112
144.23655913978496
195.90860215053763
252
113.26881720430107
58.53333333333333
252
0.7972222222222223
16.79032258064516
76.79301075268818
89.35
74.69354838709677
123.20555555555555
152.18010752688173
