1132.1612903225807
962.8214285714286
918.7096774193549
1021.3333333333334
1120.8387096774193
1106.0
1106.0
1108.0
988.6
658.483870967742
468.26666666666665
468.48387096774195
583.0645161290323
717.1785714285714
883.3548387096774
1094.7666666666667
1187.0
1191.0
1238.6774193548388
946.9677419354839
663.7666666666667
436.9032258064516
290.9
277.8709677419355
356.5483870967742
476.32142857142856
664.9032258064516
934.1666666666666
1172.9032258064517
1177.0
1125.0
1110.7096774193549
797.6
523.7741935483871
351.6666666666667
330.6774193548387
422.741935483871
585.7857142857143
939.3225806451613
1105.0
1111.0
1112.0
1119.0
1147.0
1134.0
1168.0
1191.0
1236.0
1209.0
1071.0
1074.0
1101.0
1106.0
1109.0
1025.8387096774193
766.6129032258065
529.7333333333333
335.96774193548384
214.76666666666668
209.70967741935485
303.7096774193548
461.39285714285717
810.0645161290323
1172.3333333333333
1190.0
1187.0
1193.4516129032259
970.3225806451613
653.6666666666666
408.8709677419355
263.46666666666664
271.5806451612903
383.38709677419354
512.3928571428571
636.4516129032259
723.9
758.4516129032259
715.0666666666667
589.7096774193549
439.16129032258067
296.03333333333336
165.0
88.66666666666667
118.58064516129032
224.2258064516129
364.9642857142857
566.741935483871
941.3333333333334
1105.0
1105.0
1107.0
1110.0
1111.0
911.3870967741935
578.1
446.2903225806452
458.16129032258067
560.25
772.7741935483871
1037.8666666666666
1109.0
1013.7333333333333
745.5806451612904
519.7096774193549
336.93333333333334
183.3548387096774
89.4
100.93548387096774
186.09677419354838
288.57142857142856
405.48387096774195
587.3333333333334
751.9032258064516
709.9333333333333
533.483870967742
368.2258064516129
224.33333333333334
97.16129032258064
21.666666666666668
53.41935483870968
161.2258064516129
280.5
391.38709677419354
485.2
570.0645161290323
560.5333333333333
445.258064516129
315.83870967741933
192.96666666666667
78.29032258064517
10.2
42.32258064516129
156.61290322580646
319.57142857142856
505.64516129032256
698.5333333333333
908.3225806451613
1008.6666666666666
879.483870967742
638.8064516129032
421.6
243.90322580645162
134.26666666666668
138.74193548387098
257.38709677419354
449.85714285714283
869.0967741935484
1103.0
1108.0
1108.0
1108.0
1083.0
1130.0
1170.0
1225.7666666666667
896.5806451612904
760.9677419354839
784.5714285714286
975.2258064516129
1105.0
1109.0
1110.0
1106.0
1106.0
1192.0
1192.0
1155.2666666666667
873.4516129032259
726.6774193548387
706.3928571428571
775.6129032258065
1075.3333333333333
1131.0
1148.0
1191.0
1246.0
1195.0333333333333
781.3225806451613
479.93333333333334
368.258064516129
422.19354838709677
578.9642857142857
963.1612903225806
1111.0
1105.0
1105.0
1105.0
1105.0
1120.0
1173.0
1156.0
1167.0
1264.0
1134.7857142857142
1013.0
1113.0
1110.0
1114.0
1114.0
1121.0
1111.1666666666667
783.7741935483871
503.06666666666666
394.80645161290323
426.64516129032256
552.6071428571429
773.3548387096774
1104.5
1141.0
1184.0
1168.0
1154.0
1203.0
1259.0
1134.3
834.7741935483871
725.1290322580645
772.75
1084.516129032258
1139.0
1133.0
1145.0
1144.0
1166.0
1167.0
1231.0
1250.0
1349.0
1354.0
1115.0
1026.0
1111.0
1148.0
1203.0
1196.0
1091.4516129032259
744.7333333333333
467.38709677419354
281.8666666666667
249.70967741935485
