406.26344086021504
251.35416666666666
454.05913978494624
444.5
487.0
487.0
487.0
382.36559139784947
246.94444444444446
238.9784946236559
271.6388888888889
286.7741935483871
298.7231182795699
436.5625
394.31451612903226
333.375
358.46774193548384
271.6388888888889
238.9784946236559
238.9784946236559
234.59722222222223
227.02956989247312
234.59722222222223
262.8763440860215
286.7741935483871
410.1041666666667
442.11021505376345
382.7638888888889
394.31451612903226
321.02777777777777
334.5698924731183
238.9784946236559
234.59722222222223
227.02956989247312
246.94444444444446
250.92741935483872
286.7741935483871
476.25
346.51881720430106
358.06944444444446
394.31451612903226
283.9861111111111
250.92741935483872
227.02956989247312
246.94444444444446
215.08064516129033
246.94444444444446
262.8763440860215
286.7741935483871
423.3333333333333
346.51881720430106
321.02777777777777
346.51881720430106
259.2916666666667
250.92741935483872
215.08064516129033
234.59722222222223
227.02956989247312
234.59722222222223
250.92741935483872
262.8763440860215
211.66666666666666
394.31451612903226
333.375
358.46774193548384
259.2916666666667
238.9784946236559
227.02956989247312
234.59722222222223
215.08064516129033
246.94444444444446
143.38709677419354
59.744623655913976
132.29166666666666
155.33602150537635
185.20833333333334
131.43817204301075
172.86111111111111
83.64247311827957
47.795698924731184
24.694444444444443
23.897849462365592
37.041666666666664
47.795698924731184
95.59139784946237
238.125
394.31451612903226
444.5
442.11021505376345
283.9861111111111
394.31451612903226
238.9784946236559
234.59722222222223
227.02956989247312
234.59722222222223
262.8763440860215
346.51881720430106
476.25
418.2123655913978
308.68055555555554
334.5698924731183
246.94444444444446
238.9784946236559
215.08064516129033
234.59722222222223
215.08064516129033
234.59722222222223
238.9784946236559
250.92741935483872
343.9583333333333
262.8763440860215
246.94444444444446
322.6209677419355
222.25
215.08064516129033
203.13172043010752
74.08333333333333
35.846774193548384
24.694444444444443
47.795698924731184
83.64247311827957
132.29166666666666
203.13172043010752
234.59722222222223
358.46774193548384
234.59722222222223
215.08064516129033
191.18279569892474
209.90277777777777
203.13172043010752
222.25
47.795698924731184
119.48924731182795
198.4375
238.9784946236559
259.2916666666667
322.6209677419355
222.25
203.13172043010752
203.13172043010752
222.25
191.18279569892474
209.90277777777777
59.744623655913976
119.48924731182795
198.4375
346.51881720430106
370.4166666666667
394.31451612903226
259.2916666666667
238.9784946236559
227.02956989247312
234.59722222222223
215.08064516129033
234.59722222222223
250.92741935483872
358.46774193548384
383.6458333333333
454.05913978494624
432.15277777777777
430.16129032258067
271.6388888888889
262.8763440860215
238.9784946236559
234.59722222222223
227.02956989247312
246.94444444444446
250.92741935483872
262.8763440860215
357.1875
454.05913978494624
333.375
346.51881720430106
259.2916666666667
227.02956989247312
227.02956989247312
234.59722222222223
215.08064516129033
222.25
274.8252688172043
370.4166666666667
487.0
487.0
487.0
487.0
487.0
487.0
274.8252688172043
246.94444444444446
227.02956989247312
246.94444444444446
274.8252688172043
286.7741935483871
410.1041666666667
370.4166666666667
308.68055555555554
334.5698924731183
259.2916666666667
238.9784946236559
227.02956989247312
234.59722222222223
215.08064516129033
246.94444444444446
250.92741935483872
298.7231182795699
357.1875
358.46774193548384
395.1111111111111
406.26344086021504
271.6388888888889
250.92741935483872
227.02956989247312
234.59722222222223
227.02956989247312
234.59722222222223
250.92741935483872
107.54032258064517
158.75
394.31451612903226
358.06944444444446
382.36559139784947
271.6388888888889
238.9784946236559
238.9784946236559
234.59722222222223
215.08064516129033
246.94444444444446
143.38709677419354
95.59139784946237
158.75
298.7231182795699
283.9861111111111
322.6209677419355
234.59722222222223
191.18279569892474
59.744623655913976
37.041666666666664
23.897849462365592
37.041666666666664
59.744623655913976
