566.0
2260
2260
2260
601.0
0.0
0.0
0.0
0.0
0.0
0.0
141.0
2260
2260
985.0
2260
998.0
27.0
0.0
0.0
0.0
0.0
0.0
29.0
1606.0
2260
2260
2260
937.0
26.0
0.0
0.0
0.0
0.0
0.0
32.0
1799.0
2260
2260
2260
737.0
44.0
0.0
0.0
0.0
0.0
108.0
223.0
2260
2260
2260
2260
1351.0
80.0
424.85483870967744
1087.6209677419354
1104.9694444444444
820.0591397849462
681.1527777777778
601.2795698924731
1375.0
2260
2260
2260
850.0
46.0
0.0
0.0
0.0
0.0
0.0
7.0
1549.0
2260
2260
2253.0
898.0
99.0
107.0
0.0
0.0
0.0
0.0
0.0
1598.0
2260
2260
2260
1339.0
9.0
0.0
0.0
0.0
0.0
0.0
18.0
1845.0
2260
2260
2260
1031.0
14.0
0.0
0.0
0.0
0.0
0.0
0.0
1601.0
2260
2260
2260
765.0
64.0
0.0
23.0
13.0
0.0
0.0
0.0
1299.0
2260
2260
2260
898.0
36.0
0.0
0.0
0.0
0.0
0.0
0.0
1213.0
2260
2260
2260
696.0
11.0
0.0
0.0
0.0
0.0
0.0
0.0
1443.0
2260
2260
2260
856.0
0.0
0.0
0.0
0.0
0.0
0.0
6.0
1544.0
2260
2260
2260
968.0
25.0
0.0
0.0
0.0
0.0
65.0
82.0
1628.0
2260
2260
2260
1337.0
95.0
0.0
0.0
0.0
0.0
0.0
106.71505376344086
1759.9247311827958
2260
2260
101.0
1095.0
44.0
0.0
0.0
98.23055555555555
1052.774193548387
984.4277777777778
959.6586021505376
2260
2260
2260
2260
1292.0
108.0
0.0
0.0
734.0305555555556
1337.7096774193549
1171.3527777777779
967.3306451612904
1631.0
2260
2260
2260
1406.0
125.0
0.0
0.0
0.0
0.0
11.0
871.3870967741935
2131.935483870968
2260
2260
2260
1500.0
142.0
0.0
0.0
62.519444444444446
1115.2096774193549
1265.0194444444444
1794.983870967742
2260
2260
2260
2260
833.0
152.0
131.0
0.0
0.0
63.795698924731184
313.925
574.0430107526881
