528.0
2260
2260
923.0
472.0
482.0
487.0
486.0
468.0
459.0
465.0
473.0
927.0
2260
2260
1103.0
480.0
463.0
459.0
450.0
446.0
448.0
452.0
461.0
886.0
2260
2260
1049.0
481.0
471.0
479.0
460.0
453.0
453.0
457.0
467.0
906.0
2260
2260
1084.0
630.0
506.0
478.0
475.0
475.0
476.0
476.0
479.0
1257.0
2260
2260
1475.0
501.0
480.0
484.0
480.0
474.0
471.0
470.0
474.0
1147.0
2260
2260
989.0
473.0
454.0
449.0
440.0
428.0
429.0
439.0
455.0
882.0
2260
2260
900.0
431.0
387.0
356.0
310.0
267.0
283.0
356.0
396.0
696.0
2260
2260
1024.0
481.0
474.0
500.0
489.0
476.0
469.0
469.0
474.0
1063.0
2260
2260
1202.0
490.0
477.0
464.0
451.0
443.0
443.0
450.0
460.0
939.0
2260
2260
908.0
439.0
398.0
351.0
310.0
284.0
282.0
342.0
384.0
621.0
2065.0
2260
848.0
399.0
360.0
320.0
285.0
259.0
260.0
329.0
375.0
655.0
2260
2260
881.0
415.0
374.0
324.0
286.0
267.0
276.0
325.0
379.0
676.0
2260
2260
997.0
455.0
452.0
438.0
428.0
426.0
427.0
437.0
454.0
821.0
2260
2260
1034.0
529.0
512.0
483.0
472.0
468.0
469.0
470.0
475.0
1007.0
2260
2260
1057.0
488.0
466.0
453.0
447.0
445.0
443.0
448.0
462.0
884.0
2260
2260
1102.0
512.0
487.0
487.0
487.0
479.0
479.0
481.0
483.0
1122.0
2260
2260
1540.0
567.0
477.0
472.0
470.0
469.0
467.0
471.0
475.0
1131.0
2260
2260
1314.0
503.0
508.0
467.0
464.0
466.0
465.0
468.0
475.0
1073.0
2260
2260
1139.0
502.0
472.0
471.0
471.0
470.0
470.0
472.0
477.0
1029.0
2260
2260
1587.0
505.0
463.0
446.0
440.0
425.0
428.0
438.0
452.0
