215.0
40.0
612
612
612
389.0388888888889
249.55913978494624
249.0
249.0
249.0
249.0
249.0
40.0
40.0
526.4569892473119
418.4194444444444
238.0215053763441
250.0
249.0
249.0
249.0
250.0
249.0
250.0
40.0
40.0
315.0
591.7916666666666
339.991935483871
250.2722222222222
249.0
249.0
249.0
249.0
249.0
249.0
40.0
40.0
315.0
379.59722222222223
365.4301075268817
249.42222222222222
249.0
249.0
249.0
249.0
249.0
249.0
40.0
40.0
315.0
40.0
233.0
249.0
249.0
249.0
249.0
249.0
249.0
249.0
40.0
40.0
315.0
40.0
231.0
249.0
249.0
249.0
249.0
249.0
250.0
249.0
40.0
40.0
127.0
40.0
241.0
252.0
250.0
151.48387096774192
40.0
40.0
40.0
40.0
74.93548387096774
40.0
315.0
283.43055555555554
528.5779569892474
250.46666666666667
249.0
249.0
249.0
249.0
249.0
250.0
40.0
40.0
501.68279569892474
345.35
231.3763440860215
249.0
249.0
249.0
249.0
249.0
253.0
253.0
40.0
40.0
315.0
40.0
243.0
252.0
254.0
255.0
103.3
40.0
40.0
40.0
84.01881720430107
40.0
315.0
106.0
246.0
253.0
252.0
252.0
257.0
80.83870967741936
40.0
40.0
153.752688172043
40.0
315.0
90.0
250.0
254.0
252.0
251.0
250.0
90.80645161290323
40.0
40.0
130.95430107526883
40.0
315.0
40.0
235.0
250.0
250.0
249.0
250.0
249.0
249.0
250.0
40.0
40.0
315.0
488.075
464.76344086021504
250.0361111111111
249.0
249.0
249.0
249.0
249.0
250.0
40.0
40.0
315.0
48.49444444444445
236.06451612903226
249.0
250.0
249.0
249.0
250.0
249.0
249.0
40.0
162.48511904761904
612
612
612
274.2583333333333
249.05913978494624
249.0
249.0
249.0
249.0
249.0
40.0
40.0
315.0
79.39166666666667
232.2741935483871
249.0
249.0
249.0
249.0
249.0
249.0
250.0
40.0
40.0
315.0
40.0
232.0
249.0
249.0
249.0
249.0
249.0
249.0
249.0
40.0
40.0
315.0
40.0
233.0
249.0
249.0
249.0
249.0
249.0
249.0
250.0
40.0
40.0
315.0
40.0
227.0
249.0
249.0
250.0
249.0
249.0
114.86111111111111
52.02956989247312
