131.0
1319.357142857143
704.0
428.0
120.0
72.0
69.0
69.0
69.0
69.0
69.0
69.0
689.0
1948.7359999999999
1326.0
813.0
117.0
70.0
69.0
69.0
69.0
69.0
69.0
69.0
727.0
1482.0
1821.368
814.0
164.0
71.0
69.0
69.0
69.0
69.0
69.0
69.0
1036.0
1526.0
1681.8
679.0
116.0
70.0
399.4516129032258
537.3548387096774
180.2
69.74193548387096
69.0
114.58064516129032
661.0
2022.424
2040
1267.0
177.0
72.0
69.0
69.0
69.0
69.0
69.0
69.0
1034.0
2040
2040
568.0
171.0
72.0
69.0
69.0
69.0
69.0
69.0
69.0
795.0
1536.0
1746.216
1440.0
115.0
72.0
69.0
69.0
69.0
68.0
68.0
69.0
277.0
2040
2040
393.0
130.0
70.0
69.0
69.0
69.0
69.0
69.0
69.0
1112.0
2040
2040
534.0
179.0
70.0
69.0
69.0
69.0
69.0
69.0
69.0
632.0
2040
1919.944
848.0
120.0
72.0
69.0
69.0
67.0
69.0
69.0
67.0
618.0
1826.248
1698.88
965.0
148.0
71.0
68.0
69.0
69.0
69.0
69.0
66.0
507.0
2040
1978.504
989.0
140.0
71.0
69.0
68.0
68.0
69.0
65.0
69.0
491.0
1858.4560000000001
2040
795.0
138.0
71.0
69.0
69.0
69.0
69.0
69.0
69.0
546.0
1217.0
1806.24
1062.0
121.0
1238.4
974.7096774193549
355.4193548387097
92.4
69.0
69.0
69.0
502.0
2040
1960.4479999999999
459.0
784.6129032258065
1627.6333333333334
832.6774193548387
276.80645161290323
78.26666666666667
69.0
69.0
69.0
571.0
2040
523.0
895.2666666666667
2040
2040
1345.8387096774193
527.4516129032259
143.16666666666666
69.0
69.0
147.09677419354838
1158.0
2040
2040
1493.0
150.0
71.0
69.0
69.0
69.0
69.0
69.0
69.0
392.0
1665.208
2040
1265.0
567.1290322580645
1934.5677333333333
1419.8709677419354
570.6774193548387
144.23333333333332
69.0
69.0
69.0
656.0
1839.912
2040
1263.7666666666667
2040
2040
1451.4193548387098
569.8064516129032
147.4
69.0
69.0
82.70967741935483
885.0
2040
2040
1077.0
124.0
73.0
69.0
69.0
69.0
69.0
69.0
69.0
