159.0
40.0
612
612
612
389.0388888888889
192.83602150537635
173.05107526881721
183.0
185.0
181.0
179.0
40.0
429.0595238095238
570.5322580645161
418.4194444444444
225.7258064516129
200.06666666666666
199.0
198.0
195.0
189.0
184.0
179.0
51.0
40.0
611.3091397849462
612
339.991935483871
191.66666666666666
182.0
195.0
193.0
188.0
183.0
179.0
46.0
40.0
560.5645161290323
559.9138888888889
365.4301075268817
181.12777777777777
177.0
178.0
177.0
177.0
176.0
174.0
40.0
40.0
315.0
332.2472222222222
209.19354838709677
173.09722222222223
174.0
174.0
173.0
172.0
172.0
171.0
40.0
40.0
390.7741935483871
437.13055555555553
234.88709677419354
231.00555555555556
221.0
213.0
205.0
193.0
184.0
178.0
49.0
40.0
127.0
99.0
255.0
233.0
206.0
186.0
174.0
168.0
168.0
80.01881720430107
98.68279569892474
40.0
315.0
350.1388888888889
528.5752688172043
212.54722222222222
190.05645161290323
185.0
181.0
179.0
177.0
175.0
40.0
340.2083333333333
612
345.35
177.75537634408602
179.0
180.0
180.0
178.0
176.0
174.0
173.0
40.0
40.0
315.0
95.0
277.0
254.0
223.0
195.0
179.0
170.0
168.0
156.80645161290323
124.79301075268818
40.0
315.0
40.0
197.0
198.0
190.0
178.0
171.0
167.0
167.0
168.0
113.0
40.0
315.0
44.0
237.0
227.0
211.0
189.0
175.0
169.0
167.0
168.0
106.0
40.0
315.0
40.0
213.0
234.0
244.0
228.0
209.0
194.0
183.0
176.0
67.0
40.0
338.4623655913978
612
464.76075268817203
203.65277777777777
179.06182795698925
187.0
187.0
185.0
182.0
178.0
40.0
40.0
381.4220430107527
431.45
226.252688172043
240.0
241.0
233.0
218.0
204.0
189.0
180.0
54.0
420.05059523809524
612
612
612
274.2583333333333
171.5188172043011
172.0
178.0
177.0
176.0
174.0
40.0
140.85119047619048
438.10752688172045
312.61944444444447
187.65860215053763
186.0
185.0
184.0
182.0
180.0
177.0
175.0
40.0
40.0
315.0
315.4166666666667
397.0967741935484
198.05
195.0
194.0
189.0
186.0
181.0
177.0
40.0
40.0
315.0
415.3333333333333
325.8494623655914
199.5361111111111
202.0
202.0
199.0
193.0
186.0
180.0
40.0
40.0
315.0
40.0
205.0
215.0
217.0
205.0
196.0
184.0
177.0
173.0
