1132.3548387096773
963.2142857142857
919.2258064516129
1021.5666666666667
1353.8387096774193
1489.0
1369.6774193548388
1028.741935483871
718.7666666666667
478.0967741935484
352.1
393.19354838709677
534.3870967741935
685.25
862.483870967742
1140.0333333333333
1366.5483870967741
1349.5666666666666
1126.516129032258
841.8709677419355
596.7666666666667
394.3225806451613
264.0
260.38709677419354
345.5483870967742
469.35714285714283
660.5483870967741
931.3333333333334
1270.9354838709678
1434.2666666666667
1267.6129032258063
961.7096774193549
677.5666666666667
446.93548387096774
302.3333333333333
298.9032258064516
402.3225806451613
572.3214285714286
1061.8064516129032
1699.8885333333333
1494.0
1489.0
1489.0
1489.0
1489.0
1488.2903225806451
1209.9666666666667
865.1290322580645
720.8709677419355
724.1785714285714
782.741935483871
828.0
859.1612903225806
876.8666666666667
793.2903225806451
613.0967741935484
431.43333333333334
273.51612903225805
174.9
183.96774193548387
287.2903225806452
451.0
803.2258064516129
1219.4666666666667
1437.6774193548388
1395.3
1132.6129032258063
814.1612903225806
553.5
345.1290322580645
222.86666666666667
245.51612903225808
366.38709677419354
501.32142857142856
629.4193548387096
719.5666666666667
755.9354838709677
713.8
589.5806451612904
440.35483870967744
298.06666666666666
167.06451612903226
90.6
120.0
225.3548387096774
366.0357142857143
567.5806451612904
952.5
1430.5483870967741
1489.0
1489.0
1288.4516129032259
873.8
551.8387096774194
345.0
294.96774193548384
360.741935483871
496.57142857142856
730.7741935483871
1027.1
1145.5483870967741
980.2
722.4516129032259
505.67741935483866
328.8333333333333
179.03225806451613
87.26666666666667
99.48387096774194
185.51612903225808
288.2857142857143
405.48387096774195
587.6
752.1290322580645
710.6666666666666
534.8387096774194
370.19354838709677
226.66666666666666
99.58064516129032
24.166666666666668
55.38709677419355
162.67741935483872
281.57142857142856
392.3225806451613
486.2
571.0645161290323
561.7333333333333
446.64516129032256
317.61290322580646
195.2
80.54838709677419
12.233333333333333
44.03225806451613
158.0
320.92857142857144
506.67741935483866
699.1333333333333
908.7096774193549
1008.9333333333332
880.0967741935484
640.1935483870968
423.93333333333334
246.48387096774192
136.43333333333334
140.29032258064515
258.4193548387097
450.64285714285717
876.7096774193549
1566.4
1495.0
1489.0
1489.0
1489.0
1360.8333333333333
906.0967741935484
576.2
440.96774193548384
466.741935483871
590.9285714285714
916.258064516129
1417.9333333333334
1494.0
1489.0
1489.0
1489.0
1316.1666666666667
858.5806451612904
546.6666666666666
421.0
434.6774193548387
514.3928571428571
649.0967741935484
1087.0666666666666
1486.483870967742
1490.0
1483.3548387096773
1193.7096774193549
810.3
506.9677419354839
303.03333333333336
253.48387096774195
348.0967741935484
530.25
978.3870967741935
1643.1178666666665
1493.0
1489.0
1489.0
1489.0
1489.0
1347.5806451612902
907.5333333333333
693.9032258064516
658.5483870967741
695.75
801.1935483870968
1018.7333333333333
1293.967741935484
1454.6666666666667
1344.3548387096773
1039.3225806451612
726.7
470.4193548387097
301.03333333333336
263.64516129032256
342.258064516129
497.32142857142856
736.9677419354839
1118.8
1479.483870967742
1489.0
1489.0
1489.0
1452.0
1041.5483870967741
673.3666666666667
509.8387096774193
515.1612903225806
634.6071428571429
999.0322580645161
1709.0304
1494.0
1489.0
1489.0
1489.0
1489.0
1489.0
1308.7
943.0967741935484
790.8064516129032
782.8571428571429
884.483870967742
1023.4000000000001
1129.516129032258
1148.1333333333334
1000.9354838709676
753.1290322580645
525.4
326.38709677419354
191.23333333333332
190.80645161290323
