71.0
66.0
612
612
612
389.0361111111111
238.6478494623656
244.0
246.0
247.0
280.0
262.0
73.0
105.0
411.76075268817203
418.4194444444444
225.7258064516129
226.0
235.0
242.0
243.0
248.0
248.0
248.0
101.0
49.0
315.0
588.3083333333333
339.98924731182797
228.3972222222222
236.0
241.0
243.0
246.0
247.0
248.0
70.0
40.0
315.0
403.3638888888889
365.4301075268817
213.69722222222222
223.0
235.0
241.0
244.0
249.0
248.0
40.0
61.0
315.0
154.0
218.0
222.0
236.0
242.0
244.0
248.0
250.0
251.0
98.0
40.0
315.0
95.0
199.0
217.0
232.0
238.0
242.0
246.0
246.0
247.0
87.0
53.0
127.0
136.0
143.0
204.0
213.0
195.20967741935485
40.0
40.0
40.0
40.0
58.38709677419355
40.0
315.0
304.4527777777778
528.5779569892474
230.75833333333333
233.0
242.0
244.0
246.0
251.0
252.0
56.0
58.0
514.5510752688172
345.35
218.44623655913978
230.0
239.0
239.0
247.0
248.0
247.0
248.0
86.0
64.0
315.0
139.0
172.0
212.0
227.0
230.0
159.4
40.0
40.0
40.0
42.043010752688176
89.0
315.0
86.0
184.0
208.0
225.0
238.0
241.0
237.8709677419355
40.0
40.0
69.45161290322581
40.0
315.0
118.0
187.0
204.0
222.0
232.0
244.0
244.0
90.92777777777778
45.185483870967744
40.0
40.0
315.0
168.0
191.0
228.0
229.0
252.0
249.0
246.0
246.0
247.0
50.0
40.0
315.0
566.45
464.76075268817203
220.41944444444445
238.0
252.0
244.0
246.0
247.0
248.0
122.0
121.0
315.0
158.0
194.0
212.0
232.0
240.0
244.0
245.0
247.0
248.0
90.0
40.0
612
612
612
274.2583333333333
250.05913978494624
246.0
242.0
245.0
247.0
248.0
101.0
91.0
315.0
183.0
198.0
221.0
227.0
239.0
242.0
244.0
247.0
247.0
48.0
40.0
315.0
70.0
212.0
214.0
240.0
239.0
249.0
252.0
247.0
247.0
84.0
40.0
315.0
164.0
162.0
194.0
224.0
241.0
243.0
245.0
248.0
248.0
40.0
40.0
315.0
86.0
212.0
189.0
220.0
230.0
239.0
242.0
173.32777777777778
59.22849462365591
