40.0
49.43452380952381
612
612
612
389.0388888888889
192.83602150537635
135.49193548387098
87.97777777777777
61.513440860215056
124.68888888888888
191.81451612903226
232.3790322580645
540.1160714285714
570.5322580645161
418.4222222222222
225.7231182795699
128.25277777777777
95.38440860215054
75.49193548387096
44.91111111111111
40.013440860215056
40.0
68.00806451612904
210.13172043010752
493.9136904761905
612
612
339.991935483871
149.29444444444445
99.60483870967742
71.31451612903226
42.30555555555556
40.005376344086024
40.0
77.61827956989248
222.1290322580645
612
566.266129032258
559.9138888888889
365.4301075268817
173.49444444444444
108.88978494623656
77.09677419354838
41.105555555555554
40.00268817204301
40.0
48.27956989247312
230.1505376344086
503.86011904761904
364.7043010752688
374.4916666666667
209.19354838709677
120.23055555555555
68.02956989247312
43.376344086021504
40.00833333333333
40.0
40.0
40.0
216.0
562.2410714285714
546.4650537634409
437.13055555555553
234.88709677419354
118.91111111111111
74.6747311827957
49.83064516129032
40.02777777777778
40.0
40.0
40.0
124.81989247311827
176.08035714285714
127.28763440860214
155.71666666666667
84.25268817204301
44.99444444444445
40.013440860215056
40.0
40.0
40.0
40.0
40.0
49.39247311827957
612
612
612
528.5752688172043
212.54722222222222
117.08064516129032
75.84139784946237
40.44722222222222
40.0
40.0
48.14247311827957
417.2231182795699
612
612
345.35
135.97043010752688
79.21111111111111
55.51075268817204
40.07795698924731
40.0
40.0
40.0
40.0
40.0
211.48511904761904
318.7016129032258
262.775
105.04301075268818
47.486111111111114
40.01881720430107
40.0
40.0
40.0
40.0
40.0
40.0
280.7113095238095
511.3682795698925
432.01666666666665
255.11290322580646
113.31944444444444
63.27150537634409
40.11290322580645
40.0
40.0
40.0
40.0
187.86021505376345
537.2797619047619
439.5967741935484
433.0777777777778
149.9247311827957
62.641666666666666
40.10215053763441
40.0
40.0
40.0
40.0
40.0
204.3252688172043
530.577380952381
612
594.8944444444444
356.06720430107526
138.07777777777778
87.29301075268818
57.33064516129032
40.05833333333333
40.0
40.0
40.0
393.8010752688172
597.8571428571429
612
612
464.76075268817203
203.65277777777777
119.83870967741936
84.38709677419355
50.227777777777774
40.026881720430104
40.0
47.266129032258064
139.71774193548387
275.4166666666667
612
431.4527777777778
221.002688172043
106.92777777777778
64.72043010752688
42.104838709677416
40.00555555555555
40.0
40.0
40.0
506.98118279569894
612
612
612
612
274.2583333333333
158.44086021505376
111.55913978494624
67.33888888888889
40.11290322580645
51.56111111111111
112.87096774193549
235.4758064516129
474.9613095238095
438.10752688172045
312.61944444444447
173.33870967741936
101.96111111111111
70.78494623655914
47.63978494623656
40.022222222222226
40.0
40.0
40.0
185.03225806451613
315.32440476190476
513.9247311827957
612
397.0967741935484
171.36944444444444
97.9274193548387
65.42204301075269
40.12222222222222
40.0
40.0
40.0
215.69086021505376
343.6279761904762
580.9086021505376
514.5277777777778
325.8494623655914
152.17777777777778
88.90053763440861
59.276881720430104
40.07222222222222
40.0
40.0
40.0
201.43279569892474
350.57440476190476
315.21505376344084
227.33333333333334
106.33870967741936
56.452777777777776
40.06989247311828
40.0
40.0
40.0
40.0
40.0
