252
252
252
252
252
252
252
252
252
252
252
252
252
252
252
161.06944444444446
252
78.375
179.11290322580646
191.90860215053763
252
252
252
252
252
252
185.0
252
252
165.49444444444444
252
193.5994623655914
252
252
252
252
252
252
208.752688172043
202.66944444444445
252
91.80833333333334
252
222.08602150537635
252
252
252
252
252
252
252
149.425
252
75.98055555555555
60.17741935483871
239.6720430107527
252
252
252
184.00806451612902
120.5241935483871
209.5952380952381
201.76075268817203
166.73611111111111
252
75.55
62.18010752688172
198.2768817204301
252
252
252
252
252
252
157.1505376344086
85.61111111111111
149.71236559139786
54.044444444444444
252
123.23655913978494
42.26111111111111
36.873655913978496
42.672222222222224
50.56182795698925
99.15053763440861
241.95238095238096
252
252
252
252
252
238.71505376344086
252
252
252
252
252
252
252
139.94166666666666
252
76.48055555555555
149.14247311827958
184.40860215053763
252
252
252
252
252
252
134.6263440860215
115.55
252
55.21666666666667
85.95967741935483
252
252
140.90860215053763
39.91111111111111
52.166666666666664
87.8010752688172
135.92857142857142
221.25537634408602
165.3138888888889
252
73.84166666666667
58.755376344086024
216.31182795698925
252
252
252
215.50537634408602
122.8763440860215
202.0625
252
166.1638888888889
252
59.72222222222222
51.166666666666664
210.63709677419354
252
252
252
139.55107526881721
132.4811827956989
199.99404761904762
252
213.33333333333334
252
81.16111111111111
65.95161290322581
252
252
252
252
252
252
252
252
252
252
99.7611111111111
252
223.59139784946237
252
252
252
252
252
252
252
165.025
252
71.96388888888889
59.19892473118279
206.57258064516128
252
252
252
252
252
252
0.0
252
252
252
252
252
252
252
252
252
252
252
252
130.8527777777778
252
70.53055555555555
61.02956989247312
231.34139784946237
252
252
252
56.22849462365591
102.75806451612904
135.25892857142858
192.28225806451613
220.45277777777778
252
91.12777777777778
69.11290322580645
193.2983870967742
252
252
252
252
252
252
252
190.44444444444446
252
85.44166666666666
66.41935483870968
250.21505376344086
252
252
252
252
252
168.29464285714286
252
105.85555555555555
252
57.91388888888889
231.63709677419354
252
67.78611111111111
39.83064516129032
42.38611111111111
59.225806451612904
