346.51881720430106
317.5
358.46774193548384
345.72222222222223
346.51881720430106
487.0
487.0
334.5698924731183
321.02777777777777
322.6209677419355
246.94444444444446
274.8252688172043
274.8252688172043
330.7291666666667
298.7231182795699
259.2916666666667
322.6209677419355
333.375
322.6209677419355
310.6720430107527
234.59722222222223
215.08064516129033
222.25
238.9784946236559
262.8763440860215
330.7291666666667
334.5698924731183
259.2916666666667
322.6209677419355
321.02777777777777
322.6209677419355
334.5698924731183
308.68055555555554
215.08064516129033
234.59722222222223
238.9784946236559
262.8763440860215
330.7291666666667
310.6720430107527
197.55555555555554
322.6209677419355
333.375
322.6209677419355
322.6209677419355
283.9861111111111
215.08064516129033
222.25
238.9784946236559
274.8252688172043
330.7291666666667
215.08064516129033
148.16666666666666
322.6209677419355
111.125
191.18279569892474
215.08064516129033
222.25
215.08064516129033
222.25
227.02956989247312
286.7741935483871
330.7291666666667
262.8763440860215
172.86111111111111
322.6209677419355
246.94444444444446
250.92741935483872
215.08064516129033
222.25
215.08064516129033
222.25
238.9784946236559
238.9784946236559
291.0416666666667
83.64247311827957
74.08333333333333
155.33602150537635
49.388888888888886
203.13172043010752
203.13172043010752
222.25
203.13172043010752
209.90277777777777
227.02956989247312
167.28494623655914
238.125
322.6209677419355
333.375
322.6209677419355
333.375
322.6209677419355
322.6209677419355
296.3333333333333
215.08064516129033
222.25
238.9784946236559
322.6209677419355
330.7291666666667
322.6209677419355
197.55555555555554
322.6209677419355
321.02777777777777
334.5698924731183
250.92741935483872
222.25
215.08064516129033
209.90277777777777
227.02956989247312
238.9784946236559
304.2708333333333
155.33602150537635
111.125
334.5698924731183
49.388888888888886
203.13172043010752
215.08064516129033
209.90277777777777
203.13172043010752
222.25
227.02956989247312
95.59139784946237
132.29166666666666
227.02956989247312
160.51388888888889
322.6209677419355
123.47222222222223
203.13172043010752
215.08064516129033
222.25
203.13172043010752
222.25
227.02956989247312
238.9784946236559
198.4375
238.9784946236559
160.51388888888889
322.6209677419355
86.43055555555556
203.13172043010752
203.13172043010752
209.90277777777777
215.08064516129033
209.90277777777777
238.9784946236559
250.92741935483872
224.89583333333334
298.7231182795699
209.90277777777777
322.6209677419355
148.16666666666666
215.08064516129033
227.02956989247312
222.25
203.13172043010752
222.25
238.9784946236559
322.6209677419355
330.7291666666667
334.5698924731183
321.02777777777777
322.6209677419355
333.375
322.6209677419355
322.6209677419355
333.375
238.9784946236559
222.25
227.02956989247312
250.92741935483872
317.5
322.6209677419355
172.86111111111111
322.6209677419355
259.2916666666667
227.02956989247312
215.08064516129033
222.25
215.08064516129033
209.90277777777777
250.92741935483872
334.5698924731183
324.04761904761904
334.5698924731183
321.02777777777777
487.0
487.0
477.9569892473118
322.6209677419355
333.375
274.8252688172043
234.59722222222223
250.92741935483872
274.8252688172043
330.7291666666667
215.08064516129033
123.47222222222223
322.6209677419355
308.68055555555554
203.13172043010752
227.02956989247312
222.25
203.13172043010752
222.25
227.02956989247312
274.8252688172043
330.7291666666667
286.7741935483871
209.90277777777777
334.5698924731183
160.51388888888889
322.6209677419355
227.02956989247312
222.25
215.08064516129033
222.25
227.02956989247312
274.8252688172043
330.7291666666667
238.9784946236559
185.20833333333334
322.6209677419355
283.9861111111111
322.6209677419355
227.02956989247312
234.59722222222223
203.13172043010752
222.25
238.9784946236559
274.8252688172043
330.7291666666667
142.0
98.77777777777777
334.5698924731183
61.736111111111114
203.13172043010752
203.13172043010752
222.25
203.13172043010752
222.25
227.02956989247312
