238.0
236.0
242.0
243.0
252
252
252
252
245.0
245.0
241.0
244.0
237.0
239.0
243.0
243.0
244.0
244.0
245.0
245.0
245.0
245.0
245.0
245.0
241.0
239.0
239.0
245.0
248.0
252
252
246.0
247.0
246.0
245.0
245.0
242.0
239.0
244.0
252
244.0
252
248.0
250.0
248.0
246.0
246.0
245.0
233.0
236.0
238.0
240.0
244.0
244.0
245.0
237.66666666666666
240.88611111111112
234.06182795698925
242.28055555555557
244.99462365591398
238.0
233.0
237.0
245.0
249.0
245.0
235.11290322580646
216.86290322580646
239.30833333333334
232.95430107526883
245.96666666666667
246.0
238.0
237.0
237.80107526881721
96.61666666666666
147.747311827957
144.73611111111111
145.00806451612902
193.94354838709677
211.4388888888889
183.88709677419354
42.03611111111111
49.56182795698925
98.15053763440861
235.58928571428572
248.0
241.0
249.0
252
251.0
250.0
248.0
246.0
245.0
245.0
239.0
241.0
249.0
250.0
246.0
252
247.0
247.0
247.0
246.0
245.0
246.0
243.0
240.0
241.0
190.76944444444445
246.70430107526883
221.05555555555554
172.88172043010752
201.21236559139786
225.68055555555554
217.23655913978496
156.11944444444444
51.446236559139784
86.8010752688172
135.92857142857142
192.54569892473117
208.82222222222222
249.88978494623655
218.79722222222222
195.38172043010752
204.04032258064515
226.96666666666667
226.51075268817203
236.72222222222223
244.9784946236559
123.84139784946237
202.0625
197.9784946236559
164.73333333333332
244.78494623655914
216.51666666666668
189.86021505376345
195.50806451612902
221.4
220.3548387096774
238.825
244.98387096774192
195.21236559139786
205.84821428571428
227.1021505376344
212.11111111111111
248.9005376344086
252
235.38172043010752
228.69623655913978
235.4138888888889
244.03225806451613
245.99444444444444
246.0
243.0
238.0
250.0
252
252
252
252
252
247.0
246.0
246.0
246.0
250.0
241.0
252
246.0
249.0
252
252
225.4220430107527
236.42777777777778
229.61021505376345
241.69722222222222
245.98655913978496
249.0
252
252
252
252
252
252
252
249.0
246.0
246.0
246.0
239.0
239.0
252
251.0
244.0
245.0
245.0
244.36290322580646
232.71666666666667
231.6236559139785
244.9638888888889
245.0
238.0
242.0
241.0
240.0
252.0
252
236.31720430107526
218.66129032258064
246.92222222222222
235.0779569892473
244.96666666666667
245.0
243.0
238.0
249.0
218.0
245.0
252
249.5994623655914
197.42741935483872
231.05833333333334
235.15322580645162
243.66944444444445
244.997311827957
235.0
243.0
237.0
169.58055555555555
245.61827956989248
175.18333333333334
213.80107526881721
181.94086021505376
219.98333333333332
220.40860215053763
236.19722222222222
245.9731182795699
