1131.5806451612902
963.4642857142857
919.7096774193549
1022.7
1305.6774193548388
1383.0
1373.1935483870968
1085.3548387096773
757.1666666666666
503.93548387096774
369.6666666666667
404.7096774193548
542.0967741935484
690.4285714285714
866.0645161290323
1142.7666666666667
1356.1612903225807
1351.1
1134.967741935484
848.7741935483871
602.5333333333333
399.0967741935484
267.6
263.0
347.2258064516129
470.5
661.483870967742
932.5666666666667
1267.967741935484
1387.0
1286.483870967742
978.0645161290323
689.4333333333333
455.7096774193548
308.8333333333333
303.2903225806452
405.2258064516129
574.6071428571429
1050.0
1404.0
1356.0
1421.0
1398.0
1418.0
1409.0
1402.0
1396.2
1119.516129032258
886.5483870967741
833.2857142857143
855.0967741935484
875.7
890.9032258064516
898.5666666666667
808.6129032258065
624.3225806451613
439.96666666666664
279.741935483871
179.63333333333333
187.19354838709677
289.3225806451613
452.35714285714283
804.4516129032259
1208.0666666666666
1388.0
1376.7
1165.225806451613
837.0645161290323
569.8
356.64516129032256
230.93333333333334
250.74193548387098
370.1290322580645
504.0357142857142
631.4193548387096
721.5666666666667
758.1290322580645
716.2333333333333
592.1935483870968
443.2258064516129
301.1333333333333
170.06451612903226
93.0
121.74193548387096
226.48387096774192
366.82142857142856
568.258064516129
953.6666666666666
1359.9354838709678
1486.0
1418.0
1321.516129032258
919.4
582.3225806451613
365.26666666666665
308.4193548387097
369.38709677419354
502.1428571428572
734.6774193548387
1030.3666666666666
1148.5806451612902
983.2
725.1935483870968
508.5806451612903
331.76666666666665
181.80645161290323
89.4
101.3225806451613
186.48387096774192
288.9642857142857
406.03225806451616
588.8
753.9032258064516
712.7
537.0645161290323
372.8709677419355
229.53333333333333
102.2258064516129
26.033333333333335
56.54838709677419
163.51612903225808
282.2142857142857
392.7096774193548
487.06666666666666
572.483870967742
563.4666666666667
448.741935483871
320.2258064516129
198.13333333333333
83.3225806451613
13.966666666666667
45.483870967741936
158.96774193548387
321.39285714285717
507.4516129032258
700.3666666666667
910.3870967741935
1011.2333333333333
883.0
643.3548387096774
427.0
249.32258064516128
138.9
141.96774193548387
259.64516129032256
451.67857142857144
877.6129032258065
1263.2
1374.0
1597.0
1428.0
1432.0
1400.3
1048.258064516129
669.6
501.8709677419355
506.1290322580645
617.1785714285714
933.9032258064516
1339.2333333333333
1425.0
1402.0
1430.0
1535.0
1357.7333333333333
947.3870967741935
604.8
459.0
459.06451612903226
530.4642857142857
660.0
1090.7666666666667
1380.0
1433.0
1433.0
1268.0967741935483
871.2333333333333
547.258064516129
329.5
270.80645161290323
359.61290322580646
538.1428571428571
983.8709677419355
1385.0333333333333
1442.0
1448.0
1578.0
1483.0
1415.0
1378.5483870967741
1022.7333333333333
769.516129032258
707.6129032258065
728.2142857142857
822.7741935483871
1033.3
1294.9354838709678
1381.0
1354.3870967741937
1075.032258064516
751.6
487.38709677419354
312.4
271.35483870967744
347.16129032258067
500.5
739.3548387096774
1109.9666666666667
1403.483870967742
1499.0
1441.0
1399.0
1411.0
1137.7096774193549
737.3333333333334
551.3870967741935
542.3225806451613
652.6071428571429
1010.9677419354839
1176.0
1339.0
1497.0
1443.0
1429.0
1403.0
1405.0
1408.0
1267.1612903225807
1007.8709677419355
926.0
978.9677419354839
1084.7666666666667
1169.741935483871
1175.6666666666667
1020.8064516129032
767.3225806451613
535.9333333333333
333.93548387096774
196.76666666666668
194.58064516129033
