334.5698924731183
330.7291666666667
418.2123655913978
333.375
334.5698924731183
370.4166666666667
487.0
322.6209677419355
321.02777777777777
262.8763440860215
209.90277777777777
227.02956989247312
238.9784946236559
343.9583333333333
334.5698924731183
333.375
334.5698924731183
395.1111111111111
322.6209677419355
286.7741935483871
172.86111111111111
167.28494623655914
185.20833333333334
203.13172043010752
227.02956989247312
343.9583333333333
346.51881720430106
333.375
334.5698924731183
345.72222222222223
322.6209677419355
322.6209677419355
222.25
167.28494623655914
185.20833333333334
203.13172043010752
227.02956989247312
343.9583333333333
334.5698924731183
333.375
334.5698924731183
333.375
382.36559139784947
286.7741935483871
222.25
167.28494623655914
185.20833333333334
191.18279569892474
227.02956989247312
330.7291666666667
334.5698924731183
271.6388888888889
346.51881720430106
222.25
203.13172043010752
167.28494623655914
172.86111111111111
167.28494623655914
172.86111111111111
191.18279569892474
250.92741935483872
343.9583333333333
346.51881720430106
333.375
334.5698924731183
246.94444444444446
179.23387096774192
179.23387096774192
185.20833333333334
167.28494623655914
185.20833333333334
191.18279569892474
203.13172043010752
251.35416666666666
262.8763440860215
222.25
203.13172043010752
222.25
191.18279569892474
167.28494623655914
197.55555555555554
107.54032258064517
37.041666666666664
47.795698924731184
95.59139784946237
238.125
334.5698924731183
333.375
322.6209677419355
333.375
322.6209677419355
310.6720430107527
185.20833333333334
167.28494623655914
185.20833333333334
191.18279569892474
286.7741935483871
343.9583333333333
334.5698924731183
333.375
334.5698924731183
333.375
322.6209677419355
191.18279569892474
172.86111111111111
155.33602150537635
185.20833333333334
179.23387096774192
203.13172043010752
264.5833333333333
298.7231182795699
296.3333333333333
322.6209677419355
209.90277777777777
191.18279569892474
179.23387096774192
172.86111111111111
179.23387096774192
185.20833333333334
95.59139784946237
83.64247311827957
132.29166666666666
262.8763440860215
358.06944444444446
334.5698924731183
271.6388888888889
203.13172043010752
179.23387096774192
185.20833333333334
179.23387096774192
172.86111111111111
47.795698924731184
119.48924731182795
198.4375
346.51881720430106
345.72222222222223
334.5698924731183
234.59722222222223
179.23387096774192
179.23387096774192
185.20833333333334
179.23387096774192
111.125
59.744623655913976
119.48924731182795
198.4375
334.5698924731183
333.375
334.5698924731183
308.68055555555554
191.18279569892474
179.23387096774192
185.20833333333334
167.28494623655914
172.86111111111111
203.13172043010752
286.7741935483871
330.7291666666667
334.5698924731183
345.72222222222223
334.5698924731183
395.1111111111111
322.6209677419355
322.6209677419355
197.55555555555554
167.28494623655914
172.86111111111111
191.18279569892474
215.08064516129033
277.8125
358.46774193548384
345.72222222222223
334.5698924731183
234.59722222222223
191.18279569892474
167.28494623655914
172.86111111111111
167.28494623655914
172.86111111111111
203.13172043010752
322.6209677419355
343.9583333333333
346.51881720430106
407.4583333333333
487.0
487.0
466.008064516129
322.6209677419355
321.02777777777777
203.13172043010752
197.55555555555554
203.13172043010752
227.02956989247312
330.7291666666667
334.5698924731183
271.6388888888889
334.5698924731183
209.90277777777777
191.18279569892474
179.23387096774192
172.86111111111111
167.28494623655914
172.86111111111111
191.18279569892474
238.9784946236559
291.0416666666667
346.51881720430106
358.06944444444446
334.5698924731183
296.3333333333333
203.13172043010752
167.28494623655914
185.20833333333334
167.28494623655914
172.86111111111111
191.18279569892474
238.9784946236559
304.2708333333333
358.46774193548384
321.02777777777777
334.5698924731183
259.2916666666667
250.92741935483872
179.23387096774192
172.86111111111111
167.28494623655914
172.86111111111111
191.18279569892474
238.9784946236559
304.2708333333333
274.8252688172043
234.59722222222223
322.6209677419355
222.25
179.23387096774192
167.28494623655914
172.86111111111111
167.28494623655914
185.20833333333334
191.18279569892474
