111.0
319.0
466.3333333333333
612
612
389.0388888888889
204.05107526881721
203.0
203.0
212.0
207.0
205.0
200.0
251.0
432.3252688172043
418.4194444444444
225.7258064516129
207.04722222222222
209.0
210.0
205.0
206.0
194.0
168.0
169.0
276.0
315.0
603.8777777777777
339.98924731182797
207.5361111111111
202.0
202.0
215.0
205.0
189.0
174.0
173.0
239.0
336.0
390.9888888888889
365.4301075268817
205.7861111111111
206.0
206.0
204.0
197.0
191.0
160.0
196.0
242.0
315.0
207.0
203.0
203.0
202.0
200.0
196.0
181.0
184.0
175.0
126.0
241.0
315.0
218.0
206.0
205.0
201.0
176.0
174.0
155.0
88.0
174.0
155.0
247.0
274.0
159.0
189.0
159.0
170.0
189.0
92.70833333333333
40.0
40.0
40.0
70.25806451612904
218.0
315.0
211.0
456.4758064516129
212.54722222222222
203.0188172043011
203.0
202.0
203.0
201.0
193.0
176.0
229.0
517.4623655913979
345.35277777777776
203.54032258064515
201.0
199.0
201.0
202.0
189.0
191.0
200.0
148.0
184.0
315.0
196.0
181.0
171.0
160.0
190.0
215.0
177.70698924731184
40.0
40.0
43.44086021505376
116.0
315.0
207.0
191.0
142.0
174.0
185.0
202.0
226.0
130.66666666666666
40.0
40.0
218.0
315.0
206.0
185.0
152.0
178.0
173.0
169.0
216.0
141.8111111111111
54.93817204301075
100.94354838709677
235.0
315.0
207.0
204.0
205.0
198.0
134.0
156.0
83.0
88.0
187.0
127.0
267.0
315.0
612
464.76075268817203
206.6888888888889
203.0
203.0
205.0
200.0
187.0
165.0
174.0
226.0
315.0
211.0
204.0
205.0
206.0
206.0
202.0
198.0
152.0
169.0
169.0
401.0833333333333
612
612
612
274.25555555555553
203.24462365591398
203.0
203.0
204.0
189.0
194.0
191.0
228.0
315.0
205.0
203.0
203.0
203.0
202.0
173.0
140.0
158.0
187.0
154.0
237.0
318.0
214.0
205.0
209.0
206.0
204.0
197.0
144.0
191.0
65.0
172.0
255.0
315.0
215.0
205.0
206.0
205.0
203.0
202.0
138.0
179.0
63.0
194.0
274.0
315.0
209.0
199.0
188.0
180.0
161.0
183.0
180.0
208.0
219.0
