373.0
1231.392857142857
1097.6451612903227
190.0
119.0
119.0
117.0
117.0
117.0
119.0
119.0
119.0
151.0
2040
2040
227.0
118.0
118.0
117.0
116.0
117.0
118.0
119.0
119.0
160.0
2040
2040
235.0
119.0
119.0
119.0
119.0
119.0
119.0
120.0
120.0
169.0
2040
2040
214.0
125.0
126.0
120.0
120.0
120.0
120.0
120.0
120.0
161.0
2040
2040
262.0
120.0
120.0
120.0
120.0
120.0
120.0
120.0
120.0
173.0
2040
2040
268.0
120.0
120.0
119.0
119.0
119.0
120.0
120.0
120.0
176.0
2040
2040
247.0
118.0
117.0
117.0
117.0
118.0
119.0
120.0
120.0
171.0
2040
1643.248
220.0
121.0
120.0
120.0
120.0
120.0
120.0
120.0
120.0
170.0
2040
2040
252.0
120.0
120.0
120.0
120.0
120.0
120.0
120.0
120.0
168.0
2040
1813.1192258064516
281.0
119.0
118.0
118.0
119.0
118.0
119.0
120.0
120.0
159.0
1746.3031428571428
1339.8064516129032
197.0
108.0
105.0
101.0
107.0
107.0
111.0
117.0
118.0
119.0
1391.107142857143
1215.774193548387
187.0
110.0
103.0
106.0
97.0
109.0
112.0
116.0
118.0
127.0
2040
1971.5460645161288
191.0
119.0
119.0
115.0
114.0
117.0
116.0
118.0
119.0
149.0
2040
2040
213.0
120.0
119.0
119.0
118.0
119.0
119.0
119.0
120.0
150.0
2040
2040
228.0
119.0
118.0
117.0
115.0
116.0
117.0
119.0
119.0
150.0
2040
2040
197.0
120.0
120.0
120.0
120.0
120.0
120.0
120.0
120.0
165.0
2040
2040
279.0
120.0
120.0
120.0
120.0
120.0
120.0
120.0
120.0
166.0
2040
2040
268.0
123.0
709.0333333333333
1246.483870967742
531.516129032258
149.43333333333334
120.0
120.0
120.0
235.7741935483871
2040
2040
276.93333333333334
2040
2040
1437.4193548387098
541.4516129032259
150.93333333333334
120.0
120.0
120.0
248.09677419354838
2040
2040
246.0
120.0
120.0
120.0
120.0
120.0
120.0
120.0
120.0
