69.0
40.0
612
612
612
389.0388888888889
192.83602150537635
155.13709677419354
155.0
159.0
160.0
158.0
51.73924731182796
540.1160714285714
570.5322580645161
418.4222222222222
225.7231182795699
155.29444444444445
156.0
161.0
159.0
158.0
161.0
164.0
40.0
40.0
612
612
339.991935483871
155.1472222222222
155.0
155.0
157.0
160.0
159.0
164.0
40.0
264.58035714285717
566.266129032258
559.9111111111112
365.4301075268817
173.49444444444444
155.0483870967742
157.0
157.0
159.0
159.0
161.0
40.0
69.05952380952381
364.7043010752688
374.4916666666667
209.19354838709677
163.15277777777777
160.0
159.0
161.0
160.0
165.0
167.0
40.0
40.0
463.36290322580646
437.1333333333333
234.88709677419354
158.29166666666666
158.0
158.0
159.0
163.0
162.0
169.0
40.0
40.0
127.0
40.0
148.0
187.0
181.0
175.0
166.0
161.0
161.0
157.0
40.0
40.0
327.53494623655916
612
528.5752688172043
212.54722222222222
155.19623655913978
155.0
157.0
157.0
160.0
158.0
40.0
498.4940476190476
612
345.35
135.97043010752688
154.0
156.0
159.0
157.0
158.0
162.0
161.0
40.0
40.0
315.0
40.0
181.0
204.0
195.0
184.0
164.0
160.0
160.0
158.0
40.0
40.0
315.0
40.0
271.0
253.0
236.0
211.0
189.0
175.0
165.0
161.0
40.0
40.0
315.0
40.0
260.0
265.0
245.0
225.0
182.0
177.0
167.0
159.0
40.0
40.0
315.0
40.0
188.64247311827958
204.61666666666667
184.0
168.0
171.0
163.0
161.0
158.0
40.0
157.51190476190476
612
612
464.76075268817203
203.65277777777777
155.16129032258064
155.0
157.0
158.0
158.0
159.0
40.0
40.0
535.491935483871
431.4527777777778
221.002688172043
159.20833333333334
158.0
162.0
161.0
161.0
159.0
160.0
40.0
612
612
612
612
274.25555555555553
158.44086021505376
155.00806451612902
156.0
157.0
158.0
158.0
40.0
256.4761904761905
438.10483870967744
312.61944444444447
173.34139784946237
162.02777777777777
161.0
159.0
162.0
160.0
165.0
164.0
40.0
40.0
315.0
467.48055555555555
397.0940860215054
171.37222222222223
162.0215053763441
161.0
160.0
160.0
161.0
166.0
40.0
40.0
394.1693548387097
514.5305555555556
325.8494623655914
163.9361111111111
159.0
159.0
158.0
157.0
157.0
163.0
40.0
40.0
315.0
40.0
94.0
160.0
163.0
158.0
162.0
165.0
161.0
164.0
