406.0860215053763
251.35416666666666
286.7741935483871
234.59722222222223
369.6666666666667
487.0
487.0
368.4166666666667
356.1361111111111
95.11827956989248
159.71944444444443
178.34677419354838
203.13172043010752
330.7291666666667
203.13172043010752
469.19444444444446
381.8494623655914
368.5
332.76344086021504
95.13978494623656
98.28888888888889
83.22849462365592
122.88888888888889
154.6720430107527
191.18279569892474
330.7291666666667
286.7741935483871
197.55555555555554
382.02150537634407
454.38055555555553
368.4166666666667
308.994623655914
85.98333333333333
83.22849462365592
122.86111111111111
154.6720430107527
203.13172043010752
370.4166666666667
203.13172043010752
370.4166666666667
381.8494623655914
368.5833333333333
356.53225806451616
261.51612903225805
85.98333333333333
83.22849462365592
122.86111111111111
154.6021505376344
191.18279569892474
330.7291666666667
131.43817204301075
123.47222222222223
370.1666666666667
356.5388888888889
154.56720430107526
83.22849462365592
98.31111111111112
71.35483870967742
122.94444444444444
142.80645161290323
227.02956989247312
343.9583333333333
179.23387096774192
135.81944444444446
369.6666666666667
368.6666666666667
285.35483870967744
83.20967741935483
86.00277777777778
83.26612903225806
122.91666666666667
154.74193548387098
167.28494623655914
238.125
47.795698924731184
37.041666666666664
83.64247311827957
0.0
71.45161290322581
107.12903225806451
110.625
83.22849462365592
135.1472222222222
130.75806451612902
203.13172043010752
357.1875
346.51881720430106
271.6388888888889
369.1666666666667
368.6666666666667
356.53225806451616
368.4166666666667
171.96666666666667
71.3225806451613
135.1472222222222
142.6451612903226
250.92741935483872
383.6458333333333
227.02956989247312
456.84722222222223
381.93548387096774
368.5
202.08064516129033
83.22849462365592
85.98333333333333
71.3225806451613
122.88888888888889
130.81720430107526
167.28494623655914
238.125
119.48924731182795
61.736111111111114
286.7741935483871
0.0
107.29838709677419
131.0241935483871
122.88888888888889
95.11827956989248
122.86111111111111
142.6451612903226
179.23387096774192
264.5833333333333
167.28494623655914
123.47222222222223
334.5698924731183
0.0
215.08064516129033
179.07258064516128
172.39444444444445
130.93548387096774
147.46666666666667
154.56720430107526
227.02956989247312
330.7291666666667
155.33602150537635
123.47222222222223
298.7231182795699
0.0
191.18279569892474
191.18279569892474
172.27777777777777
142.8709677419355
147.5
166.41935483870967
238.9784946236559
317.5
215.08064516129033
172.86111111111111
358.46774193548384
12.330555555555556
142.96774193548387
130.8763440860215
122.94444444444444
83.24731182795699
135.1472222222222
154.53225806451613
262.8763440860215
343.9583333333333
262.8763440860215
345.72222222222223
369.5833333333333
487.0
380.3010752688172
368.4166666666667
147.4
83.20967741935483
122.83333333333333
142.67741935483872
167.28494623655914
251.35416666666666
262.8763440860215
123.47222222222223
369.5833333333333
368.6666666666667
285.35483870967744
83.24731182795699
86.00277777777778
83.22849462365592
122.86111111111111
166.45698924731184
286.7741935483871
487.0
430.16129032258067
432.15277777777777
487.0
487.0
451.60752688172045
356.53225806451616
270.23333333333335
83.20967741935483
135.11666666666667
154.53225806451613
191.18279569892474
317.5
143.38709677419354
296.3333333333333
382.2795698924731
331.95
118.9247311827957
83.22849462365592
98.31111111111112
71.33870967741936
135.23888888888888
142.7741935483871
203.13172043010752
264.5833333333333
179.23387096774192
172.86111111111111
382.19354838709677
368.9166666666667
368.75
154.6021505376344
98.28888888888889
83.24731182795699
122.88888888888889
142.80645161290323
203.13172043010752
277.8125
203.13172043010752
148.16666666666666
369.5833333333333
368.9166666666667
368.5833333333333
130.78763440860214
98.28888888888889
83.20967741935483
110.55
154.63709677419354
191.18279569892474
277.8125
107.54032258064517
61.736111111111114
286.5806451612903
0.0
23.79032258064516
71.33870967741936
86.02222222222223
83.28494623655914
122.88888888888889
142.7741935483871
