252
247.57738095238096
252
238.075
252
252
252
252
154.65
78.80913978494624
136.06666666666666
158.36021505376345
175.57258064516128
252
252
252
252
252
184.5
76.15591397849462
79.69166666666666
70.10215053763442
105.25555555555556
131.16935483870967
168.02956989247312
252
252
252
252
252
252
88.46774193548387
75.89722222222223
63.123655913978496
106.71111111111111
127.74731182795699
171.6451612903226
252
252
252
252
252
252
115.58333333333333
74.67222222222222
61.564516129032256
102.31944444444444
123.74462365591398
174.0779569892473
252
204.1720430107527
215.54166666666666
252
252
158.69892473118279
63.43279569892473
66.76944444444445
56.376344086021504
96.31666666666666
115.09408602150538
191.19354838709677
252
251.84677419354838
181.60555555555555
252
252
187.45698924731184
65.56989247311827
70.31388888888888
59.263440860215056
104.725
121.84139784946237
144.36290322580646
191.31845238095238
122.33333333333333
40.68611111111111
87.81989247311827
14.022222222222222
65.96774193548387
56.41935483870968
65.18888888888888
54.854838709677416
98.53055555555555
113.53494623655914
169.13440860215053
252
252
252
252
252
252
155.24193548387098
74.80555555555556
60.68279569892473
103.38333333333334
123.54838709677419
231.43548387096774
252
252
252
252
252
77.95967741935483
60.33870967741935
65.525
55.424731182795696
96.64166666666667
112.62096774193549
133.90860215053763
211.13988095238096
185.6720430107527
73.82777777777778
252
0.8027777777777778
63.85752688172043
54.973118279569896
62.94166666666667
51.526881720430104
94.5111111111111
115.13440860215054
157.78763440860214
233.82440476190476
250.56451612903226
126.525
252
67.74444444444444
95.61290322580645
83.91666666666667
95.06666666666666
72.8252688172043
114.74166666666666
128.0483870967742
197.36290322580646
252
252
127.05
252
155.575
85.1989247311828
81.12903225806451
82.375
88.56451612903226
109.91944444444445
133.66129032258064
209.1290322580645
252
252
176.4638888888889
252
252
252
72.5
77.73055555555555
66.38172043010752
101.14444444444445
133.46236559139786
233.73655913978496
252
252
252
252
252
252
149.08064516129033
77.675
64.01612903225806
103.25833333333334
122.04301075268818
146.83333333333334
221.2470238095238
252
126.02222222222223
252
252
170.6209677419355
65.00537634408602
71.56944444444444
60.905913978494624
101.73611111111111
140.9758064516129
252
252
252
252
252
252
252
228.63440860215053
110.8
66.04301075268818
112.19166666666666
133.6505376344086
175.64247311827958
252
223.31720430107526
252
252
252
121.6774193548387
64.39247311827957
67.86666666666666
56.943548387096776
102.43888888888888
117.5725806451613
172.74462365591398
233.1547619047619
245.3548387096774
183.71666666666667
252
252
252
110.11290322580645
72.65
58.50806451612903
101.20555555555555
119.89247311827957
175.8763440860215
241.67261904761904
252
152.26111111111112
252
252
252
87.60483870967742
70.45
58.494623655913976
98.70555555555555
121.23924731182795
173.68010752688173
243.77678571428572
189.95698924731184
62.71111111111111
252
61.91388888888889
67.63978494623656
54.86290322580645
61.40833333333333
53.70967741935484
95.24722222222222
121.19354838709677
