2051.0
2073.0
1719.0
1621.0
1621.0
1558.0
1527.0
1509.0
1503.0
1501.0
1527.0
1509.0
2050.0
1943.0
1683.0
1645.0
1603.0
1565.0
1536.0
1516.0
1512.0
1505.0
1501.0
1498.0
1947.0
2106.0
2179.0
1713.0
1580.0
1556.0
1520.0
1514.0
1503.0
1501.0
1499.0
1497.0
2029.0
2201.0
2000.0
1650.0
1665.0
1546.0
1553.0
1505.0
1503.0
1503.0
1495.0
1497.0
2260
2090.0
1935.0
1795.0
1594.0
1579.0
1535.0
1517.0
1511.0
1507.0
1504.0
1502.0
1971.0
2258.0
2251.0
1950.0
1615.0
1587.0
1546.0
1525.0
1515.0
1504.0
1501.0
1497.0
2003.0
2106.0
2092.0
1838.0
1790.1236559139784
954.9944444444444
755.6021505376344
616.239247311828
572.7055555555555
336.89247311827955
165.78333333333333
1409.532258064516
1988.8333333333333
2260
1922.0
1895.0
1619.0
1439.0
1509.0
1487.0
1497.0
1500.0
1496.0
1494.0
2084.0
2093.0
1696.0
1637.0
1581.0
1499.0
1517.0
1512.0
1501.0
1498.0
1498.0
1069.965053763441
601.9354838709677
1171.0654761904761
1750.3870967741937
1116.2694444444444
1083.2016129032259
948.2027777777778
694.1155913978495
546.2096774193549
431.72222222222223
318.39247311827955
224.51944444444445
241.99193548387098
636.9543010752689
1888.0892857142858
1991.986559139785
1973.0
1169.4354838709678
811.3
626.983870967742
492.23118279569894
400.4277777777778
305.41129032258067
264.1666666666667
447.38978494623655
1101.4543010752689
2193.723214285714
2127.0
1815.8666666666666
1246.3198924731182
1197.8527777777779
1008.4596774193549
779.3897849462365
588.675
450.52150537634407
390.09444444444443
1197.1263440860216
2162.201612903226
2260
1942.0
1919.0
1675.0
1322.0
1507.0
1472.0
1495.0
1496.0
1500.0
1497.0
2082.0
2260
2119.0
1750.0
1584.0
1556.0
1483.0
1335.0
1500.0
1500.0
1498.0
1496.0
1841.0
1887.0
1880.0
1751.0
1635.0
1535.0
1493.0
1510.0
1504.0
1501.0
1498.0
1036.516129032258
1797.0806451612902
2165.0803571428573
1616.0
1627.0
1576.0
1484.0
1290.0
1407.0
1493.0
1501.0
1497.0
1495.0
1957.0
1985.0
1762.0
1653.0
1645.0
1577.0
1559.0
1521.0
1514.0
1507.0
1501.0
1499.0
2113.0
2168.0
2260
2055.0
1588.0
1455.0
1470.0
1520.0
1492.0
1499.0
1501.0
1498.0
1980.0
2260
2040.0
2153.0
1749.0
1499.0
1499.0
1481.0
1506.0
1500.0
1491.0
1497.0
2260
2130.0
2260
1998.0
1606.0
1673.0
1582.0
1551.0
1524.0
1514.0
1497.0
1497.0
