471.0
2260
2260
864.0
400.0
376.0
377.0
377.0
376.0
376.0
377.0
377.0
1733.0
2260
2260
1233.0
409.0
375.0
376.0
376.0
376.0
375.0
376.0
373.0
1477.0
2260
2260
1070.0
411.0
375.0
376.0
375.0
376.0
376.0
375.0
376.0
1508.0
2260
2260
1303.0
419.0
377.0
377.0
377.0
377.0
376.0
377.0
480.4569892473118
2260
2260
2260
2030.4222222222222
2045.5833333333333
786.95
422.4301075268817
381.7956989247312
475.025
404.6693548387097
375.1388888888889
523.0456989247311
1237.7930107526881
2260
2260
1442.0
425.0
376.0
376.0
376.0
376.0
376.0
375.0
376.0
1335.0
2260
2260
988.0
400.0
370.0
375.0
359.0
373.0
374.0
364.0
367.0
739.0
2260
2260
1104.0
411.0
377.0
376.0
376.0
377.0
377.0
376.0
372.0
1675.0
2260
2260
1320.0
424.0
377.0
377.0
376.0
375.0
376.0
366.0
365.0
1270.0
2260
2260
1013.0
396.0
371.0
363.0
362.0
372.0
364.0
369.0
352.0
607.0
1852.0
2195.0
767.0
388.0
368.0
371.0
368.0
355.0
372.0
374.0
368.0
569.0
1732.0
2260
813.0
380.0
367.0
370.0
373.0
375.0
373.0
347.0
369.0
671.0
2260
2260
1065.0
414.0
374.0
375.0
375.0
374.0
375.0
375.0
375.0
1461.0
2260
2260
1263.0
421.0
377.0
376.0
377.0
376.0
377.0
376.0
373.0
2043.0
2260
2260
1184.0
416.0
376.0
375.0
376.0
376.0
374.0
375.0
375.0
1623.0
2260
1330.0
831.0
415.0
377.0
383.0403225806452
831.252688172043
703.325
588.8467741935484
780.6833333333333
1004.502688172043
2252.4489247311826
2260
2260
1625.0
421.0
377.0
377.0
377.0
377.0
376.0
679.4972222222223
1153.8360215053763
1885.9086021505377
2260
2260
1502.0
423.0
377.0
377.0
377.0
377.0
377.0
377.0
376.0
1876.0
2260
2260
1348.0
420.0
377.0
376.0
376.0
377.0
376.0
375.0
374.0
2260
2260
2260
1660.0
436.0
377.0
377.0
373.0
376.0
375.0
351.0
366.0
