406.26344086021504
251.35416666666666
274.8252688172043
283.9861111111111
487.0
487.0
487.0
406.26344086021504
296.3333333333333
274.8252688172043
296.3333333333333
346.51881720430106
477.9569892473118
487.0
487.0
160.51388888888889
370.4166666666667
86.43055555555556
167.28494623655914
203.13172043010752
271.6388888888889
262.8763440860215
271.6388888888889
322.6209677419355
477.9569892473118
487.0
191.18279569892474
345.72222222222223
406.26344086021504
172.86111111111111
358.46774193548384
191.18279569892474
271.6388888888889
274.8252688172043
271.6388888888889
322.6209677419355
442.11021505376345
487.0
203.13172043010752
209.90277777777777
406.26344086021504
98.77777777777777
286.7741935483871
215.08064516129033
296.3333333333333
262.8763440860215
271.6388888888889
358.46774193548384
487.0
487.0
274.8252688172043
148.16666666666666
370.4166666666667
74.08333333333333
59.744623655913976
238.9784946236559
296.3333333333333
310.6720430107527
333.375
179.23387096774192
119.48924731182795
211.66666666666666
203.13172043010752
172.86111111111111
370.4166666666667
74.08333333333333
59.744623655913976
203.13172043010752
271.6388888888889
262.8763440860215
283.9861111111111
334.5698924731183
430.16129032258067
291.0416666666667
155.33602150537635
86.43055555555556
143.38709677419354
61.736111111111114
262.8763440860215
119.48924731182795
49.388888888888886
35.846774193548384
37.041666666666664
59.744623655913976
95.59139784946237
238.125
346.51881720430106
370.4166666666667
466.008064516129
296.3333333333333
487.0
238.9784946236559
283.9861111111111
262.8763440860215
271.6388888888889
310.6720430107527
487.0
487.0
442.11021505376345
135.81944444444446
346.51881720430106
74.08333333333333
155.33602150537635
179.23387096774192
259.2916666666667
262.8763440860215
271.6388888888889
298.7231182795699
394.31451612903226
487.0
131.43817204301075
123.47222222222223
334.5698924731183
49.388888888888886
95.59139784946237
274.8252688172043
321.02777777777777
143.38709677419354
37.041666666666664
59.744623655913976
83.64247311827957
132.29166666666666
227.02956989247312
160.51388888888889
382.36559139784947
74.08333333333333
59.744623655913976
215.08064516129033
283.9861111111111
298.7231182795699
321.02777777777777
227.02956989247312
119.48924731182795
198.4375
370.4166666666667
172.86111111111111
346.51881720430106
61.736111111111114
47.795698924731184
215.08064516129033
283.9861111111111
286.7741935483871
333.375
143.38709677419354
131.43817204301075
198.4375
322.6209677419355
209.90277777777777
418.2123655913978
74.08333333333333
71.69354838709677
250.92741935483872
271.6388888888889
262.8763440860215
271.6388888888889
322.6209677419355
487.0
487.0
286.7741935483871
407.4583333333333
442.11021505376345
98.77777777777777
466.008064516129
227.02956989247312
271.6388888888889
262.8763440860215
283.9861111111111
334.5698924731183
487.0
487.0
406.26344086021504
160.51388888888889
370.4166666666667
74.08333333333333
59.744623655913976
203.13172043010752
283.9861111111111
286.7741935483871
283.9861111111111
358.46774193548384
394.31451612903226
463.0208333333333
0.0
487.0
487.0
487.0
487.0
286.7741935483871
283.9861111111111
262.8763440860215
283.9861111111111
382.36559139784947
487.0
487.0
358.46774193548384
135.81944444444446
358.46774193548384
74.08333333333333
59.744623655913976
227.02956989247312
345.72222222222223
346.51881720430106
296.3333333333333
59.744623655913976
107.54032258064517
132.29166666666666
191.18279569892474
222.25
418.2123655913978
98.77777777777777
59.744623655913976
203.13172043010752
283.9861111111111
274.8252688172043
271.6388888888889
358.46774193548384
487.0
357.1875
394.31451612903226
185.20833333333334
406.26344086021504
86.43055555555556
59.744623655913976
250.92741935483872
308.68055555555554
262.8763440860215
296.3333333333333
394.31451612903226
286.7741935483871
171.97916666666666
310.6720430107527
111.125
334.5698924731183
61.736111111111114
227.02956989247312
394.31451612903226
61.736111111111114
47.795698924731184
37.041666666666664
59.744623655913976
