784.0
1087.0357142857142
1000.1612903225807
976.0
747.0
734.0
734.0
734.0
734.0
734.0
734.0
734.0
1002.3225806451615
992.5357142857143
1064.2903225806451
1154.0
750.0
734.0
734.0
734.0
734.0
734.0
723.3333333333334
611.1612903225806
570.7741935483871
616.5357142857143
756.7741935483871
987.4333333333333
752.0
734.0
734.0
734.0
734.0
734.0
734.0
709.0645161290323
669.8064516129032
747.8214285714286
1175.7096774193549
1190.0
755.0
734.0
734.0
734.0
734.0
734.0
734.0
734.0
1552.0
2040
1618.1290322580646
1321.3666666666666
756.0
734.0
734.0
734.0
733.6
566.1935483870968
357.7
300.0967741935484
361.0967741935484
498.60714285714283
834.1612903225806
1206.0333333333333
758.0
734.0
734.0
734.0
734.0
734.0
631.8
509.9032258064516
536.2258064516129
612.2857142857143
701.3548387096774
764.2
747.0
725.2333333333333
604.516129032258
439.80645161290323
285.8333333333333
148.0
71.13333333333334
104.7741935483871
214.03225806451613
357.35714285714283
560.8064516129032
936.4
751.0
734.0
734.0
734.0
734.0
734.0
734.0
735.0
960.3870967741935
890.5
990.0
1165.9333333333334
758.0
734.0
734.0
731.0967741935484
546.3333333333334
308.0
162.96666666666667
146.0
213.8709677419355
305.7142857142857
415.5806451612903
592.3333333333334
737.258064516129
702.2
532.258064516129
356.6774193548387
204.03333333333333
71.80645161290323
2.933333333333333
34.29032258064516
146.09677419354838
269.4642857142857
382.4516129032258
477.8
562.7096774193549
551.8333333333334
432.6774193548387
297.2258064516129
168.33333333333334
50.354838709677416
0.0
21.677419354838708
137.6451612903226
306.10714285714283
495.61290322580646
690.5
740.0
732.0
733.0
732.6774193548387
560.6
323.4516129032258
179.0
165.29032258064515
273.4193548387097
459.67857142857144
882.258064516129
1073.0
753.0
734.0
734.0
734.0
734.0
734.0
734.0
734.0
1268.0
1599.642857142857
1581.967741935484
1170.0
756.0
734.0
734.0
734.0
734.0
734.0
734.0
735.0
1551.0
1691.4728571428573
1430.5483870967741
1132.0
754.0
734.0
734.0
734.0
734.0
734.0
734.0
734.0
1316.2903225806451
1197.8214285714287
1201.9032258064517
958.0
753.0
734.0
734.0
734.0
734.0
734.0
734.0
734.0
1645.1999999999998
2040
1641.0756129032256
1348.0
756.0
734.0
734.0
734.0
734.0
734.0
734.0
735.0
1071.1612903225807
976.8928571428571
1052.516129032258
1253.4666666666667
757.0
734.0
734.0
734.0
734.0
734.0
734.0
734.0
1470.0
1676.344857142857
1672.150193548387
1212.0
756.0
734.0
734.0
734.0
734.0
734.0
734.0
735.0
1652.032
2040
1753.0165161290324
1366.0
763.0
734.0
734.0
735.0
734.0
734.0
714.1666666666666
570.4516129032259
