252
252
252
252
252
252
252
252
252
252
235.08333333333334
252
252
252
252
252
252
252
252
252
221.86111111111111
210.86559139784947
208.26666666666668
229.16397849462365
245.11290322580646
252
252
252
252
252
252
252
252
201.88709677419354
223.66944444444445
226.7741935483871
243.90322580645162
252
252
252
252
252
252
252
252
205.31989247311827
208.32777777777778
214.76344086021504
248.25
252
252
252
252
252
216.0215053763441
202.43817204301075
207.84444444444443
194.1478494623656
195.3361111111111
191.13440860215053
252
252
252
252
252
252
221.03763440860214
206.30645161290323
209.37222222222223
174.1236559139785
180.75833333333333
172.89247311827958
119.99462365591398
241.51488095238096
190.25
252
252
168.01388888888889
189.90322580645162
152.65591397849462
170.07222222222222
178.59677419354838
93.56388888888888
50.68279569892473
98.15322580645162
241.95238095238096
252
252
252
252
252
252
252
201.44354838709677
207.39166666666668
220.54301075268816
252
252
252
252
252
252
252
252
203.51111111111112
194.18817204301075
201.63888888888889
196.65591397849462
209.06182795698925
252
240.69623655913978
246.74722222222223
252
204.7138888888889
181.98655913978496
164.68817204301075
159.62222222222223
179.23387096774192
210.45
186.93279569892474
87.1263440860215
135.92559523809524
193.94086021505376
233.9361111111111
252
252
202.63978494623655
144.40322580645162
177.31666666666666
176.59677419354838
198.725
234.97043010752688
209.46236559139786
202.29166666666666
169.61290322580646
252
252
218.1888888888889
189.06720430107526
147.36021505376345
177.98888888888888
164.4811827956989
165.925
232.54032258064515
230.002688172043
216.7470238095238
252
252
252
252
252
208.54301075268816
205.45277777777778
131.4220430107527
156.12222222222223
107.66397849462365
205.25537634408602
252
252
252
252
252
252
252
252
227.2284946236559
209.25277777777777
217.05107526881721
217.15322580645162
252
252
252
252
252
216.0483870967742
203.99193548387098
211.6472222222222
197.68010752688173
200.75277777777777
229.9784946236559
252
252
252
252
252
252
252
252
252
252
217.19166666666666
231.6505376344086
247.8978494623656
252
252
252
252
252
216.86827956989248
203.71774193548387
209.97222222222223
196.70967741935485
178.5361111111111
153.66397849462365
214.9220430107527
252
252
252
252
252
252
213.8279569892473
216.63611111111112
200.2741935483871
200.23055555555555
160.0241935483871
249.92741935483872
171.76488095238096
252
252
252
252
252
210.09677419354838
213.52777777777777
199.25806451612902
203.7111111111111
155.40322580645162
236.1290322580645
171.63095238095238
252
252
252
248.53333333333333
202.1263440860215
181.94623655913978
180.80833333333334
154.58333333333334
181.2138888888889
196.20698924731184
