252
252
252
252
252
252
252
252
252
252
205.0888888888889
225.3521505376344
234.11021505376345
252
252
252
252
252
252
252
181.1611111111111
167.94086021505376
180.25555555555556
198.1747311827957
228.497311827957
252
252
252
252
252
252
252
221.64166666666668
167.94623655913978
182.71944444444443
196.752688172043
232.11827956989248
252
252
252
252
252
252
252
224.24444444444444
166.49193548387098
178.33055555555555
191.75
233.58602150537635
252
252
252
252
225.25277777777777
198.05645161290323
172.05376344086022
174.2722222222222
166.18279569892474
175.33055555555555
187.09677419354838
251.63978494623655
252
252
252
252
245.04166666666666
187.06182795698925
176.81720430107526
185.0638888888889
166.09677419354838
183.73055555555555
193.84408602150538
207.74193548387098
249.6904761904762
252
221.77777777777777
209.83064516129033
214.65555555555557
195.002688172043
166.61559139784947
193.3111111111111
113.27688172043011
37.875
46.56182795698925
95.14784946236558
240.94940476190476
252
252
252
252
252
252
182.91944444444445
166.50806451612902
179.3972222222222
192.55107526881721
252
252
252
252
252
252
252
187.0994623655914
170.98333333333332
162.24193548387098
176.64166666666668
186.6209677419355
195.39247311827958
252
252
252
252
210.6611111111111
187.9811827956989
175.75806451612902
180.76666666666668
176.29569892473117
189.50833333333333
89.28225806451613
83.89784946236558
134.92261904761904
252
252
252
252
200.66666666666666
175.63978494623655
186.125
177.61559139784947
174.25833333333333
48.395161290322584
119.48387096774194
201.05654761904762
252
252
252
232.9611111111111
183.08602150537635
178.6209677419355
188.88611111111112
169.48924731182797
115.675
54.87903225806452
128.29032258064515
198.98809523809524
252
252
252
252
187.8494623655914
182.91129032258064
177.0361111111111
167.20430107526883
175.15
203.46236559139786
252
252
252
252
252
252
252
252
188.7722222222222
166.84677419354838
178.26666666666668
194.03494623655914
208.28225806451613
252
252
252
252
234.0361111111111
192.06720430107526
166.84139784946237
171.88333333333333
159.73924731182797
172.75
206.9731182795699
252
252
252
252
252
252
252
252
252
204.2768817204301
190.19444444444446
201.66129032258064
235.1451612903226
252
252
252
252
220.14166666666668
181.93548387096774
180.9731182795699
173.33055555555555
167.74193548387098
181.45555555555555
189.5752688172043
235.15322580645162
252
252
252
252
252
195.03763440860214
176.66129032258064
176.87222222222223
169.30376344086022
177.23055555555555
191.88709677419354
237.3252688172043
252
252
252
252
252
248.07258064516128
182.28494623655914
175.84444444444443
166.30376344086022
175.71944444444443
190.24462365591398
234.15591397849462
252
252
242.60833333333332
252
218.34444444444443
177.20967741935485
165.01344086021504
176.11944444444444
168.51344086021504
182.24722222222223
197.20430107526883
