93.0
384.0
228.0
216.0
750.3037634408602
1290.0222222222221
1257.8548387096773
1111.6370967741937
1064.411111111111
1074.1129032258063
1021.4388888888889
1345.752688172043
1923.0376344086021
2204.1785714285716
2041.1129032258063
1649.6944444444443
1308.3010752688172
1127.6638888888888
1023.6801075268817
973.7311827956989
885.975
707.8790322580645
597.2333333333333
685.7231182795699
1168.6612903225807
2260
2260
2035.9583333333333
1374.6397849462367
1146.8472222222222
1017.2258064516129
973.8225806451613
927.2166666666667
742.0
619.0916666666667
680.2930107526881
1417.3709677419354
2260
2260
2260
1748.1612903225807
1265.9472222222223
1064.6720430107528
976.9193548387096
933.3888888888889
919.1317204301075
1043.8777777777777
2073.0967741935483
2260
2260
2260
2260
2260
1334.4166666666667
922.7043010752689
830.3306451612904
960.4833333333333
897.0860215053764
742.6722222222222
702.8548387096774
1291.1666666666667
1787.970238095238
1634.0376344086021
1534.2444444444445
1322.4193548387098
1278.4555555555555
1121.486559139785
1017.5241935483871
994.0611111111111
765.5215053763441
625.7083333333334
743.4032258064516
1155.0430107526881
1223.4345238095239
1139.733870967742
1607.9722222222222
1174.0672043010752
827.5694444444445
587.6505376344086
366.10215053763443
313.11944444444447
202.01344086021504
198.0
899.1881720430108
2260
2260
2260
2260
2124.5806451612902
1290.2583333333334
1191.279569892473
1115.0591397849462
1013.2861111111112
1014.513440860215
948.3833333333333
1128.8306451612902
1766.3709677419354
2260
2260
2258.5916666666667
1551.8924731182797
1265.2055555555555
1010.5564516129032
633.0268817204301
401.15555555555557
235.1451612903226
206.2888888888889
304.48655913978496
497.26612903225805
993.7470238095239
1571.1155913978494
1226.8277777777778
980.0241935483871
788.9083333333333
493.491935483871
282.11021505376345
194.26666666666668
195.0
193.0
201.0
427.1639784946237
1489.0267857142858
2240.9247311827958
1797.7555555555555
1134.8709677419354
732.5694444444445
418.75
224.20698924731184
186.0
187.0
190.0
195.0
671.1317204301075
2260
2188.4435483870966
1533.4888888888888
1197.997311827957
1001.1166666666667
780.7983870967741
550.0188172043011
378.975
260.0725806451613
201.28333333333333
789.6586021505376
2260
2260
2260
2254.6805555555557
1493.2956989247311
1184.5166666666667
938.8225806451613
834.1290322580645
864.5666666666667
924.4274193548387
1044.4416666666666
1239.747311827957
1993.3279569892472
2260
2260
2260
1768.3360215053763
1303.5472222222222
1109.4489247311828
1046.2903225806451
973.0666666666667
970.6182795698925
1082.0972222222222
1234.2016129032259
1338.6209677419354
1766.1220238095239
2070.25
1803.111111111111
1356.489247311828
1083.0972222222222
892.9435483870968
808.8897849462365
841.5944444444444
917.002688172043
1049.0166666666667
1416.005376344086
2075.6935483870966
2260
2260
2260
2260
2063.2638888888887
1549.0430107526881
1225.524193548387
1174.2111111111112
1075.4435483870968
1107.1972222222223
1239.266129032258
1707.1908602150538
2260
2260
2002.9555555555555
1492.3145161290322
1262.2972222222222
1127.1344086021506
1023.5725806451613
1020.8111111111111
976.3870967741935
1141.838888888889
1387.260752688172
1813.3198924731182
2194.1190476190477
2260
2260
1631.9408602150538
1372.2472222222223
1165.032258064516
1020.4596774193549
1029.236111111111
982.7016129032259
1143.3444444444444
1455.02688172043
1913.1102150537633
1613.830357142857
2260
2260
1640.6290322580646
1348.2583333333334
1018.9784946236559
842.4569892473119
964.7083333333334
978.1532258064516
1054.3694444444445
1527.744623655914
2205.4086021505377
2260
2260
1795.9277777777777
1169.4274193548388
997.8833333333333
825.5967741935484
765.3037634408602
810.5194444444444
891.1935483870968
1133.3416666666667
1451.3655913978494
