203.0
2260
2260
161.0
31.0
31.0
41.0
40.0
41.0
32.0
29.0
26.0
135.0
2260
2260
225.0
34.0
35.0
40.0
49.0
41.0
35.0
28.0
27.0
120.0
2260
2260
220.0
29.0
27.0
29.0
29.0
28.0
28.0
26.0
26.0
123.0
2260
2260
184.0
31.0
33.0
25.0
26.0
26.0
25.0
25.0
25.0
808.6801075268817
2260
2260
1205.975
1116.6048387096773
222.775
25.0
25.0
25.0
25.0
25.0
25.0
608.9193548387096
2260
2260
277.0
26.0
26.0
27.0
27.0
26.0
26.0
25.0
25.0
138.0
2260
2260
259.0
36.0
43.0
45.0
42.0
37.0
30.0
27.0
26.0
120.0
2260
2260
195.0
26.0
26.0
26.0
26.0
26.0
26.0
25.0
25.0
142.0
2260
2260
260.28055555555557
516.0887096774194
193.625
27.473118279569892
25.0
25.0
25.0
25.0
25.0
157.7715053763441
2260
2260
307.0
33.0
35.0
38.0
33.0
35.0
29.0
27.0
26.0
145.0
2260
2260
198.0
96.0
116.0
137.0
102.0
105.0
77.0
44.0
33.0
219.0
2260
2260
206.0
86.0
128.0
107.0
166.0
90.0
69.0
47.0
37.0
190.0
2260
2260
147.0
29.0
32.0
56.0
60.0
43.0
45.0
35.0
29.0
173.0
2260
2260
184.0
26.0
26.0
28.0
33.0
29.0
27.0
27.0
26.0
186.0
2260
2260
219.0
29.0
35.0
42.0
53.0
45.0
39.0
30.0
27.0
179.0
2260
2260
155.0
25.0
25.0
25.0
26.0
25.0
25.0
25.0
25.0
122.0
2260
2260
294.0
26.0
25.0
25.0
25.0
25.0
25.0
25.0
25.0
198.8951612903226
2260
2260
275.0
29.0
28.0
837.5672043010753
435.1317204301075
81.12222222222222
27.478494623655912
25.730555555555554
371.1801075268817
1018.0537634408602
2260
2260
220.0
1521.3978494623657
2260
1840.5483870967741
332.2258064516129
25.0
25.0
25.0
337.1290322580645
1296.534946236559
2260
2260
237.4611111111111
26.0
25.0
25.0
25.0
25.0
25.0
25.0
25.0
