235.0
238.0
414.9059139784946
612
612
389.0388888888889
247.57258064516128
247.0
247.0
247.0
247.0
246.0
239.0
241.0
315.0
256.4222222222222
246.89247311827958
245.0
245.0
245.0
243.0
243.0
242.0
242.0
185.0
217.0
315.0
308.9611111111111
339.991935483871
246.29722222222222
245.0
245.0
244.0
243.0
242.0
244.0
187.0
225.0
315.0
247.0
247.0
247.0
247.0
247.0
247.0
247.0
247.0
246.0
245.0
247.0
315.0
247.0
247.0
247.0
247.0
247.0
247.0
247.0
196.975
42.516129032258064
240.45967741935485
241.0
315.0
244.0
245.0
244.0
244.0
244.0
245.0
129.59677419354838
40.0
68.84677419354838
121.77956989247312
166.10714285714286
127.23924731182795
170.9388888888889
97.35752688172043
55.28888888888889
40.0
40.0
40.0
40.0
40.0
40.0
80.30645161290323
218.0
315.0
245.0
392.69354838709677
248.49722222222223
246.0
246.0
246.0
246.0
245.0
246.0
228.0
236.0
315.0
247.0
247.0
246.0
246.0
245.0
243.0
242.0
241.0
241.0
179.0
204.0
315.0
228.0
236.0
230.0
93.05913978494624
40.0
40.0
40.0
40.0
40.0
53.33870967741935
124.0
315.0
221.0
218.0
223.0
221.0
229.0
232.0
49.314516129032256
40.0
40.0
109.0752688172043
151.0
315.0
214.0
227.0
230.0
234.0
227.0
222.37777777777777
40.0
40.0
40.0
157.38172043010752
229.0
315.0
245.0
245.0
245.0
242.0
243.0
243.0
242.0
244.0
188.53225806451613
226.7311827956989
236.0
315.0
247.0
247.0
247.0
247.0
246.0
246.0
246.0
246.0
246.0
232.0
236.0
315.0
243.0
245.0
245.0
244.0
244.0
242.0
243.0
243.0
150.84408602150538
211.5483870967742
235.0
556.3252688172043
612
612
274.25555555555553
247.06720430107526
247.0
247.0
247.0
247.0
247.0
243.0
245.0
315.0
247.0
247.0
247.0
247.0
247.0
247.0
247.0
247.0
245.88709677419354
216.39247311827958
242.85714285714286
315.0
246.0
247.0
247.0
246.0
246.0
246.0
246.0
41.58611111111111
55.13172043010753
226.84408602150538
240.95833333333334
315.0
247.0
247.0
247.0
247.0
246.0
246.0
136.90860215053763
40.0
49.56720430107527
219.54032258064515
243.8720238095238
315.0
247.0
201.65591397849462
66.63055555555556
48.204301075268816
40.03225806451613
40.0
40.0
40.0
40.0
