1131.9032258064517
962.1428571428571
918.1612903225806
1020.3666666666667
1121.774193548387
1119.0
1125.0
1128.0
965.0
633.483870967742
449.43333333333334
455.4193548387097
574.2258064516129
711.1785714285714
879.258064516129
1122.0
1159.0
1185.0
1192.1935483870968
957.1935483870968
665.6333333333333
433.2903225806452
285.23333333333335
272.8709677419355
353.1290322580645
473.85714285714283
663.0645161290323
932.6
1144.3870967741937
1163.0
1194.0
1102.9032258064517
780.8
508.0322580645161
338.1
320.80645161290323
416.06451612903226
581.2142857142857
1026.3548387096773
1110.0
1108.0
1109.0
1112.0
1120.0
1135.0
1129.0
1128.0
1140.0
1187.0
1123.0
1113.0
1106.0
1105.0
1105.0
1029.6451612903227
767.9677419354839
525.5
327.8709677419355
205.76666666666668
202.3548387096774
298.51612903225805
457.82142857142856
807.5806451612904
1180.6666666666667
1174.0
1212.0
1212.0
949.7741935483871
634.7
390.80645161290323
248.13333333333333
260.5483870967742
375.8709677419355
507.2142857142857
632.8709677419355
721.1
755.9677419354839
712.3333333333334
585.483870967742
431.7741935483871
285.1666666666667
151.38709677419354
75.76666666666667
108.48387096774194
217.0
359.9642857142857
563.258064516129
949.4
1111.0
1127.0
1148.0
1159.0
1147.5333333333333
837.6129032258065
525.5
410.48387096774195
434.61290322580646
544.6071428571429
762.1612903225806
1040.9666666666667
1134.0
997.1666666666666
729.3548387096774
503.51612903225805
319.3333333333333
164.58064516129033
72.26666666666667
87.87096774193549
176.96774193548387
281.89285714285717
400.5483870967742
583.7666666666667
748.9032258064516
706.8
527.8387096774194
358.4193548387097
209.66666666666666
79.09677419354838
6.633333333333334
39.903225806451616
151.1290322580645
273.17857142857144
385.93548387096774
481.03333333333336
566.6129032258065
556.9
439.258064516129
305.741935483871
178.43333333333334
60.41935483870968
1.0
28.387096774193548
144.83870967741936
311.5
500.1935483870967
694.3666666666667
905.1290322580645
1006.0666666666666
876.0645161290323
632.2903225806451
411.1
230.51612903225808
121.13333333333334
128.38709677419354
250.19354838709677
444.85714285714283
872.8709677419355
1169.8333333333333
1182.0
1203.0
1294.0
1254.0
1265.0
1268.3225806451612
949.9666666666667
682.2258064516129
621.9354838709677
692.9642857142857
983.0322580645161
1124.0
1115.0
1114.0
1124.0
1153.0
1145.0
1163.0
1092.9
806.8064516129032
682.9354838709677
677.4285714285714
756.4516129032259
1116.5333333333333
1174.0
1193.0
1224.0
1212.0
1142.6
727.0
440.03333333333336
340.2903225806452
403.80645161290323
566.7857142857143
994.6129032258065
1114.0
1112.0
1114.0
1121.0
1126.0
1122.0
1126.0
1133.0
1129.0
1248.225806451613
1156.392857142857
1108.258064516129
1127.2
1113.0
1117.0
1116.0
1123.0
1066.8666666666666
724.4193548387096
460.93333333333334
365.8709677419355
407.4516129032258
539.8571428571429
764.7096774193549
1089.8333333333333
1129.0
1122.0
1138.0
1145.0
1159.0
1151.0
1131.3666666666666
910.4516129032259
773.3225806451613
804.25
1109.516129032258
1123.0
1111.0
1118.0
1128.0
1137.0
1138.0
1144.0
1141.0
1130.0
1383.0
1216.0
1143.0
1111.0
1123.0
1126.0
1121.0
1134.9354838709678
882.9333333333333
551.0322580645161
331.73333333333335
280.258064516129
