238.9784946236559
238.125
238.9784946236559
246.94444444444446
394.31451612903226
487.0
487.0
262.8763440860215
234.59722222222223
250.92741935483872
234.59722222222223
250.92741935483872
238.9784946236559
238.125
238.9784946236559
246.94444444444446
238.9784946236559
246.94444444444446
238.9784946236559
250.92741935483872
246.94444444444446
238.9784946236559
246.94444444444446
250.92741935483872
238.9784946236559
238.125
238.9784946236559
246.94444444444446
238.9784946236559
259.2916666666667
250.92741935483872
250.92741935483872
246.94444444444446
238.9784946236559
246.94444444444446
250.92741935483872
238.9784946236559
238.125
250.92741935483872
246.94444444444446
250.92741935483872
246.94444444444446
250.92741935483872
250.92741935483872
246.94444444444446
250.92741935483872
234.59722222222223
250.92741935483872
227.02956989247312
238.125
238.9784946236559
246.94444444444446
238.9784946236559
246.94444444444446
238.9784946236559
238.9784946236559
246.94444444444446
227.02956989247312
246.94444444444446
238.9784946236559
238.9784946236559
238.125
238.9784946236559
246.94444444444446
238.9784946236559
246.94444444444446
238.9784946236559
215.08064516129033
234.59722222222223
238.9784946236559
246.94444444444446
238.9784946236559
238.9784946236559
238.125
238.9784946236559
98.77777777777777
143.38709677419354
148.16666666666666
143.38709677419354
191.18279569892474
222.25
179.23387096774192
37.041666666666664
59.744623655913976
95.59139784946237
238.125
238.9784946236559
246.94444444444446
250.92741935483872
259.2916666666667
250.92741935483872
250.92741935483872
246.94444444444446
250.92741935483872
246.94444444444446
238.9784946236559
238.9784946236559
238.125
250.92741935483872
246.94444444444446
250.92741935483872
246.94444444444446
250.92741935483872
250.92741935483872
246.94444444444446
238.9784946236559
246.94444444444446
250.92741935483872
238.9784946236559
238.125
238.9784946236559
197.55555555555554
250.92741935483872
209.90277777777777
179.23387096774192
203.13172043010752
222.25
215.08064516129033
160.51388888888889
47.795698924731184
83.64247311827957
145.52083333333334
191.18279569892474
209.90277777777777
250.92741935483872
209.90277777777777
203.13172043010752
203.13172043010752
222.25
227.02956989247312
234.59722222222223
250.92741935483872
119.48924731182795
198.4375
203.13172043010752
160.51388888888889
250.92741935483872
209.90277777777777
191.18279569892474
203.13172043010752
209.90277777777777
227.02956989247312
234.59722222222223
250.92741935483872
191.18279569892474
211.66666666666666
227.02956989247312
209.90277777777777
250.92741935483872
283.9861111111111
238.9784946236559
227.02956989247312
234.59722222222223
238.9784946236559
246.94444444444446
250.92741935483872
238.9784946236559
238.125
250.92741935483872
259.2916666666667
250.92741935483872
259.2916666666667
298.7231182795699
262.8763440860215
246.94444444444446
250.92741935483872
246.94444444444446
250.92741935483872
238.9784946236559
251.35416666666666
250.92741935483872
246.94444444444446
250.92741935483872
259.2916666666667
250.92741935483872
227.02956989247312
234.59722222222223
227.02956989247312
246.94444444444446
250.92741935483872
238.9784946236559
264.5833333333333
394.31451612903226
259.2916666666667
487.0
487.0
477.9569892473118
262.8763440860215
246.94444444444446
250.92741935483872
246.94444444444446
238.9784946236559
238.9784946236559
251.35416666666666
250.92741935483872
246.94444444444446
238.9784946236559
246.94444444444446
250.92741935483872
238.9784946236559
234.59722222222223
227.02956989247312
246.94444444444446
250.92741935483872
238.9784946236559
238.125
238.9784946236559
246.94444444444446
250.92741935483872
271.6388888888889
227.02956989247312
227.02956989247312
246.94444444444446
227.02956989247312
246.94444444444446
250.92741935483872
238.9784946236559
238.125
250.92741935483872
209.90277777777777
250.92741935483872
271.6388888888889
250.92741935483872
191.18279569892474
234.59722222222223
238.9784946236559
234.59722222222223
250.92741935483872
238.9784946236559
238.125
238.9784946236559
172.86111111111111
238.9784946236559
172.86111111111111
215.08064516129033
179.23387096774192
222.25
227.02956989247312
234.59722222222223
238.9784946236559
