252
252
252
252
252
252
252
252
252
252
250.0638888888889
252
252
252
252
252
252
252
252
252
230.1861111111111
216.86021505376345
220.24444444444444
240.16397849462365
252
252
252
252
252
252
252
252
252
215.86559139784947
225.69722222222222
239.74462365591398
252
252
252
200.67777777777778
252
252
252
252
252
215.30107526881721
221.3111111111111
235.73924731182797
252
252
213.6720430107527
147.15555555555557
252
106.975
201.72043010752688
214.84408602150538
222.38333333333333
210.11827956989248
217.30277777777778
228.09139784946237
252
252
252
164.74166666666667
252
252
245.76075268817203
216.91397849462365
224.9361111111111
213.002688172043
223.7138888888889
234.83333333333334
244.6236559139785
252
75.71236559139786
83.41666666666667
146.71774193548387
52.041666666666664
204.5779569892473
205.56182795698925
215.65
205.59677419354838
216.51944444444445
227.5215053763441
156.50537634408602
242.10714285714286
252
252
252
252
252
252
252
214.4220430107527
222.375
235.54032258064515
252
252
252
188.9611111111111
252
252
252
252
221.14166666666668
209.16666666666666
217.625
225.61827956989248
235.16666666666666
252
154.00537634408602
114.60277777777777
252
59.925
202.5483870967742
206.04032258064515
215.46666666666667
205.26344086021504
215.49444444444444
227.13440860215053
97.78494623655914
135.95238095238096
222.59677419354838
163.325
252
115.70277777777778
209.2258064516129
212.68817204301075
221.87222222222223
207.5779569892473
215.74444444444444
228.02956989247312
235.64247311827958
202.36309523809524
237.69086021505376
163.83333333333334
252
74.41388888888889
203.6290322580645
207.0188172043011
217.375
207.4005376344086
215.86666666666667
234.65591397849462
249.4811827956989
221.41369047619048
252
211.3
252
147.20555555555555
217.4220430107527
219.04301075268816
224.1027777777778
210.14247311827958
217.11944444444444
240.46505376344086
252
252
252
252
252
252
252
252
252
239.3548387096774
221.24444444444444
235.03225806451613
247.09677419354838
252
252
162.86111111111111
252
252
229.9811827956989
214.53763440860214
222.0638888888889
208.66129032258064
216.725
248.97043010752688
252
252
252
252
252
252
252
252
252
252
231.18055555555554
244.6478494623656
252
252
210.9731182795699
128.40277777777777
252
252
209.56720430107526
216.13978494623655
223.48055555555555
210.68548387096774
221.43055555555554
230.56451612903226
252
252
252
218.67222222222222
252
166.9611111111111
252
222.48387096774192
227.05
212.247311827957
220.19722222222222
232.88440860215053
252
252
237.57258064516128
188.025
252
252
252
230.26075268817203
224.97222222222223
212.23387096774192
219.69166666666666
234.23655913978496
252
252
145.15860215053763
104.41666666666667
252
63.03333333333333
204.7258064516129
206.8951612903226
217.0222222222222
208.4516129032258
216.23333333333332
235.18817204301075
