419.247311827957
251.35416666666666
361.6666666666667
328.75
487.0
487.0
487.0
487.0
311.5888888888889
239.1505376344086
268.6111111111111
280.741935483871
305.59139784946234
185.20833333333334
397.13709677419354
155.28333333333333
487.0
429.8888888888889
228.81182795698925
228.752688172043
236.37777777777777
228.81182795698925
236.37777777777777
260.01344086021504
292.13709677419354
211.66666666666666
360.4166666666667
319.64444444444445
385.4166666666667
487.0
353.6182795698925
239.21236559139786
236.37777777777777
218.3548387096774
247.1861111111111
259.9462365591398
292.4274193548387
185.20833333333334
409.16129032258067
222.16666666666666
385.31720430107526
397.5444444444444
363.9247311827957
228.752688172043
236.37777777777777
228.752688172043
236.37777777777777
259.9462365591398
297.7983870967742
119.0625
360.5
156.95555555555555
343.66129032258067
53.72222222222222
228.752688172043
218.3548387096774
225.63333333333333
218.3548387096774
236.4388888888889
249.61290322580646
310.502688172043
277.8125
320.3709677419355
156.29444444444445
354.258064516129
64.48333333333333
218.3548387096774
218.3548387096774
236.37777777777777
218.3548387096774
247.1861111111111
249.5483870967742
269.0860215053763
251.35416666666666
131.43817204301075
77.07777777777778
125.03225806451613
43.01111111111111
208.01075268817203
218.69354838709677
225.69166666666666
114.40591397849462
32.266666666666666
41.623655913978496
94.93548387096774
238.17857142857142
330.1290322580645
331.0833333333333
437.2741935483871
322.3333333333333
487.0
239.1505376344086
236.37777777777777
218.3548387096774
236.37777777777777
260.01344086021504
348.4731182795699
185.20833333333334
389.6290322580645
200.05
487.0
343.8222222222222
207.95698924731184
218.3548387096774
236.4388888888889
207.95698924731184
236.5611111111111
249.80645161290323
257.741935483871
291.0416666666667
178.42741935483872
110.13888888888889
312.5806451612903
32.25833333333333
218.63709677419354
218.63709677419354
225.75
218.58064516129033
86.0
52.096774193548384
73.55645161290323
133.83333333333334
233.42741935483872
152.79444444444445
354.258064516129
118.34166666666667
228.93010752688173
218.5241935483871
236.80555555555554
218.46774193548387
236.4388888888889
83.24731182795699
115.79569892473118
206.125
267.5483870967742
153.41666666666666
333.93548387096774
86.06666666666666
228.93010752688173
218.46774193548387
225.69166666666666
208.01075268817203
236.92777777777778
104.03225806451613
126.35483870967742
199.76190476190476
310.7903225806452
198.35
385.4166666666667
64.5
228.81182795698925
218.41129032258064
236.4388888888889
218.41129032258064
236.4388888888889
260.01344086021504
356.8790322580645
198.4375
350.3225806451613
355.02222222222224
427.0833333333333
487.0
467.9032258064516
228.752688172043
247.12222222222223
218.3548387096774
236.37777777777777
260.01344086021504
275.73924731182797
132.29166666666666
330.6559139784946
243.40555555555557
354.258064516129
53.736111111111114
228.81182795698925
218.41129032258064
225.63333333333333
218.41129032258064
236.4388888888889
270.3440860215054
380.5779569892473
145.52083333333334
487.0
487.0
487.0
487.0
487.0
487.0
247.12222222222223
218.3548387096774
257.8666666666667
259.9462365591398
299.8306451612903
39.6875
398.64247311827955
179.73333333333332
333.247311827957
85.95555555555555
218.3548387096774
228.752688172043
225.63333333333333
218.3548387096774
236.37777777777777
260.01344086021504
291.1209677419355
224.89583333333334
262.8763440860215
246.09444444444443
395.8333333333333
75.21111111111111
228.752688172043
228.752688172043
236.37777777777777
218.3548387096774
236.37777777777777
249.5483870967742
307.02150537634407
158.75
250.92741935483872
289.25
374.9032258064516
64.46666666666667
228.752688172043
228.752688172043
225.63333333333333
218.3548387096774
236.37777777777777
260.01344086021504
300.1209677419355
26.458333333333332
361.8333333333333
134.96666666666667
312.66129032258067
42.977777777777774
197.55913978494624
218.41129032258064
225.63333333333333
207.95698924731184
236.86666666666667
260.14784946236557
