380.0
2260
2260
1200.0
266.0
160.0
158.0
158.0
159.0
162.0
162.0
161.0
1240.0
2260
2260
1524.0
309.0
163.0
159.0
162.0
162.0
161.0
164.0
166.0
1354.0
2260
2260
1232.0
306.0
161.0
158.0
159.0
160.0
162.0
162.0
166.0
1376.0
2260
2260
946.0
290.0
165.0
159.0
172.61559139784947
160.54166666666666
162.0
277.40555555555557
1697.505376344086
2260
2260
2260
1751.4361111111111
1999.3413978494623
997.2638888888889
301.252688172043
162.0
164.0
163.0
167.0
169.0
1338.0
2260
2260
1614.0
283.0
166.0
161.0
161.0
162.0
165.0
165.0
170.0
1406.0
2260
2260
1574.0
249.0
131.0
135.0
141.0
150.0
155.0
157.0
159.0
1006.0
2260
2260
920.0
223.0
164.0
158.0
158.0
159.0
160.0
162.0
161.0
1407.0
2260
2260
1394.0
313.0
162.0
160.0
161.0
160.0
161.0
164.0
163.0
1291.0
2260
2260
1339.0
202.0
112.0
119.0
130.0
150.0
154.0
155.0
157.0
748.0
2260
2260
997.0
94.0
60.0
76.0
102.0
124.0
139.0
149.0
153.0
610.0
2260
2260
989.0
101.0
48.0
66.0
87.0
131.0
136.0
147.0
155.0
674.0
2260
2260
1053.0
208.0
114.0
130.0
146.0
143.0
151.0
153.0
157.0
1363.0
2260
2260
1017.0
258.0
161.0
158.0
159.0
159.0
160.0
160.0
162.0
1712.0
2260
2260
1181.0
250.0
158.0
156.0
154.0
156.0
157.0
159.0
162.0
1442.0
2260
2260
932.0
192.0
159.0
159.0
158.0
160.0
161.0
161.0
161.0
1826.3817204301076
2260
2260
1924.0
325.0
205.99166666666667
336.5860215053763
174.14247311827958
164.0
163.0
493.31944444444446
1032.6989247311828
1648.4381720430108
2260
2260
1605.0
296.0
172.0
165.0
163.0
162.0
163.0
163.0
168.0
1778.0
2260
2260
1279.0
267.0
171.0
162.0
162.0
161.0
161.0
160.0
165.0
1974.0
2260
2260
1926.0
337.0
168.0
164.0
161.0
164.0
166.0
163.0
166.0
