2796.413629629629
2881.410857142857
2577.304451612903
2454.602791666667
2358.342290322581
2241.589833333333
2133.278580645161
2046.4324516129032
1993.7081
1946.867
1983.3198
2043.590580645161
2693.440451612903
2602.691678571429
2352.783225806452
2329.754366666667
2248.849483870968
2181.4911
2070.192129032258
1975.93664516129
1881.790533333334
1864.923903225806
1804.3536
1865.454677419355
2410.027774193548
2872.9705
2904.184741935484
2357.789333333333
2219.019548387097
2092.020633333333
1960.927548387097
1900.499096774194
1843.671966666667
1799.009903225806
1812.032133333333
1883.2766129032261
2466.319387096774
2932.878846153846
2800.334375
2446.175074074074
2470.427
2335.190533333333
2286.654161290323
2182.986806451613
2126.380333333333
1946.870489614984
2071.138
2133.590774193548
3010.490454545455
2932.7487499999997
2669.984451612903
2533.735566666667
2314.689967741935
2234.5341
2153.930548387097
1980.314451612903
1932.930066666667
1885.933935483871
1860.2537
1855.622
2550.550258064516
2858.7876071428573
3028.3741935483868
2692.0032
2338.0481290322577
2280.755266666666
2137.835064516129
2047.365838709677
1987.1465
1984.012451612903
1973.706066666667
2012.994935483871
2475.504451612903
2571.5555
2589.7437096774192
2306.547733333333
2172.7172688172045
1281.3625444444444
973.2853118279575
810.1717956989249
732.8438222222226
486.12350537634455
339.9663666666663
1672.765870967742
2605.9722298850575
3002.284428571429
2431.089322580645
2216.254333333333
1900.615677419355
1727.971366666667
1765.0965806451609
1723.395870967742
1712.1098
1696.643516129032
1731.103433333333
1742.20264516129
2477.756258064516
2563.1615
2082.245451612903
1993.530066666667
1882.4470000000001
1796.407366666667
1798.249290322581
1803.073064516129
1774.386566666667
1756.186580645161
1770.8314
1376.280247311828
1218.3041290322576
1707.7333333333331
2153.6312258064518
1483.2035111111113
1418.6708387096778
1271.5432777777778
1011.6302365591395
837.8546451612908
699.1709222222222
572.8426989247316
482.02864444444447
637.458064516129
1159.6248817204298
2502.723892857143
2787.288204301076
2502.91265
1884.4148750260147
1497.300016666667
1002.4758709677419
830.579666666667
713.5103111111108
606.7152580645156
550.5380333333337
900.1723010752685
1838.1664946236558
3222.318368131864
2876.907483870968
2517.5165666666667
1759.4757924731182
1882.852794444445
1635.7485806451618
1346.6362240721476
1069.3256039506168
785.256247311828
715.8157444444444
1713.4858279569896
2992.698258064516
3466.461107142857
2686.821032258064
2504.337633333333
2154.318806451613
1775.926266666667
1953.381419354839
1919.856870967742
1898.586066666667
1893.419709677419
1915.3589
2080.45135483871
3019.691225806452
3449.607928571429
3058.191612903226
2712.2186
2399.26264516129
2314.1404666666667
2179.011612903226
2039.276903225807
2100.762733333333
2090.075935483871
2077.683166666667
2108.413935483871
2507.195677419355
2707.0727500000003
2717.4972258064518
2471.169666666667
2273.525064516129
2115.7102
2108.090483870968
2077.927161290323
2032.6691
2002.985967741935
2118.690133333333
1868.685548387097
2619.580741935484
3327.4403928571473
2769.419
2567.9255000000003
2375.824290322581
2212.795933333333
1992.5175806451612
2120.1243225806447
2148.265185185185
2088.656838709678
2088.567033333333
2192.517838709677
2916.0990967741927
3040.01346428571
2673.255967741936
2504.266333333333
2406.259225806452
2336.983666666667
2279.932935483871
2210.778290322581
2179.3270666666667
2142.526903225807
2143.4195333333328
2192.503258064516
3134.04638709677
3154.499892857143
3269.203161290322
3043.460933333333
2519.673225806452
2388.697433333333
2387.206161290323
2400.422838709678
2274.6987
2213.60435483871
2234.9355
2274.728225806452
2820.29635483871
3223.761892857143
2961.543161290323
2976.572866666667
2564.8304193548393
2271.909533333334
2230.324774193548
2162.932774193548
2168.5627
2116.729451612903
2132.207166666667
2361.047516129032
3285.792290322581
2891.2675
3257.387612903226
2717.2844999999998
2254.780612903226
2313.195733333333
2224.4069032258058
2144.032709677419
2078.673333333333
2062.106838709677
2061.463433333333
2268.073516129032
