3010.413629629629
5044.410857142857
3920.304451612903
3476.602791666667
2948.342290322581
2853.589833333333
2768.278580645161
2686.432451612903
2134.221988888889
736.5686129032258
769.0253555555555
1407.2061720430106
2690.754967741935
4264.9654880952385
3132.0009677419357
2140.976588888889
1205.4193763440862
1024.8938777777778
867.3722365591398
750.0898709677416
572.4349777777784
531.7034731182791
549.9702666666667
803.5837096774195
2095.8879892473115
4850.916928571429
5036.4454946236565
2419.489333333333
1267.4630967741937
932.0650777777773
753.182924731183
671.1711397849467
584.1386333333337
450.741086021505
555.6571333333329
772.0454301075271
2642.7253010752684
4932.227060439561
5390.334375
3455.077851851852
1597.988827956989
1273.976644444444
1383.6944838709683
1404.3739032258065
972.3386666666663
568.4484466042313
793.3935555555556
2201.7547526881717
3701.1302394916916
5429.504702380952
6507.29359139785
4477.952233333333
2203.789430107526
933.4035444444444
823.4547419354841
651.4004731182794
734.4022888888892
538.4903870967742
588.9481444444444
686.7241505376344
2625.8701505376343
4446.359035714286
5162.616129032258
2076.0476444444444
1334.091139784946
1294.7691555555548
1075.821623655914
893.2099247311824
797.6687222222222
709.9775053763439
778.6338444444448
1039.8336451612904
2101.856602150537
2655.0078809523807
2696.3512365591396
2937.069955555555
890.0479139784949
506.0708777777778
445.3229462365596
366.8384623655916
380.54382222222256
252.75522580645213
379.43581111111075
1770.6341505376347
3086.17115461624
6138.3975238095245
6208.613516129032
2959.254333333333
2324.2715913978495
824.8241444444448
757.1422795698921
644.9872688172044
534.2236888888889
427.6677096774191
503.90343333333294
975.955333333333
2901.6783010752683
5309.441261904762
5024.834161290322
2143.2384
1038.9738817204302
820.1545888888893
690.7250967741938
569.2908064516129
499.0226777777782
403.9849677419352
484.3952888888889
630.1055161290321
1620.9681075268813
4627.123214285714
3929.1285376344085
1709.4090666666668
877.9235268817208
470.01272222222224
496.9555053763438
458.6342150537639
401.8875888888889
378.1491505376348
487.4314222222222
791.8586021505375
1597.6087526881718
4121.720916666667
4600.656483870968
2579.323761111111
1470.3396062088104
909.6500166666669
559.2823225806452
501.67375268817227
460.51308888888855
423.34966666666617
499.56025555555584
873.4357419354835
2264.1530537634408
6131.693368131864
4563.219311827957
2420.763788888889
1094.8010612903227
843.7277944444447
798.1383655913984
707.1281595560185
605.625603950617
454.35302150537655
528.2268555555555
1605.337978494624
3616.9052473118277
5522.145630952381
6498.724258064516
2647.4404111111107
1177.78923655914
736.6096000000003
680.0910967741938
645.4455806451614
567.3194000000003
532.2288494623652
641.2894555555556
973.1664086021508
2859.414344086022
4373.393642857143
5150.167419354839
3650.7602666666667
1705.7035053763439
2331.5099111111113
1967.6863440860218
1350.0887311827962
952.8849555555553
804.9549677419355
841.9859444444448
976.5940430107528
1567.969870967742
4447.685845238096
4363.115505376344
1991.769666666667
1785.7616236559138
2350.8796444444442
1607.1469354838712
959.919096774194
703.0441
643.3972580645157
844.4484666666664
1578.3844731182799
2885.319989247312
7276.330273809528
4001.419
3241.9255000000003
2964.824290322581
2897.795933333333
2862.517580645161
2863.1243225806447
2790.265185185185
1767.414903225807
854.2086999999997
1147.9318172043006
2995.155548387096
7242.683107142853
5109.594677419355
3522.0941111111106
1441.240408602151
1412.322555555556
1169.0028279569892
1070.8347419354843
996.6187333333337
795.5618494623661
996.8723111111108
1232.6914301075267
2443.817892473114
4040.9225119047624
5361.324129032258
3586.208155555555
2140.272688172043
3068.5946555555556
3081.206161290323
1835.1244516129038
1211.4431444444444
893.2414516129036
1091.2299444444445
1408.8868279569897
2572.320548387097
3381.249988095238
6085.70176344086
3491.2284222222224
3045.8304193548393
2942.909533333334
2893.324774193548
2831.932774193548
1672.2265888888887
781.248268817204
870.5655000000004
1660.56364516129
3237.784225806452
6137.666309523809
7428.675247311829
2597.2539444444446
1154.019860215054
751.2929555555552
796.162279569892
726.3687311827954
689.4372222222219
664.3702795698921
914.9550999999997
1403.2321182795695
