1120.413629629629
5755.410857142857
4711.304451612903
2002.6027916666671
902.342290322581
693.589833333333
561.278580645161
472.43245161290304
398.7081
360.867
532.3198
670.590580645161
1881.440451612903
4552.691678571429
4858.783225806452
2179.754366666667
861.849483870968
630.4911
489.192129032258
389.93664516129
265.790533333334
262.923903225806
372.3536
506.454677419355
1814.0277741935479
5772.9705
4293.1847419354835
1844.7893333333332
851.019548387097
545.020633333333
388.927548387097
311.499096774194
232.671966666667
195.009903225806
380.032133333333
525.276612903226
1810.3193870967739
5156.878846153846
4360.334375
1706.175074074074
1001.4270000000001
810.190533333333
695.654161290323
618.6023978494625
540.9219999999997
358.870489614984
781.5435555555556
2320.096150537634
4492.942067448681
6841.74875
5355.984451612903
2465.1716777777783
2689.0313655913974
1609.797988888889
797.18323655914
393.314451612903
322.930066666667
286.933935483871
431.2537
494.62200000000007
1914.5502580645161
5421.787607142857
5484.374193548387
2329.0032
909.048129032258
713.755266666666
552.835064516129
456.36583870967695
377.1465
403.0124516129031
552.7060666666671
660.994935483871
1875.504451612903
5775.5555
6094.743709677419
2013.5477333333329
517.593612903226
278.3681
143.683161290323
88.932548387097
8.138266666666993
0.2310322580649995
212.18303333333301
391.233612903226
1621.138896551724
4520.284428571429
4875.089322580645
1200.254333333333
376.615677419355
291.971366666667
191.096580645161
145.395870967742
87.1098
68.64351612903201
295.103433333333
379.20264516129
1797.756258064516
5163.1615
4815.245451612903
1717.530066666667
514.447
299.407366666667
223.24929032258098
206.07306451612902
156.38656666666702
145.18658064516097
338.8314
439.315193548387
1904.36864516129
5323.6678571428565
5638.244129032258
1670.934066666667
401.469225806452
274.3405
252.51464516129
200.644967741936
139.44869999999997
113.45022580645201
302.5092
522.466129032258
1266.670580645161
3786.634607142857
4111.301645161291
1490.91265
672.979391155047
650.000016666667
314.492
251.34848387096798
191.082533333333
149.30396774193503
326.371366666667
577.782516129032
1342.712193548387
3744.59515384615
3576.907483870968
1654.6499
465.1559
650.000016666667
579.288903225807
497.246439125911
378.650603950617
187.734741935484
367.7213
646.359483870968
1501.49664516129
3583.461107142857
4589.8210322580635
1602.337633333333
561.318806451613
411.926266666667
393.381419354839
376.856870967742
303.586066666667
284.419709677419
478.35889999999995
716.45135483871
2298.691225806452
5445.6079285714295
4496.191612903226
1946.2186000000002
971.26264516129
771.140466666667
654.011612903226
645.276903225807
515.762733333333
513.075935483871
657.683166666667
751.413935483871
2375.195677419355
6831.07275
6530.497225806452
1868.1696666666671
781.525064516129
585.7102
569.090483870968
503.92716129032306
438.66909999999996
412.98596774193504
700.690133333333
972.169419354839
2262.500096774194
5532.36003571429
4325.419
1838.9255
864.824290322581
738.795933333333
660.517580645161
655.124322580645
573.265185185185
512.656838709678
673.567033333333
836.517838709677
2783.4808172043004
6934.01346428571
5080.255967741936
2750.266333333333
999.2592258064519
844.9753333333337
945.5189569892473
631.9207634408606
584.327066666667
567.526903225807
1075.7389777777776
1710.2021827956987
2667.4845591397807
6294.499892857143
6864.203161290322
2568.460933333333
1136.6732258064521
967.697433333333
895.206161290323
828.422838709678
707.6987
652.60435483871
822.9355
923.728225806452
2616.29635483871
6964.761892857143
7086.543161290323
2073.572866666667
983.830419354839
803.909533333334
698.324774193548
622.932774193548
581.5627
544.729451612903
722.207166666667
1009.0475161290319
2936.792290322581
8149.2675
7027.387612903226
2620.2844999999998
898.780612903226
663.195733333333
611.406903225806
530.032709677419
466.67333333333295
480.10683870967705
646.463433333333
916.073516129032
