945.413629629629
6128.410857142857
5643.304451612903
944.602791666667
711.342290322581
661.589833333333
578.278580645161
498.43245161290304
435.7081
374.867
415.3198
543.590580645161
774.440451612903
5662.691678571429
7300.783225806452
866.754366666667
619.849483870968
594.4911
505.192129032258
418.93664516129
311.790533333334
285.923903225806
256.3536
377.454677419355
578.027774193548
6331.9705
6377.1847419354835
820.789333333333
613.019548387097
514.020633333333
410.927548387097
344.499096774194
281.671966666667
223.009903225806
262.032133333333
395.276612903226
555.319387096774
7708.878846153846
7228.334375
933.175074074074
780.427
768.190533333333
707.654161290323
639.986806451613
571.380333333333
372.870489614984
530.138
646.590774193548
1521.1705620723367
6538.74875
7906.984451612903
1920.7105666666669
1806.2948064516122
820.3091
590.930548387097
422.314451612903
364.930066666667
305.933935483871
306.2537
361.622
1185.4696129032257
7193.787607142857
8810.374193548387
980.0032
697.048129032258
671.755266666666
563.835064516129
483.36583870967695
416.1465
410.012451612903
425.706066666667
523.994935483871
605.504451612903
7286.5555
10341.74370967742
685.547733333333
353.593612903226
299.3681
179.683161290323
140.932548387097
86.138266666667
54.231032258065
112.18303333333299
270.233612903226
733.138896551724
7090.284428571429
7620.089322580645
467.254333333333
250.615677419355
262.971366666667
223.096580645161
191.395870967742
152.1098
116.64351612903201
182.103433333333
255.20264516128998
530.756258064516
5905.1615
6815.245451612903
573.8106222222225
772.5357096774194
425.032366666667
248.7224086021509
247.07306451612902
212.38656666666702
180.18658064516097
220.83139999999997
312.315193548387
770.1401505376341
6302.6678571428565
8731.244129032259
631.9340666666669
302.469225806452
296.3405
280.51464516129
241.644967741936
197.44869999999997
166.450225806452
198.50920000000002
401.466129032258
662.670580645161
7147.634607142857
8133.301645161291
680.91265
711.979391155047
713.000016666667
404.492
288.348483870968
244.082533333333
215.30396774193503
254.37136666666697
466.782516129032
951.712193548387
4954.59515384615
4521.907483870968
862.6499
490.1559
730.000016666667
610.288903225807
611.246439125911
417.650603950617
249.734741935484
298.7213
536.359483870968
1017.49664516129
5757.461107142857
6260.8210322580635
678.337633333333
451.318806451613
428.926266666667
416.381419354839
406.856870967742
346.586066666667
324.419709677419
381.3589
596.45135483871
1107.6912258064522
6572.6079285714295
6954.191612903226
1101.2186000000002
789.26264516129
737.140466666667
668.011612903226
666.276903225807
547.762733333333
522.075935483871
535.683166666667
623.413935483871
848.195677419355
6683.07275
9102.497225806452
895.169666666667
612.525064516129
558.7102
587.090483870968
528.927161290323
474.66909999999996
432.98596774193504
582.690133333333
843.169419354839
998.500096774194
6710.36003571429
6840.419
1046.9255
773.824290322581
706.795933333333
672.517580645161
675.124322580645
603.265185185185
519.656838709678
546.567033333333
707.517838709677
1077.099096774193
6116.01346428571
7101.255967741936
1107.266333333333
735.259225806452
738.983666666667
692.932935483871
652.778290322581
613.327066666667
569.526903225807
598.419533333333
703.503258064516
1216.9415483870926
6593.499892857143
8535.203161290323
1226.4609333333328
907.673225806452
912.697433333333
1716.7733655913985
1247.5545591397854
733.8209222222223
651.082849462366
691.6660555555557
1133.9083333333338
1856.3501182795703
6101.761892857143
7455.543161290323
1002.5728666666669
2310.2282688172045
3907.1373111111116
2540.873161290322
935.1585806451609
610.5627
550.729451612903
597.207166666667
1187.1765483870965
2258.32723655914
5944.2675
7253.387612903226
914.7456111111111
622.780612903226
618.195733333333
614.406903225806
554.032709677419
500.67333333333295
480.10683870967705
518.463433333333
781.073516129032
