1270.413629629629
5481.410857142857
4900.304451612903
1721.6027916666671
1148.342290322581
1106.589833333333
1016.2785806451611
923.432451612903
836.7081000000001
788.867
868.3198
989.590580645161
1568.440451612903
5663.691678571429
6059.783225806452
1754.754366666667
1064.849483870968
1019.4911
913.192129032258
803.93664516129
688.790533333334
688.923903225806
699.3535999999999
810.454677419355
1346.0277741935479
5821.9705
6327.1847419354835
1660.7893333333332
1059.019548387097
947.020633333333
839.927548387097
740.499096774194
666.671966666667
632.009903225806
715.0321333333329
835.276612903226
1340.3193870967739
6152.878846153846
5729.334375
1847.175074074074
1383.4270000000001
1238.190533333333
1135.654161290323
1051.9868064516131
980.380333333333
804.8704896149841
1000.1379999999999
1099.590774193548
1969.4904545454551
9371.74875
9351.984451612903
2185.735566666667
1161.689967741935
1076.5340999999999
1025.9305483870971
841.314451612903
773.930066666667
732.933935483871
771.2537
809.6220000000001
1723.5502580645161
8235.787607142856
7113.374193548387
1698.0032
1135.048129032258
1086.755266666666
959.835064516129
856.365838709677
772.1465000000001
790.0124516129031
858.7060666666671
952.994935483871
1351.504451612903
5414.5555
5516.743709677419
1332.5477333333329
747.593612903226
641.3681
471.683161290323
359.932548387097
242.138266666667
268.231032258065
461.183033333333
639.233612903226
1310.138896551724
4435.284428571429
6282.089322580645
1310.254333333333
697.615677419355
699.971366666667
676.096580645161
621.395870967742
565.1098
545.643516129032
647.103433333333
704.20264516129
1453.756258064516
6886.1615
6305.245451612903
1525.530066666667
728.447
712.407366666667
662.2492903225809
634.0730645161291
587.386566666667
579.186580645161
665.8314
747.315193548387
1552.36864516129
5773.6678571428565
5341.244129032258
1235.934066666667
704.469225806452
650.3405
567.51464516129
458.64496774193594
375.4487
377.450225806452
531.5092
758.466129032258
1139.670580645161
2676.634607142857
4006.301645161291
1341.91265
1044.9793911550469
973.000016666667
588.492
473.34848387096804
386.082533333333
398.303967741935
547.371366666667
807.782516129032
1387.712193548387
3905.59515384615
4853.907483870968
1547.6499
859.1559
989.000016666667
847.288903225807
707.246439125911
571.650603950617
452.73474193548395
583.7212999999999
877.359483870968
1503.49664516129
4607.461107142857
5988.8210322580635
1548.337633333333
869.318806451613
841.9262666666671
800.381419354839
766.856870967742
699.586066666667
703.419709677419
797.3589
1020.4513548387099
1756.6912258064522
5989.6079285714295
6560.191612903226
1965.2186000000002
1287.26264516129
1213.140466666667
1102.011612903226
1075.276903225807
947.762733333333
946.075935483871
997.6831666666671
1071.413935483871
1670.195677419355
6515.07275
7015.497225806452
1744.1696666666671
1066.525064516129
985.7102
988.090483870968
910.927161290323
849.6691
828.985967741935
1017.690133333333
1277.169419354839
1704.500096774194
6504.36003571429
5737.419
2011.9255
1253.824290322581
1157.7959333333329
1110.5175806451612
1101.124322580645
1017.2651851851851
954.6568387096781
1021.567033333333
1164.517838709677
2079.0990967741927
7930.01346428571
7856.255967741936
2362.266333333333
1273.259225806452
1177.983666666667
1114.932935483871
1059.7782903225811
1015.327066666667
991.526903225807
1062.419533333333
1152.503258064516
2150.04638709677
8511.499892857142
9004.203161290323
2274.460933333333
1377.6732258064521
1384.697433333333
1307.206161290323
1245.422838709678
1131.6987
1069.6043548387102
1151.9355
1235.728225806452
1911.2963548387102
7729.761892857143
7281.543161290323
1933.5728666666669
1259.830419354839
1185.909533333334
1124.324774193548
1051.932774193548
1014.5627
975.729451612903
1062.207166666667
1325.047516129032
1990.792290322581
7403.2675
8769.387612903225
2278.2844999999998
1094.780612903226
1043.195733333333
1007.406903225806
928.032709677419
852.673333333333
859.106838709677
949.463433333333
1207.073516129032
