745.413629629629
5657.410857142857
6332.304451612903
825.602791666667
730.342290322581
678.589833333333
601.278580645161
532.432451612903
484.7081
685.1089354838709
898.0031333333334
1422.4561720430106
2271.408193548387
5883.691678571429
6427.783225806452
679.754366666667
640.849483870968
612.4911
685.7808387096774
1155.0522365591396
895.0738666666673
696.5018602150533
590.039711111111
788.5165053763442
1413.6326129032254
5759.9705
6428.1847419354835
640.789333333333
634.1109462365594
1907.7178555555552
1874.5323870967743
1318.03135483871
939.8580777777781
673.8244193548383
623.5987999999996
803.7981182795701
1641.7360537634409
5931.878846153846
6448.334375
1117.8028518518518
2963.0479677419357
2785.4099777777774
2395.1891075268823
2072.5997096774195
1904.8636666666664
1693.5398444536938
1760.3907777777777
2546.321956989247
3588.522712609971
5897.74875
7080.984451612903
733.735566666667
1107.4910430107523
1838.1674333333335
1431.2692580645164
983.4246666666664
832.8189555555559
577.6006021505376
517.7203666666667
611.9607096774193
1532.074451612903
5461.787607142857
6548.374193548387
737.0032
716.048129032258
687.755266666666
717.327
1315.1185268817198
1070.9020555555555
817.4533118279568
754.5921777777781
987.1992365591398
1407.0904731182793
5441.5555
6039.743709677419
467.547733333333
381.593612903226
324.3681
216.683161290323
191.932548387097
158.138266666667
145.231032258065
169.183033333333
263.233612903226
1098.7706169818316
5097.284428571429
6359.089322580645
819.6348888888886
2895.642559139785
2656.7769222222228
2243.6476559139783
1689.3421075268818
1163.9320222222223
792.2456666666665
655.4145444444441
931.726838709677
1826.1702365591398
5506.1615
6088.245451612903
356.530066666667
301.447
980.5268111111113
1071.3890752688176
742.3499462365592
526.4282333333338
331.0226021505373
337.23417777777775
472.16465591397844
968.3068172043008
5148.6678571428565
6479.244129032258
364.934066666667
332.469225806452
321.3405
313.51464516129
286.644967741936
261.4487
246.450225806452
250.50920000000002
391.466129032258
521.670580645161
5682.634607142857
6817.301645161291
527.91265
705.979391155047
679.000016666667
371.492
332.348483870968
305.082533333333
291.303967741935
278.371366666667
448.782516129032
735.712193548387
6155.59515384615
5958.907483870968
695.6499
508.1559
679.000016666667
619.288903225807
555.246439125911
467.650603950617
323.734741935484
317.7213
514.359483870968
1022.520838709677
5259.461107142857
6743.8210322580635
582.337633333333
959.6843978494625
2276.2068222222224
2071.7873333333337
1796.0611720430109
1575.9416222222226
1232.46540860215
1024.3005666666668
1179.5131827956993
2358.37670967742
5999.6079285714295
6882.191612903226
953.2186
1769.1739354838705
2947.709911111111
2536.08688172043
2188.809161290323
1838.5432888888886
1445.1969032258066
1195.1109444444448
1180.7795268817204
1318.8730967741935
5643.07275
7201.497225806452
714.169666666667
633.525064516129
576.7102
610.090483870968
936.1045806451618
1182.9718777777778
901.3031720430104
917.6956888888885
1468.7446881720434
2291.4140752688177
5840.36003571429
6884.419
1025.8255000000001
3299.4802043010754
3439.1487111111105
2881.729946236559
2422.7883010752685
2173.7346296296296
1890.914903225807
1609.5336999999997
1568.6603118279565
2249.655548387096
6325.01346428571
6748.255967741936
843.266333333333
753.259225806452
846.7781111111115
1974.650677419355
1800.5874301075273
1433.7131777777781
1047.8978709677426
1023.1834222222219
1226.9683118279568
2069.635096774189
5862.499892857143
6665.203161290322
979.460933333333
921.673225806452
1308.1029888888886
2616.6040107526887
2443.7669247311833
2199.384811111111
1724.660806451613
1534.1188333333334
1661.49435483871
2157.4791505376347
5706.761892857143
7488.543161290323
817.572866666667
807.830419354839
1204.4373111111117
2205.9296129032255
2008.3386881720426
2027.1349222222225
1925.22676344086
1902.5988333333337
2306.4883763440857
2888.24659139785
5591.2675
6908.387612903226
714.2845
643.780612903226
635.195733333333
836.7429247311824
1097.1563655913974
881.4705555555552
720.077268817204
812.4467666666663
1283.7159892473114
