2062.413629629629
2222.410857142857
2453.304451612903
2500.602791666667
2421.342290322581
2373.589833333333
2281.278580645161
2196.432451612903
2134.7081
2092.867
2123.3198
2210.590580645161
2090.440451612903
2180.691678571429
2289.783225806452
2318.754366666667
2293.849483870968
2242.4911
2137.192129032258
2072.93664516129
1899.790533333334
1875.923903225806
1811.3536
1913.454677419355
461.027774193548
1504.9705
2316.184741935484
2312.789333333333
2295.019548387097
2182.020633333333
2047.927548387097
1989.499096774194
1882.671966666667
1813.009903225806
1834.032133333333
1984.2766129032261
435.319387096774
1744.878846153846
2451.334375
2498.175074074074
2505.427
2489.190533333333
2423.654161290323
2344.986806451613
2264.380333333333
2084.870489614984
2249.138
2323.590774193548
2366.490454545455
2554.7487499999997
2455.984451612903
3117.4439
3146.3163118279567
2400.4813222222224
2313.930548387097
2143.314451612903
2086.930066666667
2036.9339354838712
2041.2537000000002
2059.622
2117.550258064516
2135.7876071428573
2355.3741935483868
2334.0032
2356.0481290322577
2291.755266666666
2173.835064516129
2089.365838709677
2051.1465
2064.012451612903
2039.706066666667
2128.994935483871
1281.504451612903
1363.5555
1183.743709677419
1539.5477333333329
1597.5936129032261
1543.3681000000001
1460.683161290323
1214.932548387097
1306.138266666667
1176.231032258065
1348.183033333333
1520.233612903226
616.138896551724
1355.284428571429
1763.0893225806449
1952.254333333333
1974.615677419355
1967.971366666667
1907.0965806451609
1863.395870967742
1829.1098
1799.643516129032
1865.103433333333
1917.20264516129
1475.756258064516
1833.1615
2026.245451612903
2039.5300666666672
1972.4470000000001
1950.407366666667
1912.249290322581
1907.073064516129
1811.386566666667
1754.186580645161
1764.8314
1801.315193548387
614.36864516129
852.667857142857
1375.2441290322581
1423.934066666667
1644.469225806452
1439.3405
1402.51464516129
1434.644967741936
1311.4487
1492.450225806452
1564.5092
1660.4661290322579
520.670580645161
611.634607142857
950.301645161291
1375.91265
1425.9793911550469
1593.0000166666669
1175.492
1399.348483870968
1460.082533333333
1292.3039677419351
1394.371366666667
1826.782516129032
734.712193548387
1025.59515384615
1901.907483870968
1309.6499
1551.1559
1826.0000166666669
1887.288903225807
1553.246439125911
1521.650603950617
1683.734741935484
1504.7213
1801.359483870968
829.49664516129
1997.4611071428571
2070.821032258064
2229.337633333333
2104.318806451613
2061.926266666667
1956.381419354839
1983.856870967742
1914.586066666667
1890.419709677419
1985.3589
2198.45135483871
2013.6912258064522
2335.607928571429
2565.191612903226
2652.2186
2507.26264516129
2453.1404666666667
2372.011612903226
2339.276903225807
2230.762733333333
2199.075935483871
2215.683166666667
2301.413935483871
1895.195677419355
2169.0727500000003
2289.4972258064518
2283.169666666667
2272.525064516129
2197.7102
2195.090483870968
2144.927161290323
2018.6691
2032.985967741935
2181.690133333333
2461.169419354839
1410.500096774194
2491.36003571429
2777.419
2640.9255000000003
2493.824290322581
2423.795933333333
2379.517580645161
2374.1243225806447
2308.265185185185
2232.656838709678
2259.567033333333
2394.517838709677
2550.0990967741927
2702.01346428571
2632.255967741936
2536.266333333333
2455.259225806452
2451.983666666667
2405.932935483871
2354.778290322581
2318.3270666666667
2283.526903225807
2318.4195333333328
2389.503258064516
2473.04638709677
2559.499892857143
2543.203161290322
2645.460933333333
2609.673225806452
2619.697433333333
2581.206161290323
2525.422838709678
2401.6987
2337.60435483871
2393.9355
2463.728225806452
2324.29635483871
2441.761892857143
2395.543161290323
2515.572866666667
2512.8304193548393
2463.909533333334
2403.324774193548
2332.932774193548
2300.5627
2245.729451612903
2301.207166666667
2561.047516129032
2425.792290322581
2383.2675
2632.387612903226
2422.2844999999998
2331.780612903226
2322.195733333333
2321.4069032258058
2242.032709677419
2179.673333333333
2155.106838709677
2196.463433333333
2413.073516129032
