1215.413629629629
6003.410857142857
4487.304451612903
1677.6027916666671
1108.342290322581
1032.589833333333
949.278580645161
869.432451612903
811.7081000000001
763.867
802.3198
900.590580645161
2375.440451612903
7101.691678571429
3548.783225806452
1898.754366666667
1026.849483870968
965.4911
876.192129032258
789.93664516129
689.790533333334
676.923903225806
648.3535999999999
729.454677419355
1938.0277741935479
6810.9705
4342.1847419354835
1694.7893333333332
1022.0195483870971
885.020633333333
781.927548387097
716.499096774194
660.671966666667
616.009903225806
657.0321333333329
751.276612903226
1943.3193870967739
7094.878846153846
3729.334375
2080.175074074074
1197.4270000000001
1139.190533333333
1077.654161290323
1009.9868064516131
945.380333333333
761.8704896149841
922.138
1107.0477634408599
4019.5576588465306
8348.74875
4366.984451612903
2751.157788888889
2742.273301075268
1420.4841000000001
1008.3606559139787
799.1101505376341
842.955066666667
725.6032903225807
700.3925888888889
865.6676989247312
1815.3432688172043
5702.787607142857
5030.374193548387
2165.0032
1120.048129032258
1042.755266666666
933.835064516129
853.365838709677
792.1465000000001
798.0124516129031
816.7060666666671
880.994935483871
1805.504451612903
5768.5555
5014.743709677419
1436.5477333333329
753.593612903226
667.3681
553.683161290323
501.932548387097
469.13826666666705
454.23103225806494
498.183033333333
619.233612903226
1355.138896551724
3386.284428571429
4552.089322580645
1404.254333333333
663.615677419355
637.971366666667
597.096580645161
566.395870967742
535.1098
515.643516129032
579.103433333333
610.20264516129
2066.756258064516
6959.1615
3568.245451612903
1656.530066666667
696.447
647.407366666667
623.2492903225809
621.0730645161291
592.386566666667
576.186580645161
606.8314
659.315193548387
1884.36864516129
5393.6678571428565
4721.244129032258
1356.934066666667
699.469225806452
665.3405
641.51464516129
601.644967741936
574.4486999999999
549.450225806452
586.5092
733.466129032258
1127.670580645161
2463.634607142857
2986.301645161291
1277.91265
1071.9793911550469
1025.0000166666669
708.492
654.348483870968
603.082533333333
604.303967741935
620.371366666667
807.782516129032
1303.712193548387
2757.59515384615
3059.907483870968
1494.6499
863.1559
1024.0000166666669
960.288903225807
889.246439125911
792.650603950617
638.734741935484
633.7212999999999
874.359483870968
1500.49664516129
3556.461107142857
4045.821032258064
1630.337633333333
864.318806451613
799.9262666666671
786.381419354839
776.856870967742
721.586066666667
714.419709677419
758.3589
947.45135483871
2397.691225806452
7138.6079285714295
4690.191612903226
2206.2186
1208.26264516129
1108.140466666667
1038.011612903226
1036.276903225807
920.762733333333
909.075935483871
924.683166666667
975.413935483871
2707.195677419355
8090.07275
4942.497225806452
1885.1696666666671
1026.525064516129
930.7102
956.090483870968
898.927161290323
848.6691
818.985967741935
964.690133333333
1196.169419354839
2444.500096774194
8268.36003571429
2480.419
1752.9255
1185.824290322581
1078.7959333333329
1049.5579032258063
1505.377010752688
1309.590185185185
1120.5036129032264
1341.2503666666662
1691.02052688172
3210.548021505376
9751.01346428571
3906.255967741936
2456.266333333333
1154.259225806452
1109.983666666667
1063.932935483871
1022.7782903225811
987.327066666667
954.526903225807
1289.9167555555553
1836.3392795698924
2905.954989247308
6854.499892857143
5985.203161290322
2472.460933333333
1327.6732258064521
1283.697433333333
1260.206161290323
1213.422838709678
1104.6987
1035.6043548387102
1080.9355
1142.728225806452
2715.29635483871
7594.761892857143
6287.543161290323
2153.572866666667
1208.830419354839
1122.909533333334
1073.324774193548
1012.9327741935481
984.5627
935.729451612903
985.207166666667
1228.047516129032
3235.792290322581
9529.2675
4685.387612903226
2360.2844999999998
1057.780612903226
991.195733333333
985.406903225806
921.032709677419
874.673333333333
866.106838709677
884.463433333333
1127.073516129032
