2046.4136296296292
2733.410857142857
3140.304451612903
2565.602791666667
2440.342290322581
2429.589833333333
2349.278580645161
2272.432451612903
2207.7081
1558.867
1799.3198
1779.590580645161
2161.440451612903
2588.691678571429
3219.783225806452
2404.754366666667
2178.849483870968
2150.4911
1848.192129032258
1578.93664516129
1846.790533333334
1653.923903225806
1095.3536
1044.454677419355
1521.0277741935479
2535.9705
2737.184741935484
2357.789333333333
2169.019548387097
2100.020633333333
2152.927548387097
1983.499096774194
1113.671966666667
1362.009903225806
1184.032133333333
1182.2766129032261
1483.3193870967739
2483.878846153846
3401.334375
2567.175074074074
2536.427
2518.190533333333
2438.654161290323
2305.986806451613
2279.380333333333
2040.8704896149839
2159.138
2268.590774193548
2377.490454545455
2888.7487499999997
2712.984451612903
2517.735566666667
2465.689967741935
2403.5341
2362.930548387097
2206.314451612903
2178.930066666667
2209.933935483871
2130.2537
1938.622
1791.5502580645161
2510.7876071428573
3065.3741935483868
2296.0032
2252.0481290322577
2246.755266666666
2146.835064516129
1908.365838709677
1740.1465
1568.012451612903
1668.706066666667
1349.994935483871
1304.504451612903
1890.5555
2025.743709677419
795.547733333333
1163.5936129032261
1284.3681000000001
347.683161290323
345.932548387097
526.138266666667
1115.231032258065
727.183033333333
264.233612903226
1850.138896551724
2426.284428571429
2680.089322580645
2121.254333333333
2029.615677419355
2037.971366666667
2000.0965806451609
1973.395870967742
1942.1098
1918.643516129032
1977.103433333333
2018.20264516129
2091.756258064516
2448.1615
2777.245451612903
2144.530066666667
2042.4470000000001
2038.4073666666668
1988.249290322581
1954.073064516129
1896.386566666667
1560.186580645161
1194.8314
1355.315193548387
1308.36864516129
1911.667857142857
2063.244129032258
1619.934066666667
1459.469225806452
1438.3405
316.51464516129
508.64496774193594
265.4487
251.450225806452
253.50920000000002
393.466129032258
1098.670580645161
1542.634607142857
2561.301645161291
2151.91265
2212.979391155047
1639.0000166666669
1624.492
1099.348483870968
934.082533333333
297.303967741935
282.371366666667
450.782516129032
1587.712193548387
2472.59515384615
2849.907483870968
2173.6499
1994.1559
2122.000016666667
2059.288903225807
1459.246439125911
807.650603950617
329.734741935484
321.7213
1102.359483870968
1985.49664516129
2805.461107142857
2770.821032258064
2355.337633333333
2219.318806451613
2199.926266666667
2207.381419354839
2553.856870967742
2290.586066666667
2507.419709677419
2166.3589
1990.45135483871
2299.691225806452
3002.607928571429
3402.191612903226
2733.2186
2547.26264516129
2491.1404666666667
2438.011612903226
2437.276903225807
2114.762733333333
2117.075935483871
2164.683166666667
2242.413935483871
2112.195677419355
2593.0727500000003
2978.4972258064518
2392.169666666667
2317.525064516129
2218.7102
2140.090483870968
1961.927161290323
1807.6691
1771.985967741935
1427.690133333333
1684.169419354839
2192.500096774194
2999.36003571429
3287.419
2673.9255000000003
2543.824290322581
2476.795933333333
2442.517580645161
2446.1243225806447
2345.265185185185
2140.656838709678
2269.567033333333
2342.517838709677
2575.0990967741927
2993.01346428571
3265.255967741936
2609.266333333333
2495.259225806452
2488.983666666667
2445.932935483871
2401.778290322581
2446.3270666666667
2503.526903225807
2077.4195333333328
2133.503258064516
2292.04638709677
2718.499892857143
3077.203161290322
2569.460933333333
2582.673225806452
2470.697433333333
2492.206161290323
2495.422838709678
2300.6987
2329.60435483871
2242.9355
2551.728225806452
2111.29635483871
2748.761892857143
2984.543161290323
2527.572866666667
2486.8304193548393
2413.909533333334
2371.324774193548
2272.932774193548
2245.5627
2322.729451612903
2137.207166666667
2655.047516129032
2353.792290322581
2917.2675
3362.387612903226
2478.2844999999998
2348.780612903226
2271.195733333333
2327.4069032258058
2151.032709677419
1977.673333333333
1214.106838709677
789.463433333333
995.073516129032
