744.413629629629
7157.410857142857
7813.304451612903
817.602791666667
718.342290322581
667.589833333333
586.278580645161
510.43245161290304
452.7081
396.867
423.3198
522.590580645161
642.440451612903
9111.69167857143
9143.783225806452
668.754366666667
626.849483870968
600.4911
514.192129032258
431.93664516129
331.790533333334
309.923903225806
270.3536
355.454677419355
461.027774193548
9041.9705
8161.1847419354835
628.789333333333
620.019548387097
520.020633333333
419.927548387097
358.499096774194
301.671966666667
249.009903225806
280.032133333333
374.276612903226
435.319387096774
9344.878846153846
8727.334375
780.175074074074
787.427
773.190533333333
714.654161290323
649.986806451613
586.380333333333
394.870489614984
543.138
625.590774193548
2552.708196480939
8492.74875
9587.984451612903
4230.8466777777785
2480.044806451612
1219.0035444444443
649.2101182795701
435.4488602150535
384.3689555555559
329.88286021505377
323.90369999999996
448.27253763440865
1592.0045591397848
8478.787607142856
9468.374193548387
727.0032
704.048129032258
677.755266666666
571.835064516129
495.36583870967695
433.1465
431.012451612903
439.706066666667
503.994935483871
470.504451612903
8714.5555
9562.74370967742
452.547733333333
363.593612903226
308.3681
192.683161290323
159.932548387097
113.138266666667
88.231032258065
132.183033333333
250.233612903226
616.138896551724
8440.284428571429
8573.089322580645
304.254333333333
261.615677419355
271.971366666667
235.096580645161
208.395870967742
176.1098
147.643516129032
201.103433333333
236.20264516129
447.2320645161289
8612.1615
8782.245451612904
339.530066666667
281.452376344086
613.8295888888892
325.20090322580677
262.58381720430106
235.38378888888923
208.48496774193518
238.83139999999997
381.00067741935476
1128.374021505376
8231.667857142857
8923.244129032259
347.934066666667
313.469225806452
305.3405
292.51464516129
257.644967741936
219.44869999999997
194.450225806452
215.50920000000002
380.466129032258
520.670580645161
8195.634607142856
8178.301645161291
513.91265
693.979391155047
668.000016666667
351.492
303.348483870968
265.082533333333
242.30396774193503
244.37136666666697
438.782516129032
734.712193548387
8075.59515384615
7430.907483870968
685.6499
492.1559
668.000016666667
604.288903225807
534.246439125911
434.650603950617
275.734741935484
284.7213
504.359483870968
829.49664516129
8156.461107142857
8407.821032258063
569.337633333333
459.318806451613
435.926266666667
425.381419354839
419.856870967742
365.586066666667
347.419709677419
381.3589
571.45135483871
936.691225806452
9201.60792857143
9602.191612903225
946.2186
796.26264516129
742.140466666667
676.011612903226
676.276903225807
562.762733333333
541.075935483871
546.683166666667
601.413935483871
664.195677419355
9092.07275
10044.497225806452
704.169666666667
619.525064516129
564.7102
595.090483870968
540.927161290323
490.66909999999996
453.98596774193504
588.690133333333
820.169419354839
821.500096774194
9202.36003571429
9245.419
1420.239388888889
2491.2893440860216
2050.5903777777776
1498.5122043010751
1067.858193548387
793.4318518518517
561.3638279569899
621.9614777777774
835.3162258064513
1912.4566236559135
9080.01346428571
8974.255967741936
2432.0246666666662
1663.452774193549
1233.3753333333336
973.922182795699
746.1035591397854
632.6354000000003
588.2930322580651
700.369533333333
970.6027204301074
2089.199612903222
8804.499892857142
9432.203161290323
973.460933333333
913.673225806452
917.697433333333
899.0045483870972
1025.7911182795706
813.2987
667.7145698924735
800.8271666666667
1127.510483870968
1987.1942043010758
8732.761892857143
9763.543161290323
1078.561755555556
1740.6476236559142
1481.8484222222228
970.5102580645157
654.3225591397845
626.0099222222221
569.5869784946234
609.5099444444448
1283.9453655913976
2375.566483870968
8310.2675
9941.387612903225
2793.145611111111
1141.1730860215057
693.0901777777774
623.0439999999995
566.032709677419
516.673333333333
500.10683870967705
531.463433333333
920.3503978494621
