0.9724675105584112
0.7698841394098153
-0.0393377576404896
-0.0538685410766251
0.9238918447282256
0.5663057660995143
0.4263254057500248
-0.2490499169920503
0.9614214528764634
0.9867364271697688
0.9936517674773216
-0.9832200966466784
0.9982600596787344
-0.9899028122215972
0.4075068124610528
-0.2783189503964296
0.0329712436840478
0.1017399008478867
0.1275793397972518
0.1143015247926441
-0.1215729384188163
-0.0785408281106939
0.7580893331784736
0.921231997546896
0.3939071278711991
-0.6544026075601155
-0.0129385626756791
-0.5901855464120489
0.5496012402099528
-0.3324444053809078
0.2449413634803556
0.9472481596072234
0.0353221357236214
0.6586239304691022
0.0288238290965023
-0.0774043241910587
-0.1982344340331352
0.3167145171784666
-0.3664185280156209
0.7855955123765109
-0.1736047216875431
-0.0958562881454714
0.2352222658092766
0.6445430668825808
0.9983812650477356
-0.0111824907028954
-0.1126629546205687
0.8367094732391247
0.3897214338735553
0.1257574809576002
0.059938980909312
0.2152899645370189
-0.1446122018213732
0.1937013766112132
-0.0007166711051104
0.6692498234347477
-0.4036864608374412
0.6958191651350262
-0.0962739549216523
0.2375969428246532
-0.4948824707927929
-0.0821504108767424
-0.2938969300604235
0.0183205613273253
0.0868426977756055
0.2579288827482583
0.6449284245040947
0.434433620606204
0.9360642530378708
0.2125935468854286
-0.9572716517563502
0.0477122381251818
-0.0491644362958552
-0.0071233425932389
0.007264781820843
0.4590707857504912
-0.4013041735889677
-0.879381449460123
0.1306484205682181
-0.5275247384264836
-0.1270082999068331
0.5410921567504923
0.6173208890093369
-0.8791021226751125
0.1773106250564308
0.1968650713775374
-0.0271684910441591
0.4591112158751295
-0.2572735832913562
0.3588772241103641
0.0671582361308857
0.9188913424218756
-0.0229428407204485
0.6334143393953657
0.8485900613665828
-0.9657240380816844
0.3540019667462448
0.1175287319992554
-0.2102112415497883
-0.1866604926902299
0.336939434089671
0.0566258835375168
0.2347380016399297
0.1914599842930446
-0.0315153890759909
-0.6491156737600308
-0.7765355082164225
-0.3111007680832636
0.95478014563894
0.6558545203949708
-0.089213069372451
-0.1948607356321521
-0.2639994519578842
-0.0484797553348435
-0.2371965136383702
-0.0365369561218256
0.3065705399931224
0.0369463903535045
-0.0703808017606013
-0.2389531071857432
0.123766830057651
0.0776165540967307
0.7593308071190832
0.0839221030081452
0.6004605499850764
0.3513016235776799
0.6625270412910325
0.1885600984587133
-0.0765501343135582
-0.0651643739033351
0.835389323587847
0.091210107358499
0.2333988055885999
-0.3969757432278092
-0.1956979586440359
0.1188101988412239
0.1001156245888781
0.6198782939431837
-0.3093803985599095
0.0338695753985614
-0.2635953104745838
0.1857255007140782
-0.7001663481261666
0.7380089775533085
-0.393730229637578
0.1569647660950328
0.722758251206191
-0.0030815879701057
0.8156401092039043
-0.3190674345340666
0.1361087876257797
-0.0362036980343248
0.7309862863005759
0.3374637073264976
0.6130453401673133
0.0310124654077555
0.9034024085021076
0.1812944545502157
0.9376555624773754
0.533387651410158
0.1473383279995798
0.1618009712456266
0.2205085969403133
-0.2150550190738277
0.1760177942380899
-0.1384183696041303
0.1724008299562241
0.6554007194854938
-0.2792839712280867
0.7582082998269678
0.7571516106202829
0.0221442751867659
-0.6712461334904961
-0.1589089399769639
0.6463770172659277
0.4544105993560589
-0.4994996723800957
-0.6178363650268117
0.6642284913190726
0.7216125349861937
-0.278374869139506
0.1546230306563825
-0.946703809890974
-0.4176911755898073
-0.8656246177411364
-0.0042925715315208
0.3971817543260462
-0.4506231309038181
0.0284928409648596
0.0265081962135669
0.2132011371037442
0.1993828048445226
0.4050647136106404
0.4140037439465667
0.0079803739587679
0.1380342560940969
0.0897085686625666
0.2184471901703897
-0.3111091431617083
0.9694393602112916
0.2856919016004549
0.6409218599791339
0.1063502236037509
0.0759977734501778
0.1390698423662763
0.1313454497985058
-0.0380882119028928
0.4049669325276483
-0.2608154030295165
0.1834936526659409
0.538146791777553
0.0994816551713796
-0.3622894689643721
0.9758798414189784
-0.3966524676735083
0.1341675501622643
-0.4114746596097249
0.4045735171596448
0.2845907849133919
0.3099267758223244
-0.2330610618919149
-0.2387742693037919
0.4283122974803995
0.2619577309820698
0.8791380744754281
-0.029918172671473
0.2383259086601859
0.1336649378464016
0.3336625324355955
0.6049792762227304
